0	0	0	0	0	0	0	0	0	0	0	0	0	0	0	0	0	0	0	0	0	0	0	0	0	0	0	0	0	0	0	0	0	0	0	0	0	0	0	0	0	0	0	0	0	0	0	0	0	0	0	0	0	0	0	0	0	0	0	0	0	0	0	0	0	0	0	0	0	0	0	0	0	0	0	0	0	0	0	0	0	0	0	0	0	0	0	0	0	0	0	0	0	0	0	0	0	0	0	0	0	0	0	0	0	0	0	0	0	0	0	0	0	0	0	0	0	0	0	0	0	0	0	0	0	0	0	0	0	0	0	0	0	0	0	0	0	0	0	0	0	0	0	0	0	0	0	0	0	0	0	0	0	0	0	0	0	0	0	0	0	0	0	0	0	0	0	0	0	0	0	0	0	0	0	0	0	0	0	0	0	0	0	0	0	0	0	0	0	0	0	0	0	0	0	0	0	0	0	0	0	0	0	0	0	0	0	0	0	0	0	0	0	0	0	0	0	0	0	0	0	0	0	0	0	0	0	0	0	0	0	0	0	0	0	0	0	0	0	0	0	0	0	0	0	0	0	0	0	0	0	0	0	0	0	0	0	0	0	0	0	0	0	0	0	0	0	0	0	0	0	0	0	0	0	0	0	0	0	0	0	0	0	0	0	0	0	0	0	0	0	0	0	0	0	0	0	0	0	0	0	0	0	0	0	0	0	0	0	0	0	0	0	0	0	0	0	0	0	0	0	0	0	0	0	0	0	0	0	0	0	0	0	0	0	0	0	0	0	0	0	0	0	0	0	0	0	0	0	0	0	0	0	0	0	0	0	0	0	0	0	0	0	0	0	0	0	0	0	0	0	0	0	0	0	0	0	0	0	0	0	0	0	0	0	0	0	0	0	0	0	0	0	0	0	0	0	0	0	0	0	0	0	0	0	0	0	0	0	0	0	0	0	0	0	0	0	0	0	0	0	0	0	0	0	0	0	0	0	0	0	0	0	0	0	0	0	0	0	0	0	0	0	0	0	0	0	0	0	0	0	0	0	0	0	0	0	0	0	0	0	0	0	0	0	0	0	0	0	0	0	0	0	0	0	0	0	0	0	0	0	0	0	0	0	0	0	0	0	0	0	0	0	0	0	0	0	0	0	0	0	0	0	0	0	0	0	0	0	0	0	0	
248	468	
248	468	452	240	476	
248	468	452	412	449	465	
248	468	452	412	449	104	120	
248	468	452	412	449	120	88	500	465	
248	468	452	412	449	120	56	321	337	88	232	
248	468	452	449	56	88	324	321	464	
248	468	452	449	56	88	89	216	152	156	57	185	212	
248	452	449	56	88	152	57	212	189	
248	452	449	56	88	152	57	212	189	188	353	255	
248	452	449	56	88	152	57	212	189	220	191	153	72	
248	452	449	56	152	57	212	40	244	
452	449	56	152	57	212	40	154	186	
452	449	56	152	57	212	40	
452	449	56	152	212	40	96	324	
452	449	56	152	40	465	
452	449	56	152	40	465	468	497	505	484	509	184	136	
452	449	56	152	465	497	505	484	184	24	509	480	200	201	486	448	8	
452	56	152	465	497	505	484	200	486	499	
452	56	152	465	497	505	200	417	464	400	
452	56	152	465	497	505	200	464	454	
452	56	152	465	497	505	200	464	454	216	
452	56	152	465	497	505	200	464	
452	56	465	497	505	200	464	204	216	72	73	473	155	152	120	220	
452	56	465	497	505	200	464	216	473	60	112	481	496	480	218	120	449	
452	56	465	497	505	200	464	216	473	112	48	176	
452	56	465	497	505	200	464	216	473	112	49	450	501	113	61	60	
452	56	465	497	505	200	464	473	112	49	450	232	58	51	48	466	
452	56	465	497	505	200	464	473	112	49	51	114	33	19	
452	56	465	497	505	200	464	473	112	51	114	33	345	501	137	19	122	485	
452	56	465	497	505	200	464	473	112	51	33	345	501	19	32	250	433	83	122	
56	465	497	505	200	464	473	112	51	33	345	501	19	32	122	96	90	224	
56	465	497	505	200	464	51	33	345	19	32	90	59	48	501	112	26	
56	465	497	505	200	464	51	33	345	32	90	501	37	500	74	433	
56	465	497	200	464	51	33	32	501	500	37	345	35	115	49	
56	465	497	200	464	51	33	32	501	500	35	466	45	136	373	41	496	44	401	
56	465	497	200	464	51	33	32	501	500	35	136	128	43	
465	497	200	464	51	33	32	501	500	35	136	496	129	
465	497	200	464	51	33	32	501	500	35	136	368	369	114	99	481	216	371	
465	497	200	464	51	33	32	501	500	35	136	368	369	114	371	43	41	115	168	45	202	36	118	
465	497	200	464	51	33	32	501	500	35	136	368	41	115	168	45	496	1	372	377	
465	497	200	464	51	33	32	501	500	35	136	368	41	115	168	45	437	369	
465	497	200	464	51	33	32	501	500	35	136	368	168	437	169	152	352	19	156	41	
465	497	200	464	33	32	501	500	35	136	368	168	437	405	40	467	1	496	
465	497	200	464	33	32	501	500	35	136	168	437	467	505	96	368	352	0	337	163	41	105	
465	497	200	464	33	32	501	500	35	136	168	437	505	96	41	184	40	163	160	232	248	
465	497	200	464	33	32	501	500	35	136	168	437	96	184	232	466	
465	497	200	33	32	501	500	35	136	168	437	96	184	232	466	485	464	34	189	493	469	468	188	254	
465	497	200	33	32	501	500	35	437	96	184	232	189	468	236	
465	497	200	33	32	501	500	35	437	96	184	236	405	433	238	511	435	
465	497	200	33	32	500	35	437	96	184	236	433	238	511	435	481	483	160	443	
465	497	200	33	32	500	35	437	96	184	236	433	238	511	435	481	160	202	434	185	232	
497	33	32	500	35	437	96	184	236	433	511	481	160	232	434	473	501	3	496	
497	33	32	500	35	437	96	184	236	433	481	160	232	501	469	238	480	496	436	504	
497	33	32	500	35	437	96	184	236	433	481	160	436	188	310	496	432	469	502	501	39	37	253	189	191	
497	33	32	500	35	437	96	184	236	481	160	188	469	253	189	501	341	503	432	
497	33	32	500	437	96	184	236	481	160	188	469	189	499	36	445	341	501	421	496	
497	33	32	500	437	96	184	236	481	160	188	499	439	180	498	371	
497	33	32	500	437	96	184	236	481	160	188	499	439	148	224	64	56	468	152	37	
497	33	32	500	437	184	236	481	160	188	439	496	407	468	
497	33	32	500	437	184	236	481	160	188	439	496	431	485	429	
33	32	500	437	184	236	481	160	188	439	496	431	185	480	483	447	446	405	
32	500	184	236	481	160	188	439	496	431	447	185	
32	500	236	160	188	439	447	185	487	232	496	
32	500	236	160	188	439	447	487	108	503	164	502	
32	500	236	160	188	439	447	487	503	36	446	228	436	
500	236	160	188	487	503	423	238	
500	236	160	188	487	503	483	
500	236	160	487	503	161	
500	236	160	487	503	
500	236	160	487	503	164	359	
500	236	160	487	164	
500	236	160	487	164	238	372	
500	236	160	487	
500	236	160	372	
500	236	160	
500	236	160	164	177	
500	236	160	
500	236	160	252	
500	236	
500	236	237	
500	236	436	
500	236	
500	236	
500	236	
500	236	237	
500	236	
500	236	232	
500	236	
500	236	
500	236	
500	236	232	
500	236	
500	236	
500	236	
500	236	
500	236	
500	236	
500	236	
500	236	232	
500	236	
500	236	
500	236	
500	236	
500	236	
500	236	
500	236	
500	236	496	
500	236	484	
500	236	204	
500	236	484	
500	236	
500	236	
500	236	501	237	
500	236	108	
500	236	
500	236	
500	236	501	
500	236	
500	236	
500	236	
500	236	
500	236	
500	236	
500	236	
500	236	
500	236	484	
500	236	
500	236	436	228	
500	236	
500	236	
500	236	
500	236	
500	236	
500	236	484	
500	236	
500	236	
500	236	
500	236	
500	236	
500	236	496	204	
500	236	
500	236	
500	236	
500	236	
500	236	
500	236	232	
500	236	
500	236	
500	236	469	496	
500	236	
500	236	
500	236	228	
500	236	372	
500	236	
500	236	
500	236	372	
500	236	
500	236	372	238	228	
500	236	172	
500	236	
500	236	
500	236	
500	236	436	
500	236	
500	236	
500	236	501	
500	236	
500	236	172	
500	236	
500	236	
500	236	
500	236	108	
500	236	
500	236	
500	236	
500	236	
500	236	252	
500	236	
500	236	
500	236	501	228	
500	236	
500	236	
500	236	
500	236	
500	236	
500	236	502	232	501	
500	236	
500	236	
500	236	436	
500	236	
500	236	
500	236	172	
500	236	
500	236	
500	236	
500	236	
500	236	
500	236	
500	236	
500	236	502	
500	236	
500	236	
500	236	
500	236	
500	236	372	
500	236	
500	236	232	
500	236	108	
500	236	252	228	
500	236	204	
500	236	228	
500	236	237	228	
500	236	108	
500	236	
500	236	
500	236	
500	236	
500	236	
500	236	252	
500	236	
500	236	
500	236	
500	236	
500	236	
500	236	
500	236	
500	236	496	
500	236	
500	236	468	
500	236	
500	236	
500	236	252	
500	236	
500	236	
500	236	204	
500	236	
500	236	
500	236	238	
500	236	501	110	238	496	
500	236	
500	236	
500	236	369	501	
500	236	
500	236	
500	236	204	220	
500	236	
500	236	
500	236	204	
500	236	
500	236	
500	236	232	
500	236	
500	236	508	501	
500	236	372	228	
500	236	228	
500	236	237	252	468	484	
500	236	172	
500	236	
500	236	
500	236	
500	236	496	
500	236	
500	236	
500	236	
500	236	
500	236	
500	236	
500	236	436	
500	236	508	
500	236	
500	236	372	
500	236	
500	236	
500	236	
500	236	436	
500	236	
500	236	
500	236	
500	236	496	
500	236	
500	236	
500	236	
500	236	
500	236	
500	236	484	
500	236	
500	236	238	
500	236	
500	236	
500	236	
500	236	496	
500	236	
500	236	
500	236	
500	236	
500	236	
500	236	238	
500	236	
500	236	238	
500	236	501	
500	236	
500	236	
500	236	
500	236	
500	236	172	
500	236	
500	236	172	
500	236	
500	236	
500	236	484	
500	236	
500	236	468	484	
500	236	
500	236	502	
500	236	508	
500	236	232	
500	236	
500	236	
500	236	
500	236	
500	236	
500	236	501	
500	236	
500	236	502	
500	236	
500	236	
500	236	
500	236	508	
500	236	
500	236	
500	236	372	
500	236	
500	236	496	
500	236	
500	236	
500	236	237	
500	236	496	
500	236	
500	236	
500	236	
500	236	
500	236	204	172	
500	236	
500	236	237	229	
500	236	
500	236	432	496	
500	236	
500	236	502	
500	236	
500	236	
500	236	372	
500	236	238	
500	236	501	
500	236	
500	236	204	
500	236	
500	236	
500	236	
500	236	
500	236	
500	236	496	
500	236	372	
500	236	
500	236	496	
500	236	
500	236	508	228	
500	236	
500	236	
500	236	
500	236	508	452	
500	236	
500	236	
500	236	
500	236	
500	236	
500	236	
500	236	
500	236	252	
500	236	
500	236	108	
500	236	
500	236	
500	236	
500	236	484	
500	236	496	
500	236	372	
500	236	238	234	
500	236	496	
500	236	484	
500	236	
500	236	
500	236	204	
500	236	
500	236	
500	236	372	
500	236	
500	236	
500	236	
500	236	238	
500	236	252	
500	236	238	
500	236	502	
500	236	
500	236	
500	236	
500	236	
500	236	252	
500	236	
500	236	
500	236	501	
500	236	228	
500	236	239	
500	236	468	238	
500	236	
500	236	
500	236	237	
500	236	372	
500	236	496	
500	236	238	
500	236	
500	236	
500	236	
500	236	
500	236	100	228	
500	236	
500	236	486	
500	236	
500	236	432	
500	236	
500	236	
500	236	
500	236	501	
500	236	508	
500	236	228	
500	236	
500	236	
500	236	436	
500	236	
500	236	
500	236	
500	236	
500	236	
500	236	
500	236	
500	236	
500	236	
500	236	372	
500	236	496	
500	236	
500	236	496	
500	236	
500	236	
500	236	
500	236	502	
500	236	468	
500	236	
500	236	
500	236	
500	236	228	
500	236	
500	236	
500	236	
500	236	
500	236	
500	236	468	
500	236	
500	236	
500	236	
500	236	
500	236	
500	236	372	
500	236	
500	236	
500	236	
500	236	232	
500	236	
500	236	
500	236	
500	236	
500	236	204	
500	236	
500	236	
500	236	
500	236	
500	236	
500	236	436	
500	236	
500	236	
500	236	
500	236	
500	236	
500	236	
500	236	
500	236	
500	236	
500	236	
500	236	
500	236	
500	236	232	
500	236	
500	236	436	
500	236	
500	236	
500	236	
500	236	
500	236	
500	236	
500	236	108	
500	236	
500	236	
500	236	
500	236	
500	236	502	
500	236	436	
500	236	
500	236	
500	236	
500	236	
500	236	204	
500	236	229	
500	236	
500	236	372	
500	236	
500	236	238	
500	236	
500	236	
500	236	172	173	
500	236	252	
500	236	
500	236	496	504	
500	236	238	
500	236	484	492	
500	236	
500	236	
500	236	238	
500	236	
500	236	
500	236	
500	236	
500	236	436	
500	236	484	
500	236	
500	236	
500	236	
500	236	
500	236	
500	236	
500	236	
500	236	
500	236	508	
500	236	
500	236	
500	236	368	140	204	
500	236	206	
500	236	
500	236	
500	236	237	
500	236	
500	236	470	
500	236	
500	236	
500	236	
500	236	188	
500	236	
500	236	484	
500	236	
500	236	
500	236	232	
500	236	
500	236	501	
500	236	
500	236	372	232	
500	236	484	
500	236	
500	236	436	496	
500	236	502	
500	236	238	
500	236	484	
500	236	252	
500	236	232	372	
500	236	
500	236	238	
500	236	
500	236	
500	236	496	
500	236	
500	236	
500	236	
500	236	372	
500	236	228	
500	236	
500	236	
500	236	
500	236	
500	236	
500	236	
500	236	
500	236	
500	236	230	238	
500	236	
500	236	484	
500	236	
500	236	
500	236	484	
500	236	238	
500	236	
500	236	436	
500	236	232	
500	236	
500	236	
500	236	237	
500	236	
500	236	510	
500	236	
500	236	372	374	
500	236	
500	236	
500	236	496	
500	236	
500	236	
500	236	
500	236	484	
500	236	
500	236	
500	236	
500	236	
500	236	
500	236	
500	236	172	
500	236	
500	236	
500	236	
500	236	
500	236	505	108	
500	236	505	
500	236	505	377	501	
500	236	505	
500	236	505	238	206	
500	236	505	
500	236	505	237	473	
500	236	505	441	497	
500	236	505	
500	236	505	
500	236	505	204	
500	236	505	
500	236	505	
236	505	377	
236	505	
236	505	
236	505	
236	505	
236	505	
236	505	
236	505	
236	505	
236	505	
236	505	
236	505	
236	505	
236	505	
236	505	
236	505	
236	505	507	
236	505	
236	505	
236	505	441	
236	505	
236	505	232	252	
236	505	
236	505	377	
236	505	
236	505	204	
236	505	232	
236	505	
236	505	
236	505	
236	505	
236	505	
236	505	
236	505	
236	505	
236	505	205	
236	505	507	
236	505	
236	505	
236	505	497	
236	505	
236	505	
236	505	
236	505	
236	505	
236	505	
236	505	441	489	204	
236	505	
236	505	232	
236	505	
236	505	491	507	
236	505	
236	505	
236	505	
236	505	
236	505	
236	505	
236	505	
236	505	
236	505	238	
236	505	
236	505	
236	505	238	
236	505	
236	505	237	489	
236	505	
236	505	
236	505	
236	505	204	
236	505	
236	505	
236	505	
236	505	252	
236	505	
236	505	
236	505	
236	505	497	
236	505	
236	505	
236	505	
236	505	
236	505	
236	505	489	
236	505	507	377	
236	505	
236	505	
236	505	489	
236	505	
236	505	
236	505	
236	505	473	
236	505	441	509	
236	505	
236	505	
236	505	228	
236	505	172	
236	505	
236	505	238	
236	505	228	
236	505	
236	505	
236	505	
236	505	
236	505	473	
236	505	507	377	
236	505	
236	505	
236	505	
236	505	
236	505	
236	505	
236	505	237	
236	505	
236	505	489	
236	505	
236	505	108	
236	505	
236	505	
236	505	507	
236	505	
236	505	
236	505	
236	505	
236	505	108	509	
236	505	
236	505	
236	505	441	238	
236	505	
236	505	
236	505	473	
236	505	
236	505	204	
236	505	
236	505	
236	505	204	
236	505	504	
236	505	
236	505	108	
236	505	
236	505	238	
236	505	
236	505	
236	505	377	489	
236	505	509	
236	505	252	
236	505	108	
236	505	
236	505	
236	505	
236	505	
236	505	
236	505	
236	505	
236	505	
236	505	
236	505	232	
236	505	441	
236	505	
236	505	507	
236	505	
236	505	108	
236	505	
236	505	497	
236	505	
236	505	
236	505	237	229	
236	505	
236	505	
236	505	
236	505	
236	505	232	
236	505	237	205	
236	505	
236	505	
236	505	237	
236	505	
236	505	204	
236	505	504	
236	505	
236	505	
236	505	
236	505	
236	505	
236	505	
236	505	
236	505	
236	505	
236	505	
236	505	228	
236	505	
236	505	504	
236	505	
236	505	
236	505	504	
236	505	489	
236	505	
236	505	
236	505	
236	505	
236	505	376	377	
236	505	
236	505	
236	505	473	
236	505	204	
236	505	172	
236	505	
236	505	237	
236	505	
236	505	
236	505	238	441	228	
236	505	
236	505	489	
236	505	232	
236	505	507	124	
236	505	
236	505	
236	505	
236	505	
236	505	
236	505	509	
236	505	
236	505	
236	505	
236	505	
236	505	
236	505	228	
236	505	
236	505	238	
236	505	204	
236	505	
236	505	
236	505	
236	505	377	
236	505	204	
236	505	
236	505	228	
236	505	204	172	173	
236	505	
236	505	377	473	
236	505	
236	505	
236	505	238	
236	505	
236	505	509	
236	505	
236	505	
236	505	497	
236	505	
236	505	252	
236	505	108	
236	505	
236	505	
236	505	
236	505	497	
236	505	232	
236	505	377	
236	505	252	
236	505	238	
236	505	
236	505	
236	505	108	
236	505	
236	505	
236	505	
236	505	228	
236	505	
236	505	
236	505	
236	505	
236	505	204	
236	505	489	
236	505	
236	505	
236	505	
236	505	
236	505	
236	505	238	
236	505	
236	505	
236	505	
236	505	
236	505	
236	505	
236	505	172	497	
236	505	
236	505	
236	505	232	
236	505	
236	505	
236	505	
236	505	232	
236	505	
236	505	
236	505	
236	505	
236	505	237	
236	505	345	
236	505	504	
236	505	
236	505	
236	505	
236	505	507	377	
236	505	
236	505	252	
236	505	
236	505	
236	505	507	
236	505	108	
236	505	507	
236	505	172	
236	505	172	
236	505	473	
236	505	238	
236	505	473	
236	505	
236	505	172	
236	505	172	
236	505	
236	505	507	
236	505	238	
236	505	
236	505	509	
236	505	
236	505	473	
236	505	473	
236	505	504	
236	505	
236	505	
236	505	
236	505	
236	505	228	
236	505	
236	505	
236	505	
236	505	441	
236	505	
236	505	
236	505	497	
236	505	
236	505	
236	505	238	
236	505	
236	505	
236	505	497	
236	505	
236	505	
236	505	108	
236	505	
236	505	
236	505	
236	505	
236	505	
236	505	172	
236	505	473	
236	505	457	
236	505	
236	505	
236	505	473	
236	505	
236	505	
236	505	
236	505	
236	505	
236	505	
236	505	232	168	
236	505	489	
236	505	238	
236	505	
236	505	
236	505	
236	505	
236	505	441	
236	505	
236	505	
236	505	
236	505	489	
236	505	
236	505	
236	505	
236	505	
236	505	
236	505	473	252	
236	505	
236	505	
236	505	237	
236	505	
236	505	237	
236	505	
236	505	
236	505	504	
236	505	
236	505	
236	505	
236	505	
236	505	172	
236	505	
236	505	377	
236	505	
236	505	
236	505	
236	505	
236	505	
236	505	
236	505	
236	505	
236	505	
236	505	
236	505	
236	505	
236	505	
236	505	
236	505	
236	505	
236	505	
236	505	
236	505	
236	505	
236	505	234	489	
236	505	
236	505	507	
236	505	204	
236	505	
236	505	
236	505	
236	505	254	
236	505	
236	505	489	
236	505	504	
236	505	
236	505	
236	505	
236	505	
236	505	
236	505	204	
236	505	232	
236	505	509	
236	505	
236	505	
236	505	
236	505	237	
236	505	
236	505	507	
236	505	489	
236	505	
236	505	441	313	
236	505	
236	505	
236	505	
236	505	
236	505	
236	505	232	
236	505	
236	505	
236	505	
236	505	
236	505	
236	505	
236	505	237	
236	505	
236	505	
236	505	204	
236	505	
236	505	
236	505	
236	505	
236	505	
236	505	
236	505	489	
236	505	
236	505	108	
236	505	
236	505	
236	505	473	
236	505	204	
236	505	204	509	
236	505	228	252	
236	505	
236	505	
236	505	489	313	441	
236	505	
236	505	232	
236	505	
236	505	
236	505	
236	505	
236	505	
236	505	497	
236	505	
236	505	
236	505	
236	505	
236	505	473	
236	505	
236	505	228	
236	505	
236	505	
236	505	509	
236	505	507	
236	505	
236	505	
236	505	
236	505	252	
236	505	
236	505	
236	505	
236	505	228	
236	505	
236	505	172	
236	505	
236	505	
236	505	489	
236	505	
236	505	
236	505	
236	505	
236	505	
236	505	507	172	
236	505	
236	505	
236	505	
236	505	232	
236	505	252	
236	505	
236	505	
236	505	
236	505	
236	505	
236	505	
236	505	
236	505	
236	505	
236	505	509	
236	505	
236	505	
236	505	507	204	
236	505	
236	505	
236	505	
236	505	497	
236	505	
236	505	232	
236	505	497	
236	505	441	361	489	
236	505	
236	505	
236	505	
236	505	
236	505	
236	505	
236	505	108	441	
236	505	108	
236	505	
236	505	
236	505	
236	505	441	
236	505	
236	505	497	
236	505	
236	505	
236	505	
236	505	
236	505	
236	505	
236	505	
236	505	
236	505	
236	505	
236	505	
236	505	
236	505	
236	505	
236	505	228	
236	505	489	
236	505	
236	505	
236	505	
236	505	
236	505	
236	505	
236	505	
236	505	
236	505	
236	505	
236	505	
236	505	
236	505	
236	505	
236	505	
236	505	
236	505	204	
236	505	
236	505	
236	505	473	
236	505	
236	505	
236	505	172	
236	505	441	108	
236	505	
236	505	
236	505	
236	505	
236	505	
236	505	124	
236	505	237	
236	505	
236	505	
236	505	
236	505	252	238	
236	505	244	
236	505	
236	505	
236	505	
236	505	
236	505	
236	505	
236	505	
236	505	
236	505	
236	505	
236	505	
236	505	507	
236	505	
236	505	
236	505	489	
236	505	252	
236	505	172	
236	505	
236	505	
236	505	108	
236	505	
236	505	
236	505	377	473	
236	505	
236	505	
236	505	204	
236	505	
236	505	
236	505	108	
236	505	507	
236	505	504	
236	505	489	
236	505	204	
236	505	
236	505	509	376	504	
236	505	
236	505	
236	505	
236	505	238	
236	505	
236	505	
236	505	
236	505	441	
236	505	489	
236	505	
236	505	
236	505	441	
236	505	
236	505	377	
236	505	
236	505	
236	505	
236	505	232	
236	505	
236	505	473	
236	505	377	
236	505	
236	505	
236	505	
236	505	
236	505	
236	505	
236	505	
236	505	507	
236	505	252	
236	505	
236	505	
236	505	
236	505	
236	505	
236	505	473	
236	505	
236	505	172	
236	505	
236	505	441	
236	505	228	
236	505	
236	505	
236	505	
236	505	
236	505	
236	505	
236	505	172	
236	505	108	
236	505	
236	505	
236	505	509	
236	505	172	
236	505	238	
236	505	232	
236	505	
236	505	507	
236	505	
236	505	
236	505	
236	505	489	
236	505	
236	505	377	
236	505	
236	505	
236	505	
236	505	
236	505	
236	505	
236	505	377	
236	505	232	497	
236	505	238	
236	505	
236	505	
236	505	
236	505	
236	505	
236	505	
236	505	206	
236	505	509	
236	505	
236	505	
236	505	232	
236	505	
236	505	228	
236	505	
236	505	
236	505	
236	505	
236	505	228	108	
236	505	
236	505	
236	505	
236	505	
236	505	204	
236	505	
236	505	
236	505	
236	505	497	
236	505	
236	505	
236	505	
236	505	507	
236	505	172	174	
236	505	
236	505	
236	505	
236	505	509	
236	505	
236	505	238	
236	505	
236	505	441	
236	505	
236	505	
236	505	489	
236	505	
236	505	252	504	
236	505	228	
236	505	473	
236	505	
236	505	
236	505	
236	505	
236	505	228	
236	505	
236	505	504	
236	505	252	
236	505	
236	505	108	
236	505	507	
236	505	
236	505	204	
236	505	
236	505	
236	505	
236	505	
236	505	
236	505	473	
236	505	
236	505	
236	505	
236	505	
236	505	
236	505	509	
236	505	
236	505	
236	505	
236	505	
236	505	
236	505	
236	505	
236	505	
236	505	252	
236	505	509	172	
236	505	
236	505	489	
236	505	504	376	
236	505	
236	505	
236	505	237	244	
236	505	
236	505	
236	505	509	489	
236	505	172	
236	505	
236	505	
236	505	
236	505	497	
236	505	228	
236	505	
236	505	
236	505	
236	505	
236	505	172	
236	505	228	
236	505	
236	505	
236	505	
236	505	
236	505	
236	505	228	
236	505	232	
236	505	
236	505	489	
236	505	
236	505	
236	505	
236	505	
236	505	
236	505	
236	505	
236	505	
236	505	232	
236	505	
236	505	
236	505	
236	505	237	
236	505	
236	505	377	
236	505	108	
236	505	
236	505	507	
236	505	
236	505	204	
236	505	
236	505	
236	505	
236	505	
236	505	
236	505	
236	505	
236	505	
236	505	
236	505	504	
236	505	228	
236	505	
236	505	
236	505	
236	505	
236	505	
236	505	
236	505	
236	505	
236	505	
236	505	
236	505	
236	505	
236	505	
236	505	
236	505	
236	505	
236	505	
236	505	
236	505	205	124	232	
236	505	205	
236	505	205	207	
236	505	
236	505	
236	505	
236	505	509	
236	505	
236	505	
236	505	238	
236	505	
236	505	
236	505	252	509	
236	505	
236	505	224	
236	505	
236	505	497	
236	505	
236	505	377	
236	505	238	
236	505	
236	505	473	
236	505	
236	505	
236	505	238	
236	505	
236	505	
236	505	
236	505	497	238	
236	505	
236	505	
236	505	
236	505	
236	505	
236	505	
236	505	377	
236	505	
236	505	
236	505	
236	505	
236	505	
236	505	
236	505	
236	505	457	
236	505	
236	505	377	473	
236	505	473	
236	505	
236	505	
236	505	
236	505	
236	505	489	232	
236	505	
236	505	
236	505	
236	505	232	
236	505	
236	505	
236	505	
236	505	108	
236	505	232	
236	505	507	
236	505	
236	505	
236	505	
236	505	
236	505	
236	505	
236	505	
236	505	
236	505	
236	505	
236	505	
236	505	
236	505	
236	505	252	507	
236	505	489	473	
236	505	
236	505	204	
236	505	
236	505	
236	505	
236	505	
236	505	232	
236	505	
236	505	
236	505	377	
236	505	
236	505	
236	505	
236	505	
236	505	
236	505	
236	505	445	444	
236	505	
236	505	
236	505	
236	505	
236	505	
236	505	232	
236	505	
236	505	
236	505	
236	505	441	
236	505	108	
236	505	
236	505	108	
236	505	
236	505	
236	505	
236	505	
236	505	
236	505	
236	505	
236	505	
236	505	
236	505	
236	505	497	
236	505	
236	505	
236	505	228	
236	505	
236	505	
236	505	
236	505	172	
236	505	238	
236	505	
236	505	
236	505	232	
236	505	
236	505	
236	505	204	
236	505	
236	505	489	
236	505	
236	505	377	
236	505	
236	505	
236	505	
236	505	
236	505	
236	505	
236	505	
236	505	
236	505	509	237	
236	505	
236	505	
236	505	
236	505	
236	505	
236	505	
236	505	
236	505	
236	505	228	
236	505	
236	505	
236	505	425	
236	505	
236	505	
236	505	
236	505	
236	505	228	
236	505	509	
236	505	
236	505	
236	505	
236	505	
236	505	
236	505	
236	505	
236	505	
236	505	
236	505	
236	505	504	
236	505	252	
236	505	
236	505	
236	505	
236	505	
236	505	
236	505	
236	505	489	
236	505	
236	505	
236	505	238	
236	505	252	
236	505	
236	505	
236	505	238	
236	505	
236	505	
236	505	
236	505	473	
236	505	
236	505	
236	505	
236	505	
236	505	228	
236	505	
236	505	204	
236	505	
236	505	
236	505	
236	505	
236	505	
236	505	
236	505	
236	505	
236	505	
236	505	
236	505	
236	505	377	361	
236	505	238	473	
236	505	228	
236	505	238	
236	505	
236	505	
236	505	
236	505	
236	505	
236	505	
236	505	
236	505	
236	505	
236	505	509	
236	505	
236	505	
236	505	
236	505	
236	505	
236	505	377	441	
236	505	204	
236	505	377	504	
236	505	443	507	
236	505	
236	505	
236	505	
236	505	172	
236	505	443	
236	505	
236	505	441	
236	505	491	
236	505	
236	505	
236	505	232	172	
236	505	377	252	
236	505	377	
236	505	238	
236	505	
236	505	377	
236	505	
236	505	237	
236	505	377	509	
236	505	
236	505	204	
236	505	
236	505	
236	505	228	
236	505	238	
236	505	204	
236	505	205	
236	505	205	252	
236	505	
236	505	504	
236	505	
236	505	
236	505	473	
236	505	
236	505	232	
236	505	
236	505	489	
236	505	
236	505	
236	505	
236	505	377	
236	505	
236	505	
236	505	504	
236	505	
236	505	489	
236	505	
236	505	507	
236	505	
236	505	
236	505	
236	505	
236	505	
236	505	
236	505	473	
236	505	507	
236	505	
236	505	
236	505	
236	505	204	
236	505	473	
236	505	
236	505	
236	505	
236	505	
236	505	
236	505	
236	505	
236	505	
236	505	
236	505	
236	505	
236	505	
236	505	
236	505	232	
236	505	
236	505	
236	505	
236	505	
236	505	
236	505	
236	505	
236	505	
236	505	
236	505	507	204	
236	505	377	
236	505	
236	505	
236	505	204	
236	505	
236	505	
236	505	252	377	
236	505	
236	505	
236	505	238	
236	505	
236	505	204	
236	505	205	
236	505	377	
236	505	
236	505	204	
236	505	
236	505	441	
236	505	232	507	
236	505	
236	505	172	
236	505	237	
236	505	
236	505	
236	505	252	
236	505	
236	505	
236	505	377	
236	505	
236	505	
236	505	232	
236	505	
236	505	497	228	
236	505	
236	505	
236	505	
236	505	108	109	
236	505	
236	505	
236	505	
236	505	377	
236	505	504	
236	505	
236	505	
236	505	
236	505	
236	505	204	
236	505	473	
236	505	232	
236	505	504	
236	505	
236	505	
236	505	172	
236	505	
236	505	
236	505	228	
236	505	
236	505	
236	505	252	228	509	
236	505	
236	505	
236	505	
236	505	
236	505	108	
236	505	377	
236	505	228	
236	505	238	489	
236	505	
236	505	
236	505	
236	505	
236	505	
236	505	
236	505	377	
236	505	
236	505	
236	505	
236	505	238	
236	505	108	473	
236	505	377	
236	505	
236	505	
236	505	228	252	
236	505	
236	505	238	
236	505	238	497	
236	505	
236	505	507	
236	505	
236	505	
236	505	
236	505	
236	505	
236	505	377	
236	505	237	
236	505	232	248	
236	505	
236	505	
236	505	237	
236	505	237	253	
236	505	
236	505	
236	505	
236	505	
236	505	
236	505	
236	505	
236	505	497	
236	505	
236	505	
236	505	
236	505	
236	505	142	
236	505	
236	505	
236	505	
236	505	
236	505	
236	505	
236	505	108	
236	505	
236	505	172	504	
236	505	
236	505	
236	505	
236	505	
236	505	489	504	
236	505	
236	505	
236	505	252	
236	505	204	
236	505	504	
236	505	489	
236	505	
236	505	
236	505	238	
236	505	377	
236	505	204	
236	505	
236	505	232	
236	505	
236	505	
236	505	252	
236	505	509	
236	505	
236	505	
236	505	116	
236	505	
236	505	441	
236	505	
236	505	108	
236	505	228	
236	505	
236	505	
236	505	
