1	63
2	70
3	114
4	207
5	300
6	390
7	404
8	395
9	403
10	403
11	396
12	398
13	400
14	393
15	368
16	143
17	109
18	138
19	103
20	26
21	57
22	146
23	215
24	273
25	348
26	435
27	431
28	432
29	426
30	430
31	423
32	434
33	423
34	420
35	406
36	382
37	325
38	218
39	224
40	228
41	224
42	215
43	216
44	220
45	225
46	239
47	336
48	305
49	262
50	365
51	356
52	351
53	351
54	375
55	419
56	416
57	437
58	423
59	438
60	373
61	314
62	258
63	182
64	138
65	175
66	98
67	88
68	112
69	183
70	287
71	393
72	428
73	444
74	442
75	449
76	439
77	450
78	448
79	446
80	451
81	439
82	457
83	388
84	316
85	243
86	175
87	181
88	257
89	296
90	236
91	30
92	31
93	21
94	27
95	19
96	28
97	28
98	28
99	39
100	59
101	88
102	132
103	268
104	246
105	179
106	212
107	248
108	289
109	390
110	386
111	264
112	210
113	226
114	274
115	392
116	397
117	391
118	388
119	401
120	398
121	409
122	399
123	396
124	402
125	390
126	400
127	397
128	380
129	398
130	399
131	395
132	389
133	396
134	392
135	392
136	387
137	401
138	394
139	391
140	388
141	392
142	395
143	389
144	393
145	398
146	394
147	391
148	389
149	392
150	394
151	395
152	396
153	394
154	398
155	396
156	402
157	401
158	394
159	396
160	397
161	395
162	391
163	393
164	393
165	402
166	396
167	391
168	400
169	392
170	392
171	393
172	391
173	386
174	394
175	391
176	392
177	388
178	395
179	399
180	387
181	389
182	391
183	390
184	393
185	403
186	392
187	395
188	397
189	385
190	386
191	390
192	394
193	392
194	395
195	388
196	395
197	399
198	395
199	388
200	398
201	400
202	396
203	396
204	395
205	403
206	392
207	390
208	393
209	396
210	402
211	403
212	391
213	393
214	393
215	392
216	396
217	393
218	400
219	391
220	395
221	397
222	396
223	390
224	399
225	402
226	399
227	387
228	396
229	395
230	396
231	391
232	392
233	395
234	402
235	390
236	383
237	392
238	391
239	395
240	401
241	391
242	394
243	397
244	398
245	399
246	392
247	398
248	393
249	385
250	390
251	395
252	393
253	397
254	387
255	384
256	389
257	388
258	390
259	402
260	384
261	394
262	391
263	393
264	390
265	399
266	392
267	402
268	384
269	400
270	398
271	393
272	397
273	394
274	400
275	399
276	402
277	399
278	402
279	387
280	389
281	396
282	404
283	389
284	389
285	394
286	391
287	389
288	398
289	390
290	398
291	389
292	389
293	387
294	396
295	390
296	390
297	390
298	393
299	393
300	398
301	391
302	397
303	390
304	397
305	395
306	398
307	389
308	397
309	391
310	391
311	408
312	401
313	399
314	400
315	390
316	389
317	401
318	396
319	388
320	390
321	389
322	404
323	400
324	394
325	394
326	396
327	394
328	395
329	389
330	399
331	396
332	390
333	390
334	391
335	390
336	401
337	405
338	401
339	387
340	388
341	403
342	390
343	390
344	399
345	386
346	401
347	399
348	393
349	409
350	395
351	397
352	393
353	393
354	396
355	393
356	402
357	405
358	399
359	390
360	393
361	396
362	394
363	394
364	390
365	386
366	396
367	398
368	396
369	396
370	381
371	401
372	387
373	394
374	392
375	399
376	397
377	387
378	402
379	396
380	397
381	408
382	391
383	391
384	387
385	387
386	392
387	396
388	390
389	398
390	396
391	393
392	391
393	400
394	384
395	391
396	400
397	390
398	395
399	381
400	395
401	394
402	389
403	392
404	389
405	393
406	388
407	394
408	393
409	392
410	399
411	385
412	397
413	393
414	396
415	399
416	391
417	399
418	397
419	392
420	395
421	395
422	398
423	397
424	400
425	394
426	408
427	391
428	397
429	402
430	394
431	426
432	343
433	317
434	268
435	268
436	437
437	466
438	409
439	63
440	34
441	20
442	22
443	40
444	50
445	51
446	74
447	113
448	124
449	279
450	317
451	279
452	360
453	335
454	272
455	282
456	336
457	370
458	299
459	246
460	242
461	319
462	488
463	513
464	513
465	500
466	510
467	506
468	506
469	517
470	501
471	507
472	506
473	507
474	515
475	508
476	510
477	510
478	510
479	507
480	510
481	510
482	504
483	514
484	509
485	513
486	513
487	499
488	508
489	501
490	506
491	502
492	510
493	511
494	512
495	505
496	513
497	512
498	509
499	513
500	503
501	505
502	515
503	518
504	517
505	508
506	506
507	512
508	509
509	502
510	508
511	510
512	513
513	505
514	513
515	505
516	512
517	511
518	511
519	513
520	512
521	511
522	515
523	514
524	509
525	509
526	518
527	502
528	511
529	505
530	507
531	506
532	510
533	513
534	509
535	507
536	508
537	519
538	503
539	503
540	507
541	511
542	507
543	513
544	519
545	515
546	505
547	515
548	512
549	507
550	519
551	517
552	514
553	510
554	512
555	513
556	510
557	507
558	516
559	508
560	502
561	516
562	511
563	506
564	519
565	512
566	501
567	516
568	504
569	511
570	507
571	512
572	507
573	502
574	513
575	508
576	517
577	507
578	510
579	504
580	511
581	519
582	509
583	508
584	514
585	513
586	506
587	509
588	506
589	507
590	518
591	505
592	517
593	518
594	511
595	503
596	508
597	511
598	510
599	503
600	513
601	512
602	509
603	511
604	510
605	511
606	512
607	512
608	508
609	515
610	510
611	504
612	506
613	507
614	507
615	519
616	499
617	500
618	509
619	514
620	502
621	517
622	504
623	497
624	506
625	509
626	506
627	513
628	511
629	508
630	503
631	513
632	508
633	504
634	508
635	509
636	513
637	508
638	510
639	501
640	501
641	514
642	510
643	504
644	507
645	511
646	513
647	514
648	502
649	502
650	515
651	512
652	510
653	508
654	504
655	511
656	506
657	499
658	505
659	509
660	517
661	506
662	507
663	508
664	510
665	513
666	507
667	505
668	507
669	511
670	502
671	506
672	514
673	507
674	513
675	503
676	511
677	510
678	511
679	504
680	512
681	510
682	508
683	508
684	515
685	511
686	505
687	515
688	506
689	511
690	498
691	511
692	503
693	508
694	506
695	509
696	512
697	512
698	514
699	502
700	509
701	519
702	511
703	511
704	511
705	501
706	506
707	508
708	509
709	511
710	507
711	510
712	508
713	508
714	508
715	500
716	507
717	505
718	509
719	509
720	502
721	504
722	511
723	504
724	509
725	512
726	511
727	509
728	519
729	504
730	508
731	526
732	501
733	506
734	510
735	515
736	511
737	510
738	506
739	507
740	507
741	498
742	516
743	513
744	499
745	510
746	510
747	507
748	511
749	513
750	509
751	516
752	516
753	504
754	512
755	506
756	510
757	505
758	511
759	505
760	517
761	504
762	506
763	506
764	507
765	504
766	510
767	507
768	514
769	499
770	511
771	504
772	508
773	515
774	514
775	506
776	514
777	506
778	512
779	506
780	497
781	513
782	514
783	513
784	511
785	506
786	509
787	509
788	511
789	508
790	509
791	504
792	504
793	506
794	508
795	511
796	512
797	513
798	519
799	517
800	515
801	506
802	507
803	511
804	507
805	504
806	508
807	511
808	515
809	512
810	494
811	511
812	511
813	512
814	506
815	508
816	513
817	504
818	513
819	507
820	506
821	519
822	508
823	503
824	511
825	504
826	509
827	504
828	505
829	507
830	502
831	503
832	503
833	507
834	508
835	507
836	507
837	510
838	510
839	499
840	509
841	511
842	515
843	522
844	509
845	512
846	510
847	501
848	505
849	507
850	502
851	514
852	510
853	501
854	504
855	516
856	507
857	508
858	507
859	512
860	508
861	511
862	504
863	512
864	514
865	508
866	508
867	504
868	499
869	512
870	506
871	506
872	496
873	518
874	518
875	510
876	519
877	512
878	513
879	510
880	502
881	514
882	509
883	509
884	512
885	513
886	503
887	509
888	488
889	507
890	509
891	517
892	505
893	510
894	502
895	525
896	512
897	506
898	512
899	510
900	511
901	507
902	504
903	499
904	517
905	504
906	509
907	510
908	510
909	507
910	504
911	509
912	517
913	509
914	508
915	510
916	516
917	504
918	506
919	509
920	507
921	503
922	507
923	501
924	501
925	514
926	509
927	510
928	510
929	514
930	514
931	509
932	508
933	506
934	506
935	505
936	506
937	514
938	505
939	509
940	509
941	503
942	503
943	501
944	509
945	513
946	511
947	502
948	499
949	502
950	500
951	505
952	514
953	510
954	514
955	513
956	500
957	511
958	511
959	511
960	509
961	505
962	506
963	512
964	500
965	510
966	507
967	508
968	503
969	507
970	509
971	501
972	507
973	507
974	512
975	500
976	508
977	512
978	508
979	508
980	500
981	506
982	506
983	520
984	506
985	506
986	512
987	504
988	508
989	508
990	503
991	513
992	498
993	507
994	514
995	515
996	506
997	512
998	504
999	509
1000	508
1001	506
1002	518
1003	505
1004	511
1005	501
1006	510
1007	508
1008	504
1009	511
1010	505
1011	499
1012	511
1013	508
1014	501
1015	501
1016	517
1017	505
1018	509
1019	494
1020	501
1021	508
1022	504
1023	512
1024	512
1025	512
1026	503
1027	513
1028	513
1029	501
1030	510
1031	508
1032	511
1033	520
1034	505
1035	501
1036	510
1037	512
1038	505
1039	510
1040	499
1041	502
1042	508
1043	511
1044	507
1045	511
1046	513
1047	511
1048	498
1049	504
1050	511
1051	513
1052	506
1053	511
1054	505
1055	508
1056	503
1057	506
1058	513
1059	508
1060	509
1061	513
1062	514
1063	512
1064	512
1065	506
1066	509
1067	509
1068	502
1069	509
1070	504
1071	513
1072	509
1073	508
1074	509
1075	517
1076	504
1077	514
1078	497
1079	508
1080	506
1081	514
1082	512
1083	505
1084	507
1085	507
1086	510
1087	512
1088	509
1089	510
1090	504
1091	508
1092	512
1093	511
1094	506
1095	512
1096	511
1097	510
1098	498
1099	507
1100	514
1101	514
1102	509
1103	507
1104	510
1105	510
1106	509
1107	508
1108	511
1109	509
1110	504
1111	505
1112	515
1113	506
1114	510
1115	510
1116	503
1117	512
1118	510
1119	502
1120	511
1121	512
1122	504
1123	516
1124	509
1125	501
1126	516
1127	511
1128	503
1129	512
1130	509
1131	509
1132	513
1133	509
1134	503
1135	506
1136	517
1137	507
1138	508
1139	504
1140	518
1141	507
1142	512
1143	497
1144	510
1145	499
1146	517
1147	514
1148	510
1149	499
1150	510
1151	506
1152	514
1153	510
1154	500
1155	510
1156	503
1157	508
1158	503
1159	511
1160	505
1161	507
1162	508
1163	512
1164	509
1165	506
1166	505
1167	507
1168	506
1169	504
1170	511
1171	509
1172	514
1173	513
1174	511
1175	514
1176	509
1177	511
1178	512
1179	507
1180	507
1181	511
1182	503
1183	508
1184	514
1185	509
1186	503
1187	500
1188	516
1189	514
1190	510
1191	511
1192	398
1193	101
1194	34
1195	26
1196	30
1197	22
1198	27
1199	26
1200	24
1201	25
1202	35
1203	44
1204	31
1205	61
1206	77
1207	56
1208	87
1209	145
1210	153
1211	180
1212	248
1213	254
1214	307
1215	275
1216	289
1217	297
1218	266
1219	258
1220	334
1221	375
1222	360
1223	315
1224	263
1225	342
1226	396
1227	347
1228	344
1229	372
1230	380
1231	382
1232	360
1233	388
1234	377
1235	369
1236	354
1237	380
1238	362
1239	319
1240	319
1241	250
1242	311
1243	335
1244	289
1245	108
1246	24
1247	46
1248	95
1249	198
1250	395
1251	442
1252	444
1253	445
1254	448
1255	442
1256	449
1257	439
1258	447
1259	453
1260	447
1261	448
1262	460
1263	456
1264	443
1265	462
1266	462
1267	467
1268	457
1269	447
1270	457
1271	449
1272	460
1273	458
1274	448
1275	447
1276	453
1277	451
1278	446
1279	461
1280	450
1281	463
1282	460
1283	458
1284	450
1285	450
1286	456
1287	448
1288	457
1289	456
1290	462
1291	461
1292	454
1293	451
1294	457
1295	458
1296	452
1297	451
1298	451
1299	459
1300	444
1301	450
1302	451
1303	457
1304	453
1305	456
1306	451
1307	445
1308	458
1309	451
1310	449
1311	445
1312	455
1313	450
1314	462
1315	451
1316	452
1317	461
1318	449
1319	459
1320	450
1321	452
1322	460
1323	458
1324	456
1325	457
1326	454
1327	454
1328	447
1329	461
1330	454
1331	455
1332	453
1333	457
1334	457
1335	458
1336	455
1337	458
1338	458
1339	455
1340	456
1341	455
1342	450
1343	450
1344	452
1345	454
1346	451
1347	448
1348	454
1349	451
1350	448
1351	458
1352	448
1353	456
1354	463
1355	454
1356	464
1357	452
1358	450
1359	448
1360	449
1361	445
1362	454
1363	451
1364	458
1365	454
1366	449
1367	458
1368	447
1369	447
1370	453
1371	447
1372	463
1373	464
1374	451
1375	457
1376	451
1377	454
1378	456
1379	450
1380	458
1381	450
1382	462
1383	455
1384	454
1385	457
1386	455
1387	455
1388	452
1389	453
1390	444
1391	455
1392	456
1393	456
1394	443
1395	466
1396	442
1397	452
1398	454
1399	460
1400	445
1401	458
1402	452
1403	465
1404	459
1405	452
1406	459
1407	455
1408	458
1409	455
1410	447
1411	451
1412	447
1413	453
1414	449
1415	453
1416	452
1417	451
1418	454
1419	456
1420	454
1421	456
1422	454
1423	455
1424	456
1425	440
1426	457
1427	456
1428	453
1429	453
1430	446
1431	453
1432	452
1433	450
1434	453
1435	449
1436	457
1437	450
1438	455
1439	461
1440	453
1441	442
1442	461
1443	455
1444	463
1445	460
1446	453
1447	451
1448	454
1449	458
1450	450
1451	450
1452	459
1453	455
1454	453
1455	446
1456	455
1457	455
1458	462
1459	455
1460	451
1461	445
1462	446
1463	453
1464	452
1465	458
1466	462
1467	460
1468	459
1469	451
1470	451
1471	447
1472	461
1473	458
1474	458
1475	451
1476	451
1477	458
1478	450
1479	455
1480	448
1481	457
1482	442
1483	454
1484	454
1485	456
1486	456
1487	451
1488	459
1489	455
1490	457
1491	448
1492	456
1493	454
1494	448
1495	453
1496	450
1497	456
1498	446
1499	461
1500	461
1501	452
1502	454
1503	448
1504	456
1505	458
1506	454
1507	455
1508	462
1509	457
1510	444
1511	466
1512	460
1513	451
1514	447
1515	454
1516	453
1517	451
1518	448
1519	459
1520	460
1521	457
1522	455
1523	446
1524	451
1525	459
1526	455
1527	444
1528	451
1529	464
1530	450
1531	458
1532	455
1533	451
1534	450
1535	449
1536	454
1537	444
1538	460
1539	450
1540	460
1541	451
1542	454
1543	459
1544	458
1545	452
1546	455
1547	452
1548	458
1549	454
1550	463
1551	446
1552	457
1553	439
1554	455
1555	457
1556	447
1557	449
1558	457
1559	454
1560	456
1561	456
1562	459
1563	457
1564	462
1565	446
1566	455
1567	457
1568	455
1569	460
1570	444
1571	459
1572	454
1573	461
1574	456
1575	443
1576	464
1577	456
1578	451
1579	465
1580	455
1581	455
1582	445
1583	461
1584	456
1585	459
1586	450
1587	452
1588	447
1589	450
1590	454
1591	437
1592	459
1593	450
1594	461
1595	457
1596	461
1597	451
1598	462
1599	459
1600	455
1601	450
1602	451
1603	450
1604	454
1605	453
1606	444
1607	452
1608	450
1609	441
1610	463
1611	449
1612	443
1613	449
1614	455
1615	444
1616	445
1617	456
1618	454
1619	454
1620	451
1621	456
1622	448
1623	450
1624	452
1625	462
1626	455
1627	459
1628	454
1629	451
1630	461
1631	452
1632	455
1633	450
1634	453
1635	448
1636	448
1637	447
1638	450
1639	460
1640	455
1641	455
1642	453
1643	456
1644	452
1645	454
1646	457
1647	447
1648	458
1649	448
1650	450
1651	448
1652	451
1653	454
1654	454
1655	452
1656	458
1657	453
1658	449
1659	458
1660	451
1661	449
1662	443
1663	450
1664	450
1665	458
1666	453
1667	462
1668	447
1669	453
1670	454
1671	457
1672	445
1673	455
1674	459
1675	456
1676	458
1677	451
1678	445
1679	461
1680	449
1681	455
1682	452
1683	457
1684	458
1685	462
1686	458
1687	443
1688	455
1689	455
1690	447
1691	456
1692	442
1693	451
1694	457
1695	446
1696	456
1697	451
1698	456
1699	463
1700	452
1701	456
1702	455
1703	452
1704	454
1705	445
1706	451
1707	448
1708	449
1709	451
1710	450
1711	461
1712	456
1713	451
1714	452
1715	464
1716	461
1717	460
1718	456
1719	446
1720	445
1721	441
1722	461
1723	456
1724	448
1725	452
1726	451
1727	458
1728	459
1729	451
1730	457
1731	459
1732	452
1733	450
1734	450
1735	447
1736	446
1737	453
1738	450
1739	458
1740	454
1741	456
1742	448
1743	458
1744	460
1745	451
1746	453
1747	451
1748	449
1749	454
1750	451
1751	457
1752	451
1753	458
1754	456
1755	457
1756	451
1757	462
1758	452
1759	458
1760	452
1761	453
1762	452
1763	466
1764	457
1765	453
1766	459
1767	451
1768	450
1769	457
1770	460
1771	454
1772	463
1773	453
1774	454
1775	458
1776	457
1777	450
1778	455
1779	449
1780	460
1781	453
1782	456
1783	453
1784	450
1785	450
1786	444
1787	444
1788	440
1789	459
1790	453
1791	461
1792	450
1793	444
1794	458
1795	468
1796	459
1797	460
1798	459
1799	459
1800	444
1801	447
1802	461
1803	452
1804	451
1805	449
1806	449
1807	455
1808	456
1809	450
1810	446
1811	453
1812	456
1813	445
1814	452
1815	451
1816	451
1817	449
1818	446
1819	459
1820	451
1821	450
1822	454
1823	459
1824	455
1825	456
1826	456
1827	450
1828	453
1829	451
1830	457
1831	458
1832	456
1833	456
1834	455
1835	446
1836	461
1837	454
1838	461
1839	457
1840	453
1841	460
1842	450
1843	457
1844	452
1845	456
1846	452
1847	446
1848	453
1849	452
1850	456
1851	448
1852	451
1853	457
1854	444
1855	452
1856	455
1857	452
1858	453
1859	446
1860	454
1861	448
1862	460
1863	458
1864	459
1865	450
1866	459
1867	456
1868	455
1869	456
1870	454
1871	445
1872	443
1873	447
1874	452
1875	449
1876	449
1877	454
1878	452
1879	446
1880	451
1881	454
1882	456
1883	453
1884	457
1885	451
1886	452
1887	445
1888	459
1889	462
1890	454
1891	444
1892	455
1893	457
1894	461
1895	446
1896	456
1897	452
1898	455
1899	453
1900	451
1901	458
1902	454
1903	450
1904	459
1905	456
1906	455
1907	460
1908	455
1909	460
1910	458
1911	460
1912	450
1913	449
1914	450
1915	448
1916	455
1917	458
1918	452
1919	454
1920	453
1921	453
1922	449
1923	453
1924	454
1925	456
1926	457
1927	458
1928	445
1929	455
1930	459
1931	449
1932	452
1933	458
1934	460
1935	455
1936	451
1937	458
1938	457
1939	462
1940	449
1941	451
1942	455
1943	456
1944	453
1945	457
1946	456
1947	452
1948	448
1949	451
1950	453
1951	449
1952	451
1953	458
1954	454
1955	454
1956	448
1957	453
1958	452
1959	458
1960	457
1961	454
1962	455
1963	456
1964	451
1965	453
1966	461
1967	449
1968	455
1969	446
1970	450
1971	456
1972	456
1973	453
1974	455
1975	456
1976	454
1977	456
1978	445
1979	457
1980	455
1981	447
1982	457
1983	455
1984	455
1985	453
1986	449
1987	451
1988	446
1989	456
1990	453
1991	452
1992	457
1993	458
1994	442
1995	452
1996	454
1997	453
1998	457
1999	450
2000	438
2001	450
2002	450
2003	450
2004	457
2005	447
2006	446
2007	450
2008	452
2009	454
2010	451
2011	458
2012	453
2013	452
2014	450
2015	441
2016	450
2017	453
2018	446
2019	444
2020	459
2021	447
2022	450
2023	455
2024	457
2025	457
2026	446
2027	459
2028	454
2029	461
2030	455
2031	458
2032	454
2033	445
2034	450
2035	450
2036	454
2037	457
2038	454
2039	451
2040	459
2041	460
2042	456
2043	450
2044	453
2045	455
2046	452
2047	453
2048	458
2049	451
2050	451
2051	459
2052	447
2053	456
2054	448
2055	452
2056	451
2057	458
2058	450
2059	445
2060	458
2061	454
2062	460
2063	455
2064	451
2065	449
2066	451
2067	459
2068	455
2069	457
2070	457
2071	448
2072	447
2073	443
2074	452
2075	455
2076	452
2077	453
2078	450
2079	451
2080	456
2081	447
2082	449
2083	460
2084	453
2085	446
2086	447
2087	451
2088	456
2089	448
2090	452
2091	459
2092	451
2093	453
2094	455
2095	457
2096	453
2097	463
2098	451
2099	460
2100	448
2101	449
2102	445
2103	445
2104	446
2105	457
2106	455
2107	453
2108	446
2109	457
2110	450
2111	461
2112	455
2113	456
2114	461
2115	459
2116	455
2117	462
2118	463
2119	458
2120	457
2121	450
2122	459
2123	457
2124	444
2125	454
2126	453
2127	445
2128	451
2129	443
2130	455
2131	457
2132	459
2133	452
2134	464
2135	459
2136	458
2137	453
2138	450
2139	462
2140	457
2141	457
2142	457
2143	453
2144	463
2145	450
2146	451
2147	461
2148	461
2149	454
2150	453
2151	454
2152	453
2153	451
2154	452
2155	458
2156	454
2157	452
2158	452
2159	457
2160	450
2161	455
2162	453
2163	456
2164	454
2165	464
2166	458
2167	460
2168	456
2169	456
2170	458
2171	448
2172	461
2173	454
2174	451
2175	448
2176	455
2177	451
2178	448
2179	440
2180	459
2181	461
2182	454
2183	450
2184	457
2185	459
2186	449
2187	443
2188	454
2189	452
2190	452
2191	436
2192	449
2193	450
2194	451
2195	452
2196	457
2197	465
2198	457
2199	455
2200	455
2201	449
2202	463
2203	451
2204	454
2205	449
2206	458
2207	457
2208	464
2209	453
2210	444
2211	460
2212	448
2213	458
2214	448
2215	464
2216	455
2217	456
2218	446
2219	450
2220	450
2221	458
2222	441
2223	456
2224	446
2225	452
2226	454
2227	458
2228	450
2229	451
2230	465
2231	449
2232	442
2233	457
2234	455
2235	458
2236	461
2237	448
2238	451
2239	456
2240	445
2241	453
2242	452
2243	449
2244	447
2245	451
2246	452
2247	456
2248	460
2249	451
2250	454
2251	451
2252	448
2253	462
2254	448
2255	453
2256	462
2257	456
2258	463
2259	454
2260	456
2261	449
2262	446
2263	460
2264	448
2265	460
2266	446
2267	449
2268	454
2269	450
2270	448
2271	457
2272	450
2273	451
2274	452
2275	452
2276	455
2277	451
2278	453
2279	447
2280	451
2281	455
2282	454
2283	451
2284	455
2285	444
2286	446
2287	450
2288	451
2289	449
2290	441
2291	455
2292	454
2293	453
2294	455
2295	453
2296	459
2297	446
2298	450
2299	448
2300	449
2301	451
2302	445
2303	455
2304	445
2305	450
2306	455
2307	451
2308	454
2309	452
2310	451
2311	456
2312	461
2313	468
2314	455
2315	460
2316	455
2317	454
2318	458
2319	451
2320	462
2321	454
2322	463
2323	446
2324	456
2325	453
2326	452
2327	449
2328	451
2329	448
2330	450
2331	454
2332	460
2333	444
2334	457
2335	456
2336	453
2337	454
2338	451
2339	459
2340	451
2341	460
2342	459
2343	459
2344	454
2345	456
2346	453
2347	458
2348	460
2349	449
2350	444
2351	454
2352	456
2353	461
2354	451
2355	455
2356	451
2357	455
2358	454
2359	448
2360	457
2361	454
2362	455
2363	457
2364	462
2365	453
2366	452
2367	454
2368	451
2369	456
2370	457
2371	454
2372	452
2373	449
2374	447
2375	448
2376	451
2377	462
2378	452
2379	453
2380	449
2381	458
2382	452
2383	450
2384	456
2385	452
2386	452
2387	449
2388	450
2389	457
2390	458
2391	455
2392	454
2393	451
2394	462
2395	454
2396	456
2397	452
2398	453
2399	459
2400	458
2401	451
2402	453
2403	451
2404	456
2405	455
2406	457
2407	447
2408	455
2409	457
2410	456
2411	452
2412	446
2413	456
2414	451
2415	451
2416	460
2417	460
2418	453
2419	462
2420	456
2421	449
2422	456
2423	464
2424	459
2425	457
2426	459
2427	457
2428	449
2429	456
2430	450
2431	449
2432	449
2433	453
2434	454
2435	457
2436	450
2437	462
2438	459
2439	459
2440	452
2441	458
2442	453
2443	448
2444	447
2445	453
2446	454
2447	455
2448	449
2449	458
2450	457
2451	459
2452	459
2453	448
2454	455
2455	450
2456	455
2457	455
2458	452
2459	452
2460	458
2461	440
2462	456
2463	452
2464	451
2465	449
2466	445
2467	446
2468	441
2469	446
2470	449
2471	450
2472	450
2473	447
2474	440
2475	454
2476	442
2477	455
2478	456
2479	447
2480	456
2481	454
2482	446
2483	459
2484	443
2485	442
2486	461
2487	455
2488	459
2489	452
2490	454
2491	451
2492	453
2493	455
2494	448
2495	459
2496	454
2497	460
2498	458
2499	461
2500	455
2501	450
2502	457
2503	452
2504	451
2505	456
2506	451
2507	454
2508	453
2509	460
2510	448
2511	456
2512	457
2513	454
2514	456
2515	450
2516	452
2517	454
2518	465
2519	455
2520	458
2521	456
2522	448
2523	446
2524	456
2525	462
2526	459
2527	450
2528	453
2529	454
2530	455
2531	458
2532	444
2533	452
2534	456
2535	451
2536	456
2537	454
2538	454
2539	450
2540	460
2541	453
2542	452
2543	454
2544	453
2545	450
2546	460
2547	456
2548	452
2549	455
2550	451
2551	448
2552	462
2553	453
2554	448
2555	455
2556	455
2557	447
2558	450
2559	452
2560	461
2561	448
2562	455
2563	454
2564	449
2565	451
2566	451
2567	453
2568	454
2569	450
2570	455
2571	453
2572	453
2573	465
2574	453
2575	449
2576	459
2577	454
2578	455
2579	454
2580	457
2581	448
2582	451
2583	457
2584	463
2585	454
2586	454
2587	455
2588	449
2589	446
2590	453
2591	454
2592	448
2593	445
2594	453
2595	450
2596	451
2597	454
2598	450
2599	446
2600	448
2601	452
2602	454
2603	453
2604	447
2605	441
2606	443
2607	452
2608	445
2609	453
2610	443
2611	447
2612	442
2613	447
2614	453
2615	442
2616	438
2617	445
2618	450
2619	442
2620	461
2621	450
2622	461
2623	459
2624	451
2625	457
2626	448
2627	450
2628	450
2629	452
2630	451
2631	454
2632	452
2633	447
2634	462
2635	456
2636	453
2637	455
2638	459
2639	458
2640	454
2641	456
2642	453
2643	449
2644	459
2645	452
2646	457
2647	441
2648	456
2649	451
2650	450
2651	442
2652	457
2653	459
2654	452
2655	445
2656	456
2657	460
2658	447
2659	451
2660	454
2661	448
2662	449
2663	460
2664	450
2665	452
2666	458
2667	449
2668	457
2669	453
2670	449
2671	451
2672	450
2673	453
2674	449
2675	456
2676	458
2677	462
2678	453
2679	449
2680	447
2681	457
2682	458
2683	452
2684	461
2685	458
2686	447
2687	455
2688	459
2689	450
2690	456
2691	447
2692	443
2693	445
2694	453
2695	460
2696	448
2697	449
2698	457
2699	454
2700	443
2701	454
2702	458
2703	444
2704	448
2705	454
2706	452
2707	448
2708	446
2709	459
2710	457
2711	457
2712	451
2713	459
2714	454
2715	450
2716	456
2717	452
2718	454
2719	451
2720	451
2721	454
2722	454
2723	451
2724	444
2725	456
2726	463
2727	454
2728	461
2729	450
2730	454
2731	451
2732	454
2733	458
2734	459
2735	450
2736	459
2737	453
2738	457
2739	463
2740	452
2741	450
2742	454
2743	454
2744	454
2745	454
2746	452
2747	454
2748	463
2749	457
2750	456
2751	455
2752	460
2753	446
2754	454
2755	457
2756	447
2757	455
2758	448
2759	461
2760	439
2761	459
2762	462
2763	464
2764	452
2765	448
2766	454
2767	457
2768	460
2769	462
2770	450
2771	457
2772	462
2773	454
2774	456
2775	452
2776	453
2777	449
2778	457
2779	453
2780	464
2781	457
2782	450
2783	452
2784	458
2785	457
2786	450
2787	453
2788	451
2789	453
2790	448
2791	455
2792	457
2793	452
2794	458
2795	460
2796	453
2797	458
2798	454
2799	451
2800	452
2801	453
2802	450
2803	455
2804	456
2805	445
2806	447
2807	451
2808	460
2809	456
2810	448
2811	450
2812	451
2813	447
2814	452
2815	456
2816	452
2817	453
2818	454
2819	449
2820	460
2821	452
2822	456
2823	443
2824	439
2825	446
2826	450
2827	450
2828	450
2829	453
2830	459
2831	459
2832	457
2833	454
2834	460
2835	453
2836	449
2837	464
2838	449
2839	456
2840	447
2841	460
2842	451
2843	457
2844	462
2845	450
2846	459
2847	454
2848	455
2849	456
2850	456
2851	461
2852	447
2853	463
2854	450
2855	452
2856	462
2857	442
2858	457
2859	449
2860	458
2861	453
2862	458
2863	459
2864	451
2865	444
2866	452
2867	454
2868	451
2869	452
2870	463
2871	453
2872	454
2873	452
2874	455
2875	455
2876	459
2877	458
2878	463
2879	451
2880	450
2881	448
2882	452
2883	458
2884	452
2885	455
2886	447
2887	452
2888	453
2889	441
2890	454
2891	459
2892	457
2893	448
2894	452
2895	460
2896	458
2897	448
2898	456
2899	451
2900	461
2901	451
2902	457
2903	454
2904	450
2905	461
2906	451
2907	444
2908	461
2909	452
2910	463
2911	451
2912	463
2913	453
2914	458
2915	453
2916	457
2917	457
2918	447
2919	456
2920	456
2921	452
2922	450
2923	456
2924	443
2925	452
2926	455
2927	454
2928	461
2929	459
2930	452
2931	454
2932	449
2933	451
2934	445
2935	453
2936	462
2937	443
2938	455
2939	458
2940	455
2941	452
2942	453
2943	457
2944	450
2945	451
2946	449
2947	452
2948	455
2949	453
2950	453
2951	457
2952	461
2953	445
2954	453
2955	440
2956	451
2957	454
2958	451
2959	450
2960	452
2961	449
2962	455
2963	455
2964	461
2965	456
2966	448
2967	458
2968	456
2969	459
2970	449
2971	450
2972	458
2973	454
2974	455
2975	454
2976	457
2977	444
2978	453
2979	459
2980	450
2981	447
2982	444
2983	464
2984	461
2985	457
2986	444
2987	457
2988	443
2989	450
2990	450
2991	454
2992	459
2993	450
2994	457
2995	448
2996	457
2997	455
2998	458
2999	444
3000	455
3001	452
3002	455
3003	449
3004	454
3005	453
3006	462
3007	456
3008	453
3009	449
3010	458
3011	449
3012	450
3013	449
3014	462
3015	456
3016	454
3017	448
3018	455
3019	448
3020	454
3021	463
3022	451
3023	452
3024	448
3025	452
3026	456
3027	456
3028	455
3029	448
3030	459
3031	448
3032	453
3033	450
3034	460
3035	450
3036	455
3037	451
3038	452
3039	444
3040	457
3041	448
3042	460
3043	452
3044	453
3045	459
3046	467
3047	452
3048	455
3049	458
3050	455
3051	454
3052	438
3053	452
3054	464
3055	455
3056	458
3057	451
3058	454
3059	453
3060	452
3061	450
3062	456
3063	447
3064	462
3065	457
3066	453
3067	453
3068	462
3069	446
3070	450
3071	457
3072	452
3073	453
3074	444
3075	451
3076	457
3077	454
3078	462
3079	447
3080	453
3081	459
3082	450
3083	456
3084	460
3085	451
3086	451
3087	460
3088	456
3089	453
3090	451
3091	454
3092	451
3093	461
3094	445
3095	450
3096	460
3097	453
3098	456
3099	457
3100	450
3101	449
3102	461
3103	454
3104	461
3105	446
3106	450
3107	454
3108	459
3109	447
3110	448
3111	456
3112	450
3113	457
3114	446
3115	448
3116	456
3117	453
3118	444
3119	456
3120	456
3121	464
3122	450
3123	458
3124	454
3125	449
3126	452
3127	445
3128	449
3129	454
3130	450
3131	450
3132	453
3133	440
3134	449
3135	455
3136	456
3137	454
3138	451
3139	457
3140	466
3141	453
3142	446
3143	456
3144	459
3145	451
3146	450
3147	451
3148	452
3149	461
3150	465
3151	458
3152	458
3153	451
3154	448
3155	454
3156	451
3157	441
3158	460
3159	446
3160	457
3161	454
3162	463
3163	447
3164	456
3165	456
3166	445
3167	451
3168	452
3169	438
3170	459
3171	459
3172	462
3173	464
3174	456
3175	456
3176	446
3177	455
3178	454
3179	461
3180	448
3181	452
3182	455
3183	450
3184	448
3185	455
3186	452
3187	453
3188	462
3189	464
3190	458
3191	450
3192	454
3193	456
3194	449
3195	455
3196	455
3197	444
3198	457
3199	451
3200	457
3201	450
3202	453
3203	455
3204	461
3205	457
3206	447
3207	450
3208	455
3209	451
3210	463
3211	457
3212	455
3213	461
3214	454
3215	460
3216	460
3217	450
3218	452
3219	460
3220	458
3221	453
3222	463
3223	446
3224	454
3225	452
3226	450
3227	458
3228	458
3229	443
3230	447
3231	454
3232	445
3233	455
3234	456
3235	451
3236	458
3237	450
3238	450
3239	456
3240	461
3241	456
3242	447
3243	450
3244	454
3245	457
3246	459
3247	451
3248	457
3249	466
3250	452
3251	462
3252	452
3253	440
3254	452
3255	447
3256	471
3257	472
3258	470
3259	470
3260	468
3261	467
3262	455
3263	466
3264	477
3265	470
3266	472
3267	469
3268	472
3269	464
3270	471
3271	465
3272	467
3273	464
3274	457
3275	474
3276	463
3277	475
3278	468
3279	468
3280	472
3281	459
3282	464
3283	472
3284	472
3285	468
3286	462
3287	460
3288	471
3289	468
3290	466
3291	471
3292	477
3293	471
3294	473
3295	462
3296	469
3297	469
3298	471
3299	465
3300	467
3301	476
3302	471
3303	469
3304	476
3305	462
3306	470
3307	466
3308	468
3309	468
3310	463
3311	467
3312	472
3313	464
3314	472
3315	469
3316	471
3317	471
3318	465
3319	469
3320	468
3321	467
3322	474
3323	465
3324	469
3325	464
3326	465
3327	466
3328	469
3329	471
3330	463
3331	473
3332	475
3333	461
3334	467
3335	463
3336	470
3337	469
3338	471
3339	469
3340	473
3341	464
3342	465
3343	469
3344	473
3345	468
3346	473
3347	461
3348	469
3349	470
3350	475
3351	473
3352	462
3353	471
3354	459
3355	461
3356	480
3357	467
3358	475
3359	470
3360	473
3361	464
3362	469
3363	473
3364	464
3365	468
3366	471
3367	467
3368	473
3369	474
3370	467
3371	463
3372	471
3373	466
3374	468
3375	455
3376	467
3377	466
3378	471
3379	472
3380	471
3381	472
3382	465
3383	465
3384	467
3385	477
3386	469
3387	458
3388	477
3389	473
3390	468
3391	462
3392	465
3393	470
3394	469
3395	475
3396	467
3397	471
3398	467
3399	463
3400	472
3401	469
3402	470
3403	472
3404	469
3405	473
3406	477
3407	466
3408	473
3409	465
3410	470
3411	463
3412	471
3413	469
3414	465
3415	465
3416	470
3417	475
3418	469
3419	469
3420	456
3421	472
3422	468
3423	468
3424	459
3425	470
3426	468
3427	476
3428	464
3429	467
3430	477
3431	465
3432	471
3433	480
3434	472
3435	461
3436	456
3437	469
3438	471
3439	460
3440	472
3441	462
3442	463
3443	469
3444	466
3445	464
3446	458
3447	463
3448	467
3449	471
3450	465
3451	462
3452	473
3453	467
3454	471
3455	469
3456	463
3457	463
3458	467
3459	460
3460	461
3461	465
3462	468
3463	471
3464	471
3465	465
3466	471
3467	470
3468	467
3469	476
3470	467
3471	462
3472	464
3473	471
3474	470
3475	467
3476	461
3477	472
3478	469
3479	463
3480	472
3481	470
3482	467
3483	471
3484	478
3485	468
3486	469
3487	476
3488	479
3489	468
3490	465
3491	464
3492	476
3493	466
3494	474
3495	474
3496	465
3497	470
3498	465
3499	461
3500	461
3501	480
3502	470
3503	476
3504	470
3505	468
3506	462
3507	461
3508	466
3509	471
3510	471
3511	466
3512	468
3513	468
3514	467
3515	468
3516	464
3517	471
3518	476
3519	472
3520	465
3521	474
3522	467
3523	473
3524	467
3525	469
3526	475
3527	471
3528	472
3529	464
3530	463
3531	475
3532	474
3533	467
3534	470
3535	471
3536	459
3537	467
3538	471
3539	469
3540	465
3541	467
3542	467
3543	469
3544	464
3545	469
3546	470
3547	472
3548	464
3549	465
3550	468
3551	467
3552	468
3553	471
3554	472
3555	466
3556	478
3557	471
3558	471
3559	468
3560	463
3561	476
3562	464
3563	469
3564	475
3565	468
3566	470
3567	462
3568	469
3569	473
3570	471
3571	475
3572	472
3573	467
3574	474
3575	466
3576	474
3577	469
3578	469
3579	467
3580	468
3581	475
3582	466
3583	468
3584	462
3585	480
3586	466
3587	469
3588	463
3589	469
3590	471
3591	474
3592	455
3593	465
3594	463
3595	472
3596	470
3597	464
3598	466
3599	469
3600	468
3601	466
3602	461
3603	469
3604	471
3605	463
3606	471
3607	465
3608	467
3609	464
3610	478
3611	472
3612	477
3613	462
3614	471
3615	469
3616	469
3617	474
3618	470
3619	469
3620	479
3621	471
3622	467
3623	466
3624	476
3625	470
3626	470
3627	465
3628	472
3629	469
3630	471
3631	468
3632	463
3633	471
3634	466
3635	457
3636	473
3637	472
3638	465
3639	478
3640	469
3641	462
3642	471
3643	475
3644	468
3645	466
3646	477
3647	453
3648	472
3649	458
3650	469
3651	458
3652	470
3653	469
3654	466
3655	463
3656	467
3657	470
3658	469
3659	473
3660	467
3661	465
3662	463
3663	464
3664	462
3665	468
3666	470
3667	463
3668	461
3669	476
3670	473
3671	466
3672	464
3673	465
3674	479
3675	464
3676	472
3677	461
3678	469
3679	467
3680	476
3681	472
3682	467
3683	472
3684	464
3685	469
3686	471
3687	477
3688	475
3689	464
3690	470
3691	469
3692	471
3693	466
3694	463
3695	467
3696	470
3697	472
3698	468
3699	474
3700	466
3701	476
3702	468
3703	471
3704	461
3705	475
3706	462
3707	467
3708	462
3709	461
3710	467
3711	469
3712	463
3713	465
3714	471
3715	471
3716	472
3717	473
3718	468
3719	462
3720	468
3721	470
3722	457
3723	474
3724	478
3725	474
3726	467
3727	476
3728	463
3729	460
3730	467
3731	470
3732	472
3733	474
3734	476
3735	461
3736	471
3737	478
3738	473
3739	467
3740	470
3741	471
3742	469
3743	471
3744	464
3745	464
3746	469
3747	466
3748	473
3749	472
3750	474
3751	468
3752	468
3753	467
3754	471
3755	479
3756	477
3757	462
3758	478
3759	471
3760	466
3761	470
3762	463
3763	459
3764	470
3765	457
3766	463
3767	465
3768	470
3769	468
3770	474
3771	470
3772	471
3773	468
3774	470
3775	469
3776	462
3777	473
3778	460
3779	472
3780	457
3781	473
3782	469
3783	467
3784	465
3785	468
3786	470
3787	472
3788	476
3789	474
3790	470
3791	470
3792	466
3793	466
3794	472
3795	472
3796	465
3797	462
3798	469
3799	464
3800	465
3801	477
3802	457
3803	474
3804	468
3805	477
3806	470
3807	470
3808	464
3809	475
3810	468
3811	473
3812	470
3813	460
3814	466
3815	470
3816	473
3817	474
3818	467
3819	467
3820	463
3821	468
3822	468
3823	470
3824	474
3825	467
3826	471
3827	458
3828	468
3829	467
3830	467
3831	472
3832	466
3833	477
3834	463
3835	469
3836	465
3837	473
3838	466
3839	474
3840	467
3841	473
3842	476
3843	472
3844	460
3845	472
3846	460
3847	466
3848	474
3849	474
3850	470
3851	473
3852	468
3853	462
3854	464
3855	468
3856	465
3857	463
3858	477
3859	467
3860	472
3861	460
3862	474
3863	472
3864	466
3865	468
3866	463
3867	474
3868	472
3869	460
3870	470
3871	468
3872	479
3873	463
3874	471
3875	458
3876	464
3877	476
3878	474
3879	467
3880	465
3881	466
3882	465
3883	462
3884	472
3885	464
3886	464
3887	475
3888	468
3889	468
3890	461
3891	475
3892	469
3893	472
3894	468
3895	471
3896	477
3897	464
3898	461
3899	461
3900	470
3901	466
3902	471
3903	473
3904	460
3905	469
3906	464
3907	460
3908	465
3909	464
3910	473
3911	469
3912	457
3913	470
3914	464
3915	478
3916	461
3917	465
3918	474
3919	473
3920	475
3921	479
3922	471
3923	453
3924	476
3925	465
3926	467
3927	472
3928	463
3929	474
3930	465
3931	473
3932	465
3933	476
3934	466
3935	464
3936	461
3937	467
3938	470
3939	465
3940	465
3941	464
3942	462
3943	467
3944	464
3945	469
3946	468
3947	468
3948	467
3949	466
3950	469
3951	472
3952	466
3953	460
3954	473
3955	472
3956	466
3957	480
3958	469
3959	475
3960	465
3961	461
3962	467
3963	472
3964	469
3965	471
3966	475
3967	473
3968	461
3969	463
3970	466
3971	461
3972	468
3973	463
3974	461
3975	465
3976	469
3977	472
3978	470
3979	466
3980	477
3981	459
3982	467
3983	477
3984	476
3985	468
3986	465
3987	470
3988	461
3989	462
3990	471
3991	481
3992	461
3993	474
3994	466
3995	471
3996	467
3997	465
3998	470
3999	476
4000	468
4001	464
4002	467
4003	460
4004	467
4005	470
4006	461
4007	470
4008	470
4009	468
4010	467
4011	459
4012	474
4013	473
4014	456
4015	469
4016	468
4017	469
4018	464
4019	453
4020	471
4021	471
4022	457
4023	469
4024	458
4025	466
4026	467
4027	472
4028	462
4029	470
4030	477
4031	472
4032	469
4033	479
4034	469
4035	464
4036	460
4037	464
4038	466
4039	463
4040	470
4041	463
4042	467
4043	465
4044	473
4045	470
4046	479
4047	476
4048	478
4049	468
4050	465
4051	469
4052	463
4053	469
4054	467
4055	458
4056	471
4057	467
4058	461
4059	465
4060	470
4061	458
4062	465
4063	471
4064	472
4065	469
4066	469
4067	467
4068	476
4069	470
4070	471
4071	461
4072	470
4073	476
4074	466
4075	464
4076	471
4077	464
4078	466
4079	470
4080	467
4081	470
4082	463
4083	472
4084	456
4085	473
4086	468
4087	472
4088	471
4089	459
4090	469
4091	460
4092	470
4093	472
4094	462
4095	464
4096	467
4097	458
4098	467
4099	469
4100	465
4101	467
4102	464
4103	462
4104	474
4105	472
4106	463
4107	463
4108	469
4109	467
4110	466
4111	471
4112	475
4113	461
4114	459
4115	472
4116	468
4117	475
4118	466
4119	473
4120	461
4121	458
4122	467
4123	468
4124	472
4125	476
4126	460
4127	468
4128	461
4129	471
4130	467
4131	468
4132	463
4133	470
4134	475
4135	477
4136	464
4137	465
4138	481
4139	467
4140	468
4141	468
4142	468
4143	467
4144	461
4145	465
4146	474
4147	467
4148	470
4149	453
4150	467
4151	466
4152	466
4153	471
4154	461
4155	472
4156	467
4157	465
4158	463
4159	467
4160	473
4161	471
4162	469
4163	464
4164	466
4165	470
4166	475
4167	463
4168	467
4169	459
4170	454
4171	456
4172	472
4173	469
4174	470
4175	462
4176	473
4177	466
4178	468
4179	461
4180	463
4181	473
4182	468
4183	468
4184	467
4185	467
4186	460
4187	466
4188	469
4189	473
4190	467
4191	469
4192	464
4193	464
4194	474
4195	469
4196	471
4197	461
4198	468
4199	473
4200	471
4201	467
4202	476
4203	463
4204	466
4205	467
4206	468
4207	470
4208	472
4209	461
4210	464
4211	466
4212	455
4213	457
4214	466
4215	470
4216	473
4217	469
4218	471
4219	463
4220	470
4221	470
4222	477
4223	465
4224	464
4225	461
4226	469
4227	465
4228	472
4229	470
4230	470
4231	462
4232	468
4233	464
4234	466
4235	469
4236	476
4237	467
4238	463
4239	461
4240	469
4241	464
4242	472
4243	470
4244	467
4245	467
4246	476
4247	474
4248	467
4249	471
4250	467
4251	463
4252	469
4253	471
4254	471
4255	460
4256	477
4257	470
4258	468
4259	476
4260	465
4261	466
4262	466
4263	469
4264	469
4265	470
4266	467
4267	468
4268	466
4269	467
4270	472
4271	468
4272	465
4273	465
4274	469
4275	476
4276	466
4277	470
4278	473
4279	467
4280	464
4281	461
4282	470
4283	470
4284	470
4285	470
4286	461
4287	467
4288	465
4289	470
4290	464
4291	477
4292	463
4293	468
4294	460
4295	469
4296	470
4297	475
4298	465
4299	463
4300	469
4301	472
4302	462
4303	472
4304	470
4305	473
4306	466
4307	470
4308	477
4309	472
4310	473
4311	465
4312	468
4313	471
4314	471
4315	465
4316	463
4317	473
4318	465
4319	471
4320	470
4321	465
4322	478
4323	455
4324	480
4325	473
4326	464
4327	463
4328	469
4329	468
4330	468
4331	472
4332	460
4333	473
4334	469
4335	462
4336	469
4337	473
4338	466
4339	470
4340	468
4341	473
4342	470
4343	470
4344	466
4345	465
4346	475
4347	469
4348	470
4349	465
4350	474
4351	472
4352	471
4353	469
4354	470
4355	460
4356	473
4357	478
4358	470
4359	467
4360	473
4361	465
4362	471
4363	468
4364	468
4365	462
4366	464
4367	468
4368	464
4369	462
4370	468
4371	472
4372	476
4373	472
4374	470
4375	471
4376	471
4377	471
4378	467
4379	476
4380	473
4381	467
4382	467
4383	472
4384	466
4385	470
4386	473
4387	466
4388	467
4389	472
4390	467
4391	466
4392	467
4393	466
4394	476
4395	465
4396	472
4397	474
4398	466
4399	467
4400	475
4401	473
4402	468
4403	457
4404	468
4405	469
4406	466
4407	467
4408	475
4409	461
4410	476
4411	465
4412	463
4413	468
4414	473
4415	469
4416	460
4417	471
4418	475
4419	464
4420	477
4421	471
4422	468
4423	462
4424	460
4425	462
4426	466
4427	466
4428	467
4429	469
4430	462
4431	462
4432	473
4433	473
4434	471
4435	467
4436	470
4437	472
4438	476
4439	466
4440	465
4441	472
4442	464
4443	473
4444	465
4445	466
4446	466
4447	471
4448	469
4449	471
4450	469
4451	472
4452	456
4453	474
4454	461
4455	459
4456	455
4457	470
4458	466
4459	466
4460	459
4461	474
4462	478
4463	472
4464	476
4465	465
4466	477
4467	463
4468	460
4469	473
4470	472
4471	462
4472	468
4473	470
4474	465
4475	471
4476	471
4477	472
4478	469
4479	467
4480	468
4481	462
4482	469
4483	478
4484	470
4485	470
4486	471
4487	458
4488	465
4489	476
4490	472
4491	480
4492	470
4493	479
4494	472
4495	472
4496	477
4497	470
4498	464
4499	473
4500	468
4501	470
4502	474
4503	460
4504	463
4505	465
4506	470
4507	459
4508	468
4509	470
4510	466
4511	475
4512	464
4513	462
4514	466
4515	469
4516	468
4517	470
4518	465
4519	469
4520	472
4521	470
4522	472
4523	464
4524	467
4525	467
4526	477
4527	469
4528	478
4529	468
4530	467
4531	464
4532	465
4533	474
4534	471
4535	470
4536	468
4537	466
4538	475
4539	466
4540	474
4541	472
4542	472
4543	468
4544	473
4545	465
4546	470
4547	474
4548	460
4549	469
4550	467
4551	472
4552	469
4553	458
4554	464
4555	476
4556	463
4557	467
4558	467
4559	470
4560	474
4561	472
4562	467
4563	472
4564	472
4565	473
4566	474
4567	461
4568	474
4569	460
4570	465
4571	463
4572	464
4573	469
4574	465
4575	463
4576	464
4577	472
4578	471
4579	470
4580	473
4581	461
4582	480
4583	474
4584	468
4585	460
4586	468
4587	473
4588	470
4589	471
4590	464
4591	464
4592	467
4593	463
4594	464
4595	471
4596	478
4597	473
4598	474
4599	464
4600	470
4601	470
4602	468
4603	459
4604	469
4605	470
4606	480
4607	464
4608	463
4609	479
4610	469
4611	472
4612	465
4613	468
4614	467
4615	461
4616	466
4617	465
4618	463
4619	464
4620	468
4621	474
4622	460
4623	471
4624	471
4625	467
4626	478
4627	471
4628	462
4629	468
4630	460
4631	472
4632	471
4633	471
4634	472
4635	462
4636	468
4637	461
4638	455
4639	464
4640	470
4641	475
4642	465
4643	468
4644	466
4645	467
4646	471
4647	454
4648	461
4649	467
4650	466
4651	467
4652	466
4653	476
4654	477
4655	468
4656	465
4657	472
4658	469
4659	465
4660	474
4661	464
4662	464
4663	470
4664	465
4665	467
4666	467
4667	459
4668	472
4669	467
4670	466
4671	475
4672	462
4673	476
4674	475
4675	469
4676	474
4677	465
4678	466
4679	465
4680	465
4681	470
4682	471
4683	476
4684	466
4685	467
4686	471
4687	468
4688	467
4689	466
4690	468
4691	459
4692	472
4693	468
4694	470
4695	471
4696	463
4697	467
4698	467
4699	477
4700	459
4701	466
4702	463
4703	472
4704	469
4705	461
4706	475
4707	470
4708	478
4709	473
4710	463
4711	466
4712	460
4713	470
4714	469
4715	459
4716	462
4717	465
4718	466
4719	459
4720	463
4721	473
4722	460
4723	469
4724	473
4725	470
4726	462
4727	470
4728	463
4729	483
4730	467
4731	466
4732	474
4733	466
4734	478
4735	467
4736	470
4737	480
4738	461
4739	472
4740	471
4741	468
4742	464
4743	465
4744	465
4745	465
4746	463
4747	472
4748	462
4749	469
4750	472
4751	469
4752	474
4753	473
4754	468
4755	471
4756	464
4757	469
4758	474
4759	458
4760	476
4761	475
4762	479
4763	465
4764	476
4765	464
4766	469
4767	472
4768	463
4769	466
4770	471
4771	465
4772	468
4773	487
4774	468
4775	464
4776	468
4777	464
4778	473
4779	470
4780	462
4781	457
4782	469
4783	469
4784	469
4785	471
4786	461
4787	472
4788	472
4789	466
4790	467
4791	473
4792	466
4793	467
4794	470
4795	470
4796	463
4797	466
4798	470
4799	472
4800	466
4801	465
4802	475
4803	463
4804	464
4805	467
4806	468
4807	467
4808	457
4809	469
4810	477
4811	463
4812	462
4813	473
4814	470
4815	462
4816	452
4817	471
4818	476
4819	460
4820	465
4821	475
4822	475
4823	471
4824	476
4825	470
4826	467
4827	466
4828	468
4829	468
4830	481
4831	460
4832	467
4833	466
4834	468
4835	475
4836	466
4837	462
4838	469
4839	471
4840	476
4841	470
4842	477
4843	463
4844	461
4845	470
4846	465
4847	463
4848	464
4849	467
4850	472
4851	469
4852	465
4853	472
4854	463
4855	470
4856	465
4857	475
4858	472
4859	472
4860	465
4861	469
4862	474
4863	466
4864	454
4865	455
4866	470
4867	467
4868	466
4869	474
4870	467
4871	467
4872	462
4873	472
4874	472
4875	467
4876	465
4877	470
4878	470
4879	467
4880	463
4881	470
4882	469
4883	469
4884	467
4885	470
4886	467
4887	465
4888	464
4889	476
4890	467
4891	473
4892	464
4893	467
4894	464
4895	467
4896	473
4897	474
4898	467
4899	466
4900	468
4901	475
4902	470
4903	458
4904	471
4905	471
4906	474
4907	464
4908	466
4909	473
4910	466
4911	466
4912	472
4913	467
4914	473
4915	464
4916	477
4917	470
4918	470
4919	480
4920	468
4921	475
4922	465
4923	472
4924	465
4925	466
4926	468
4927	470
4928	477
4929	475
4930	479
4931	468
4932	471
4933	474
4934	458
4935	474
4936	464
4937	460
4938	472
4939	469
4940	473
4941	472
4942	470
4943	474
4944	460
4945	471
4946	453
4947	470
4948	475
4949	471
4950	467
4951	465
4952	468
4953	464
4954	471
4955	467
4956	472
4957	470
4958	467
4959	469
4960	461
4961	476
4962	472
4963	456
4964	474
4965	472
4966	471
4967	467
4968	467
4969	473
4970	474
4971	465
4972	467
4973	466
4974	471
4975	468
4976	464
4977	470
4978	467
4979	474
4980	467
4981	462
4982	453
4983	464
4984	466
4985	466
4986	471
4987	473
4988	472
4989	470
4990	470
4991	474
4992	475
4993	464
4994	468
4995	472
4996	462
4997	463
4998	465
4999	469
5000	469
5001	469
5002	472
5003	463
5004	464
5005	464
5006	471
5007	472
5008	465
5009	467
5010	479
5011	471
5012	468
5013	479
5014	462
5015	466
5016	472
5017	470
5018	469
5019	468
5020	467
5021	469
5022	473
5023	470
5024	473
5025	460
5026	471
5027	461
5028	465
5029	466
5030	478
5031	469
5032	470
5033	476
5034	460
5035	471
5036	463
5037	467
5038	469
5039	472
5040	466
5041	464
5042	472
5043	470
5044	474
5045	469
5046	471
5047	466
5048	463
5049	471
5050	466
5051	459
5052	471
5053	471
5054	462
5055	475
5056	467
5057	464
5058	470
5059	461
5060	460
5061	480
5062	481
5063	459
5064	470
5065	462
5066	473
5067	465
5068	468
5069	465
5070	464
5071	468
5072	470
5073	468
5074	467
5075	472
5076	479
5077	467
5078	466
5079	468
5080	465
5081	459
5082	472
5083	468
5084	475
5085	466
5086	466
5087	467
5088	459
5089	470
5090	468
5091	465
5092	463
5093	471
5094	466
5095	469
5096	467
5097	477
5098	465
5099	473
5100	470
5101	474
5102	469
5103	468
5104	466
5105	470
5106	458
5107	467
5108	457
5109	465
5110	472
5111	468
5112	466
5113	469
5114	468
5115	463
5116	479
5117	467
5118	475
5119	462
5120	464
5121	469
5122	464
5123	472
5124	466
5125	468
5126	472
5127	479
5128	469
5129	472
5130	462
5131	472
5132	467
