25	46	66	85	93	98	143	150	169	172	198	199	203	220	237	239	258	263	330	331	340	349	390	391	421	483	488	494	499	354	22	36	396	174	486	341	290	65	
46	150	199	263	483	488	499	354	396	486	65	85	220	174	198	172	362	197	169	25	44	
483	354	396	85	220	174	198	197	169	25	44	281	
354	396	174	197	169	25	281	358	345	
354	174	169	281	190	
354	174	169	281	186	
174	281	
174	281	
174	281	
174	281	
174	281	
174	281	313	
174	281	
174	281	
174	281	89	
174	281	89	
89	25	24	152	26	
89	25	152	26	90	210	122	18	
89	25	152	26	210	
26	
26	24	56	48	
26	24	56	25	27	17	91	31	
26	24	56	25	27	91	59	88	95	
24	56	25	91	59	75	123	51	
25	91	59	17	75	57	281	9	89	
25	91	
25	91	27	
25	91	
25	91	
25	91	
25	91	
25	91	123	11	
25	91	11	283	9	
91	11	43	35	51	
91	11	35	9	265	8	13	
91	11	9	12	129	131	
11	9	129	
9	129	8	145	
9	129	13	161	
9	129	
9	129	
9	129	
9	129	1	
9	129	11	
9	129	
9	129	160	
129	160	32	288	0	
129	160	32	
160	32	224	
160	32	96	352	482	480	498	354	
160	32	96	352	482	192	
160	32	96	352	
96	352	48	176	
96	352	48	176	52	16	
48	176	
48	176	178	
48	176	248	
48	176	248	178	50	
48	176	248	51	
48	176	51	179	
48	51	178	55	
48	51	178	35	39	
51	178	35	
178	35	186	154	410	179	
178	35	186	410	50	
186	410	50	
410	50	286	318	398	310	306	282	370	
410	50	286	318	398	310	306	282	370	314	430	302	
50	286	398	310	282	370	430	462	394	346	
398	282	370	462	346	314	286	
398	282	370	346	474	
398	282	370	
398	282	
398	282	346	
398	282	430	
398	282	
398	282	
398	282	
398	282	
398	282	
398	282	
398	282	
398	282	2	
398	2	390	454	406	
398	2	390	388	
2	390	
2	390	66	
2	390	66	0	8	10	
390	0	8	136	202	128	
390	8	136	128	
136	
136	
136	
136	8	168	392	
136	
136	392	393	264	265	281	
136	392	281	
136	392	424	
392	424	268	388	404	
392	268	388	404	269	264	300	265	270	285	260	
392	268	388	269	264	301	
268	388	269	301	
388	269	420	416	160	285	428	132	13	
388	269	420	416	
388	269	420	416	421	428	492	
420	421	428	423	
420	421	428	429	173	399	237	398	142	397	
421	428	429	399	398	301	
428	429	399	398	425	431	
429	398	425	
429	398	425	
429	425	421	
425	421	423	373	430	
425	421	423	373	295	375	294	
421	295	375	
295	375	311	39	
295	375	
295	375	
295	375	
295	375	359	
295	375	
295	375	373	
295	375	373	311	
295	375	423	
295	375	423	39	
295	375	
295	375	373	
295	375	
295	375	359	
295	375	503	
295	375	
295	375	
295	375	
295	375	359	303	
295	375	303	
295	375	
295	375	
295	375	
295	375	
295	375	
295	375	
295	375	371	
295	375	
295	375	
295	375	
295	375	119	
295	375	
295	375	
295	375	383	
295	375	374	
295	375	293	
295	375	311	293	
295	375	
295	375	
295	375	
295	375	291	
295	375	
295	375	
295	375	
295	375	
295	375	119	
295	375	
295	375	
295	375	
295	375	
295	375	
295	375	423	39	
295	375	
295	375	
295	375	
295	375	
295	375	311	359	
295	375	
295	375	374	
295	375	
295	375	
295	375	371	
295	375	
295	375	
295	375	343	
295	375	503	311	
295	375	
295	375	
295	375	
295	375	371	
295	375	291	
295	375	293	
295	375	
295	375	
295	375	
295	375	
295	375	
295	375	
295	375	
295	375	
295	375	
295	375	
295	375	
295	375	
295	375	
295	375	
295	375	
295	375	
295	375	
295	375	
295	375	
295	375	293	
295	375	
295	375	303	
295	375	
295	375	
295	375	371	
295	375	
295	375	
295	375	503	
295	375	262	263	119	
295	375	
295	375	
295	375	303	
295	375	
295	375	
295	375	
295	375	
295	375	383	423	
295	375	383	
295	375	
295	375	
295	375	303	
295	375	263	
295	375	311	303	
295	375	
295	375	373	
295	375	
295	375	423	383	
295	375	503	
295	375	293	
295	375	
295	375	
295	375	
295	375	
295	375	
295	375	359	263	
295	375	119	
295	375	293	
295	375	293	
295	375	
295	375	371	
295	375	294	
295	375	383	374	
295	375	
295	375	371	
295	375	423	374	
295	375	
295	375	371	
295	375	
295	375	
295	375	
295	375	
295	375	
295	375	
295	375	
295	375	
295	375	
295	375	
295	375	
295	375	
295	375	383	
295	375	
295	375	
295	375	374	
295	375	39	
295	375	503	
295	375	
295	375	293	
295	375	374	
295	375	357	
295	375	293	373	383	
295	375	
295	375	
295	375	359	
295	375	
295	375	
295	375	371	
295	375	
295	375	383	
295	375	
295	375	383	
295	375	
295	375	263	
295	375	263	
295	375	
295	375	291	
295	375	373	343	
295	375	
295	375	343	
295	375	383	263	
295	375	343	
295	375	
295	375	
295	375	359	
295	375	293	
295	375	359	303	
295	375	293	
295	375	291	
295	375	
295	375	
295	375	
295	375	
295	375	311	
295	375	
295	375	
295	375	39	
295	375	359	
295	375	373	
295	375	311	263	
295	375	263	
295	375	343	
295	375	55	
295	375	
295	375	
295	375	
295	375	303	
295	375	
295	375	119	
295	375	
295	375	293	
295	375	119	
295	375	
295	375	
295	375	373	
295	375	359	
295	375	259	
295	375	
295	375	359	
295	375	
295	375	293	
295	375	293	
295	375	423	
295	375	
295	375	263	
295	375	
295	375	291	
295	375	
295	375	371	
295	375	
295	375	311	
295	375	
295	375	
295	375	
295	375	383	
295	375	374	
295	375	359	
295	375	311	
295	375	423	
295	375	
295	375	383	263	
295	375	359	
295	375	39	
295	375	
295	375	291	
295	375	
295	375	263	373	
295	375	
295	375	359	
295	375	
295	375	503	
295	375	
295	375	
295	375	294	
295	375	303	
295	375	291	503	
295	375	359	
295	375	
295	375	383	
295	375	
295	375	
295	375	
295	375	503	
295	375	
295	375	
295	375	371	
295	375	
295	375	294	
295	375	
295	375	
295	375	
295	375	
295	375	
295	375	
295	375	303	
295	375	
295	375	
295	375	359	
295	375	
295	375	
295	375	343	
295	375	
295	375	311	
295	375	383	
295	375	
295	375	359	
295	375	119	359	
295	375	374	
295	375	303	359	
295	375	423	
295	375	
295	375	
295	375	
295	375	
295	375	
295	375	373	
295	375	
295	375	383	
295	375	
295	375	
295	375	383	
295	375	271	119	
295	375	294	
295	375	
295	375	
295	375	
295	375	
295	375	
295	375	383	263	
295	375	383	263	
295	375	371	
295	375	
295	375	
295	375	
295	375	303	373	359	
295	375	335	
295	375	335	367	
295	335	367	111	110	239	79	
335	367	111	331	
111	331	329	267	328	321	
331	329	267	
329	267	345	
329	267	353	355	
353	
353	33	97	99	
353	
353	361	41	
353	361	297	352	481	105	377	
353	361	297	377	329	363	367	
353	361	367	111	107	110	
361	367	111	365	47	
367	111	255	
111	335	79	367	327	463	
111	335	367	334	366	
111	335	367	331	
111	335	331	329	457	
331	329	457	345	337	465	
331	329	457	345	337	
329	345	337	473	457	505	349	
345	337	473	475	347	
345	337	475	473	479	
345	475	377	376	348	
345	475	377	376	337	
345	475	377	376	344	328	
475	376	344	346	465	378	282	
376	344	346	465	467	90	464	330	
346	465	474	
346	465	
346	465	
346	465	330	
346	465	347	469	499	
346	465	282	
346	465	
346	465	
346	465	469	
346	465	449	
346	465	
346	465	
346	465	350	
346	465	
346	465	
346	465	378	469	
346	465	338	344	
346	465	
346	465	
346	465	474	449	330	
346	465	467	
346	465	
346	465	
346	465	378	
346	465	
346	465	344	
346	465	
346	465	376	
346	465	469	
346	465	497	
346	465	344	
346	465	
346	465	338	
346	465	401	209	
346	465	347	474	
346	465	
346	465	
346	465	
346	465	473	464	
346	465	344	
346	465	
346	465	
346	465	467	
346	465	282	
346	465	449	
346	465	344	
346	465	
346	465	
346	465	337	
346	465	
346	465	
346	465	90	
346	465	
346	465	282	338	
346	465	
346	465	347	
346	465	
346	465	401	
346	465	
346	465	449	
346	465	337	
346	465	217	
346	465	
346	465	
346	465	
346	465	
346	465	
346	465	90	
346	465	
346	465	
346	465	
346	465	497	
346	465	469	
346	465	449	
346	465	
346	465	
346	465	
346	465	378	
346	465	
346	465	
346	465	347	474	
346	465	467	
346	465	
346	465	215	
346	465	
346	465	
346	465	282	
346	465	
346	465	344	
346	465	
346	465	
346	465	330	
346	465	
346	465	337	90	
346	465	350	
346	465	90	
346	465	
346	465	337	
346	465	
346	465	
346	465	
346	465	90	338	
346	465	467	
346	465	
346	465	
346	465	
346	465	473	
346	465	
346	465	
346	465	
346	465	
346	465	474	469	
346	465	
346	465	464	
346	465	469	
346	465	
346	465	
346	465	497	338	
346	465	337	
346	465	
346	465	
346	465	
346	465	
346	465	449	
346	465	469	
346	465	
346	465	90	
346	465	
346	465	330	449	
346	465	344	
346	465	
346	465	337	
346	465	401	
346	465	
346	465	
346	465	
346	465	
346	465	
346	465	
346	465	
346	465	330	
346	465	
346	465	
346	465	
346	465	497	
346	465	
346	465	
346	465	282	
346	465	
346	465	338	
346	465	330	337	
346	465	
346	465	
346	465	
346	465	82	
346	465	464	
346	465	347	
346	465	
346	465	
346	465	
346	465	209	473	
346	465	
346	465	282	
346	465	
346	465	
346	465	464	
346	465	338	
346	465	
346	465	449	
346	465	
346	465	
346	465	469	
346	465	
346	465	347	
346	465	
346	465	461	
346	465	
346	465	350	
346	465	337	497	
346	465	209	464	
346	465	474	
346	465	
346	465	378	
346	465	
346	465	467	
346	465	
346	465	464	
346	465	282	
346	465	362	
346	465	
346	465	
346	465	
346	465	
346	465	209	
346	465	
346	465	
346	465	473	
346	465	
346	465	
346	465	467	338	
346	465	344	
346	465	
346	465	
346	465	449	
346	465	
346	465	474	
346	465	338	
346	465	449	
346	465	
346	465	
346	465	401	330	469	
346	465	90	
346	465	469	
346	465	337	
346	465	464	
346	465	378	
346	465	473	
346	465	
346	465	330	
346	465	
346	465	
346	465	473	
346	465	26	
346	465	
346	465	
346	465	
346	465	469	
346	465	330	90	
346	465	
346	465	209	
346	465	344	209	347	
346	465	
346	465	
346	465	
346	465	
346	465	
346	465	
346	465	
346	465	
346	465	
346	465	469	
346	465	
346	465	
346	465	469	
346	465	
346	465	378	
346	465	469	
346	465	
346	465	337	90	
346	465	403	
346	465	469	
346	465	
346	465	330	
346	465	337	
346	465	401	
346	465	350	
346	465	464	
346	465	
346	465	330	209	
346	465	401	
346	465	
346	465	
346	465	449	
346	465	497	
346	465	
346	465	
346	465	
346	465	
346	465	344	337	467	
346	465	
346	465	
346	465	350	464	
346	465	
346	465	
346	465	
346	465	
346	465	
346	465	
346	465	
346	465	
346	465	401	
346	465	209	
346	465	473	449	
346	465	
346	465	
346	465	
346	465	
346	465	401	350	
346	465	
346	465	
346	465	497	
346	465	467	
346	465	
346	465	344	
346	465	464	
346	465	
346	465	209	90	
346	465	282	
346	465	
346	465	
346	465	90	
346	465	
346	465	90	
346	465	330	
346	465	337	338	
346	465	
346	465	344	
346	465	
346	465	
346	465	
346	465	
346	465	347	401	
346	465	
346	465	209	
346	465	
346	465	469	
346	465	
346	465	282	347	
346	465	338	
346	465	282	378	
346	465	449	
346	465	
346	465	
346	465	338	
346	465	
346	465	474	
346	465	338	
346	465	
346	465	
346	465	
346	465	
346	465	
346	465	
346	465	
346	465	347	
346	465	337	
346	465	
346	465	
346	465	
346	465	
346	465	378	
346	465	405	
346	465	
346	465	209	
346	465	474	401	449	
346	465	
346	465	
346	465	338	473	
346	465	
346	465	
346	465	473	
346	465	
346	465	
346	465	497	
346	465	
346	465	344	
346	465	
346	465	
346	465	
346	465	
346	465	282	
346	465	
346	465	474	
346	465	
346	465	
346	465	473	
346	465	330	
346	465	
346	465	
346	465	
346	465	330	
346	465	464	
346	465	
346	465	
346	465	
346	465	
346	465	
346	465	378	
346	465	
346	465	
346	465	499	474	
346	465	
346	465	282	
346	465	
346	465	474	
346	465	
346	465	
346	465	
346	465	211	
346	465	
346	465	
346	465	481	378	
346	465	467	
346	465	
346	465	
346	465	338	
346	465	497	
346	465	
346	465	378	
346	465	474	
346	465	90	
346	465	
346	465	
346	465	
346	465	
346	465	474	
346	465	
346	465	
346	465	
346	465	282	344	
346	465	
346	465	401	
346	465	
346	465	338	
346	465	
346	465	344	
346	465	209	
346	465	350	
346	465	330	
346	465	
346	465	474	
346	465	
346	465	378	
346	465	
346	465	378	
346	465	
346	465	457	
346	465	337	
346	465	474	
346	465	473	
346	465	467	209	
346	465	347	
346	465	
346	465	
346	465	469	497	
346	465	
346	465	
346	465	473	
346	465	
346	465	
346	465	
346	465	
346	465	328	
346	465	
346	465	449	467	
346	465	
346	465	464	
346	465	337	
346	465	
346	465	
346	465	
346	465	473	
346	465	
346	465	
346	465	
346	465	
346	465	477	
346	465	
346	465	
346	465	449	
346	465	474	
346	465	
346	465	347	
346	465	401	
346	465	
346	465	350	473	330	
346	465	
346	465	
346	465	467	
346	465	469	
346	465	
346	465	
346	465	337	378	328	
346	465	
346	465	350	
346	465	
346	465	350	
346	465	330	
346	465	
346	465	401	449	
346	465	
346	465	
346	465	
346	465	
346	465	
346	465	
346	465	
346	465	
346	465	
346	465	282	
346	465	337	
346	465	497	
346	465	473	
346	465	464	
346	465	344	449	
346	465	378	
346	465	
346	465	
346	465	
346	465	
346	465	467	
346	465	
346	465	
346	465	
346	465	
346	465	
346	465	347	467	
346	465	
346	465	497	
346	465	347	
346	465	338	
346	465	
346	465	338	
346	465	337	449	
346	465	
346	465	
346	465	
346	465	
346	465	401	90	
346	465	350	
346	465	467	
346	465	
346	465	350	
346	465	
346	465	
346	465	378	81	
346	465	
346	465	
346	465	497	
346	465	347	
346	465	401	
346	465	338	
346	465	378	
346	465	
346	465	209	
346	465	464	
346	465	
346	465	497	
346	465	90	
346	465	382	449	
346	465	
346	465	
346	465	464	378	
346	465	
346	465	338	
346	465	
346	465	449	
346	465	378	
346	465	
346	465	469	
346	465	344	449	
346	465	449	
346	465	282	
346	465	497	
346	465	
346	465	
346	465	
346	465	467	
346	465	
346	465	464	
346	465	
346	465	
346	465	347	
346	465	473	
346	465	473	
346	465	
346	465	347	
346	465	209	
346	465	
346	465	401	330	
346	465	
346	465	401	464	474	
346	465	
346	465	
346	465	
346	465	
346	465	
346	465	
346	465	347	
346	465	
346	465	
346	465	337	
346	465	
346	465	330	
346	465	347	
346	465	473	
346	465	
346	465	
346	465	330	
346	465	
346	465	350	
346	465	
346	465	
346	465	337	
346	465	
346	465	467	
346	465	90	
346	465	350	401	
346	465	350	
346	465	
346	465	497	
346	465	
346	465	344	
346	465	
346	465	474	
346	465	
346	465	344	
346	465	449	378	
346	465	347	
346	465	
346	465	338	
346	465	
346	465	
346	465	
346	465	
346	465	
346	465	330	
346	465	
346	465	
346	465	337	
346	465	
346	465	
346	465	350	
346	465	
346	465	473	90	
346	465	405	337	
346	465	
346	465	464	
346	465	469	282	
346	465	
346	465	282	
346	465	473	
346	465	337	
346	465	469	
346	465	
346	465	497	
346	465	209	
346	465	
346	465	
346	465	
346	465	
346	465	
346	465	
346	465	497	
346	465	
346	465	
346	465	
346	465	
346	465	
346	465	338	
346	465	330	347	
346	465	338	282	
346	465	330	
346	465	362	
346	465	
346	465	
346	465	473	405	
346	465	
346	465	
346	465	
346	465	90	
346	465	
346	465	469	
346	465	
346	465	
346	465	
346	465	497	312	474	
346	465	
346	465	
346	465	
346	465	
346	465	337	
346	465	330	473	
346	465	464	
346	465	497	
346	465	474	
346	465	378	
346	465	
346	465	473	
346	465	378	209	
346	465	
346	465	
346	465	
346	465	
346	465	
346	465	
346	465	282	
346	465	
346	465	378	282	
346	465	282	
346	465	497	
346	465	378	464	
346	465	
346	465	
346	465	209	467	497	
346	465	
346	465	
346	465	
346	465	
346	465	
346	465	497	449	
346	465	401	
346	465	
346	465	
346	465	
346	465	330	
346	465	
346	465	
346	465	338	
346	465	
346	465	
346	465	
346	465	90	469	344	
346	465	
346	465	497	
346	465	
346	465	
346	465	282	
346	465	
346	465	474	
346	465	
346	465	
346	465	467	
346	465	
346	465	
346	465	
346	465	350	473	
346	465	
346	465	
346	465	
346	465	10	
10	
10	2	
10	138	
10	138	154	26	
10	138	130	162	
10	138	162	136	
10	9	8	26	
10	2	
10	266	258	11	
10	266	2	258	262	
10	2	258	263	274	
10	2	258	14	
10	258	290	26	43	42	106	40	
10	258	290	26	42	298	
258	26	42	34	32	35	
258	26	42	34	32	46	38	
42	34	32	46	160	290	
42	34	32	160	176	
34	32	160	96	224	48	40	
34	32	160	96	352	33	
32	160	96	352	48	56	
32	160	96	56	128	
32	160	56	
32	160	56	96	
32	160	56	96	164	
32	160	56	120	
32	160	56	416	
32	160	96	352	33	112	
32	160	96	352	
160	96	352	32	
96	352	32	480	48	50	51	
96	352	32	48	80	176	49	177	336	
96	48	80	176	178	
48	80	176	432	
48	80	176	16	
48	80	176	16	0	49	
48	80	176	179	180	
48	80	176	112	336	177	16	24	
48	80	176	16	0	8	
48	80	176	0	112	16	
48	80	176	
48	80	176	
48	80	176	16	0	64	
48	80	176	0	160	32	16	
48	80	176	
48	80	176	16	
48	80	176	16	0	1	
80	0	33	4	8	
80	0	8	10	14	
0	8	10	138	46	47	136	44	
0	8	138	46	38	
8	46	136	
8	46	136	
136	392	456	
136	392	456	384	424	264	
392	456	408	
392	456	408	409	
456	408	280	457	344	
456	408	280	
456	408	280	
456	408	280	
456	408	280	410	
456	408	280	409	458	
456	408	280	
456	408	280	400	
456	408	280	
456	408	448	
456	408	392	280	
456	408	280	281	
456	408	
456	408	412	
456	408	460	
456	408	457	
456	408	412	
456	408	200	460	488	
456	408	200	
456	408	280	
456	408	409	24	280	
456	408	
456	408	280	472	
456	408	
456	408	280	
456	408	280	
456	408	
456	408	280	472	312	
456	408	280	410	
456	408	472	400	
456	408	440	280	392	
456	408	280	488	
456	408	
456	408	472	392	
456	408	
456	408	
456	408	
456	408	280	
456	408	280	
456	408	280	460	
456	408	472	
456	408	
456	408	409	
456	408	458	
456	408	458	
456	408	472	392	
456	408	440	
456	408	
456	408	
456	408	460	
456	408	400	
456	408	152	472	
456	408	
456	408	410	
456	408	
456	408	
456	408	448	
456	408	400	
456	408	
456	408	458	409	
456	408	
456	408	
456	408	
456	408	
456	408	200	472	344	
456	408	
456	408	
456	408	
456	408	
456	408	
456	408	392	448	
456	408	
456	408	472	
456	408	
456	408	
456	408	472	
456	408	
456	408	
456	408	
456	408	
456	408	392	
456	408	280	
456	408	460	
456	408	392	
456	408	284	280	
456	408	409	410	
456	408	
456	408	
456	408	
456	408	410	472	
456	408	
456	408	
456	408	
456	408	280	
456	408	
456	408	
456	408	280	392	
456	408	440	
456	408	
456	408	
456	408	
456	408	457	
456	408	488	
456	408	457	
456	408	200	
456	408	
456	408	
456	408	448	
456	408	
456	408	
456	408	
456	408	402	
456	408	458	
456	408	200	392	
456	408	
456	408	458	
456	408	458	
456	408	458	
456	408	200	
456	408	488	392	
456	408	280	
456	408	409	457	
456	408	280	
456	408	
456	408	
456	408	
456	408	328	
456	408	488	
456	408	473	
456	408	280	
456	408	152	280	
456	408	
456	408	
456	408	
456	408	
456	408	
456	408	
456	408	
456	408	
456	408	
456	408	
456	408	
456	408	
456	408	280	
456	408	280	281	
456	408	448	488	
456	408	460	
456	408	
456	408	
456	408	
456	408	280	
456	408	280	392	
456	408	200	
456	408	
456	408	
456	408	
456	408	460	
456	408	280	272	
456	408	448	
456	408	328	
456	408	
456	408	400	
456	408	280	
456	408	
456	408	400	
456	408	448	
456	408	472	328	
456	408	440	
456	408	280	
456	408	
456	408	280	472	
456	408	280	409	
456	408	280	410	152	
456	408	280	344	312	440	
456	408	152	400	
456	408	
456	408	
456	408	
456	408	280	
456	408	
456	408	280	
456	408	280	400	409	
456	408	280	
456	408	280	410	272	344	
456	408	
456	408	392	
456	408	
456	408	
456	408	472	
456	408	280	
456	408	424	
456	408	280	
456	408	396	440	
456	408	192	
456	408	392	280	
456	408	
456	408	
456	408	
456	408	280	
456	408	280	282	
456	408	280	281	24	
456	408	
456	408	
456	408	
456	408	
456	408	
456	408	
456	408	
456	408	
456	408	440	472	
456	408	412	
456	408	
456	408	409	
456	408	409	
456	408	
456	408	200	
456	408	
456	408	
456	408	472	
456	408	
456	408	
456	408	458	
456	408	280	
456	408	460	
456	408	200	152	
456	408	
456	408	328	
456	408	
456	408	280	392	
456	408	280	264	
456	408	280	152	
456	408	280	272	
456	408	280	192	
456	408	472	
456	408	329	
456	408	328	
456	408	
456	408	440	
456	408	
456	408	
456	408	200	
456	408	152	448	
456	408	
456	408	
456	408	410	
456	408	328	
456	408	392	410	
456	408	
456	408	
456	408	
456	408	448	472	
456	408	
456	408	472	
456	408	280	
456	408	280	200	
456	408	458	
456	408	392	
456	408	
456	408	280	409	
456	408	280	
456	408	
456	408	
456	408	458	
456	408	
456	408	312	280	
456	408	
456	408	
456	408	
456	408	
456	408	
456	408	401	
456	408	410	
456	408	280	344	400	
456	408	280	
456	408	280	281	
456	408	
456	408	
456	408	280	284	
456	408	472	
456	408	
456	408	412	
456	408	280	
456	408	280	200	460	
456	408	412	
456	408	280	448	
456	408	
456	408	280	488	
456	408	
456	408	152	472	
456	408	410	472	
456	408	
456	408	392	
456	408	280	
456	408	280	152	
456	408	
456	408	
456	408	
456	408	
456	408	152	
456	408	410	448	
456	408	144	
456	408	192	128	
456	408	448	328	
456	408	444	
456	408	
456	408	
456	408	460	
456	408	457	
456	408	
456	408	312	344	280	
456	408	280	457	
456	408	458	
456	408	472	328	
456	408	440	
456	408	458	
456	408	153	
456	408	
456	408	
456	408	
456	408	440	
456	408	448	
456	408	
456	408	
456	408	
456	408	
456	408	392	
456	408	
456	408	280	472	
456	408	280	328	
456	408	
456	408	
456	408	
456	408	
456	408	457	409	
456	408	280	
456	408	
456	408	
456	408	472	
456	408	328	
456	408	280	400	
456	408	280	472	
456	408	
456	408	457	200	
456	408	
456	408	457	
456	408	458	
456	408	280	
456	408	280	458	152	
456	408	
456	408	
456	408	280	
456	408	280	
456	408	280	
456	408	280	472	
456	408	440	
456	408	440	392	
456	408	280	
456	408	
456	408	409	
456	408	
456	408	
456	408	
456	408	280	409	
456	408	328	152	
456	408	458	280	
456	408	
456	408	
456	408	
456	408	457	
456	408	400	
456	408	
456	408	328	
456	408	
456	408	412	
456	408	409	412	
456	408	
456	408	412	
456	408	
456	408	
456	408	280	
456	408	412	
456	408	280	
456	408	488	
456	408	
456	408	472	
456	408	457	460	
456	408	
456	408	
456	408	
456	408	
456	408	
456	408	
456	408	
456	408	448	488	
456	408	472	280	
456	408	280	409	
456	408	
456	408	280	392	
456	408	280	440	
456	408	280	400	
456	408	280	
456	408	280	472	152	
456	408	457	
456	408	472	
456	408	280	
456	408	
456	408	460	
456	408	458	
456	408	448	
456	408	280	
456	408	392	
456	408	280	412	
456	408	280	460	
456	408	
456	408	
456	408	
456	408	280	457	
456	408	
456	408	
456	408	
456	408	
456	408	
456	408	
456	408	280	472	
456	408	472	
456	408	458	
456	408	152	
456	408	
456	408	409	
456	408	410	
456	408	460	409	
456	408	
456	408	200	
456	408	400	457	460	
456	408	
456	408	400	
456	408	440	448	472	
456	408	412	448	440	472	
456	408	280	200	
456	408	
456	408	280	440	
456	408	280	
456	408	
456	408	
456	408	457	472	
456	408	280	282	
456	408	
456	408	152	
456	408	200	
456	408	
456	408	460	152	
456	408	
456	408	448	
456	408	280	410	
456	408	409	440	
456	408	200	
456	408	448	
456	408	448	
456	408	
456	408	
456	408	412	
456	408	
456	408	
456	408	
456	408	
456	408	457	280	
456	408	
456	408	
456	408	
456	408	200	
456	408	400	
456	408	440	200	
456	408	
456	408	328	392	
456	408	280	
456	408	
456	408	409	
456	408	460	
456	408	410	
456	408	458	
456	408	472	
456	408	280	457	281	412	448	
456	408	280	472	
456	408	280	
456	408	280	392	
456	408	280	460	488	328	
456	408	280	
456	408	280	
456	408	280	
456	408	
456	408	328	400	
456	408	
456	408	
456	408	440	488	
456	408	
456	408	280	
456	408	460	
456	408	
456	408	
456	408	
456	408	460	
456	408	
456	408	
456	408	
456	408	
456	408	410	
456	408	400	
456	408	
456	408	
456	408	152	
456	408	
456	408	448	
456	408	
456	408	
456	408	409	280	
456	408	
456	408	472	
456	408	
456	408	
456	408	
456	408	280	457	
456	408	392	
456	408	
456	408	
456	408	
456	408	328	392	
456	408	
456	408	472	
456	408	
456	408	280	448	
456	408	472	
456	408	152	
456	408	280	
456	408	280	
456	408	280	
456	408	280	
456	408	280	
456	408	280	152	
456	408	280	
456	408	280	400	472	
456	408	280	
456	408	280	
456	408	280	
456	408	280	412	460	
456	408	
456	408	
456	408	152	400	
456	408	
456	408	
456	408	
456	408	
456	408	
456	408	
456	408	
456	408	280	488	
456	408	
456	408	
456	408	457	
456	408	460	
456	408	392	
456	408	
456	408	280	472	
456	408	460	
456	408	392	
456	408	
456	408	
456	408	
456	408	488	
456	408	409	
456	408	
456	408	410	
456	408	
456	408	
456	408	280	
456	408	
456	408	
456	408	
456	408	392	
456	408	
456	408	152	280	
456	408	329	
456	408	
456	408	280	
456	408	
456	408	
456	408	488	
456	408	392	
456	408	
456	408	
456	408	
456	408	
456	408	472	
456	408	24	
456	408	
456	408	
456	408	
456	408	
456	408	
456	408	
456	408	
456	408	
456	408	392	
456	408	280	
456	408	320	392	
456	408	280	200	
456	408	
456	408	280	281	152	
456	408	
456	408	472	
456	408	280	
456	408	200	472	
456	408	
456	408	
456	408	
456	408	
456	408	
456	408	476	
456	408	400	
456	408	440	
456	408	280	
456	408	280	152	264	
456	408	280	
456	408	280	472	448	
456	408	280	
456	408	280	
456	408	280	
456	408	280	
456	408	280	
456	408	440	
456	408	
456	408	412	
456	408	448	
456	408	410	
456	408	
456	408	410	
456	408	457	
456	408	
456	408	
456	408	412	
456	408	409	
456	408	457	
456	408	280	264	
456	408	280	
456	408	280	
456	408	392	
456	408	488	
456	408	410	472	
456	408	
456	408	488	472	
456	408	412	
456	408	
456	408	
456	408	
456	408	
456	408	440	
456	408	280	
456	408	409	
456	408	280	200	
456	408	410	152	400	412	
456	408	
456	408	
456	408	
456	408	440	
456	408	280	488	410	
456	408	392	280	264	
456	408	
456	408	280	
456	408	
456	408	488	
456	408	280	24	
456	408	472	
456	408	
456	408	
456	408	
456	408	
456	408	472	460	
456	408	152	
456	408	
456	408	152	
456	408	
456	408	
456	408	392	
456	408	410	400	
456	408	
456	408	
456	408	
456	408	
456	408	
456	408	
456	408	448	409	
456	408	282	472	
456	408	
456	408	457	
456	408	409	
456	408	440	472	
456	408	
456	408	412	
456	408	
456	408	
456	408	
456	408	448	
456	408	
456	408	400	
456	408	409	
456	408	
456	408	
456	408	280	
456	408	328	458	
456	408	440	
456	408	
456	408	
456	408	
456	408	
456	408	280	
456	408	394	
456	408	440	
456	408	400	280	392	
456	408	
456	408	280	
456	408	280	
456	408	280	
456	408	280	
456	408	457	448	
456	408	440	
456	408	
456	408	410	
456	408	280	282	
456	408	200	
456	408	
456	408	
456	408	458	
456	408	
456	408	
456	408	457	
456	408	448	
456	408	
456	408	
456	408	460	412	
456	408	280	488	
456	408	460	
456	408	280	
456	408	409	
456	408	280	
456	408	
456	408	472	280	
456	408	
456	408	280	
456	408	
456	408	280	
456	408	280	
456	408	280	
456	408	280	458	
456	408	
456	408	409	
456	408	
456	408	448	
456	408	
456	408	280	
456	408	280	
456	408	152	
456	408	200	
456	408	409	
456	408	488	472	
456	408	328	458	
456	408	
456	408	
456	408	152	
456	408	
456	408	280	
456	408	392	
456	408	
456	408	280	281	24	
456	408	457	
456	408	409	280	
456	408	
456	408	280	
456	408	458	
456	408	472	
456	408	
456	408	
456	408	280	
456	408	
456	408	
456	408	
456	408	412	
456	408	
456	408	
456	408	400	
456	408	
456	408	472	
456	408	
456	408	410	
456	408	409	488	
456	408	280	
456	408	
456	408	400	
456	408	392	448	
456	408	152	280	264	
456	408	400	
456	408	472	
456	408	328	409	
456	408	152	
456	408	
456	408	
456	408	280	
456	408	280	282	
456	408	152	
456	408	328	
456	408	
456	408	
456	408	
456	408	280	312	
456	408	
456	408	458	
456	408	280	312	458	
456	408	280	200	
456	408	
456	408	280	
456	408	280	
456	408	
456	408	280	410	
456	408	280	472	281	
456	408	280	
456	408	280	281	
456	408	
456	408	448	400	
456	408	
456	408	
456	408	
456	408	
456	408	
456	408	
456	408	392	
456	408	460	
456	408	
456	408	
456	408	
456	408	448	
456	408	
456	408	472	
456	408	472	
456	408	328	
456	408	280	
456	408	
456	408	
456	408	
456	408	280	
456	408	458	
456	408	
456	408	
456	408	409	
456	408	472	280	
456	408	410	
456	408	
456	408	
456	408	410	
456	408	
456	408	
456	408	
456	408	
456	408	460	472	
456	408	410	
456	408	152	
456	408	280	24	
456	408	280	
456	408	
456	408	
456	408	
456	408	
456	408	458	
456	408	
456	408	448	
456	408	280	410	
456	408	280	
456	408	440	
456	408	457	
456	408	280	
456	408	280	392	
456	408	280	412	
456	408	280	492	
456	408	409	
456	408	280	282	320	
456	408	152	400	
456	408	328	410	
456	408	472	
456	408	
456	408	
456	408	280	
456	408	280	24	
456	408	
456	408	
456	408	200	
456	408	
456	408	
456	408	
456	408	448	
456	408	280	
456	408	280	
456	408	280	
456	408	
456	408	328	
456	408	
456	408	
456	408	
456	408	
456	408	
456	408	
456	408	448	
456	408	280	
456	408	280	
456	408	
456	408	412	
456	408	458	200	328	
456	408	286	
456	408	457	
456	408	
456	408	410	
456	408	
456	408	
456	408	
456	408	400	
456	408	
456	408	
456	408	392	
456	408	
456	408	409	
456	408	400	
456	408	
456	408	
456	408	474	
456	408	458	488	410	
456	408	328	
456	408	200	
456	408	
456	408	392	
456	408	460	
456	408	392	
456	408	
456	408	
456	408	
456	408	410	
456	408	280	
456	408	280	
456	408	410	
456	408	
456	408	472	
456	408	200	400	
456	408	
456	408	440	
456	408	457	
456	408	280	284	
456	408	280	152	
456	408	280	440	
456	408	280	400	
456	408	
456	408	
456	408	
456	408	
456	408	392	412	
456	408	
456	408	
456	408	488	
456	408	472	458	
456	408	
456	408	
456	408	
456	408	457	
456	408	412	392	328	
456	408	
456	408	460	
456	408	328	
456	408	
456	408	280	
456	408	
456	408	472	
456	408	280	488	
456	408	
456	408	
456	408	152	
456	408	
456	408	280	
456	408	
456	408	
456	408	
456	408	
456	408	
456	408	
456	408	280	
456	408	
456	408	410	488	
456	408	
456	408	392	
456	408	280	328	
456	408	280	200	
456	408	280	
456	408	280	264	282	344	284	
456	408	280	458	
456	408	280	
456	408	280	392	
456	408	458	
456	408	
456	408	280	
456	408	280	409	457	
456	408	
456	408	472	409	
456	408	
456	408	280	
456	408	
456	408	
456	408	
456	408	
456	408	272	472	
456	408	152	
456	408	
456	408	488	
456	408	409	
456	408	460	
456	408	460	
456	408	
456	408	
456	408	280	
456	408	
456	408	152	
456	408	
456	408	
456	408	
456	408	280	
456	408	472	
456	408	
456	408	
456	408	280	
456	408	
456	408	
456	408	
456	408	412	
456	408	392	444	
456	408	280	392	
456	408	280	284	312	
456	408	280	
456	408	280	
456	408	280	
456	408	
456	408	392	
456	408	280	392	
456	408	
456	408	440	
456	408	280	
456	408	328	
456	408	280	281	
456	408	409	
456	408	280	
456	408	280	457	472	
456	408	280	440	
456	408	
456	408	200	
456	408	400	
456	408	472	
456	408	412	
456	408	
456	408	
456	408	409	
456	408	280	
456	408	
456	408	280	312	200	
456	408	
456	408	457	
456	408	460	200	
456	408	410	
456	408	
456	408	457	
456	408	
456	408	
456	408	440	460	
456	408	
456	408	
456	408	
456	408	458	
456	408	280	392	
456	408	
456	408	
456	408	
456	408	
456	408	
456	408	
456	408	
456	408	392	328	472	
456	408	
456	408	
456	408	409	
456	408	
456	408	
456	408	
456	408	
456	408	280	
456	408	409	
456	408	
456	408	440	
456	408	392	
456	408	410	392	
456	408	
456	408	
456	408	458	
456	408	
456	408	
456	408	
456	408	392	152	
456	408	280	
456	408	
456	408	
456	408	280	
456	408	392	
456	408	
456	408	
456	408	460	
456	408	
456	408	200	
456	408	280	200	
456	408	
456	408	
456	408	472	
456	408	
456	408	280	
456	408	280	281	
456	408	280	409	
456	408	
456	408	457	460	
456	408	328	
456	408	
456	408	280	472	
456	408	
456	408	460	
456	408	
456	408	
456	408	280	460	
456	408	
456	408	
456	408	
456	408	
456	408	
456	408	410	458	
456	408	345	24	
456	408	400	
456	408	
456	408	392	
456	408	
456	408	392	
456	408	
456	408	
456	408	472	
456	408	
456	408	
456	408	
456	408	280	
456	408	280	
456	408	280	
456	408	280	458	472	
456	408	
456	408	
456	408	
456	408	
456	408	
456	408	440	
456	408	460	
456	408	
456	408	
456	408	152	
456	408	
456	408	460	409	
456	408	272	280	412	
456	408	152	392	
456	408	410	
456	408	280	
456	408	152	
456	408	440	
456	408	
456	408	280	
456	408	280	
456	408	200	
456	408	412	
456	408	
456	408	409	460	
456	408	
456	408	
456	408	392	
456	408	410	
456	408	280	284	
456	408	280	458	
456	408	280	
456	408	
456	408	
456	408	
456	408	
456	408	280	457	
456	408	280	
456	408	280	384	488	
456	408	448	
456	408	412	
456	408	440	
456	408	
456	408	492	400	
456	408	
456	408	
456	408	
456	408	412	472	
456	408	
456	408	458	392	
456	408	400	392	
456	408	280	409	
456	408	472	392	
456	408	280	281	392	
456	408	280	
456	408	280	410	
456	408	280	
456	408	458	
456	408	460	
456	408	280	
456	408	280	
456	408	280	457	152	472	
456	408	280	
456	408	280	409	284	
456	408	280	284	
456	408	280	281	
456	408	280	
456	408	280	
456	408	280	272	
456	408	280	392	472	
456	408	280	152	
456	408	280	
456	408	280	
456	408	
456	408	280	412	
456	408	
456	408	410	
456	408	280	281	
456	408	280	
456	408	280	
456	408	280	410	200	281	
456	408	
456	408	472	
456	408	
456	408	328	
456	408	488	
456	408	
456	408	280	
456	408	280	24	
456	408	
456	408	
456	408	472	
456	408	280	328	
456	408	400	
456	408	460	
456	408	
456	408	392	152	
456	408	460	
456	408	
456	408	457	
456	408	448	460	414	
456	408	
456	408	280	457	392	
456	408	400	
456	408	
456	408	412	
456	408	472	
456	408	409	458	
456	408	392	
456	408	460	448	328	200	
456	408	448	
456	408	
456	408	
456	408	280	
456	408	280	
456	408	184	152	412	
456	408	
456	408	412	472	
456	408	
456	408	
456	408	
456	408	280	344	272	
456	408	280	460	
456	408	410	
456	408	
456	408	280	
456	408	200	328	
456	408	
456	408	
456	408	457	458	
456	408	
456	408	
456	408	409	
456	408	
456	408	
456	408	280	
456	408	280	
456	408	280	
456	408	472	
456	408	488	
456	408	412	
456	408	328	
456	408	
456	408	200	457	
456	408	472	
456	408	440	
456	408	280	328	
456	408	280	400	
456	408	
456	408	280	410	
456	408	412	
456	408	457	
456	408	392	472	
456	408	
456	408	280	460	282	
456	408	280	392	
456	408	280	
456	408	200	
456	408	280	460	
456	408	328	
456	408	
456	408	280	
456	408	
456	408	
456	408	457	
456	408	
456	408	400	
456	408	
456	408	
456	408	280	
456	408	409	
456	408	392	
456	408	280	281	
456	408	
456	408	
456	408	328	
456	408	280	
456	408	
456	408	
456	408	440	
456	408	
456	408	
456	408	200	409	
456	408	440	
456	408	280	460	281	
456	408	
456	408	409	
456	408	
456	408	280	448	
456	408	
456	408	280	24	
456	408	280	457	
456	408	280	328	
456	408	280	
456	408	280	472	272	
456	408	280	412	
456	408	280	
456	408	280	
456	408	280	
456	408	280	344	
456	408	280	344	
456	408	280	400	440	
456	408	280	
456	408	280	328	
456	408	280	
456	408	280	460	
456	408	280	317	
456	408	280	460	
456	408	280	328	
456	408	280	281	392	
456	408	280	392	
456	408	280	
456	408	280	
456	408	280	448	
456	408	280	272	
456	408	200	
456	408	457	
456	408	200	
456	408	
456	408	152	392	
456	408	472	
456	408	
456	408	280	400	264	
456	408	152	
456	408	328	
456	408	410	400	450	
456	408	
456	408	392	458	
456	408	
456	408	392	
456	408	
456	408	280	
456	408	472	
456	408	409	
456	408	
456	408	400	
456	408	410	
456	408	200	
456	408	458	
456	408	392	
456	408	409	
456	408	
456	408	392	472	
456	408	392	
456	408	472	
456	408	280	
456	408	472	
456	408	410	
456	408	400	
456	408	
456	408	472	
456	408	
456	408	
456	408	280	
456	408	458	
456	408	440	
456	408	
456	408	
456	408	
456	408	
456	408	
456	408	400	
456	408	
456	408	280	412	
456	408	280	400	
456	408	400	
456	408	280	272	264	
456	408	280	448	328	
456	408	
456	408	280	264	
456	408	440	
456	408	
456	408	440	
456	408	280	200	24	
456	408	
456	408	280	
456	408	460	
456	408	280	
456	408	472	
456	408	
456	408	280	
456	408	280	328	
456	408	
456	408	
456	408	
456	408	280	
456	408	280	472	
456	408	280	
456	408	280	472	
456	408	280	392	
456	408	472	
456	408	280	
456	408	409	280	
456	408	280	
456	408	280	
456	408	280	392	
456	408	280	
456	408	280	152	392	
456	408	280	328	
456	408	
456	408	489	
456	408	
456	408	
456	408	
456	408	472	
456	408	440	
456	408	
456	408	
456	408	
456	408	409	440	472	
456	408	
456	408	440	
456	408	440	
456	408	
456	408	
456	408	
456	408	280	
456	408	460	
456	408	410	328	280	
456	408	
456	408	
456	408	200	460	
456	408	
456	408	
456	408	
456	408	200	
456	408	280	
456	408	
456	408	
456	408	
456	408	
456	408	
456	408	
456	408	472	
456	408	
456	408	200	
456	408	
456	408	410	
456	408	280	
456	408	
456	408	
456	408	440	
456	408	
456	408	
456	408	328	
456	408	
456	408	
456	408	392	457	
456	408	
456	408	457	392	
456	408	
456	408	410	
456	408	460	
456	408	
456	408	280	
456	408	
456	408	
456	408	
456	408	280	281	
456	408	
456	408	472	
456	408	
456	408	
456	408	392	
456	408	
456	408	410	
456	408	280	460	
456	408	
456	408	412	328	
456	408	
456	408	
456	408	457	280	
456	408	280	264	
456	408	472	448	
456	408	
456	408	
456	408	
456	408	
456	408	
456	408	472	
456	408	
456	408	392	
456	408	280	
456	408	280	272	412	
456	408	392	200	
456	408	457	
456	408	472	
456	408	457	
456	408	412	
456	408	412	
456	408	
456	408	
456	408	
456	408	440	
456	408	412	152	
456	408	457	412	
456	408	
456	408	280	
456	408	280	272	
456	408	280	
456	408	280	458	
456	408	
456	408	152	
456	408	280	
456	408	280	24	282	
456	408	280	
456	408	280	
456	408	280	
456	408	280	410	272	
456	408	280	409	
456	408	280	
456	408	
456	408	410	
456	408	
456	408	
456	408	
456	408	
456	408	280	200	
456	408	200	392	
456	408	
456	408	204	458	460	
456	408	
456	408	280	
456	408	280	472	
456	408	280	
456	408	280	473	
456	408	
456	408	
456	408	
456	408	
456	408	
456	408	488	280	440	
456	408	
456	408	
456	408	392	
456	408	457	448	
456	408	280	
456	408	
456	408	
456	408	200	
456	408	
456	408	328	
456	408	
456	408	152	
456	408	272	280	
456	408	412	448	
456	408	472	
456	408	
456	408	
456	408	458	
456	408	280	
456	408	
456	408	
456	408	
456	408	
456	408	
456	408	328	
456	408	460	
456	408	457	448	
456	408	
456	408	392	
456	408	
456	408	
456	408	
456	408	
456	408	280	
456	408	280	410	
456	408	328	
456	408	
456	408	
456	408	
456	408	472	
456	408	
456	408	
456	408	458	488	
456	408	392	474	
456	408	448	
456	408	
456	408	400	472	
456	408	152	
456	408	152	
456	408	
456	408	280	440	
456	408	280	152	
456	408	280	
456	408	280	
456	408	
456	408	
456	408	
456	408	
456	408	
456	408	440	
456	408	
456	408	440	
456	408	409	
456	408	280	412	409	
456	408	200	
456	408	
456	408	448	
456	408	
456	408	400	
456	408	
456	408	440	
456	408	
456	408	280	
456	408	
456	408	
456	408	
456	408	
456	408	280	
456	408	
456	408	
456	408	
456	408	
456	408	280	412	
456	408	280	24	
456	408	280	328	
456	408	440	
456	408	412	
456	408	280	472	281	
456	408	280	
456	408	472	
456	408	472	392	
456	408	392	
456	408	400	
456	408	
456	408	280	392	
456	408	280	24	
456	408	280	
456	408	200	
456	408	
456	408	280	
456	408	
456	408	457	
456	408	457	
456	408	
456	408	412	
456	408	
456	408	400	
456	408	
456	408	409	488	
456	408	458	328	
456	408	
456	408	
456	408	440	
456	408	
456	408	
456	408	280	448	
456	408	280	
456	408	460	410	
456	408	472	
456	408	472	
456	408	
456	408	472	
456	408	472	
456	408	
456	408	
456	408	280	
456	408	328	
456	408	
456	408	
456	408	280	281	
456	408	280	
456	408	
456	408	
456	408	
456	408	
456	408	280	
456	408	488	
456	408	
456	408	
456	408	392	
456	408	
456	408	
456	408	448	
456	408	280	152	
456	408	
456	408	
456	408	
456	408	280	
456	408	280	448	
456	408	460	
456	408	400	440	
456	408	440	
456	408	400	
456	408	409	
456	408	
456	408	
456	408	280	
456	408	328	
456	408	280	
456	408	280	
456	408	280	392	284	
456	408	280	460	
456	408	
456	408	
456	408	
456	408	392	
456	408	410	
456	408	280	
456	408	
456	408	200	
456	408	440	458	
456	408	412	
456	408	280	
456	408	
456	408	
456	408	280	
456	408	
456	408	280	
456	408	
456	408	200	
456	408	
456	408	
456	408	457	
456	408	
456	408	392	
456	408	457	
456	408	
456	408	
456	408	280	
456	408	
456	408	280	24	
456	408	472	
456	408	280	
456	408	
456	408	
456	408	458	
456	408	
456	408	
456	408	280	313	
456	408	281	344	412	
456	408	
456	408	
456	408	200	
456	408	410	
456	408	
456	408	
456	408	392	488	460	
456	408	
456	408	200	
456	408	409	458	
456	408	458	
456	408	472	
456	408	280	
456	408	473	
456	408	
456	408	
456	408	392	
456	408	
456	408	472	
456	408	280	24	
456	408	457	
456	408	
456	408	
456	408	280	281	
456	408	474	
456	408	
456	408	
456	408	409	
456	408	
456	408	460	
456	408	488	
456	408	280	472	
456	408	280	
456	408	
456	408	410	152	
456	408	
456	408	460	
456	408	280	24	409	152	
456	408	392	
456	408	
456	408	
456	408	
456	408	
456	408	
456	408	
456	408	280	392	
456	408	280	
456	408	410	
456	408	392	458	280	
456	408	
456	408	
456	408	400	
456	408	472	
456	408	328	
456	408	
456	408	
456	408	488	
456	408	457	200	
456	408	
456	408	460	
456	408	409	
456	408	
456	408	460	
456	408	448	280	472	
456	408	
456	408	152	
456	408	400	
456	408	
456	408	
456	408	458	
456	408	458	457	
456	408	
456	408	392	
456	408	272	
456	408	440	
456	408	280	
456	408	
456	408	
456	408	280	
456	408	280	24	392	
456	408	
456	408	
456	408	
456	408	412	
456	408	460	
456	408	
456	408	280	
456	408	280	192	440	
456	408	280	
456	408	280	460	
456	408	280	
456	408	280	472	
456	408	280	
456	408	280	
456	408	280	488	
456	408	280	
456	408	280	200	
456	408	280	392	
456	408	280	
456	408	
456	408	
456	408	458	
456	408	
456	408	
456	408	457	
456	408	280	472	
456	408	458	
456	408	280	273	
456	408	440	
456	408	
456	408	
456	408	
456	408	
456	408	328	
456	408	
456	408	458	
456	408	152	
456	408	392	
456	408	
456	408	457	
456	408	448	
456	408	200	
456	408	
456	408	
456	408	
456	408	409	472	412	
456	408	400	
456	408	440	
456	408	488	
456	408	460	
456	408	
456	408	392	
456	408	
456	408	440	
456	408	
456	408	
456	408	
456	408	
456	408	280	392	
456	408	409	
456	408	
456	408	280	472	
456	408	280	392	
456	408	457	
456	408	280	
456	408	280	200	457	
456	408	280	282	
456	408	
456	408	280	
456	408	280	
456	408	
456	408	
456	408	
456	408	280	282	
456	408	
456	408	472	
456	408	
456	408	
456	408	
456	408	472	
456	408	
456	408	396	
456	408	280	
456	408	280	
456	408	
456	408	412	392	
456	408	
456	408	
456	408	
456	408	
456	408	457	
456	408	
456	408	280	
456	408	
456	408	
456	408	448	
456	408	
456	408	280	448	
456	408	200	392	
456	408	280	328	
456	408	457	
456	408	
456	408	457	
456	408	280	392	472	402	
456	408	
456	408	280	312	282	
456	408	412	
456	408	
456	408	
456	408	
456	408	
456	408	472	328	
456	408	457	
456	408	440	
456	408	
456	408	
456	408	410	
456	408	472	392	
456	408	
456	408	280	
456	408	
456	408	152	
456	408	472	
456	408	458	
456	408	280	460	
456	408	280	
456	408	280	284	458	
456	408	
456	408	
456	408	
456	408	280	
456	408	
456	408	
456	408	392	472	
456	408	409	
456	408	
456	408	280	
456	408	
456	408	280	322	354	
456	408	322	330	
456	408	322	
456	408	322	323	328	
456	408	322	
456	408	322	
456	408	322	400	
456	408	322	392	
456	408	322	440	
456	408	322	458	328	460	
456	408	322	392	
456	408	322	
456	408	322	152	
456	408	322	66	338	320	
456	408	322	440	460	
456	408	322	488	
456	408	322	458	392	
456	408	322	326	
456	408	322	330	
456	408	322	392	
456	408	322	330	400	
456	408	322	400	354	
456	408	322	200	
456	408	322	
456	408	322	66	
456	408	322	488	200	458	
456	408	322	326	410	
456	408	322	258	
456	408	322	412	312	
456	408	322	412	320	
456	408	322	
456	408	322	
456	408	322	
456	408	322	
456	408	322	200	258	
456	408	322	472	
456	408	322	
456	408	322	
456	408	322	152	
456	408	322	440	
456	408	322	472	
456	408	322	
456	408	322	
456	408	322	
456	408	322	392	448	152	
456	408	322	412	
456	408	322	152	
456	408	322	
456	408	322	392	457	
456	408	322	66	82	
456	408	322	448	323	
456	408	322	136	
456	408	322	
456	408	322	
456	408	322	
456	408	322	409	458	
456	408	322	
456	408	322	320	
456	408	322	152	
456	408	322	
456	408	322	448	450	
456	408	322	
456	408	322	440	
456	408	322	
456	408	322	
456	408	322	258	
456	408	322	
456	408	322	412	280	
456	408	322	
456	408	322	354	
456	408	322	
456	408	322	448	
456	408	322	
456	408	322	
456	408	322	
456	408	322	
456	408	322	338	
456	408	322	
456	408	322	472	458	
456	408	322	
456	408	322	448	328	392	
456	408	322	
456	408	322	457	
456	408	322	409	
456	408	322	
456	408	322	
456	408	322	
456	408	322	410	
456	408	322	323	
456	408	322	200	
456	408	322	450	
456	408	322	323	330	258	
456	408	322	410	457	
456	408	322	440	
456	408	322	326	
456	408	322	200	
456	408	322	
456	408	322	354	
456	408	322	488	448	
456	408	322	
456	408	322	
456	408	322	440	
456	408	322	152	
456	408	322	392	280	
456	408	322	400	
456	408	322	
456	408	322	
456	408	322	448	
456	408	322	409	
456	408	322	
456	408	322	
456	408	322	323	392	328	
456	408	322	448	
456	408	322	392	
456	408	322	448	66	
456	408	322	354	
456	408	322	66	
456	408	322	400	450	
456	408	322	440	
456	408	322	326	
456	408	322	
456	408	322	409	
456	408	322	
456	408	322	
456	408	322	
456	408	322	
456	408	322	
456	408	322	
456	408	322	320	326	
456	408	322	472	
456	408	322	323	
456	408	322	488	
456	408	322	326	
456	408	322	152	330	
456	408	322	458	
456	408	322	
456	408	322	
456	408	322	
456	408	322	274	275	354	400	
456	408	322	450	66	320	
456	408	322	400	488	
456	408	322	
456	408	322	66	
456	408	322	
456	408	322	409	
456	408	322	392	
456	408	322	66	392	
456	408	322	
456	408	322	
456	408	322	472	
456	408	322	258	
456	408	322	
456	408	322	457	
456	408	322	392	
456	408	322	
456	408	322	354	
456	408	322	200	
456	408	322	326	409	400	
456	408	322	
456	408	322	
456	408	322	392	
456	408	322	
456	408	322	
456	408	322	
456	408	322	
456	408	322	
456	408	322	
456	408	322	320	
456	408	322	
456	408	322	472	
456	408	322	354	
456	408	322	
456	408	322	
456	408	322	
456	408	322	258	
456	408	322	458	400	326	
456	408	322	488	
456	408	322	
456	408	322	
456	408	322	450	
456	408	322	328	
456	408	322	400	
456	408	322	328	
456	408	322	66	
456	408	322	354	450	
456	408	322	
456	408	322	323	328	
456	408	322	
456	408	322	
456	408	322	409	
456	408	322	280	409	
456	408	322	412	
456	408	322	412	
456	408	322	152	488	
456	408	322	2	
456	408	322	472	448	280	458	
456	408	322	
456	408	322	66	323	
456	408	322	412	
456	408	322	
456	408	322	
456	408	322	448	
456	408	322	
456	408	322	
456	408	322	323	
456	408	322	
456	408	322	
456	408	322	457	410	
456	408	322	392	472	
456	408	322	
456	408	322	392	328	460	
456	408	322	
456	408	322	457	200	
456	408	322	410	280	
456	408	322	330	204	
456	408	322	24	
456	408	322	410	
456	408	322	326	
456	408	322	
456	408	322	
456	408	322	
456	408	322	
456	408	322	354	
456	408	322	330	320	280	
456	408	322	338	66	354	
456	408	322	323	
456	408	322	152	
456	408	322	488	392	
456	408	322	
456	408	322	457	152	
456	408	322	488	
456	408	322	
456	408	322	448	
456	408	322	323	
456	408	322	326	
456	408	322	200	
456	408	322	
456	408	322	412	
456	408	322	400	152	
456	408	322	488	
456	408	322	323	
456	408	322	
456	408	322	330	
456	408	322	152	
456	408	322	
456	408	322	
456	408	322	330	
456	408	322	
456	408	322	
456	408	322	
456	408	322	448	
456	408	322	
456	408	322	
456	408	322	258	
456	408	322	320	
456	408	322	66	
456	408	322	272	280	
456	408	322	
456	408	322	354	
456	408	322	
456	408	322	200	
456	408	322	488	
456	408	322	
456	408	322	
456	408	322	
456	408	322	
456	408	322	66	412	400	410	152	
456	408	322	488	
456	408	322	338	354	
456	408	322	
456	408	322	
456	408	322	
456	408	322	326	
456	408	322	410	
456	408	322	
456	408	322	
456	408	322	
456	408	322	
456	408	322	
456	408	322	
456	408	322	
456	408	322	354	326	
456	408	322	152	
456	408	322	472	
456	408	322	
456	408	322	328	
456	408	322	458	
456	408	322	392	
456	408	322	
456	408	322	
456	408	322	330	326	
456	408	322	448	
456	408	322	400	472	
456	408	322	66	
456	408	322	
456	408	322	
456	408	322	
456	408	322	448	152	392	
456	408	322	258	
456	408	322	
456	408	322	
456	408	322	
456	408	322	488	
456	408	322	457	
456	408	322	400	440	
456	408	322	328	
456	408	322	400	
456	408	322	
456	408	322	392	
456	408	322	392	280	338	
456	408	322	
456	408	322	409	
456	408	322	450	
456	408	322	354	
456	408	322	330	472	
456	408	322	
456	408	322	326	457	
456	408	322	457	
456	408	322	66	
456	408	322	409	
456	408	322	323	457	
456	408	322	
456	408	322	
456	408	322	
456	408	322	328	
456	408	322	440	
456	408	322	
456	408	322	393	
456	408	322	
456	408	322	326	
456	408	322	460	
456	408	322	
456	408	322	
456	408	322	400	
456	408	322	
456	408	322	458	152	200	
456	408	322	326	152	
456	408	322	
456	408	322	440	323	392	
456	408	322	412	
456	408	322	
456	408	322	410	450	338	
456	408	322	448	
456	408	322	
456	408	322	330	338	
456	408	322	410	409	448	
456	408	322	330	323	
456	408	322	472	409	
456	408	322	
456	408	322	
456	408	322	440	
456	408	322	392	338	
456	408	322	458	
456	408	322	354	
456	408	322	
456	408	322	457	392	
456	408	322	326	323	
456	408	322	352	258	
456	408	322	66	
456	408	322	400	
456	408	322	
456	408	322	
456	408	322	
456	408	322	472	448	
456	408	322	
456	408	322	
456	408	322	323	
456	408	322	338	216	
456	408	322	392	280	
456	408	322	457	
456	408	322	
456	408	322	326	323	
456	408	322	
456	408	322	320	488	412	
456	408	322	
456	408	322	
456	408	322	448	409	
456	408	322	
456	408	322	460	
456	408	322	
456	408	322	
456	408	322	
456	408	322	450	
456	408	322	
456	408	322	457	
456	408	322	328	450	
456	408	322	450	
456	408	322	440	338	
456	408	322	
456	408	322	
456	408	322	323	354	
456	408	322	409	
456	408	322	
456	408	322	392	326	457	
456	408	322	472	66	410	
456	408	322	
456	408	322	
456	408	322	
456	408	322	320	
456	408	322	
456	408	322	472	
456	408	322	457	
456	408	322	
456	408	322	
456	408	322	
456	408	322	409	
456	408	322	
456	408	322	392	
456	408	322	
456	408	322	152	354	460	
456	408	322	354	338	152	
456	408	322	
456	408	322	
456	408	322	152	
456	408	322	450	
456	408	322	
456	408	322	460	472	440	
456	408	322	488	
456	408	322	280	
456	408	322	152	
456	408	322	
456	408	322	
456	408	322	328	
456	408	322	392	
456	408	322	
456	408	322	
456	408	322	
456	408	322	
456	408	322	330	
456	408	322	
456	408	322	
456	408	322	
456	408	322	
456	408	322	354	
456	408	322	472	
456	408	322	450	320	
456	408	322	448	440	
456	408	322	152	
456	408	322	
456	408	322	
456	408	322	354	
456	408	322	
456	408	322	323	
456	408	322	323	
456	408	322	
456	408	322	
456	408	322	66	
456	408	322	458	
456	408	322	192	
456	408	322	
456	408	322	472	488	
456	408	322	472	
456	408	322	354	
456	408	322	457	392	
456	408	322	
456	408	322	
456	408	322	460	
456	408	322	
456	408	322	326	354	
456	408	322	
456	408	322	
456	408	322	330	409	
456	408	322	410	
456	408	322	400	457	
456	408	322	320	
456	408	322	448	
456	408	322	
456	408	322	
456	408	322	
456	408	322	338	
456	408	322	323	400	
456	408	322	448	458	
456	408	322	
456	408	322	409	392	
456	408	322	258	
456	408	322	
456	408	322	320	
456	408	322	
456	408	322	338	412	
456	408	322	392	
456	408	322	400	
456	408	322	472	
456	408	322	448	
456	408	322	326	152	
456	408	322	326	258	
456	408	322	
456	408	322	
456	408	322	392	
456	408	322	354	392	
456	408	322	
456	408	322	
456	408	322	338	
456	408	322	323	
456	408	322	
456	408	322	
456	408	322	
456	408	322	152	328	
456	408	322	
456	408	322	320	
456	408	322	280	338	409	
456	408	322	472	457	330	
456	408	322	354	
456	408	322	457	
456	408	322	354	472	
456	408	322	457	
456	408	322	
456	408	322	448	
456	408	322	
456	408	322	392	
456	408	322	392	258	
456	408	322	412	66	
456	408	322	
456	408	322	280	
456	408	322	
456	408	322	
456	408	322	
456	408	322	330	
456	408	322	
456	408	322	280	
456	408	322	
456	408	322	
456	408	322	
456	408	322	328	
456	408	322	472	
456	408	322	
456	408	322	
456	408	322	409	
456	408	322	450	412	
456	408	322	392	
456	408	322	338	
456	408	322	472	440	
456	408	322	326	
456	408	322	472	
456	408	322	
456	408	322	323	
456	408	322	66	
456	408	322	280	
456	408	322	
456	408	322	
456	408	322	152	
456	408	322	
456	408	322	
456	408	322	
456	408	322	216	
456	408	322	392	
456	408	322	440	
456	408	322	323	66	
456	408	322	
456	408	322	
456	408	322	
456	408	322	
456	408	322	258	
456	408	322	258	448	
456	408	322	
456	408	322	326	
456	408	322	448	
456	408	322	323	
456	408	322	
456	408	322	412	
456	408	322	
456	408	322	
456	408	322	
456	408	322	
456	408	322	
456	408	322	
456	408	322	460	
456	408	322	
456	408	322	
456	408	322	200	
456	408	322	
456	408	322	
456	408	322	
456	408	322	338	400	
456	408	322	274	320	
456	408	322	326	
456	408	322	
456	408	322	
456	408	322	
456	408	322	258	
456	408	322	488	
456	408	322	458	
456	408	322	
456	408	322	440	152	258	
456	408	322	412	
456	408	322	280	
456	408	322	
456	408	322	
456	408	322	450	492	
456	408	322	
456	408	322	
456	408	322	460	
456	408	322	
456	408	322	
456	408	322	330	
456	408	322	
456	408	322	
456	408	322	
456	408	322	
456	408	322	326	410	354	
456	408	322	152	
456	408	322	328	200	
456	408	322	152	
456	408	322	
456	408	322	472	440	
456	408	322	
456	408	322	472	
456	408	322	258	
456	408	322	440	
456	408	322	412	
456	408	322	472	
456	408	322	
456	408	322	
456	408	322	460	440	323	
456	408	322	392	326	
456	408	322	
456	408	322	323	
456	408	322	152	
456	408	322	
456	408	322	440	
456	408	322	152	
456	408	322	338	
456	408	322	
456	408	322	
456	408	322	
456	408	322	
456	408	322	450	410	323	
456	408	322	
456	408	322	24	
456	408	322	312	
456	408	322	258	
456	408	322	457	
456	408	322	
456	408	322	400	
456	408	322	
456	408	322	458	
456	408	322	
456	408	322	457	412	458	
456	408	322	
456	408	322	264	
456	408	322	
456	408	322	354	
456	408	322	410	200	
456	408	322	392	
456	408	322	460	
456	408	322	338	
456	408	322	66	
456	408	322	457	354	
456	408	322	
456	408	322	
456	408	322	
456	408	322	330	
456	408	322	460	
456	408	322	440	
456	408	322	458	
456	408	322	
456	408	322	280	
456	408	322	323	
456	408	322	440	
456	408	322	280	323	
456	408	322	
456	408	322	200	
456	408	322	
456	408	322	460	392	
456	408	322	
456	408	322	66	
456	408	322	392	
456	408	322	392	
456	408	322	472	328	
456	408	322	450	280	
456	408	322	440	338	
456	408	322	
456	408	322	326	
456	408	322	
456	408	322	200	
456	408	322	480	
456	408	322	
456	408	322	
456	408	322	400	
456	408	322	328	400	
456	408	322	
456	408	322	409	
456	408	322	
456	408	322	
456	408	322	
456	408	322	323	450	
456	408	322	354	
456	408	322	488	
456	408	322	
456	408	322	200	
456	408	322	
456	408	322	460	
456	408	322	
456	408	322	262	
456	408	322	472	
456	408	322	410	
456	408	322	216	
456	408	322	
456	408	322	
456	408	322	280	
456	408	322	
456	408	322	328	411	
456	408	322	
456	408	322	450	
456	408	322	412	
456	408	322	354	24	
456	408	322	460	
456	408	322	448	460	
456	408	322	258	
456	408	322	460	
456	408	322	457	460	
456	408	322	
456	408	322	323	
456	408	322	
456	408	322	392	
456	408	322	
456	408	322	258	
456	408	322	
456	408	322	
456	408	322	
456	408	322	326	409	
456	408	322	258	
456	408	322	328	
456	408	322	
456	408	322	
456	408	322	
456	408	322	458	
456	408	322	258	
456	408	322	
456	408	322	409	
456	408	322	
456	408	322	280	457	458	
456	408	322	472	
456	408	322	
456	408	322	280	
456	408	322	152	
456	408	322	
456	408	322	323	472	
456	408	322	
456	408	322	
456	408	322	448	457	460	
456	408	322	392	
456	408	322	440	
456	408	322	457	
456	408	322	392	
456	408	322	
456	408	322	
456	408	322	472	
456	408	322	
456	408	322	
456	408	322	
456	408	322	
456	408	322	
456	408	322	338	
456	408	322	200	
456	408	322	
456	408	322	392	
456	408	322	
456	408	322	
456	408	322	
456	408	322	412	
456	408	322	
456	408	322	
456	408	322	
456	408	322	
456	408	322	323	
456	408	322	
456	408	322	
456	408	322	458	
456	408	322	
456	408	322	
456	408	322	
456	408	322	448	
456	408	322	
456	408	322	326	152	
456	408	322	
456	408	322	
456	408	322	
456	408	322	
456	408	322	330	
456	408	322	
456	408	322	458	
456	408	322	392	
456	408	322	330	
456	408	322	488	200	
456	408	322	
456	408	322	326	338	
456	408	322	
456	408	322	320	
456	408	322	
456	408	322	152	
456	408	322	
456	408	322	323	410	
456	408	322	
456	408	322	
456	408	322	
456	408	322	
456	408	322	326	
456	408	322	
456	408	322	
456	408	322	392	409	
456	408	322	323	488	
456	408	322	450	
456	408	322	
456	408	322	472	
456	408	322	320	457	
456	408	322	450	
456	408	322	392	472	
456	408	322	
456	408	322	472	
456	408	322	450	
456	408	322	392	450	
456	408	322	
456	408	322	
456	408	322	
456	408	322	
456	408	322	
456	408	322	320	
456	408	322	472	
456	408	322	410	
456	408	322	323	
456	408	322	
456	408	322	488	354	280	
456	408	322	
456	408	322	
456	408	322	
456	408	322	280	
456	408	322	
456	408	322	
456	408	322	
456	408	322	
456	408	322	326	458	
456	408	322	400	409	
456	408	322	392	
456	408	322	
456	408	322	
456	408	322	392	258	
456	408	322	
456	408	322	66	440	
456	408	322	
456	408	322	326	
456	408	322	392	
456	408	322	320	460	
456	408	322	457	440	
456	408	322	
456	408	322	
456	408	322	258	
456	408	322	
456	408	322	
456	408	322	
456	408	322	
456	408	322	
456	408	322	326	
456	408	322	328	
456	408	322	392	338	
456	408	322	
456	408	322	
456	408	322	
456	408	322	472	458	
456	408	322	450	
456	408	322	392	
456	408	322	472	392	
456	408	322	409	460	
456	408	322	338	66	400	
456	408	322	
456	408	322	457	
456	408	322	452	
456	408	322	460	404	
456	408	322	457	
456	408	322	66	
456	408	322	
456	408	322	326	457	
456	408	322	392	
456	408	322	409	
456	408	322	450	458	200	
456	408	322	258	
456	408	322	
456	408	322	
456	408	322	
456	408	322	330	
456	408	322	326	354	
456	408	322	
456	408	322	
456	408	322	
456	408	322	
456	408	322	
456	408	322	488	
456	408	322	66	
456	408	322	
456	408	322	
456	408	322	488	
456	408	322	152	
456	408	322	400	450	392	
456	408	322	450	
456	408	322	
456	408	322	
456	408	322	
456	408	322	
456	408	322	
456	408	322	472	
456	408	322	
456	408	322	400	412	
456	408	322	
456	408	322	
456	408	322	
456	408	322	
456	408	322	
456	408	322	
456	408	322	392	
456	408	322	354	
456	408	322	410	402	472	
456	408	322	392	
456	408	322	
456	408	322	472	
456	408	322	
456	408	322	
456	408	322	
456	408	322	457	
456	408	322	400	320	
456	408	322	
456	408	322	448	
456	408	322	450	
456	408	322	448	
456	408	322	338	
456	408	322	392	
456	408	322	
456	408	322	326	
456	408	322	
456	408	322	
456	408	322	
456	408	322	152	
456	408	322	290	392	
456	408	322	323	
456	408	322	
456	408	322	
456	408	322	488	
456	408	322	449	66	330	
456	408	322	
456	408	322	410	
456	408	322	
456	408	322	
456	408	322	
456	408	322	
456	408	322	338	
456	408	322	200	323	
456	408	322	392	
456	408	322	
456	408	322	328	458	
456	408	322	
456	408	322	409	
456	408	322	472	258	
456	408	322	
456	408	322	258	330	392	
456	408	322	409	400	
456	408	322	
456	408	322	280	
456	408	322	
456	408	322	328	320	326	
456	408	322	457	
456	408	322	
456	408	322	392	472	
456	408	322	
456	408	322	492	
456	408	322	
456	408	322	472	
456	408	322	280	
456	408	322	412	
456	408	322	
456	408	322	
456	408	322	66	
456	408	322	
456	408	322	66	458	338	
456	408	322	409	
456	408	322	409	
456	408	322	
456	408	322	330	326	
456	408	322	
456	408	322	330	410	488	
456	408	322	472	
456	408	322	
456	408	322	
456	408	322	328	
456	408	322	472	
456	408	322	200	
456	408	322	
456	408	322	152	
456	408	322	280	338	354	
456	408	322	320	
456	408	322	458	
456	408	322	
456	408	322	458	
456	408	322	200	
456	408	322	
456	408	322	450	
456	408	322	
456	408	322	458	
456	408	322	
456	408	322	472	450	
456	408	322	354	338	
456	408	322	458	330	
456	408	322	320	448	
456	408	322	320	
456	408	322	448	152	
456	408	322	
456	408	322	450	
456	408	322	412	
456	408	322	392	
456	408	322	
456	408	322	258	450	
456	408	322	458	
456	408	322	
456	408	322	
456	408	322	
456	408	322	450	
456	408	322	450	
456	408	322	
456	408	322	392	
456	408	322	472	
456	408	322	400	
456	408	322	458	472	392	
456	408	322	472	
456	408	322	
456	408	322	458	326	
456	408	322	
456	408	322	488	
456	408	322	
456	408	322	472	328	
456	408	322	
456	408	322	392	400	354	
456	408	322	409	
456	408	322	
456	408	322	392	
456	408	322	472	
456	408	322	
456	408	322	274	
456	408	322	323	152	
456	408	322	258	
456	408	322	410	
456	408	322	
456	408	322	410	
456	408	322	152	400	
456	408	322	468	
456	408	322	392	410	
456	408	322	458	472	488	
456	408	322	
456	408	322	
456	408	322	
456	408	322	457	448	
456	408	322	392	
456	408	322	
456	408	322	
456	408	322	440	320	
456	408	322	
456	408	322	152	409	
456	408	322	
456	408	322	
456	408	322	
456	408	322	488	
456	408	322	334	
456	408	322	458	
456	408	322	450	
456	408	322	320	
456	408	322	
456	408	322	472	
456	408	322	
456	408	322	450	457	
456	408	322	400	
456	408	322	
456	408	322	320	440	
456	408	322	
456	408	322	
456	408	322	472	400	410	
456	408	322	
456	408	322	
456	408	322	280	328	
456	408	322	440	320	
456	408	322	152	
456	408	322	320	354	
456	408	322	440	400	
456	408	322	409	
456	408	322	412	
456	408	322	330	
456	408	322	392	
456	408	322	
456	408	322	472	
456	408	322	450	66	
456	408	322	258	66	
456	408	322	392	
456	408	322	328	
456	408	322	
456	408	322	
456	408	322	450	280	
456	408	322	
456	408	322	472	
456	408	322	323	
456	408	322	326	
456	408	322	258	323	
456	408	322	457	458	
456	408	322	
456	408	322	
456	408	322	328	152	
456	408	322	200	
456	408	322	440	
456	408	322	66	
456	408	322	330	
456	408	322	
456	408	322	
456	408	322	
456	408	322	400	
456	408	322	472	
456	408	322	66	320	450	
456	408	322	472	
456	408	322	320	338	
456	408	322	
456	408	322	
456	408	322	412	
456	408	322	152	
456	408	322	400	330	280	472	
456	408	322	
456	408	322	472	
456	408	322	450	
456	408	322	
456	408	322	326	
456	408	322	
456	408	322	410	326	
456	408	322	450	
456	408	322	
456	408	322	450	
456	408	322	448	
456	408	322	
456	408	322	
456	408	322	
456	408	322	280	458	
456	408	322	354	
456	408	322	
456	408	322	320	
456	408	322	
456	408	322	458	472	
456	408	322	326	
456	408	322	
456	408	322	
456	408	322	
456	408	322	410	
456	408	322	
456	408	322	450	66	354	
456	408	322	
456	408	322	323	
456	408	322	410	
456	408	322	472	
456	408	322	
456	408	322	
456	408	322	
456	408	322	354	
456	408	322	
456	408	322	
456	408	322	
456	408	322	448	200	
456	408	322	
456	408	322	332	
456	408	322	
456	408	322	448	
456	408	322	448	323	409	
456	408	322	392	
456	408	322	
456	408	322	338	
456	408	322	338	
456	408	322	328	338	66	
456	408	322	330	
456	408	322	
456	408	322	
456	408	322	
456	408	322	
456	408	322	457	
456	408	322	400	
456	408	322	
456	408	322	
456	408	322	
456	408	322	
456	408	322	
456	408	322	323	258	
456	408	322	460	
456	408	322	
456	408	322	
456	408	322	330	410	
456	408	322	450	258	
456	408	322	
456	408	322	
456	408	322	330	
456	408	322	
456	408	322	
456	408	322	
456	408	322	
456	408	322	200	392	
456	408	322	
456	408	322	
456	408	322	409	
456	408	322	
456	408	322	448	
456	408	322	
456	408	322	
456	408	322	
456	408	322	457	
456	408	322	258	
456	408	322	330	
456	408	322	338	392	
456	408	322	448	258	410	
456	408	322	
456	408	322	460	
456	408	322	457	
456	408	322	457	488	
456	408	322	488	
456	408	322	338	
456	408	322	472	
456	408	322	
456	408	322	448	
456	408	322	
456	408	322	320	338	
456	408	322	200	
456	408	322	412	
456	408	322	326	
456	408	322	
456	408	322	392	
456	408	322	
456	408	322	472	410	
456	408	322	330	472	
456	408	322	410	400	
456	408	322	
456	408	322	450	
456	408	322	
456	408	322	448	
456	408	322	
456	408	322	280	392	
456	408	322	
456	408	322	152	
456	408	322	
456	408	322	326	258	
456	408	322	
456	408	322	
456	408	322	
456	408	322	
456	408	322	
456	408	322	448	
456	408	322	
456	408	322	
456	408	322	
456	408	322	450	152	
456	408	322	338	400	
456	408	322	200	
456	408	322	
456	408	322	440	
456	408	322	
456	408	322	
456	408	322	200	
456	408	322	184	440	
456	408	322	460	
456	408	322	280	
456	408	322	460	
456	408	322	258	451	
456	408	322	
456	408	322	
456	408	322	
456	408	322	440	
456	408	322	152	
456	408	322	
456	408	322	
456	408	322	412	
456	408	322	326	
456	408	322	
456	408	322	458	410	
456	408	322	410	
456	408	322	
456	408	322	
456	408	322	
456	408	322	
456	408	322	330	
456	408	322	
456	408	322	258	
456	408	322	200	
456	408	322	488	
456	408	322	
456	408	322	
456	408	322	338	330	
456	408	322	66	323	
456	408	322	
456	408	322	
456	408	322	472	
456	408	322	
456	408	322	410	
456	408	322	
456	408	322	
456	408	322	326	
456	408	322	66	
456	408	322	472	440	
456	408	322	152	412	
456	408	322	448	66	320	
456	408	322	
456	408	322	
456	408	322	
456	408	322	338	
456	408	322	457	
456	408	322	392	
456	408	322	
456	408	322	
456	408	322	400	
456	408	322	
456	408	322	
456	408	322	258	
456	408	322	457	320	409	
456	408	322	
456	408	322	450	
456	408	322	
456	408	322	66	
456	408	322	
456	408	322	
456	408	322	392	
456	408	322	409	
456	408	322	330	
456	408	322	
456	408	322	
456	408	322	
456	408	322	
456	408	322	280	450	
456	408	322	458	412	460	
456	408	322	
456	408	322	
456	408	322	
456	408	322	472	
456	408	322	450	
456	408	322	
456	408	322	280	392	
456	408	322	448	
456	408	322	152	326	
456	408	322	448	338	
456	408	322	
456	408	322	448	458	258	
456	408	322	
456	408	322	
456	408	322	400	354	
456	408	322	412	
456	408	322	392	
456	408	322	
456	408	322	441	
456	408	322	354	472	
456	408	322	392	
456	408	322	409	488	326	444	
456	408	322	410	
456	408	322	
456	408	322	
456	408	322	328	
456	408	322	400	
456	408	322	472	
456	408	322	
456	408	322	
456	408	322	392	488	448	
456	408	322	
456	408	322	
456	408	322	392	
456	408	322	410	280	
456	408	322	331	
456	408	322	
456	408	322	
456	408	322	488	329	
456	408	322	
456	408	322	
456	408	322	280	
456	408	322	152	
456	408	322	458	
456	408	322	354	
456	408	322	152	
456	408	322	
456	408	322	410	
456	408	322	320	
456	408	322	
456	408	322	448	
456	408	322	330	472	338	
456	408	322	258	450	392	
456	408	322	488	66	
456	408	322	
456	408	322	
456	408	322	
456	408	322	354	
456	408	322	
456	408	322	152	
456	408	322	392	412	
456	408	322	
456	408	322	328	
456	408	322	412	
456	408	322	
456	408	322	410	
456	408	322	440	
456	408	322	392	
456	408	322	
456	408	322	
456	408	322	66	440	
456	408	322	258	
456	408	322	
456	408	322	412	
456	408	322	152	
456	408	322	
456	408	322	440	
456	408	322	323	
456	408	322	328	488	
456	408	322	328	
456	408	322	
456	408	322	
456	408	322	460	458	
456	408	322	
456	408	322	472	200	
456	408	322	
456	408	322	
456	408	322	152	
456	408	322	488	
456	408	322	304	
456	408	322	
456	408	322	
456	408	322	328	460	472	
456	408	322	440	
456	408	322	
456	408	322	354	
456	408	322	
456	408	322	450	
456	408	322	472	320	
456	408	322	
456	408	322	392	
456	408	322	458	
456	408	322	320	
456	408	322	
456	408	322	472	488	
456	408	322	448	258	
456	408	322	
456	408	322	339	
456	408	322	458	457	
456	408	322	409	
456	408	322	
456	408	322	410	440	
456	408	322	
456	408	322	326	
456	408	322	66	
456	408	322	472	
456	408	322	
456	408	322	458	
456	408	322	488	323	
456	408	322	200	
456	408	322	
456	408	322	
456	408	322	392	
456	408	322	460	
456	408	322	258	328	
456	408	322	440	290	200	
456	408	322	
456	408	322	323	
456	408	322	
456	408	322	
456	408	322	472	
456	408	322	
456	408	322	400	
456	408	322	
456	408	322	66	320	
456	408	322	
456	408	322	450	
456	408	322	323	
456	408	322	
456	408	322	200	
456	408	322	
456	408	322	
456	408	322	460	
456	408	322	458	
456	408	322	400	
456	408	322	504	
456	408	322	409	
456	408	322	
456	408	322	326	
456	408	322	
456	408	322	392	400	
456	408	322	323	
456	408	322	
456	408	322	66	
456	408	322	410	
456	408	322	
456	408	322	
456	408	322	
456	408	322	392	457	
456	408	322	258	
456	408	322	
456	408	322	411	258	323	460	
456	408	322	400	
456	408	322	
456	408	322	
456	408	322	328	
456	408	322	
456	408	322	
456	408	322	440	258	
456	408	322	
456	408	322	440	
456	408	322	458	
456	408	322	
456	408	322	
456	408	322	
456	408	322	
456	408	322	
456	408	322	457	66	
456	408	322	472	
456	408	322	
456	408	322	392	
456	408	322	66	326	
456	408	322	472	
456	408	322	328	
456	408	322	392	323	280	
456	408	322	
456	408	322	
456	408	322	
456	408	322	448	
456	408	322	410	
456	408	322	
456	408	322	338	
456	408	322	392	450	
456	408	322	
456	408	322	
456	408	322	
456	408	322	
456	408	322	400	
456	408	322	488	
456	408	322	
456	408	322	410	
456	408	322	
456	408	322	458	
456	408	322	66	488	
456	408	322	
456	408	322	392	458	338	
456	408	322	152	
456	408	322	
456	408	322	326	66	
456	408	322	472	
456	408	322	
456	408	322	
456	408	322	
456	408	322	328	
456	408	322	472	
456	408	322	
456	408	322	
456	408	322	
456	408	322	326	
456	408	322	448	488	
456	408	322	
456	408	322	
456	408	322	458	
456	408	322	409	
456	408	322	
456	408	322	326	
456	408	322	
456	408	322	
456	408	322	280	
456	408	322	472	
456	408	322	330	
456	408	322	457	326	472	
456	408	322	
456	408	322	458	
456	408	322	
456	408	322	
456	408	322	
456	408	322	258	326	
456	408	322	
456	408	322	
456	408	322	280	472	
456	408	322	
456	408	322	
456	408	322	448	
456	408	322	
456	408	322	472	
456	408	322	326	
456	408	322	
456	408	322	328	
456	408	322	472	
456	408	322	280	
456	408	322	400	440	
456	408	322	458	
456	408	322	440	
456	408	322	488	
456	408	322	412	
456	408	322	410	458	
456	408	322	
456	408	322	488	
456	408	322	
456	408	322	200	328	
456	408	322	410	
456	408	322	460	
456	408	322	
456	408	322	338	
456	408	322	
456	408	322	450	328	
456	408	322	460	
456	408	322	488	
456	408	322	66	
456	408	322	
456	408	322	
456	408	322	
456	408	322	330	
456	408	322	410	323	
456	408	322	
456	408	322	
456	408	322	
456	408	322	472	
456	408	322	
456	408	322	
456	408	322	
456	408	322	
456	408	322	
456	408	322	328	
456	408	322	392	
456	408	322	472	
456	408	322	326	
456	408	322	392	
456	408	322	472	
456	408	322	472	409	338	
456	408	322	
456	408	322	
456	408	322	258	
456	408	322	152	410	
456	408	322	
456	408	322	
456	408	322	
456	408	322	
456	408	322	392	
456	408	322	392	410	
456	408	322	280	
456	408	322	
456	408	322	280	392	354	
456	408	322	200	
456	408	322	323	
456	408	322	
456	408	322	258	
456	408	322	
456	408	322	440	
456	408	322	
456	408	322	
456	408	322	
456	408	322	400	
456	408	322	66	
456	408	322	200	
456	408	322	472	
456	408	322	330	
456	408	322	
456	408	322	
456	408	322	66	
456	408	322	
456	408	322	472	
456	408	322	
456	408	322	328	
456	408	322	
456	408	322	
456	408	322	
456	408	322	409	354	
456	408	322	409	
456	408	322	323	
456	408	322	152	440	
456	408	322	
456	408	322	
456	408	322	460	
456	408	322	410	98	
456	408	322	280	
456	408	322	409	
456	408	322	328	
456	408	322	326	
456	408	322	472	400	
456	408	322	320	354	
456	408	322	354	
456	408	322	
456	408	322	472	
456	408	322	
456	408	322	320	
456	408	322	412	488	
456	408	322	
456	408	322	
456	408	322	
456	408	322	488	
456	408	322	458	
456	408	322	
456	408	322	392	
456	408	322	400	152	
456	408	322	66	
456	408	322	460	
456	408	322	
456	408	322	472	
456	408	322	
456	408	322	
456	408	322	338	280	
456	408	322	280	
456	408	322	488	
456	408	322	326	330	
456	408	322	
456	408	322	
456	408	322	461	
456	408	322	
456	408	322	280	323	414	
456	408	322	
456	408	322	
456	408	322	392	
456	408	322	
456	408	322	440	
456	408	322	328	
456	408	322	
456	408	322	
456	408	322	412	
456	408	322	328	
456	408	322	
456	408	322	440	
456	408	322	
456	408	322	
456	408	322	488	457	354	
456	408	322	258	
456	408	322	323	488	280	
456	408	322	409	
456	408	322	
456	408	322	
456	408	322	354	
456	408	322	
456	408	322	412	448	
456	408	322	392	
456	408	322	472	258	
456	408	322	450	460	
456	408	322	448	460	
456	408	322	392	411	
456	408	322	
456	408	322	
456	408	322	323	152	
456	408	322	
456	408	322	472	
456	408	322	
456	408	322	392	440	488	
456	408	322	338	
456	408	322	152	200	
456	408	322	472	
456	408	322	488	
456	408	322	280	
456	408	322	461	
456	408	322	
456	408	322	
456	408	322	
456	408	322	
456	408	322	400	457	
456	408	322	409	328	
456	408	322	66	280	
456	408	322	
456	408	322	
456	408	322	
456	408	322	
456	408	322	338	280	457	
456	408	322	258	
456	408	322	66	
456	408	322	323	
456	408	322	410	
456	408	322	
456	408	322	
456	408	322	488	450	
456	408	322	
456	408	322	460	
456	408	322	
456	408	322	410	457	
456	408	322	258	326	
456	408	322	
456	408	322	
456	408	322	66	
456	408	322	
456	408	322	280	334	
456	408	322	
456	408	322	362	
456	408	322	
456	408	322	
456	408	322	
456	408	322	
456	408	322	66	400	
456	408	322	330	
456	408	322	
456	408	322	200	
456	408	322	
456	408	322	
456	408	322	412	
456	408	322	320	
456	408	322	440	
456	408	322	152	
456	408	322	330	
456	408	322	
456	408	322	
456	408	322	
456	408	322	
456	408	322	
456	408	322	400	
456	408	322	
456	408	322	
456	408	322	
456	408	322	458	
456	408	322	
456	408	322	
456	408	322	
456	408	322	
456	408	322	
456	408	322	
456	408	322	
456	408	322	
456	408	322	
456	408	322	
456	408	322	472	
456	408	322	
456	408	322	488	
456	408	322	392	472	
456	408	322	152	
456	408	322	
456	408	322	
456	408	322	400	258	
456	408	322	326	
456	408	322	488	330	
456	408	322	338	
456	408	322	460	392	409	
456	408	322	
456	408	322	
456	408	322	
456	408	322	409	392	
456	408	322	
456	408	322	
456	408	322	338	
456	408	322	448	
456	408	322	280	
456	408	322	
456	408	322	
456	408	322	280	
456	408	322	320	392	354	
456	408	322	
456	408	322	
456	408	322	
456	408	322	
456	408	322	457	330	
456	408	322	
456	408	322	280	410	
456	408	322	
456	408	322	
456	408	322	460	
456	408	322	
456	408	322	
456	408	322	
456	408	322	472	
456	408	322	457	489	
456	408	322	
456	408	322	
456	408	322	472	323	
456	408	322	448	
456	408	322	
456	408	322	458	
456	408	322	
456	408	322	448	412	
456	408	322	152	
456	408	322	392	
456	408	322	410	323	
456	408	322	
456	408	322	330	328	
456	408	322	488	
456	408	322	472	200	323	
456	408	322	152	200	
456	408	322	
456	408	322	
456	408	322	
456	408	322	488	200	
456	408	322	
456	408	322	450	
456	408	322	472	
456	408	322	328	152	
456	408	322	320	450	
456	408	322	448	
456	408	322	
456	408	322	
456	408	322	66	
456	408	322	
456	408	322	
456	408	322	338	
456	408	322	392	400	
456	408	322	
456	408	322	392	
456	408	322	412	
456	408	322	326	448	
