0	0	0	0	0	0	0	0	0	0	0	0	0	0	0	0	0	0	0	0	0	0	0	0	0	0	0	0	0	0	0	0	0	0	0	0	0	0	0	0	0	0	0	0	0	0	0	0	0	0	0	0	0	0	0	0	0	0	0	0	0	0	0	0	0	0	0	0	0	0	0	0	0	0	0	0	0	0	0	0	0	0	0	0	0	0	0	0	0	0	0	0	0	0	0	0	0	0	0	0	0	0	0	0	0	0	0	0	0	0	0	0	0	0	0	0	0	0	0	0	0	0	0	0	0	0	0	0	0	0	0	0	0	0	0	0	0	0	0	0	0	0	0	0	0	0	0	0	0	0	0	0	0	0	0	0	0	0	0	0	0	0	0	0	0	0	0	0	0	0	0	0	0	0	0	0	0	0	0	0	0	0	0	0	0	0	0	0	0	0	0	0	0	0	0	0	0	0	0	0	0	0	0	0	0	0	0	0	0	0	0	0	0	0	0	0	0	0	0	0	0	0	0	0	0	0	0	0	0	0	0	0	0	0	0	0	0	0	0	0	0	0	0	0	0	0	0	0	0	0	0	0	0	0	0	0	0	0	0	0	0	0	0	0	0	0	0	0	0	0	0	0	0	0	0	0	0	0	0	0	0	0	0	0	0	0	0	0	0	0	0	0	0	0	0	0	0	0	0	0	0	0	0	0	0	0	0	0	0	0	0	0	0	0	0	0	0	0	0	0	0	0	0	0	0	0	0	0	0	0	0	0	0	0	0	0	0	0	0	0	0	0	0	0	0	0	0	0	0	0	0	0	0	0	0	0	0	0	0	0	0	0	0	0	0	0	0	0	0	0	0	0	0	0	0	0	0	0	0	0	0	0	0	0	0	0	0	0	0	0	0	0	0	0	0	0	0	0	0	0	0	0	0	0	0	0	0	0	0	0	0	0	0	0	0	0	0	0	0	0	0	0	0	0	0	0	0	0	0	0	0	0	0	0	0	0	0	0	0	0	0	0	0	0	0	0	0	0	0	0	0	0	0	0	0	0	0	0	0	0	0	0	0	0	0	0	0	0	0	0	0	0	0	0	0	0	0	0	0	0	0	0	0	0	0	0	0	0	0	0	0	0	0	0	0	0	0	0	0	0	0	0	0	0	0	0	0	0	0	0	0	0	
42	322	10	2	
42	322	10	170	162	
42	322	10	58	
42	322	10	256	74	32	3	160	
42	322	10	256	32	384	202	160	72	
42	322	10	256	32	202	203	0	160	
42	322	10	256	32	203	326	454	138	
42	322	10	256	32	138	326	0	154	2	
42	322	10	256	138	0	32	4	46	330	
42	322	10	256	138	0	202	206	74	
42	322	10	256	138	0	202	207	139	11	
42	322	10	256	138	139	11	131	170	90	154	320	
42	322	10	256	138	139	11	258	75	
42	322	10	256	138	139	11	257	289	
42	322	10	256	11	289	353	43	257	
42	322	10	256	11	289	264	
42	322	256	11	289	15	75	384	388	
42	322	256	11	289	75	9	291	46	
42	322	256	11	289	258	297	
42	322	256	11	289	297	106	361	305	489	
42	322	256	11	289	361	354	
42	322	256	11	289	361	257	139	329	
42	322	256	11	289	257	288	385	
42	256	11	257	288	273	43	
42	256	11	257	
42	256	11	257	
42	256	11	257	272	
42	256	11	257	58	
42	256	11	257	264	328	272	258	
42	256	11	257	27	
42	256	11	257	155	
256	11	257	329	333	
256	11	257	333	
11	257	333	43	329	
11	257	43	273	72	
11	257	153	
11	257	
11	257	9	
11	257	
11	257	27	
11	257	13	256	
11	257	13	5	45	
11	257	13	45	5	261	
11	257	13	45	61	
11	257	13	45	61	273	
11	257	13	45	61	60	44	289	
257	13	45	61	
257	13	45	61	265	
257	13	45	61	265	29	
257	13	45	61	265	329	60	57	62	259	
257	45	61	265	329	385	60	417	261	
257	45	61	265	329	60	
257	45	61	265	329	328	264	334	326	109	327	269	
257	45	61	265	329	328	334	256	462	321	
257	45	61	265	328	334	256	462	321	398	332	
257	45	61	265	328	334	256	462	321	463	398	329	457	125	253	
257	45	61	265	328	334	256	462	321	463	261	259	323	459	
257	45	61	265	334	462	463	261	459	451	449	173	269	
257	45	61	265	334	462	463	451	459	
257	61	334	462	463	451	327	270	459	454	25	57	
61	334	463	451	454	271	335	462	
61	463	451	454	31	54	495	462	
61	463	454	54	53	125	
61	463	454	125	54	63	52	47	
61	463	454	63	52	36	53	479	
61	463	454	63	52	60	
61	463	454	63	52	335	455	
61	463	63	52	189	
61	463	63	52	
61	463	63	52	399	
61	463	63	52	
463	63	52	61	
463	52	
463	52	
463	52	
463	52	
463	52	60	
463	52	479	
463	52	48	495	
463	52	479	
463	52	53	
463	52	495	
463	52	54	
463	52	459	36	335	
463	52	20	
463	52	
463	52	36	
463	52	
463	52	399	
463	52	
463	52	
463	52	471	
463	52	471	
463	52	471	
463	52	471	36	
463	52	471	479	
463	52	471	470	
463	52	471	54	
463	52	471	
52	471	
52	471	54	
52	471	
52	471	180	
52	471	
52	471	
52	471	54	
52	471	
52	471	
52	471	
52	471	
52	471	
52	471	36	
52	471	
52	471	
52	471	48	116	180	
52	471	
52	471	48	
52	471	
52	471	
52	471	
52	471	470	
52	471	180	
52	471	
52	471	36	
52	471	
52	471	
52	471	503	
52	471	
52	471	54	
52	471	467	
52	471	84	
52	471	
52	471	
52	471	
52	471	455	467	
52	471	
52	471	
52	471	
52	471	
52	471	
52	471	
52	471	180	
52	471	
52	471	
52	471	
52	471	
52	471	
52	471	
52	471	
52	471	467	
52	471	
52	471	
52	471	
52	471	
52	471	
52	471	
52	471	
52	471	
52	471	20	
52	471	407	
52	471	407	
52	471	
52	471	
52	471	
52	471	
52	471	
52	471	
52	471	
52	471	
52	471	36	
52	471	
52	471	279	
52	471	116	343	
52	471	465	53	
52	471	
52	471	343	
52	471	407	479	
52	471	
52	471	
52	471	
52	471	
52	471	
52	471	53	
52	471	20	
52	471	116	20	
52	471	
52	471	343	
52	471	
52	471	
52	471	
52	471	
52	471	
52	471	
52	471	
52	471	
52	471	
52	471	
52	471	
52	471	100	
52	471	343	
52	471	
52	471	116	
52	471	
52	471	
52	471	116	
52	471	
52	471	
52	471	
52	471	
52	471	
52	471	116	
52	471	
52	471	
52	471	
52	471	
52	471	
52	471	
52	471	
52	471	
52	471	
52	471	
52	471	
52	471	
52	471	
52	471	
52	471	
52	471	
52	471	
52	471	
52	471	
52	471	
52	471	60	180	
52	471	
52	471	
52	471	36	
52	471	
52	471	
52	471	
52	471	467	
52	471	343	
52	471	
52	471	
52	471	503	
52	471	20	
52	471	
52	471	
52	471	
52	471	53	
52	471	
52	471	
52	471	
52	471	
52	471	
52	471	
52	471	
52	471	188	
52	471	
52	471	
52	471	20	
52	471	
52	471	
52	471	
52	471	
52	471	
52	471	
52	471	
52	471	503	
52	471	
52	471	48	
52	471	
52	471	
52	471	468	53	116	
52	471	
52	471	
52	471	54	
52	471	
52	471	455	
52	471	470	180	
52	471	116	469	
52	471	
52	471	
52	471	
52	471	470	
52	471	
52	471	
52	471	
52	471	
52	471	116	
52	471	
52	471	
52	471	
52	471	
52	471	
52	471	479	
52	471	
52	471	
52	471	
52	471	
52	471	
52	471	
52	471	
52	471	
52	471	
52	471	
52	471	
52	471	469	116	
52	471	
52	471	
52	471	
52	471	
52	471	469	
52	471	470	
52	471	20	
52	471	
52	471	
52	471	
52	471	
52	471	407	
52	471	
52	471	467	
52	471	
52	471	470	
52	471	116	
52	471	
52	471	
52	471	
52	471	
52	471	
52	471	
52	471	
52	471	180	
52	471	
52	471	62	
52	471	
52	471	
52	471	
52	471	
52	471	54	
52	471	502	503	
52	471	
52	471	
52	471	503	
52	471	
52	471	
52	471	
52	471	343	
52	471	
52	471	48	
52	471	
52	471	407	
52	471	
52	471	
52	471	455	
52	471	
52	471	
52	471	407	54	
52	471	455	
52	471	
52	471	53	
52	471	
52	471	
52	471	
52	471	48	
52	471	
52	471	
52	471	502	374	
52	471	
52	471	48	
52	471	
52	471	180	
52	471	
52	471	60	
52	471	
52	471	
52	471	
52	471	
52	471	
52	471	
52	471	
52	471	
52	471	
52	471	
52	471	
52	471	469	
52	471	
52	471	
52	471	
52	471	20	
52	471	
52	471	470	
52	471	
52	471	
52	471	
52	471	405	
52	471	180	
52	471	
52	471	
52	471	
52	471	
52	471	
52	471	
52	471	
52	471	
52	471	53	48	455	
52	471	48	
52	471	
52	471	
52	471	36	116	
52	471	
52	471	116	
52	471	
52	471	
52	471	
52	471	
52	471	
52	471	
52	471	180	
52	471	180	
52	471	470	
52	471	60	470	
52	471	
52	471	
52	471	407	
52	471	54	
52	471	
52	471	479	
52	471	
52	471	
52	471	20	
52	471	
52	471	
52	471	469	
52	471	
52	471	
52	471	
52	471	116	
52	471	
52	471	
52	471	479	
52	471	
52	471	
52	471	
52	471	
52	471	
52	471	
52	471	279	
52	471	
52	471	116	470	
52	471	
52	471	
52	471	
52	471	
52	471	
52	471	20	
52	471	
52	471	
52	471	
52	471	
52	471	180	
52	471	407	
52	471	
52	471	
52	471	
52	471	
52	471	479	
52	471	
52	471	
52	471	455	479	
52	471	407	
52	471	116	
52	471	
52	471	
52	471	
52	471	
52	471	20	
52	471	
52	471	343	407	
52	471	469	53	
52	471	36	
52	471	
52	471	60	
52	471	60	
52	471	
52	471	
52	471	
52	471	407	469	
52	471	
52	471	54	
52	471	
52	471	20	
52	471	
52	471	
52	471	
52	471	20	
52	471	467	
52	471	
52	471	
52	471	469	
52	471	
52	471	
52	471	
52	471	
52	471	343	
52	471	
52	471	
52	471	
52	471	
52	471	
52	471	
52	471	487	
52	471	
52	471	
52	471	
52	471	
52	471	
52	471	
52	471	53	
52	471	
52	471	470	
52	471	
52	471	391	
52	471	180	
52	471	
52	471	
52	471	
52	471	
52	471	
52	471	
52	471	
52	471	
52	471	499	503	
52	471	
52	471	48	503	
52	471	
52	471	
52	471	470	
52	471	
52	471	
52	471	
52	471	
52	471	469	
52	471	
52	471	407	
52	471	
52	471	
52	471	
52	471	
52	471	467	466	
52	471	
52	471	
52	471	180	
52	471	
52	471	53	
52	471	
52	471	
52	471	
52	471	
52	471	180	
52	471	
52	471	
52	471	
52	471	
52	471	
52	471	407	
52	471	
52	471	
52	471	
52	471	
52	471	
52	471	
52	471	
52	471	
52	471	
52	471	
52	471	116	
52	471	
52	471	469	
52	471	
52	471	470	
52	471	36	
52	471	343	
52	471	
52	471	20	
52	471	53	
52	471	
52	471	
52	471	
52	471	
52	471	20	
52	471	
52	471	
52	471	
52	471	503	
52	471	
52	471	
52	471	
52	471	467	503	54	
52	471	
52	471	
52	471	
52	471	
52	471	
52	471	
52	471	
52	471	60	462	
52	471	
52	471	
52	471	470	
52	471	60	54	
52	471	
52	471	455	
52	471	341	343	
52	471	
52	471	53	
52	471	
52	471	
52	471	48	
52	471	
52	471	407	
52	471	
52	471	
52	471	
52	471	469	
52	471	180	
52	471	
52	471	503	
52	471	
52	471	
52	471	54	
52	471	
52	471	
52	471	
52	471	
52	471	48	
52	471	
52	471	
52	471	
52	471	48	
52	471	
52	471	
52	471	
52	471	
52	471	
52	471	
52	471	
52	471	467	
52	471	116	
52	471	
52	471	
52	471	
52	471	
52	471	
52	471	
52	471	
52	471	
52	471	20	
52	471	
52	471	343	
52	471	
52	471	
52	471	
52	471	
52	471	
52	471	60	
52	471	116	
52	471	
52	471	407	
52	471	
52	471	
52	471	407	
52	471	479	
52	471	
52	471	451	
52	471	407	
52	471	502	503	
52	471	48	
52	471	
52	471	
52	471	
52	471	469	60	
52	471	
52	471	
52	471	
52	471	
52	471	
52	471	470	53	
52	471	
52	471	
52	471	
52	471	
52	471	48	
52	471	470	
52	471	
52	471	
52	471	53	
52	471	
52	471	
52	471	479	
52	471	
52	471	407	
52	471	
52	471	20	
52	471	36	
52	471	407	
52	471	
52	471	
52	471	
52	471	
52	471	
52	471	
52	471	
52	471	
52	471	
52	471	455	
52	471	
52	471	503	
52	471	
52	471	
52	471	
52	471	
52	471	
52	471	503	
52	471	479	467	
52	471	54	
52	471	
52	471	
52	471	503	
52	471	
52	471	479	407	
52	471	
52	471	116	
52	471	53	
52	471	
52	471	
52	471	
52	471	
52	471	53	
52	471	
52	471	
52	471	
52	471	
52	471	
52	471	479	
52	471	343	
52	471	
52	471	
52	471	
52	471	
52	471	54	455	
52	471	343	
52	471	
52	471	
52	471	
52	471	
52	471	467	
52	471	
52	471	
52	471	
52	471	
52	471	
52	471	
52	471	
52	471	180	
52	471	53	116	
52	471	
52	471	467	
52	471	
52	471	
52	471	
52	471	36	
52	471	
52	471	
52	471	470	
52	471	405	
52	471	
52	471	469	
52	471	
52	471	
52	471	
52	471	
52	471	
52	471	455	
52	471	407	
52	471	48	
52	471	479	
52	471	
52	471	466	470	
52	471	
52	471	503	
52	471	53	
52	471	
52	471	
52	471	
52	471	
52	471	
52	471	
52	471	467	470	
52	471	53	
52	471	116	
52	471	
52	471	
52	471	
52	471	407	
52	471	
52	471	
52	471	60	180	
52	471	503	48	
52	471	
52	471	20	
52	471	
52	471	
52	471	
52	471	
52	471	343	
52	471	
52	471	116	
52	471	467	
52	471	
52	471	
52	471	36	
52	471	
52	471	
52	471	343	
52	471	
52	471	
52	471	
52	471	470	
52	471	
52	471	
52	471	
52	471	
52	471	
52	471	455	
52	471	
52	471	
52	471	470	469	
52	471	
52	471	469	
52	471	
52	471	
52	471	503	
52	471	
52	471	
52	471	
52	471	
52	471	
52	471	407	
52	471	
52	471	
52	471	
52	471	
52	471	
52	471	
52	471	116	
52	471	
52	471	
52	471	20	
52	471	
52	471	
52	471	
52	471	
52	471	
52	471	
52	471	
52	471	279	
52	471	
52	471	
52	471	
52	471	20	479	
52	471	
52	471	479	
52	471	
52	471	343	
52	471	
52	471	
52	471	54	
52	471	
52	471	
52	471	
52	471	
52	471	
52	471	
52	471	53	
52	471	60	
52	471	
52	471	20	
52	471	
52	471	
52	471	112	116	
52	471	
52	471	470	
52	471	
52	471	
52	471	455	
52	471	467	
52	471	
52	471	
52	471	
52	471	467	
52	471	
52	471	
52	471	479	
52	471	455	
52	471	470	
52	471	
52	471	
52	471	20	
52	471	
52	471	
52	471	
52	471	
52	471	53	
52	471	
52	471	
52	471	
52	471	
52	471	
52	471	
52	471	
52	471	
52	471	
52	471	
52	471	
52	471	
52	471	
52	471	
52	471	
52	471	
52	471	
52	471	503	
52	471	
52	471	
52	471	
52	471	
52	471	20	48	
52	471	180	
52	471	
52	471	
52	471	60	
52	471	
52	471	
52	471	180	
52	471	469	
52	471	
52	471	455	
52	471	
52	471	20	
52	471	
52	471	
52	471	
52	471	
52	471	470	
52	471	407	479	
52	471	
52	471	479	
52	471	
52	471	
52	471	
52	471	
52	471	
52	471	
52	471	
52	471	48	
52	471	54	
52	471	
52	471	
52	471	
52	471	
52	471	
52	471	407	479	
52	471	
52	471	
52	471	
52	471	
52	471	
52	471	
52	471	180	
52	471	407	
52	471	
52	471	48	116	
52	471	
52	471	470	
52	471	
52	471	
52	471	
52	471	499	467	
52	471	
52	471	343	
52	471	
52	471	
52	471	
52	471	503	
52	471	
52	471	470	
52	471	
52	471	
52	471	465	
52	471	
52	471	54	
52	471	60	
52	471	
52	471	
52	471	
52	471	
52	471	
52	471	20	
52	471	
52	471	
52	471	
52	471	
52	471	
52	471	
52	471	
52	471	343	
52	471	
52	471	470	
52	471	479	
52	471	
52	471	
52	471	455	
52	471	479	
52	471	36	180	503	
52	471	
52	471	
52	471	469	54	
52	471	
52	471	
52	471	
52	471	
52	471	
52	471	407	
52	471	470	
52	471	60	
52	471	
52	471	
52	471	
52	471	
52	471	
52	471	
52	471	479	
52	471	
52	471	
52	471	
52	471	469	
52	471	60	
52	471	
52	471	
52	471	
52	471	
52	471	455	
52	471	
52	471	
52	471	503	
52	471	53	
52	471	343	
52	471	
52	471	343	
52	471	
52	471	467	
52	471	
52	471	
52	471	
52	471	
52	471	
52	471	
52	471	
52	471	343	180	
52	471	
52	471	
52	471	60	
52	471	
52	471	
52	471	469	
52	471	
52	471	54	
52	471	
52	471	
52	471	470	
52	471	407	
52	471	479	54	
52	471	
52	471	
52	471	
52	471	503	
52	471	36	53	
52	471	
52	471	469	
52	471	60	
52	471	467	
52	471	454	180	
52	471	
52	471	
52	471	
52	471	469	
52	471	20	
52	471	
52	471	
52	471	
52	471	180	343	
52	471	
52	471	
52	471	455	
52	471	503	
52	471	36	
52	471	
52	471	
52	471	
52	471	467	
52	471	54	
52	471	343	
52	471	503	
52	471	
52	471	479	60	
52	471	
52	471	
52	471	
52	471	
52	471	60	
52	471	
52	471	
52	471	
52	471	
52	471	
52	471	
52	471	
52	471	
52	471	407	
52	471	54	
52	471	
52	471	
52	471	
52	471	
52	471	
52	471	
52	471	60	
52	471	
52	471	
52	471	54	
52	471	
52	471	
52	471	
52	471	455	503	
52	471	
52	471	
52	471	
52	471	
52	471	53	
52	471	
52	471	469	
52	471	48	
52	471	116	
52	471	
52	471	
52	471	503	
52	471	
52	471	
52	471	
52	471	
52	471	
52	471	
52	471	
52	471	
52	471	
52	471	
52	471	343	
52	471	60	
52	471	
52	471	
52	471	
52	471	
52	471	343	
52	471	
52	471	20	
52	471	
52	471	503	180	
52	471	
52	471	470	
52	471	467	
52	471	53	
52	471	
52	471	
52	471	
52	471	470	
52	471	
52	471	
52	471	503	
52	471	48	
52	471	
52	471	
52	471	
52	471	36	
52	471	
52	471	
52	471	
52	471	
52	471	
52	471	
52	471	20	54	
52	471	
52	471	479	
52	471	53	
52	471	
52	471	
52	471	
52	471	
52	471	
52	471	
52	471	
52	471	
52	471	479	415	
52	471	
52	471	53	
52	471	
52	471	467	503	
52	471	60	
52	471	343	
52	471	
52	471	
52	471	
52	471	
52	471	
52	471	
52	471	
52	471	
52	471	20	
52	471	100	48	
52	471	503	470	
52	471	
52	471	
52	471	
52	471	
52	471	
52	471	503	
52	471	
52	471	
52	471	
52	471	53	
52	471	479	
52	471	
52	471	
52	471	503	343	
52	471	
52	471	
52	471	20	
52	471	455	
52	471	469	
52	471	
52	471	116	
52	471	503	
52	471	
52	471	
52	471	20	
52	471	54	48	
52	471	
52	471	
52	471	
52	471	
52	471	
52	471	470	479	
52	471	
52	471	
52	471	
52	471	343	
52	471	
52	471	36	
52	471	
52	471	503	
52	471	
52	471	
52	471	116	
52	471	
52	471	
52	471	
52	471	
52	471	
52	471	
52	471	
52	471	
52	471	469	
52	471	54	
52	471	
52	471	
52	471	
52	471	
52	471	
52	471	
52	471	
52	471	
52	471	
52	471	
52	471	
52	471	
52	471	
52	471	
52	471	
52	471	
52	471	407	
52	471	407	
52	471	148	149	
52	471	60	
52	471	
52	471	
52	471	479	
52	471	48	
52	471	
52	471	54	
52	471	100	467	
52	471	
52	471	503	
52	471	
52	471	
52	471	
52	471	
52	471	
52	471	
52	471	
52	471	
52	471	467	
52	471	
52	471	
52	471	
52	471	
52	471	
52	471	
52	471	
52	471	
52	471	469	
52	471	
52	471	
52	471	
52	471	
52	471	
52	471	
52	471	
52	471	
52	471	407	
52	471	
52	471	469	
52	471	116	
52	471	
52	471	
52	471	
52	471	469	
52	471	
52	471	
52	471	180	
52	471	
52	471	
52	471	470	
52	471	
52	471	
52	471	407	48	
52	471	180	
52	471	455	
52	471	475	
52	471	467	
52	471	180	
52	471	
52	471	
52	471	
52	471	
52	471	
52	471	
52	471	469	
52	471	
52	471	
52	471	467	
52	471	407	
52	471	
52	471	
52	471	467	
52	471	
52	471	
52	471	
52	471	
52	471	
52	471	4	54	
52	471	
52	471	
52	471	36	
52	471	455	
52	471	
52	471	
52	471	
52	471	
52	471	
52	471	53	
52	471	469	
52	471	
52	471	
52	471	487	
52	471	
52	471	407	
52	471	
52	471	20	
52	471	
52	471	61	62	
52	471	54	
52	471	479	54	
52	471	470	
52	471	53	
52	471	
52	471	407	
52	471	
52	471	
52	471	
52	471	343	
52	471	
52	471	
52	471	
52	471	
52	471	
52	471	
52	471	
52	471	
52	471	
52	471	
52	471	
52	471	327	
52	471	503	84	
52	471	
52	471	
52	471	
52	471	
52	471	36	48	
52	471	
52	471	
52	471	
52	471	
52	471	180	
52	471	
52	471	
52	471	455	36	
52	471	407	
52	471	180	
52	471	116	279	
52	471	
52	471	
52	471	
52	471	
52	471	
52	471	
52	471	479	
52	471	503	
52	471	351	
52	471	180	
52	471	
52	471	
52	471	
52	471	
52	471	
52	471	
52	471	180	
52	471	
52	471	343	
52	471	
52	471	
52	471	
52	471	48	
52	471	455	
52	471	343	
52	471	467	20	
52	471	470	
52	471	
52	471	
52	471	
52	471	20	
52	471	
52	471	
52	471	343	180	
52	471	
52	471	
52	471	
52	471	60	
52	471	
52	471	469	
52	471	48	
52	471	
52	471	
52	471	
52	471	
52	471	20	
52	471	
52	471	48	343	
52	471	
52	471	
52	471	
52	471	
52	471	
52	471	
52	471	
52	471	
52	471	
52	471	116	
52	471	
52	471	
52	471	
52	471	
52	471	469	
52	471	
52	471	
52	471	407	
52	471	116	
52	471	
52	471	60	
52	471	
52	471	469	
52	471	
52	471	60	
52	471	
52	471	
52	471	
52	471	479	455	
52	471	470	
52	471	
52	471	
52	471	
52	471	
52	471	
52	471	
52	471	407	
52	471	
52	471	
52	471	180	
52	471	53	116	
52	471	
52	471	60	
52	471	
52	471	
52	471	
52	471	
52	471	469	
52	471	20	
52	471	
52	471	
52	471	
52	471	343	467	
52	471	
52	471	478	
52	471	
52	471	470	
52	471	
52	471	
52	471	
52	471	
52	471	343	
52	471	
52	471	
52	471	
52	471	
52	471	54	
52	471	
52	471	
52	471	
52	471	
52	471	
52	471	48	
52	471	
52	471	487	455	
52	471	467	470	
52	471	
52	471	180	181	
52	471	
52	471	
52	471	
52	471	180	
52	471	
52	471	
52	471	
52	471	
52	471	
52	471	
52	471	
52	471	
52	471	
52	471	
52	471	
52	471	
52	471	
52	471	
52	471	
52	471	
52	471	112	
52	471	343	
52	471	
52	471	54	
52	471	
52	471	
52	471	
52	471	
52	471	407	60	
52	471	53	
52	471	
52	471	
52	471	
52	471	
52	471	470	36	
52	471	
52	471	
52	471	
52	471	
52	471	
52	471	
52	471	470	
52	471	343	
52	471	
52	471	
52	471	
52	471	
52	471	116	
52	471	
52	471	
52	471	
52	471	470	478	
52	471	
52	471	100	
52	471	503	
52	471	
52	471	
52	471	
52	471	
52	471	479	
52	471	
52	471	
52	471	469	
52	471	
52	471	20	
52	471	
52	471	469	
52	471	
52	471	
52	471	
52	471	
52	471	
52	471	503	
52	471	
52	471	469	
52	471	455	
52	471	60	
52	471	
52	471	
52	471	20	
52	471	
52	471	467	407	
52	471	
52	471	
52	471	36	
52	471	479	
52	471	469	407	
52	471	
52	471	
52	471	
52	471	
52	471	
52	471	
52	471	
52	471	180	
52	471	
52	471	
52	471	
52	471	53	479	470	
52	471	
52	471	479	
52	471	20	
52	471	
52	471	53	
52	471	
52	471	
52	471	
52	471	
52	471	343	
52	471	343	
52	471	
52	471	
52	471	36	
52	471	
52	471	
52	471	
52	471	
52	471	
52	471	
52	471	
52	471	20	
52	471	
52	471	
52	471	
52	471	
52	471	60	479	
52	471	
52	471	455	
52	471	
52	471	
52	471	
52	471	
52	471	
52	471	54	
52	471	470	
52	471	
52	471	
52	471	
52	471	
52	471	455	
52	471	54	453	
52	471	
52	471	
52	471	
52	471	
52	471	180	
52	471	
52	471	
52	471	503	
52	471	
52	471	
52	471	
52	471	
52	471	
52	471	
52	471	4	
52	471	467	36	
52	471	
52	471	502	486	53	438	446	
52	471	
52	471	470	
52	471	53	
52	471	
52	471	
52	471	
52	471	
52	471	
52	471	
52	471	
52	471	
52	471	
52	471	
52	471	
52	471	60	
52	471	
52	471	
52	471	
52	471	
52	471	
52	471	468	
52	471	
52	471	
52	471	
52	471	467	
52	471	
52	471	116	
52	471	
52	471	479	
52	471	
52	471	180	
52	471	511	
52	471	469	455	
52	471	
52	471	503	60	
52	471	
52	471	
52	471	
52	471	60	
52	471	
52	471	
52	471	
52	471	
52	471	
52	471	469	
52	471	180	
52	471	60	
52	471	
52	471	36	
52	471	60	
52	471	
52	471	
52	471	
52	471	
52	471	4	
52	471	60	
52	471	20	
52	471	279	
52	471	
52	471	
52	471	
52	471	455	
52	471	
52	471	53	
52	471	180	
52	471	
52	471	
52	471	343	116	
52	471	479	
52	471	
52	471	
52	471	
52	471	116	
52	471	
52	471	244	
52	471	
52	471	
52	471	
52	471	470	
52	471	
52	471	470	
52	471	
52	471	36	
52	471	
52	471	
52	471	
52	471	
52	471	
52	471	
52	471	180	
52	471	
52	471	
52	471	53	
52	471	
52	471	451	
52	471	
52	471	
52	471	469	
52	471	
52	471	
52	471	
52	471	467	
52	471	
52	471	
52	471	
52	471	
52	471	116	180	
52	471	36	
52	471	180	
52	471	479	
52	471	479	
52	471	
52	471	
52	471	244	20	
52	471	
52	471	54	
52	471	479	
52	471	455	
52	471	
52	471	469	
52	471	
52	471	53	
52	471	
52	471	
52	471	455	
52	471	
52	471	
52	471	
52	471	
52	471	407	
52	471	54	
52	471	
52	471	
52	471	
52	471	60	
52	471	48	
52	471	407	
52	471	
52	471	
52	471	470	
52	471	
52	471	53	
52	471	
52	471	
52	471	
52	471	
52	471	
52	471	
52	471	
52	471	
52	471	
52	471	
52	471	
52	471	
52	471	
52	471	
52	471	
52	471	
52	471	
52	471	54	470	
52	471	
52	471	
52	471	
52	471	
52	471	
52	471	
52	471	
52	471	455	
52	471	36	511	
52	471	
52	471	
52	471	407	
52	471	
52	471	48	
52	471	
52	471	
52	471	
52	471	407	
52	471	
52	471	
52	471	
52	471	
52	471	415	
52	471	
52	471	
52	471	48	
52	471	407	
52	471	20	
52	471	
52	471	60	
52	471	455	
52	471	100	
52	471	
52	471	
52	471	
52	471	116	
52	471	
52	471	
52	471	36	
52	471	60	
52	471	36	
52	471	
52	471	
52	471	
52	471	116	
52	471	
52	471	
52	471	
52	471	
52	471	
52	471	
52	471	
52	471	
52	471	54	36	
52	471	
52	471	
52	471	
52	471	503	
52	471	
52	471	467	
52	471	53	181	
52	471	
52	471	
52	471	
52	471	
52	471	
52	471	455	
52	471	48	
52	471	
52	471	
52	471	
52	471	53	
52	471	
52	471	
52	471	
52	471	407	415	
52	471	53	
52	471	
52	471	
52	471	
52	471	
52	471	
52	471	
52	471	
52	471	60	
52	471	
52	471	20	
52	471	
52	471	
52	471	
52	471	
52	471	
52	471	
52	471	470	20	
52	471	
52	471	
52	471	
52	471	116	
52	471	20	
52	471	
52	471	
52	471	
52	471	
52	471	407	
52	471	
52	471	343	
52	471	
52	471	
52	471	467	
52	471	116	
52	471	
52	471	
52	471	
52	471	
52	471	469	
52	471	180	
52	471	
52	471	
52	471	53	
52	471	
52	471	
52	471	
52	471	407	
52	471	
52	471	343	
52	471	60	
52	471	
52	471	
52	471	
52	471	
52	471	467	
52	471	343	
52	471	
52	471	
52	471	
52	471	54	
52	471	
52	471	469	
52	471	455	
52	471	
52	471	
52	471	
52	471	
52	471	
52	471	180	
52	471	
52	471	
52	471	343	
52	471	
52	471	
52	471	
52	471	
52	471	
52	471	
52	471	
52	471	
52	471	
52	471	
52	471	469	
52	471	
52	471	116	60	
52	471	
52	471	
52	471	48	
52	471	
52	471	
52	471	
52	471	
52	471	53	
52	471	48	
52	471	
52	471	
52	471	116	
52	471	
52	471	36	
52	471	
52	471	455	
52	471	48	
52	471	
52	471	48	
52	471	503	
52	471	
52	471	
52	471	
52	471	
52	471	
52	471	
52	471	
52	471	54	
52	471	
52	471	
52	471	470	
52	471	
52	471	
52	471	
52	471	60	
52	471	36	
52	471	
52	471	
52	471	
52	471	407	
52	471	
52	471	343	
52	471	54	
52	471	
52	471	
52	471	
52	471	
52	471	48	
52	471	
52	471	
52	471	
52	471	467	
52	471	343	
52	471	
52	471	
52	471	
52	471	
52	471	
52	471	
52	471	
52	471	
52	471	53	
52	471	
52	471	
52	471	
52	471	
52	471	
52	471	
52	471	
52	471	
52	471	
52	471	
52	471	
52	471	279	
52	471	36	467	
52	471	
52	471	479	116	
52	471	455	
52	471	
52	471	
52	471	
52	471	
52	471	
52	471	
52	471	
52	471	
52	471	84	116	
52	471	
52	471	
52	471	
52	471	
52	471	
52	471	
52	471	180	407	
52	471	
52	471	455	
52	471	20	22	
52	471	54	
52	471	343	
52	471	36	
52	471	53	48	
52	471	
52	471	
52	471	
52	471	
52	471	
52	471	180	
52	471	
52	471	
52	471	479	
52	471	
52	471	
52	471	
52	471	
52	471	
52	471	
52	471	
52	471	
52	471	
52	471	
52	471	
52	471	
52	471	
52	471	
52	471	
52	471	
52	471	479	469	
52	471	469	
52	471	467	
52	471	
52	471	
52	471	
52	471	
52	471	60	61	
52	471	
52	471	
52	471	
52	471	
52	471	
52	471	
52	471	53	
52	471	
52	471	
52	471	
52	471	
52	471	
52	471	
52	471	53	36	
52	471	
52	471	
52	471	467	
52	471	180	
52	471	
52	471	
52	471	
52	471	
52	471	
52	471	407	
52	471	
52	471	148	
52	471	
52	471	
52	471	
52	471	
52	471	
52	471	20	
52	471	
52	471	467	
52	471	
52	471	
52	471	
52	471	
52	471	
52	471	
52	471	
52	471	
52	471	
52	471	
52	471	
52	471	
52	471	469	
52	471	
52	471	
52	471	
52	471	
52	471	
52	471	
52	471	
52	471	
52	471	
52	471	
52	471	
52	471	
52	471	
52	471	
52	471	53	
52	471	
52	471	
52	471	
52	471	
52	471	
52	471	
52	471	
52	471	60	53	
52	471	116	
52	471	
52	471	
52	471	
52	471	
52	471	
52	471	
52	471	470	
52	471	
52	471	
52	471	
52	471	503	53	
52	471	60	
52	471	
52	471	
52	471	
52	471	
52	471	
52	471	407	
52	471	
52	471	
52	471	
52	471	54	
52	471	
52	471	
52	471	60	
52	471	
52	471	467	
52	471	
52	471	20	
52	471	341	
52	471	180	
52	471	
52	471	54	
52	471	
52	471	
52	471	
52	471	
52	471	
52	471	36	
52	471	
52	471	407	
52	471	
52	471	503	
52	471	
52	471	
52	471	
52	471	469	
52	471	
52	471	
52	471	48	
52	471	
52	471	
52	471	54	
52	471	180	
52	471	
52	471	
52	471	
52	471	
52	471	479	
52	471	
52	471	
52	471	180	
52	471	
52	471	60	
52	471	343	470	
52	471	
52	471	
52	471	
52	471	116	
52	471	116	
52	471	
52	471	
52	471	
52	471	
52	471	
52	471	20	503	
52	471	343	
52	471	
52	471	
52	471	479	
52	471	343	
52	471	
52	471	36	
52	471	53	
52	471	180	
52	471	
52	471	
52	471	
52	471	
52	471	20	
52	471	
52	471	
52	471	180	
52	471	
52	471	
52	471	
52	471	
52	471	
52	471	
52	471	
52	471	60	
52	471	
52	471	455	
52	471	
52	471	53	
52	471	60	
52	471	
52	471	
52	471	
52	471	
52	471	
52	471	
52	471	
52	471	
52	471	
52	471	
52	471	
52	471	
52	471	
52	471	
52	471	479	116	
52	471	20	
52	471	407	
52	471	
52	471	469	
52	471	503	
52	471	343	
52	471	
52	471	
52	471	180	
52	471	
52	471	
52	471	470	
52	471	
52	471	
52	471	
52	471	116	
52	471	
52	471	
52	471	
52	471	
52	471	470	
52	471	455	
52	471	
52	471	53	455	
52	471	
52	471	112	
52	471	
52	471	53	
52	471	
52	471	
52	471	503	
52	471	
52	471	
52	471	479	
52	471	
52	471	
52	471	351	479	
52	471	
52	471	467	53	
52	471	
52	471	
52	471	455	
52	471	
52	471	
52	471	
52	471	
52	471	
52	471	
52	471	470	
52	471	
52	471	
52	471	48	54	467	
52	471	
52	471	
52	471	20	
52	471	48	
52	471	469	
52	471	470	
52	471	
52	471	
52	471	
52	471	54	53	
52	471	
52	471	
52	471	
52	471	455	
52	471	
52	471	
52	471	
52	471	
52	471	
52	471	
52	471	
52	471	53	
52	471	467	
52	471	54	
52	471	470	
52	471	
52	471	
52	471	54	
52	471	470	
52	471	
52	471	479	
52	471	479	
52	471	
52	471	343	
52	471	
52	471	
52	471	
52	471	
52	471	467	
52	471	180	469	
52	471	
52	471	
52	471	
52	471	
52	471	
52	471	54	407	
52	471	180	
52	471	
52	471	
52	471	
52	471	
52	471	54	
52	471	
52	471	60	188	
52	471	
52	471	
52	471	479	
52	471	
52	471	
52	471	
52	471	
52	471	
52	471	
52	471	
52	471	
52	471	
52	471	
52	471	
52	471	
52	471	
52	471	
52	471	
52	471	
52	471	
52	471	
52	471	503	
52	471	
52	471	
52	471	455	
52	471	
52	471	
52	471	469	
52	471	503	407	
52	471	
52	471	479	
52	471	
52	471	
52	471	
52	471	479	
52	471	180	
52	471	
52	471	
52	471	
52	471	
52	471	
52	471	469	
52	471	
52	471	36	
52	471	
52	471	
52	471	
52	471	48	
52	471	53	
52	471	
52	471	407	
52	471	180	
52	471	
52	471	28	
52	471	
52	471	
52	471	
52	471	
52	471	
52	471	84	
52	471	
52	471	
52	471	
52	471	
52	471	
52	471	
52	471	4	
52	471	
52	471	
52	471	
52	471	477	
52	471	
52	471	
52	471	470	
52	471	470	
52	471	
52	471	
52	471	
52	471	
52	471	
52	471	
52	471	455	
52	471	
52	471	
52	471	
52	471	
52	471	
52	471	
52	471	
52	471	
52	471	20	
52	471	
52	471	36	
52	471	
52	471	
52	471	
52	471	53	
52	471	
52	471	180	
52	471	
52	471	
52	471	
52	471	
52	471	36	
52	471	
52	471	
52	471	
52	471	180	
52	471	
52	471	
52	471	343	180	
52	471	
52	471	
52	471	
52	471	
52	471	
52	471	
52	471	
52	471	327	453	
52	471	
52	471	60	
52	471	48	
52	471	467	
52	471	
52	471	
52	471	
52	471	
52	471	
52	471	470	
52	471	
52	471	
52	471	180	53	
52	471	
52	471	
52	471	
52	471	
52	471	
52	471	
52	471	
52	471	
52	471	54	
52	471	4	6	
52	471	
52	471	
52	471	
52	471	
52	471	
52	471	469	468	
52	471	
52	471	117	116	
52	471	
52	471	
52	471	54	469	
52	471	
52	471	
52	471	
52	471	
52	471	
52	471	467	
52	471	
52	471	
52	471	
52	471	
52	471	
52	471	
52	471	407	
52	471	342	28	60	
52	471	53	
52	471	
52	471	
52	471	
52	471	469	
52	471	36	
52	471	
52	471	
52	471	
52	471	36	479	
52	471	
52	471	
52	471	
52	471	
52	471	53	
52	471	
52	471	
52	471	469	
52	471	
52	471	470	
52	471	
52	471	
52	471	
52	471	
52	471	
52	471	
52	471	
52	471	
52	471	60	
52	471	
52	471	
52	471	
52	471	
52	471	
52	471	
52	471	
52	471	467	60	
52	471	
52	471	20	
52	471	
52	471	
52	471	479	
52	471	
52	471	469	
52	471	469	343	
52	471	
52	471	467	
52	471	
52	471	
52	471	
52	471	
52	471	470	
52	471	
52	471	
52	471	20	181	
52	471	
52	471	470	
52	471	
52	471	
52	471	
52	471	375	
52	471	
52	471	
52	471	53	
52	471	
52	471	
52	471	
52	471	343	
52	471	
52	471	
52	471	469	
52	471	
52	471	
52	471	
52	471	
52	471	
52	471	
52	471	116	
52	471	
52	471	
52	471	
52	471	
52	471	
52	471	
52	471	470	
52	471	60	20	
52	471	180	
52	471	
52	471	116	469	
52	471	
52	471	
52	471	415	
52	471	48	
52	471	60	
52	471	54	
52	471	407	
52	471	
52	471	
52	471	470	
52	471	
52	471	
52	471	
52	471	
52	471	
52	471	180	
52	471	
52	471	60	
52	471	
52	471	
52	471	48	
52	471	
52	471	54	
52	471	
52	471	
52	471	
52	471	467	
52	471	
52	471	
52	471	
52	471	
52	471	
52	471	
52	471	36	
52	471	
52	471	343	
52	471	
52	471	36	
52	471	
52	471	
52	471	
52	471	455	
52	471	455	
52	471	
52	471	467	
52	471	
52	471	53	
52	471	503	
52	471	
52	471	53	
52	471	20	53	
52	471	
52	471	455	479	
52	471	
52	471	180	48	
52	471	
52	471	180	
52	471	
52	471	84	
52	471	
52	471	503	
52	471	
52	471	
52	471	
52	471	
52	471	
52	471	
52	471	
52	471	36	
52	471	
52	471	
52	471	
52	471	
52	471	327	
52	471	
52	471	455	
52	471	467	
52	471	
52	471	20	
52	471	
52	471	
52	471	
52	471	
52	471	455	
52	471	164	
52	471	36	20	
52	471	
52	471	60	
52	471	
52	471	
52	471	
52	471	60	343	
52	471	
52	471	
52	471	
52	471	
52	471	455	
52	471	
52	471	
52	471	
52	471	
52	471	503	
52	471	
52	471	
52	471	
52	471	
52	471	
52	471	
52	471	
52	471	455	
52	471	
52	471	
52	471	22	
52	471	
52	471	54	
52	471	
52	471	53	
52	471	
52	471	
52	471	36	
52	471	180	
52	471	
52	471	
52	471	
52	471	
52	471	467	
52	471	
52	471	
52	471	
52	471	
52	471	
52	471	
52	471	
52	471	
52	471	
52	471	
52	471	
52	471	343	
52	471	455	
52	471	
52	471	
52	471	
52	471	
52	471	
52	471	48	343	
52	471	
52	471	
52	471	
52	471	
52	471	343	
52	471	343	
52	471	20	
52	471	
52	471	
52	471	
52	471	180	
52	471	479	
52	471	
52	471	
52	471	
52	471	
52	471	343	
52	471	
52	471	
52	471	
52	471	
52	471	
52	471	
52	471	
52	471	
52	471	
52	471	
52	471	469	60	
52	471	
52	471	
52	471	53	
52	471	
52	471	
52	471	343	
52	471	455	
52	471	
52	471	
52	471	
52	471	463	469	
52	471	180	
52	471	
52	471	
52	471	
52	471	
52	471	
52	471	
52	471	343	
52	471	
52	471	469	407	
52	471	
52	471	
52	471	
52	471	407	
52	471	
52	471	116	
52	471	
52	471	470	
52	471	469	
52	471	
52	471	180	479	
52	471	
52	471	
52	471	36	
52	471	343	
52	471	
52	471	53	
52	471	54	
52	471	
52	471	
52	471	
52	471	
52	471	407	
52	471	
52	471	
52	471	
52	471	
52	471	
52	471	
52	471	
52	471	
52	471	53	180	
52	471	
52	471	
52	471	466	53	
52	471	
52	471	469	
52	471	479	
52	471	60	
52	471	470	
52	471	503	
52	471	
52	471	36	
52	471	
52	471	
52	471	
52	471	
52	471	
52	471	
52	471	
52	471	
52	471	
52	471	
52	471	
52	471	
52	471	
52	471	48	
52	471	
52	471	
52	471	
52	471	116	124	
52	471	116	
52	471	467	
52	471	
52	471	
52	471	20	
52	471	
52	471	
52	471	467	
52	471	455	
52	471	
52	471	470	
52	471	
52	471	
52	471	53	
52	471	
52	471	
52	471	
52	471	54	
52	471	
52	471	
52	471	
52	471	22	
52	471	
52	471	
52	471	
52	471	407	343	
52	471	60	
52	471	116	
52	471	
52	471	455	
52	471	
52	471	407	
52	471	180	
52	471	
52	471	469	
52	471	
52	471	
52	471	
52	471	116	54	
52	471	
52	471	53	
52	471	
52	471	
52	471	479	
52	471	
52	471	
52	471	
52	471	
52	471	
52	471	
52	471	279	311	
52	471	
52	471	
52	471	
52	471	
52	471	343	407	
52	471	48	
52	471	
52	471	
52	471	407	
52	471	54	
52	471	
52	471	
52	471	
52	471	53	
52	471	
52	471	
52	471	
52	471	
52	471	
52	471	
52	471	
52	471	
52	471	
52	471	453	
52	471	343	
52	471	116	
52	471	407	
52	471	
52	471	
52	471	
52	471	180	
52	471	
52	471	
52	471	
52	471	
52	471	479	
52	471	
52	471	
52	471	
52	471	
52	471	
52	471	
52	471	
52	471	
52	471	
52	471	
52	471	455	116	
52	471	
52	471	
52	471	
52	471	
52	471	
52	471	479	
52	471	451	503	
52	471	
52	471	
52	471	48	
52	471	
52	471	
52	471	
52	471	
52	471	
52	471	116	
52	471	
52	471	116	
52	471	53	
52	471	503	
52	471	
52	471	
52	471	
52	471	455	479	
52	471	
52	471	53	
52	471	60	469	
52	471	
52	471	
52	471	
52	471	60	
52	471	60	
52	471	
52	471	479	
52	471	455	
52	471	
52	471	116	
52	471	
52	471	343	116	
52	471	
52	471	469	
52	471	470	
52	471	
52	471	
52	471	
52	471	
52	471	
52	471	180	503	
52	471	48	
52	471	439	503	
52	471	503	
52	471	
52	471	
52	471	
52	471	
52	471	470	
52	471	
52	471	
52	471	60	455	
52	471	
52	471	
52	471	
52	471	467	60	455	503	
52	471	
52	471	
52	471	
52	471	479	
52	471	451	
52	471	
52	471	60	469	
52	471	
52	471	
52	471	
52	471	467	
52	471	469	
52	471	
52	471	60	
52	471	
52	471	
52	471	
52	471	
52	471	
52	471	
52	471	60	
52	471	
52	471	54	469	
52	471	467	54	
52	471	
52	471	
52	471	
52	471	
52	471	
52	471	
52	471	
52	471	
52	471	
52	471	116	
52	471	
52	471	407	
52	471	
52	471	
52	471	53	
52	471	
52	471	
52	471	
52	471	
52	471	
52	471	
52	471	
52	471	
52	471	
52	471	
52	471	
52	471	
52	471	
52	471	
52	471	
52	471	469	
52	471	
52	471	
52	471	
52	471	
52	471	
52	471	503	
52	471	36	
52	471	479	
52	471	
52	471	
52	471	
52	471	
52	471	180	
52	471	
52	471	
52	471	479	
52	471	
52	471	
52	471	
52	471	479	
52	471	503	
52	471	
52	471	
52	471	
52	471	
52	471	
52	471	
52	471	
52	471	
52	471	
52	471	
52	471	54	
52	471	407	
52	471	
52	471	470	
52	471	180	
52	471	
52	471	
52	471	
52	471	
52	471	
52	471	
52	471	
52	471	407	
52	471	
52	471	53	
52	471	116	
52	471	479	
52	471	455	
52	471	
52	471	
52	471	60	116	
52	471	455	
52	471	
52	471	60	
52	471	
52	471	
52	471	
52	471	
52	471	
52	471	
52	471	502	
52	471	479	
52	471	
52	471	20	
52	471	
52	471	53	
52	471	
52	471	
52	471	20	
52	471	
52	471	
52	471	
52	471	
52	471	
52	471	
52	471	53	
52	471	
52	471	
52	471	
52	471	
52	471	48	
52	471	
52	471	
52	471	469	
52	471	
52	471	
52	471	
52	471	
52	471	
52	471	20	343	
52	471	
52	471	
52	471	
52	471	
52	471	475	
52	471	116	118	
52	471	
52	471	
52	471	
52	471	
52	471	
52	471	20	
52	471	
52	471	
52	471	
52	471	
52	471	117	116	479	
52	471	
52	471	
52	471	470	
52	471	20	
52	471	53	
52	471	279	20	
52	471	
52	471	467	
52	471	60	
52	471	
52	471	
52	471	
52	471	
52	471	407	
52	471	
52	471	
52	471	341	
52	471	
52	471	
52	471	
52	471	
52	471	
52	471	
52	471	54	
52	471	
52	471	
52	471	
52	471	
52	471	48	
52	471	
52	471	36	
52	471	48	
52	471	
52	471	
52	471	455	
52	471	53	
52	471	469	
52	471	
52	471	
52	471	
52	471	
52	471	455	5	20	
52	471	343	479	
52	471	407	
52	471	
52	471	
52	471	
52	471	60	
52	471	
52	471	
52	471	36	
52	471	279	
52	471	501	20	
52	471	
52	471	470	
52	471	
52	471	
52	471	54	
52	471	
52	471	
52	471	470	
52	471	
52	471	
52	471	180	
52	471	407	
52	471	
52	471	
52	471	
52	471	180	469	
52	471	407	
52	471	
52	471	
52	471	479	
52	471	
52	471	
52	471	20	36	54	
52	471	
52	471	
52	471	469	
52	471	
52	471	503	
52	471	
52	471	
52	471	
52	471	116	
52	471	
52	471	
52	471	
52	471	
52	471	
52	471	
52	471	
52	471	
52	471	455	
52	471	
52	471	60	
52	471	
52	471	
52	471	
52	471	
52	471	455	
52	471	
52	471	
52	471	
52	471	
52	471	343	116	
52	471	36	48	
52	471	
52	471	
52	471	
52	471	116	
52	471	
52	471	
52	471	
52	471	
52	471	20	469	
52	471	36	
52	471	60	
52	471	
52	471	
52	471	
52	471	44	60	
52	471	
52	471	
52	471	116	
52	471	
52	471	
52	471	
52	471	48	36	
52	471	116	
52	471	
52	471	
52	471	
52	471	
52	471	
52	471	
52	471	116	467	
52	471	
52	471	54	
52	471	36	
52	471	
52	471	
52	471	
52	471	
52	471	
52	471	
52	471	60	
52	471	54	
52	471	467	
52	471	180	455	
52	471	343	
52	471	
52	471	
52	471	
52	471	
52	471	
52	471	
52	471	180	
52	471	
52	471	60	53	116	467	
52	471	54	
52	471	
52	471	
52	471	479	503	
52	471	
52	471	
52	471	
52	471	
52	471	36	
52	471	467	
52	471	503	
52	471	479	
52	471	
52	471	469	
52	471	
52	471	478	479	
52	471	
52	471	53	
52	471	
52	471	
52	471	
52	471	
52	471	
52	471	
52	471	
52	471	
52	471	
52	471	60	
52	471	
52	471	
52	471	
52	471	
52	471	116	
52	471	
52	471	
52	471	
52	471	
52	471	469	
52	471	
52	471	
52	471	
52	471	
52	471	
52	471	
52	471	36	
52	471	
52	471	
52	471	
52	471	
52	471	54	
52	471	
52	471	
52	471	
52	471	53	
52	471	343	
52	471	
52	471	455	
52	471	
52	471	
52	471	
52	471	455	48	
52	471	
52	471	
52	471	
52	471	36	116	
52	471	116	
52	471	36	
52	471	54	
52	471	
52	471	
52	471	
52	471	
52	471	
52	471	116	
52	471	
52	471	53	
52	471	
52	471	470	
52	471	180	
52	471	
52	471	
52	471	
52	471	
52	471	
52	471	
52	471	
52	471	
52	471	54	
52	471	
52	471	116	343	
52	471	
52	471	
52	471	
52	471	
52	471	
52	471	
52	471	
52	471	455	
52	471	470	
52	471	
52	471	
52	471	
52	471	
52	471	343	
52	471	
52	471	
52	471	
52	471	
52	471	
52	471	
52	471	
52	471	
52	471	
52	471	
52	471	503	
52	471	
52	471	499	
52	471	467	
52	471	
52	471	180	
52	471	
52	471	
52	471	
52	471	
52	471	
52	471	
52	471	
52	471	
52	471	
52	471	
52	471	
52	471	116	
52	471	
52	471	
52	471	
52	471	
52	471	343	
52	471	
52	471	
52	471	
52	471	
52	471	407	
52	471	
52	471	
52	471	
52	471	
52	471	
52	471	
52	471	
52	471	
52	471	
52	471	
52	471	
52	471	
52	471	
52	471	467	470	
52	471	
52	471	
52	471	
52	471	
52	471	
52	471	53	
52	471	
52	471	48	
52	471	
52	471	455	407	
52	471	
52	471	
52	471	116	
52	471	
52	471	
52	471	
52	471	
52	471	479	
52	471	
52	471	
52	471	
52	471	479	
52	471	467	
52	471	60	
52	471	
52	471	
52	471	
52	471	48	
52	471	467	
52	471	343	
52	471	
52	471	
52	471	
52	471	467	20	
52	471	467	
52	471	
52	471	
52	471	20	
52	471	116	
52	471	407	
52	471	
52	471	
52	471	406	
52	471	
52	471	455	
52	471	
52	471	36	
52	471	
52	471	
52	471	
52	471	503	
52	471	
52	471	
52	471	53	
52	471	
52	471	
52	471	
52	471	116	
52	471	
52	471	
52	471	
52	471	467	469	
52	471	
52	471	20	
52	471	
52	471	467	
52	471	
52	471	455	343	
52	471	
52	471	
52	471	
52	471	
52	471	
52	471	
52	471	503	
52	471	
52	471	20	
52	471	
52	471	60	
52	471	53	
52	471	
52	471	
52	471	
52	471	455	
52	471	
52	471	
52	471	
52	471	
52	471	
52	471	
52	471	
52	471	
52	471	
52	471	
52	471	
52	471	
52	471	
52	471	
52	471	53	
52	471	
52	471	116	
52	471	
52	471	53	
52	471	
52	471	116	
52	471	
52	471	
52	471	
52	471	4	36	
52	471	
52	471	
52	471	479	116	
52	471	
52	471	36	
52	471	470	
52	471	
52	471	
52	471	60	
52	471	
52	471	
52	471	
52	471	
52	471	470	
52	471	
52	471	
52	471	
52	471	
52	471	479	
52	471	
52	471	36	
52	471	
52	471	
52	471	407	343	
52	471	
52	471	
52	471	53	
52	471	
52	471	
52	471	
52	471	469	
52	471	
52	471	
52	471	
52	471	
52	471	116	
52	471	503	
52	471	
52	471	
52	471	
52	471	
52	471	407	
52	471	
52	471	
52	471	
52	471	
52	471	339	469	
52	471	
52	471	
52	471	
52	471	
52	471	479	60	
52	471	
52	471	
52	471	
52	471	503	
52	471	
52	471	
52	471	
52	471	
52	471	
52	471	
52	471	60	503	
52	471	48	
52	471	
52	471	
52	471	
52	471	
52	471	
52	471	
52	471	
52	471	
52	471	
52	471	
52	471	
52	471	
52	471	
52	471	
52	471	
52	471	
52	471	116	
52	471	
52	471	
52	471	
52	471	455	
52	471	470	
52	471	
52	471	
52	471	53	
52	471	
52	471	
52	471	20	
52	471	
52	471	
52	471	
52	471	
52	471	21	53	
52	471	
52	471	
52	471	
52	471	469	
52	471	343	
52	471	
52	471	
52	471	
52	471	20	
52	471	
52	471	
52	471	
52	471	36	
52	471	
52	471	
52	471	
52	471	
52	471	
52	471	469	
52	471	
52	471	
52	471	
52	471	60	469	
52	471	116	48	
52	471	
52	471	
52	471	
52	471	
52	471	
52	471	
52	471	467	
52	471	180	469	
52	471	36	
52	471	
52	471	503	
52	471	
52	471	
52	471	
52	471	503	469	
52	471	467	
52	471	463	
52	471	
52	471	
52	471	53	467	
52	471	470	
52	471	467	180	
52	471	
52	471	
52	471	
52	471	455	
52	471	
52	471	
52	471	
52	471	407	
52	471	
52	471	407	
52	471	
52	471	
52	471	
52	471	
52	471	467	
52	471	
52	471	469	479	
52	471	
52	471	
52	471	
52	471	469	
52	471	
52	471	
52	471	
52	471	
52	471	
52	471	
52	471	
52	471	
52	471	
52	471	
52	471	
52	471	54	
52	471	
52	471	343	
52	471	
52	471	
52	471	
52	471	36	
52	471	
52	471	
52	471	
52	471	
52	471	469	
52	471	
52	471	
52	471	
52	471	36	
52	471	
52	471	
52	471	
52	471	
52	471	
52	471	
52	471	
52	471	
52	471	
52	471	469	
52	471	
52	471	
52	471	
52	471	
52	471	48	
52	471	
52	471	
52	471	
52	471	
52	471	
52	471	467	469	
52	471	
52	471	
52	471	20	455	
52	471	
52	471	
52	471	407	
52	471	
52	471	
52	471	20	
52	471	
52	471	
52	471	475	
52	471	467	
52	471	
52	471	53	
52	471	
52	471	339	
52	471	
52	471	469	
52	471	
52	471	36	
52	471	180	
52	471	
52	471	
52	471	469	
52	471	48	
52	471	
52	471	
52	471	
52	471	
52	471	
52	471	
52	471	
52	471	
52	471	
52	471	180	
52	471	
52	471	20	
52	471	
52	471	60	
52	471	
52	471	
52	471	
52	471	
52	471	
52	471	
52	471	
52	471	
52	471	479	503	
52	471	479	407	
52	471	469	405	
52	471	
52	471	
52	471	
52	471	469	
52	471	503	
52	471	
52	471	467	
52	471	467	
52	471	
52	471	
52	471	60	
52	471	
52	471	
52	471	
52	471	
52	471	53	
52	471	
52	471	60	
52	471	
52	471	20	
52	471	469	
52	471	
52	471	
52	471	
52	471	
52	471	
52	471	
52	471	
52	471	
52	471	469	
52	471	54	116	
52	471	
52	471	469	343	
52	471	
52	471	180	36	164	
52	471	
52	471	
52	471	
52	471	
52	471	
52	471	
52	471	
52	471	
52	471	
52	471	343	54	
52	471	
52	471	467	
52	471	
52	471	
52	471	
52	471	
52	471	
52	471	
52	471	407	470	
52	471	
52	471	
52	471	116	
52	471	
52	471	467	
52	471	180	
52	471	
52	471	
52	471	53	
52	471	
52	471	
52	471	
52	471	
52	471	467	116	
52	471	36	
52	471	
52	471	
52	471	503	
52	471	20	
52	471	
52	471	20	
52	471	
52	471	
52	471	
52	471	469	
52	471	
52	471	343	
52	471	503	
52	471	455	
52	471	479	
52	471	60	
52	471	
52	471	
52	471	
52	471	407	
52	471	
52	471	
52	471	36	
52	471	
52	471	467	
52	471	
52	471	
52	471	503	
52	471	470	
52	471	
52	471	
52	471	
52	471	
52	471	180	
52	471	
52	471	455	
52	471	
52	471	479	
52	471	
52	471	455	
52	471	469	
52	471	
52	471	
52	471	
52	471	
52	471	
52	471	54	
52	471	54	463	
52	471	
52	471	
52	471	
52	471	
52	471	
52	471	
52	471	48	
52	471	
52	471	503	455	
52	471	343	
52	471	503	
52	471	
52	471	
52	471	503	467	
52	471	
52	471	
52	471	
52	471	
52	471	
52	471	
52	471	
52	471	
52	471	
52	471	
52	471	60	
52	471	
52	471	
52	471	
52	471	
52	471	
52	471	
52	471	53	
52	471	
52	471	
52	471	100	
52	471	455	
52	471	
52	471	479	
52	471	343	
52	471	
52	471	20	407	
52	471	
52	471	
52	471	
52	471	48	
52	471	
52	471	
52	471	60	
52	471	
52	471	
52	471	
52	471	
52	471	
52	471	455	
52	471	
52	471	
52	471	
52	471	455	
52	471	
52	471	48	
52	471	
52	471	
52	471	48	
52	471	
52	471	
52	471	48	116	
52	471	
52	471	
52	471	
52	471	
52	471	
52	471	
52	471	343	
52	471	
52	471	20	100	
52	471	54	
52	471	
52	471	
52	471	
52	471	
52	471	
52	471	54	479	
52	471	
52	471	53	
52	471	53	
52	471	
52	471	
52	471	
52	471	
52	471	
52	471	
52	471	
52	471	279	
52	471	279	180	
52	471	279	
52	471	479	
52	471	503	
52	471	
52	471	
52	471	479	
52	471	36	
52	471	
52	471	455	
52	471	62	479	
52	471	
52	471	
52	471	455	
52	471	
52	471	343	53	407	
52	471	
52	471	
52	471	116	
52	471	470	
52	471	
52	471	
52	471	
52	471	479	
52	471	407	
52	471	
52	471	
52	471	
52	471	
52	471	
52	471	
52	471	20	
52	471	
52	471	
52	471	
52	471	
52	471	343	
52	471	
52	471	180	
52	471	
52	471	53	343	
52	471	20	164	180	
52	471	
52	471	503	60	
52	471	
52	471	
52	471	54	
52	471	
52	471	
52	471	
52	471	
52	471	
52	471	
52	471	
52	471	
52	471	479	
52	471	
52	471	407	
52	471	
52	471	20	
52	471	503	
52	471	343	
52	471	
52	471	
52	471	20	
52	471	
52	471	
52	471	
52	471	479	
52	471	
52	471	
52	471	
52	471	
52	471	
52	471	479	467	
52	471	
52	471	
52	471	455	
52	471	
52	471	53	
52	471	
52	471	20	
52	471	455	116	
52	471	
52	471	
52	471	
52	471	100	
52	471	100	343	
52	471	
52	471	
52	471	
52	471	
52	471	
52	471	
52	471	455	
52	471	
52	471	
52	471	
52	471	
52	471	
52	471	
52	471	180	116	
52	471	54	
52	471	
52	471	
52	471	
52	471	
52	471	
52	471	
52	471	
52	471	
52	471	
52	471	20	
52	471	
52	471	
52	471	48	36	
52	471	
52	471	343	
52	471	
52	471	60	
52	471	
52	471	
52	471	180	
52	471	
52	471	
52	471	180	
52	471	36	60	
52	471	
52	471	
52	471	
52	471	
52	471	
52	471	
52	471	
52	471	
52	471	
52	471	
52	471	116	244	
52	471	
52	471	
52	471	
52	471	
52	471	54	
52	471	
52	471	
52	471	
52	471	
52	471	
52	471	
52	471	
52	471	502	
52	471	
52	471	
52	471	
52	471	
52	471	
52	471	
52	471	
52	471	479	470	
52	471	
52	471	
52	471	
52	471	
52	471	
52	471	
52	471	
52	471	
52	471	
52	471	
52	471	
52	471	
52	471	
52	471	
52	471	
52	471	343	
52	471	
52	471	
52	471	
52	471	
52	471	
52	471	
52	471	
52	471	467	
52	471	407	
52	471	
52	471	
52	471	
52	471	
52	471	470	
52	471	
52	471	
52	471	
52	471	
52	471	36	
52	471	
52	471	
52	471	36	
52	471	
52	471	
52	471	
52	471	
52	471	
52	471	
52	471	455	
52	471	
52	471	53	
52	471	
52	471	54	
52	471	116	53	479	
52	471	
52	471	
52	471	
52	471	
52	471	
52	471	
52	471	20	
52	471	53	116	
52	471	
52	471	
52	471	
52	471	503	
52	471	
52	471	
52	471	
52	471	20	343	
52	471	
52	471	
52	471	20	
52	471	
52	471	
52	471	
52	471	
52	471	
52	471	
52	471	53	
52	471	
52	471	
52	471	
52	471	
52	471	479	
52	471	
52	471	180	
52	471	
52	471	467	469	
52	471	
52	471	54	
52	471	
52	471	
52	471	116	124	
52	471	
52	471	
52	471	
52	471	
52	471	
52	471	
52	471	
52	471	180	
52	471	
52	471	36	
52	471	
52	471	
52	471	
52	471	60	
52	471	36	
52	471	
52	471	470	
52	471	116	
52	471	
52	471	503	
52	471	
52	471	60	
52	471	469	
52	471	343	470	454	
52	471	
52	471	
52	471	
52	471	
52	471	
52	471	
52	471	116	
52	471	60	
52	471	
52	471	60	
52	471	
52	471	
52	471	503	
52	471	
52	471	
52	471	
52	471	
52	471	
52	471	455	
52	471	469	
52	471	
52	471	48	
52	471	479	
52	471	36	
52	471	479	
52	471	116	
52	471	
52	471	116	
52	471	
52	471	
52	471	
52	471	
52	471	
52	471	470	
52	471	
52	471	
52	471	
52	471	
52	471	
52	471	
52	471	
52	471	
52	471	
52	471	
52	471	343	
52	471	407	
52	471	
52	471	
52	471	
52	471	343	
52	471	
52	471	
52	471	180	
52	471	
52	471	
52	471	467	36	
52	471	467	53	
52	471	467	
52	471	
52	471	
52	471	
52	471	20	
52	471	
52	471	
52	471	
52	471	
52	471	
52	471	
52	471	487	
52	471	
52	471	
52	471	
52	471	
52	471	53	
52	471	
52	471	
52	471	
52	471	
52	471	
52	471	
52	471	
52	471	407	
52	471	
52	471	
52	471	
52	471	470	
52	471	
52	471	180	
52	471	53	
52	471	467	
52	471	36	
52	471	
52	471	180	
52	471	53	
52	471	470	
52	471	
52	471	
52	471	53	
52	471	
52	471	479	20	
52	471	
52	471	
52	471	
52	471	
52	471	
52	471	
52	471	479	
52	471	
52	471	455	479	
52	471	
52	471	
52	471	
52	471	503	
52	471	
52	471	
52	471	503	
52	471	20	
52	471	
52	471	
52	471	
52	471	
52	471	116	467	
52	471	
52	471	
52	471	479	
52	471	
52	471	
52	471	479	
52	471	53	
52	471	116	
52	471	
52	471	479	
52	471	
52	471	53	
52	471	
52	471	
52	471	54	
52	471	455	
52	471	
52	471	
52	471	
52	471	54	
52	471	470	
52	471	
52	471	
52	471	
52	471	
52	471	455	
52	471	343	469	
52	471	
52	471	
52	471	470	
52	471	
52	471	
52	471	455	
52	471	
52	471	469	
52	471	
52	471	467	470	
52	471	60	
52	471	
52	471	48	
52	471	60	
52	471	
52	471	
52	471	
52	471	
52	471	
52	471	53	
52	471	
52	471	
52	471	60	
52	471	20	
52	471	
52	471	36	
52	471	
52	471	
52	471	
52	471	60	
52	471	
52	471	455	
52	471	
52	471	
52	471	479	
52	471	
52	471	
52	471	
52	471	
52	471	
52	471	
52	471	
52	471	
52	471	407	
52	471	
52	471	
52	471	36	
52	471	
52	471	469	
52	471	470	20	
52	471	
52	471	
52	471	
52	471	
52	471	
52	471	467	
52	471	
52	471	
52	471	
52	471	36	
52	471	
52	471	180	148	
52	471	
52	471	407	
52	471	
52	471	
52	471	
52	471	54	20	53	
52	471	60	
52	471	
52	471	
52	471	
52	471	
52	471	
52	471	
52	471	
52	471	
52	471	
52	471	116	
52	471	60	
52	471	479	
52	471	469	
52	471	
52	471	
52	471	
52	471	53	343	
52	471	
52	471	503	
52	471	
52	471	
52	471	60	48	
52	471	
52	471	
52	471	
52	471	53	
52	471	
52	471	
52	471	
52	471	
52	471	
52	471	
52	471	
52	471	36	
52	471	
52	471	
52	471	
52	471	20	
52	471	
52	471	467	479	
52	471	
52	471	
52	471	
52	471	
52	471	36	
52	471	116	54	
52	471	
52	471	60	
52	471	
52	471	
52	471	
52	471	
52	471	
52	471	469	
52	471	
52	471	343	
52	471	
52	471	
52	471	
52	471	
52	471	20	60	
52	471	503	
52	471	
52	471	
52	471	
52	471	
52	471	
52	471	
52	471	
52	471	479	
52	471	
52	471	
52	471	
52	471	53	
52	471	
52	471	20	
52	471	407	
52	471	
52	471	
52	471	54	
52	471	
52	471	116	
52	471	
52	471	
52	471	
52	471	
52	471	479	
52	471	
52	471	
52	471	54	
52	471	
52	471	
52	471	
52	471	503	
52	471	
52	471	20	
52	471	180	
52	471	
52	471	455	
52	471	467	
52	471	
52	471	180	479	
52	471	
52	471	503	
52	471	180	
52	471	
52	471	
52	471	180	
52	471	
52	471	180	
52	471	164	
52	471	116	180	
52	471	
52	471	
52	471	279	
52	471	
52	471	54	
52	471	
52	471	4	
52	471	455	
52	471	
52	471	60	
52	471	503	
52	471	
52	471	
52	471	
52	471	
52	471	
52	471	470	
52	471	180	
52	471	
52	471	
52	471	343	
52	471	
52	471	60	
52	471	
52	471	469	
52	471	180	
52	471	
52	471	
52	471	
52	471	
52	471	
52	471	
52	471	
52	471	455	
52	471	503	
52	471	60	
52	471	
52	471	
52	471	
52	471	53	
52	471	
52	471	
52	471	
52	471	
52	471	
52	471	
52	471	
52	471	
52	471	
52	471	
52	471	
52	471	503	
52	471	
52	471	479	
52	471	
52	471	
52	471	
52	471	53	
52	471	470	
52	471	
52	471	
52	471	
52	471	180	
52	471	
52	471	
52	471	
52	471	455	343	
52	471	
52	471	
52	471	
52	471	
52	471	
52	471	
52	471	455	
52	471	16	48	
52	471	
52	471	343	
52	471	407	48	
52	471	54	
52	471	
52	471	
52	471	54	20	
52	471	
52	471	
52	471	
52	471	
52	471	20	
52	471	469	
52	471	60	
52	471	
52	471	454	
52	471	
52	471	54	
52	471	
52	471	54	
52	471	
52	471	
52	471	
52	471	
52	471	
52	471	
52	471	48	
52	471	60	343	
52	471	
52	471	
52	471	469	
52	471	
52	471	
52	471	54	
52	471	
52	471	
52	471	
52	471	455	
52	471	
52	471	
52	471	
52	471	20	
52	471	469	
52	471	
52	471	
52	471	48	
52	471	
52	471	116	
52	471	
52	471	
52	471	116	54	
52	471	
52	471	
52	471	
52	471	
52	471	343	
52	471	
52	471	
52	471	503	
52	471	4	
52	471	
52	471	
52	471	53	
52	471	
52	471	
52	471	
52	471	
52	471	
52	471	
52	471	
52	471	
52	471	
52	471	453	
52	471	
52	471	
52	471	
52	471	
52	471	
52	471	479	455	
52	471	
52	471	
52	471	
52	471	
52	471	
52	471	
52	471	
52	471	
52	471	53	
52	471	
52	471	
52	471	
52	471	
52	471	469	
52	471	503	
52	471	467	
52	471	
52	471	
52	471	479	
52	471	470	
52	471	
52	471	455	
52	471	
52	471	343	
52	471	49	343	
52	471	455	
52	471	116	
52	471	
52	471	469	
52	471	
52	471	
52	471	
52	471	
52	471	
52	471	60	
52	471	
52	471	
52	471	36	
52	471	36	
52	471	
52	471	
52	471	
52	471	
52	471	
52	471	53	
52	471	
52	471	
52	471	
52	471	
52	471	
52	471	
52	471	48	470	
52	471	
52	471	100	
52	471	36	
52	471	
52	471	
52	471	
52	471	467	
52	471	
52	471	60	
52	471	470	
52	471	
52	471	470	
52	471	20	
52	471	
52	471	
52	471	343	
52	471	
52	471	
52	471	
52	471	
52	471	
52	471	
52	471	
52	471	
52	471	60	
52	471	
52	471	
52	471	
52	471	
52	471	
52	471	
52	471	
52	471	
52	471	20	
52	471	
52	471	
52	471	
52	471	467	
52	471	44	
52	471	
52	471	
52	471	20	
52	471	
52	471	
52	471	
52	471	469	
52	471	
52	471	
52	471	455	
52	471	
52	471	470	116	
52	471	
52	471	
52	471	
52	471	343	469	
52	471	
52	471	20	479	
52	471	
52	471	
52	471	
52	471	469	454	
52	471	
52	471	
52	471	
52	471	
52	471	
52	471	
52	471	
52	471	
52	471	
52	471	
52	471	
52	471	
52	471	455	
52	471	36	
52	471	
52	471	36	
52	471	36	
52	471	
52	471	
52	471	
52	471	469	
52	471	
52	471	
52	471	503	
52	471	
52	471	
52	471	180	
52	471	
52	471	
52	471	116	
52	471	53	
52	471	
52	471	
52	471	
52	471	
52	471	407	479	
52	471	455	
52	471	36	
52	471	
52	471	116	
52	471	36	
52	471	
52	471	
52	471	
52	471	116	343	
52	471	36	
52	471	503	
52	471	60	188	
52	471	
52	471	
52	471	
52	471	469	
52	471	54	
52	471	
52	471	60	
52	471	467	
52	471	
52	471	
52	471	
52	471	
52	471	
52	471	
52	471	
52	471	455	
52	471	20	
52	471	
52	471	
52	471	20	
52	471	467	180	343	
52	471	
52	471	
52	471	
52	471	
52	471	
52	471	503	
52	471	343	
52	471	
52	471	
52	471	
52	471	116	
52	471	
52	471	
52	471	
52	471	
52	471	
52	471	
52	471	
52	471	
52	471	
52	471	
52	471	180	
52	471	
52	471	
52	471	
52	471	
52	471	
52	471	469	
52	471	36	53	
52	471	54	
52	471	
52	471	
52	471	
52	471	
52	471	54	455	
52	471	455	
52	471	
52	471	
52	471	60	
52	471	
52	471	
52	471	469	
52	471	
52	471	36	
52	471	
52	471	467	
52	471	
52	471	469	
52	471	
52	471	
52	471	
52	471	
52	471	
52	471	
52	471	
52	471	
52	471	
52	471	
52	471	116	
52	471	
52	471	479	467	
52	471	
52	471	60	
52	471	
52	471	
52	471	
52	471	36	
52	471	48	
52	471	407	
52	471	
52	471	469	
52	471	116	
52	471	60	
52	471	
52	471	
52	471	
52	471	
52	471	
52	471	
52	471	
52	471	
52	471	
52	471	
52	471	116	470	478	
52	471	
52	471	
52	471	
52	471	
52	471	
52	471	
52	471	479	
52	471	
52	471	
52	471	
52	471	455	
52	471	53	
52	471	
52	471	407	
52	471	
52	471	469	
52	471	
52	471	
52	471	53	
52	471	
52	471	479	
52	471	53	
52	471	
52	471	
52	471	20	
52	471	
52	471	181	
52	471	53	
52	471	
52	471	
52	471	
52	471	
52	471	
52	471	343	
52	471	48	
52	471	36	
52	471	
52	471	
52	471	
52	471	
52	471	
52	471	
52	471	
52	471	
52	471	21	
52	471	
52	471	470	
52	471	
52	471	116	
52	471	
52	471	
52	471	
52	471	
52	471	
52	471	
52	471	
52	471	
52	471	
52	471	405	407	
52	471	
52	471	
52	471	469	
52	471	
52	471	467	
52	471	
52	471	
52	471	
52	471	
52	471	
52	471	
52	471	
52	471	470	
52	471	
52	471	467	
52	471	
52	471	
52	471	
52	471	
52	471	
52	471	54	
52	471	
52	471	467	
52	471	
52	471	
52	471	467	
52	471	
52	471	
52	471	
52	471	469	
52	471	
52	471	
52	471	60	
52	471	503	
52	471	
52	471	
52	471	
52	471	
52	471	
52	471	20	
52	471	
52	471	
52	471	
52	471	
52	471	
52	471	467	
52	471	36	
52	471	
52	471	
52	471	
52	471	53	20	
52	471	503	
52	471	
52	471	
52	471	
52	471	503	
52	471	
52	471	
52	471	
52	471	
52	471	407	
52	471	
52	471	
52	471	
52	471	
52	471	
52	471	180	
52	471	
52	471	343	
52	471	
52	471	
52	471	
52	471	
52	471	
52	471	
52	471	
52	471	
52	471	
52	471	
52	471	
52	471	
52	471	
52	471	
52	471	407	
52	471	
52	471	
52	471	
52	471	
52	471	
52	471	
52	471	
52	471	
52	471	
52	471	343	
52	471	
52	471	
52	471	181	
52	471	
52	471	
52	471	470	
52	471	
52	471	
52	471	100	469	501	
52	471	
52	471	
52	471	467	
52	471	470	
52	471	
52	471	479	
52	471	
52	471	20	467	
52	471	
52	471	
52	471	327	343	
52	471	
52	471	
52	471	
52	471	
52	471	
52	471	
52	471	
52	471	54	
52	471	36	503	
52	471	54	
52	471	
52	471	
52	471	36	
52	471	
52	471	503	
52	471	
52	471	
52	471	
52	471	
52	471	
52	471	
52	471	
52	471	
52	471	
52	471	
52	471	
52	471	343	
52	471	100	
52	471	
52	471	
52	471	
52	471	
52	471	
52	471	180	61	
52	471	
52	471	
52	471	
52	471	503	
52	471	
52	471	
52	471	
52	471	
52	471	
52	471	
52	471	
52	471	
52	471	
52	471	
52	471	
52	471	
52	471	343	
52	471	
52	471	
52	471	
52	471	467	
52	471	
52	471	60	
52	471	
52	471	
52	471	20	
52	471	
52	471	
52	471	455	
52	471	53	
52	471	
52	471	
52	471	407	
52	471	
52	471	54	
52	471	407	
52	471	
52	471	
52	471	
52	471	
52	471	36	
52	471	
52	471	
52	471	
52	471	20	
52	471	
52	471	
52	471	
52	471	
52	471	469	470	
52	471	60	
52	471	343	
52	471	
52	471	407	
52	471	339	
52	471	
52	471	
52	471	
52	471	
52	471	
52	471	54	
52	471	
52	471	467	
52	471	
52	471	4	
52	471	116	
52	471	
52	471	
52	471	
52	471	455	
52	471	180	
52	471	
52	471	
52	471	
52	471	
52	471	
52	471	343	
52	471	
52	471	
52	471	
52	471	343	
52	471	
52	471	60	
52	471	
52	471	
52	471	
52	471	
52	471	
52	471	
52	471	
52	471	
52	471	
52	471	
52	471	
52	471	
52	471	503	469	
52	471	
52	471	
52	471	36	
52	471	
52	471	
52	471	180	
52	471	
52	471	467	
52	471	479	
52	471	
52	471	
52	471	
52	471	343	470	
52	471	116	
52	471	
52	471	
52	471	
52	471	
52	471	
52	471	
52	471	
52	471	343	
52	471	54	
52	471	407	
52	471	180	
52	471	
52	471	407	
52	471	180	
52	471	116	
52	471	
52	471	
52	471	
52	471	53	
52	471	
52	471	
52	471	
52	471	
52	471	
52	471	20	
52	471	
52	471	
52	471	
52	471	
52	471	343	
52	471	470	
52	471	
52	471	
52	471	100	
52	471	
52	471	
52	471	
52	471	
52	471	479	
52	471	455	
52	471	479	
52	471	
52	471	
52	471	
52	471	467	
52	471	
52	471	
52	471	343	
52	471	
52	471	
52	471	48	
52	471	469	
52	471	
52	471	
52	471	
52	471	
52	471	
52	471	
52	471	
52	471	407	
52	471	
52	471	
52	471	116	
52	471	
52	471	
52	471	54	
52	471	
52	471	
52	471	
52	471	
52	471	479	
52	471	503	
52	471	
52	471	
52	471	
52	471	455	
52	471	
52	471	
52	471	470	
52	471	36	
52	471	
52	471	
52	471	470	
52	471	
52	471	
52	471	
52	471	479	
52	471	48	36	
52	471	54	
52	471	
52	471	53	
52	471	36	
52	471	
52	471	503	
52	471	479	
52	471	
52	471	48	
52	471	455	
52	471	
52	471	
52	471	
52	471	
52	471	469	
52	471	54	
52	471	479	
52	471	
52	471	503	
52	471	
52	471	467	455	
52	471	
52	471	53	
52	471	
52	471	
52	471	
52	471	467	
52	471	
52	471	
52	471	470	
52	471	
52	471	
52	471	
52	471	
52	471	54	
52	471	
52	471	
52	471	470	
52	471	
52	471	
52	471	
52	471	60	469	
52	471	116	
52	471	20	
52	471	
52	471	
52	471	
52	471	503	
52	471	
52	471	116	
52	471	455	
52	471	
52	471	479	343	
52	471	20	
52	471	
52	471	
52	471	180	
52	471	
52	471	
52	471	502	469	
52	471	467	
52	471	
52	471	
52	471	
52	471	
52	471	48	
52	471	
52	471	
52	471	
52	471	
52	471	
52	471	469	
52	471	
52	471	
52	471	
52	471	180	
52	471	
52	471	
52	471	180	
52	471	
52	471	479	
52	471	
52	471	
52	471	22	
52	471	
52	471	
52	471	
52	471	343	
52	471	
52	471	180	
52	471	
52	471	
52	471	
52	471	53	
52	471	36	60	
52	471	
52	471	
52	471	467	
52	471	
52	471	455	
52	471	
52	471	
52	471	
52	471	407	
52	471	
52	471	54	
52	471	
52	471	
52	471	180	
52	471	343	
52	471	503	
52	471	
52	471	
52	471	
52	471	455	
52	471	
52	471	
52	471	407	53	
52	471	479	
52	471	
52	471	
52	471	
52	471	
52	471	
52	471	
52	471	407	
52	471	
52	471	467	
52	471	
52	471	
52	471	407	
52	471	
52	471	
52	471	
52	471	
52	471	36	
52	471	479	
52	471	469	
52	471	
52	471	407	48	
52	471	470	407	
52	471	503	
52	471	
52	471	180	470	
52	471	
52	471	53	
52	471	
52	471	
52	471	
52	471	467	
52	471	
52	471	36	503	
52	471	470	
52	471	
52	471	60	
52	471	20	
52	471	
52	471	
52	471	
52	471	343	48	
52	471	479	
52	471	36	
52	471	
52	471	
52	471	503	20	
52	471	
52	471	
52	471	467	
52	471	
52	471	
52	471	
52	471	
52	471	343	
52	471	20	
52	471	116	
52	471	
52	471	
52	471	
52	471	48	
52	471	
52	471	
52	471	
52	471	180	
52	471	
52	471	339	
52	471	279	470	
52	471	279	
52	471	
52	471	20	
52	471	
52	471	
52	471	467	
52	471	
52	471	
52	471	
52	471	
52	471	48	116	
52	471	
52	471	
52	471	
52	471	53	
52	471	
52	471	180	
52	471	343	
52	471	477	
52	471	
52	471	503	343	
52	471	
52	471	
52	471	
52	471	
52	471	
52	471	
52	471	
52	471	469	
52	471	
52	471	
52	471	
52	471	
52	471	
52	471	
52	471	343	116	
52	471	
52	471	
52	471	60	
52	471	
52	471	
52	471	
52	471	
52	471	
52	471	
52	471	
52	471	
52	471	
52	471	503	
52	471	
52	471	
52	471	180	
52	471	455	
52	471	503	
52	471	20	469	
52	471	116	
52	471	
52	471	343	
52	471	60	
52	471	
52	471	
52	471	
52	471	53	
52	471	60	
52	471	
52	471	
52	471	
52	471	116	
52	471	469	
52	471	
52	471	
52	471	
52	471	
52	471	
52	471	20	
52	471	
52	471	
52	471	53	
52	471	
52	471	407	
52	471	
52	471	54	
52	471	
52	471	
52	471	
52	471	
52	471	
52	471	
52	471	
52	471	
52	471	
52	471	
52	471	20	
52	471	
52	471	54	
52	471	
52	471	
52	471	407	
52	471	
52	471	
52	471	467	
52	471	343	
52	471	470	
52	471	
52	471	
52	471	
52	471	479	467	
52	471	
52	471	
52	471	54	
52	471	503	
52	471	407	
52	471	54	
52	471	60	
52	471	
52	471	
52	471	
52	471	
52	471	
52	471	
52	471	
52	471	
52	471	
52	471	
52	471	343	60	
52	471	
52	471	
52	471	48	
52	471	
52	471	
52	471	
52	471	
52	471	
52	471	20	
52	471	
52	471	
52	471	
52	471	54	
52	471	
52	471	
52	471	
52	471	
52	471	
52	471	180	
52	471	
52	471	
52	471	467	
52	471	
52	471	
52	471	60	
52	471	503	
52	471	407	
52	471	503	
52	471	
52	471	
52	471	
52	471	479	
52	471	
52	471	467	
52	471	
52	471	407	116	
52	471	
52	471	455	
52	471	53	
52	471	
52	471	467	
52	471	
52	471	
52	471	
52	471	
52	471	
52	471	467	60	
52	471	469	
52	471	
52	471	
52	471	
52	471	479	
52	471	
52	471	
52	471	116	
52	471	407	
52	471	
52	471	
52	471	
52	471	
52	471	
52	471	
52	471	
52	471	
52	471	
52	471	
52	471	
52	471	
52	471	60	343	
52	471	
52	471	54	
52	471	
52	471	
52	471	
52	471	
52	471	180	
52	471	
52	471	
52	471	
52	471	
52	471	
52	471	467	48	
52	471	
52	471	
52	471	
52	471	407	
52	471	36	53	
52	471	
52	471	
52	471	407	
52	471	
52	471	
52	471	469	
52	471	
52	471	
52	471	
52	471	
52	471	
52	471	
52	471	
52	471	
52	471	
52	471	60	
52	471	469	
52	471	467	
52	471	
52	471	
52	471	
52	471	36	
52	471	
52	471	
52	471	
52	471	
52	471	
52	471	
52	471	
52	471	
52	471	
52	471	
52	471	
52	471	503	469	
52	471	
52	471	
52	471	
52	471	
52	471	455	
52	471	479	
52	471	
52	471	
52	471	
52	471	48	
52	471	
52	471	470	
52	471	
52	471	
52	471	
52	471	
52	471	54	
52	471	
52	471	
52	471	
52	471	
52	471	
52	471	60	
52	471	
52	471	
52	471	
52	471	48	
52	471	
52	471	
52	471	
52	471	
52	471	
52	471	
52	471	455	
52	471	
52	471	
52	471	60	
52	471	
52	471	
52	471	407	470	
52	471	20	
52	471	455	
52	471	
52	471	
52	471	20	
52	471	
52	471	
52	471	
52	471	
52	471	
52	471	
52	471	
52	471	48	
52	471	
52	471	
52	471	
52	471	
52	471	
52	471	
52	471	116	
52	471	479	
52	471	455	
52	471	
52	471	20	
52	471	
52	471	
52	471	
52	471	
52	471	343	
52	471	
52	471	
52	471	
52	471	54	
52	471	
52	471	54	
52	471	455	467	
52	471	
52	471	
52	471	
52	471	502	
52	471	
52	471	
52	471	
52	471	
52	471	
52	471	
52	471	
52	471	
52	471	
52	471	53	
52	471	503	
52	471	503	
52	471	
52	471	
52	471	
52	471	116	
52	471	
52	471	
52	471	
52	471	
52	471	
52	471	60	407	
52	471	
52	471	
52	471	182	
52	471	
52	471	
52	471	54	
52	471	
52	471	
52	471	
52	471	
52	471	
52	471	
52	471	
52	471	
52	471	
52	471	343	
52	471	
52	471	455	
52	471	60	
52	471	467	
52	471	
52	471	180	
52	471	
52	471	
52	471	
52	471	
52	471	
52	471	
52	471	
52	471	343	
52	471	
52	471	
52	471	407	
52	471	
52	471	
52	471	
52	471	20	54	
52	471	470	
52	471	
52	471	
52	471	
52	471	407	48	
52	471	
52	471	
52	471	
52	471	
52	471	469	48	
52	471	455	
52	471	470	
52	471	455	399	463	
52	471	
52	471	
52	471	
52	471	
52	471	
52	471	60	
52	471	
52	471	479	503	
52	471	
52	471	53	
52	471	
52	471	
52	471	407	
52	471	
52	471	343	
52	471	
52	471	
52	471	470	
52	471	
52	471	180	
52	471	
52	471	36	467	
52	471	
52	471	479	467	
52	471	
52	471	469	
52	471	
52	471	
52	471	180	
52	471	
52	471	
52	471	
52	471	
52	471	
52	471	407	
52	471	
52	471	
52	471	
52	471	407	
52	471	
52	471	
52	471	
52	471	
52	471	343	
52	471	
52	471	36	455	
52	471	54	
52	471	
52	471	
52	471	116	
52	471	
52	471	
52	471	
52	471	
52	471	60	
52	471	479	
52	471	
52	471	
52	471	
52	471	
52	471	20	
52	471	
52	471	
52	471	
52	471	
52	471	
52	471	
52	471	
52	471	
52	471	116	
52	471	469	
52	471	
52	471	
52	471	
52	471	
52	471	
52	471	48	
52	471	
52	471	
52	471	
52	471	
52	471	343	
52	471	
52	471	479	
52	471	
52	471	
52	471	469	
52	471	60	
52	471	
52	471	
52	471	180	467	
52	471	
52	471	48	
52	471	
52	471	
52	471	
52	471	
52	471	
52	471	467	
52	471	
52	471	
52	471	
52	471	
52	471	
52	471	
52	471	
52	471	
52	471	
52	471	
52	471	
52	471	
52	471	
52	471	
52	471	455	
52	471	
52	471	407	
52	471	
52	471	
52	471	
52	471	455	
52	471	
52	471	
52	471	
52	471	
52	471	
52	471	54	
52	471	
52	471	
52	471	469	
52	471	
52	471	54	
52	471	
52	471	
52	471	36	
52	471	
52	471	
52	471	
52	471	180	
52	471	467	
52	471	
52	471	
52	471	
52	471	
52	471	
52	471	53	48	
52	471	
52	471	
52	471	
52	471	
52	471	
52	471	
52	471	53	
52	471	
52	471	
52	471	
52	471	479	
52	471	
52	471	
52	471	
52	471	
52	471	20	
52	471	
52	471	
52	471	
52	471	
52	471	20	
52	471	116	
52	471	116	
52	471	
52	471	
52	471	
52	471	116	
52	471	
52	471	
52	471	
52	471	
52	471	
52	471	
52	471	
52	471	60	
52	471	
52	471	
52	471	
52	471	
52	471	469	
52	471	
52	471	54	
52	471	
52	471	455	
52	471	
52	471	
52	471	
52	471	
52	471	
52	471	
52	471	
52	471	455	
52	471	
52	471	
52	471	
52	471	391	
52	471	
52	471	53	
52	471	
52	471	503	
52	471	
52	471	
52	471	503	
52	471	
52	471	116	
52	471	
52	471	
52	471	470	
52	471	
52	471	
52	471	20	
52	471	
52	471	
52	471	
52	471	
52	471	
52	471	
52	471	
52	471	
52	471	
52	471	
52	471	
52	471	
52	471	
52	471	
52	471	
52	471	
52	471	
52	471	
52	471	455	
52	471	479	
52	471	
52	471	
52	471	
52	471	
52	471	
52	471	470	
52	471	
52	471	
52	471	
52	471	53	
52	471	
52	471	
52	471	
52	471	455	
52	471	
52	471	
52	471	
52	471	53	
52	471	48	
52	471	
52	471	
52	471	
52	471	
52	471	
52	471	
52	471	
52	471	
52	471	
52	471	
52	471	503	502	
52	471	
52	471	
52	471	
52	471	20	
52	471	
52	471	470	
52	471	469	
52	471	62	60	
52	471	
52	471	54	
52	471	
52	471	
52	471	
52	471	343	
52	471	407	
52	471	
52	471	503	
52	471	148	
52	471	48	
52	471	
52	471	
52	471	
52	471	
52	471	467	
52	471	
52	471	
52	471	
52	471	
52	471	
52	471	503	
52	471	
52	471	
52	471	
52	471	
52	471	
52	471	469	
52	471	
52	471	116	
52	471	
52	471	
52	471	
52	471	
52	471	
52	471	36	343	
52	471	
52	471	
52	471	
52	471	467	
52	471	
52	471	
52	471	
52	471	
52	471	
52	471	
52	471	20	
52	471	343	
52	471	
52	471	455	503	
52	471	
52	471	
52	471	
52	471	
52	471	455	
52	471	
52	471	467	
52	471	
52	471	
52	471	470	467	
52	471	
52	471	
52	471	
52	471	
52	471	
52	471	48	
52	471	
52	471	279	343	
52	471	
52	471	455	
52	471	53	
52	471	
52	471	
52	471	
52	471	
52	471	
52	471	
52	471	
52	471	
52	471	
52	471	60	
52	471	
52	471	343	60	
52	471	
52	471	60	
52	471	
52	471	
52	471	
52	471	
52	471	
52	471	407	
52	471	
52	471	
52	471	469	
52	471	
52	471	
52	471	
52	471	
52	471	60	
52	471	53	
52	471	455	
52	471	
52	471	
52	471	470	503	
52	471	20	
52	471	
52	471	
52	471	469	
52	471	36	
52	471	
52	471	
52	471	
52	471	
52	471	479	
52	471	20	
52	471	
52	471	
52	471	
52	471	467	
52	471	53	
52	471	116	
52	471	
52	471	60	
52	471	
52	471	
52	471	
52	471	
52	471	
52	471	
52	471	180	
52	471	
52	471	
52	471	
52	471	
52	471	60	62	
52	471	54	
52	471	479	
52	471	
52	471	
52	471	469	116	
52	471	
52	471	455	
52	471	
52	471	
52	471	
52	471	180	
52	471	36	
52	471	
52	471	
52	471	
52	471	116	244	53	
52	471	
52	471	
52	471	
52	471	279	479	
52	471	
52	471	
52	471	
52	471	20	60	
52	471	
52	471	
52	471	20	
52	471	
52	471	
52	471	60	
52	471	
52	471	
52	471	
52	471	
52	471	
52	471	60	
52	471	407	48	
52	471	
52	471	
52	471	469	
52	471	
52	471	
52	471	
52	471	
52	471	
52	471	
52	471	
52	471	20	
52	471	
52	471	
52	471	
52	471	
52	471	54	
52	471	
52	471	343	
52	471	
52	471	
52	471	470	54	182	
52	471	
52	471	
52	471	
52	471	
52	471	
52	471	
52	471	20	
52	471	
52	471	
52	471	
52	471	467	
52	471	341	
52	471	
52	471	
52	471	
52	471	20	
52	471	
52	471	53	
52	471	60	
52	471	467	470	
52	471	
52	471	
52	471	
52	471	
52	471	
52	471	
52	471	
52	471	116	
52	471	60	
52	471	
52	471	60	
52	471	
52	471	
52	471	60	
52	471	
52	471	
52	471	
52	471	469	60	
52	471	
52	471	116	
52	471	
52	471	
52	471	60	61	
52	471	
52	471	60	
52	471	343	
52	471	
52	471	343	
52	471	
52	471	
52	471	
52	471	478	20	
52	471	
52	471	
52	471	
52	471	
52	471	
52	471	
52	471	
52	471	116	
52	471	
52	471	
52	471	36	53	
52	471	470	
52	471	180	
52	471	
52	471	
52	471	
52	471	
52	471	
52	471	
52	471	
52	471	343	53	
52	471	
52	471	20	
52	471	455	
52	471	36	
52	471	
52	471	
52	471	
52	471	
52	471	
52	471	60	
52	471	469	
52	471	
52	471	
52	471	455	
52	471	
52	471	
52	471	36	
52	471	
52	471	48	22	
52	471	470	
52	471	
52	471	54	55	
52	471	
52	471	
52	471	
52	471	
52	471	455	
52	471	351	
52	471	
52	471	407	
52	471	
52	471	
52	471	467	
52	471	20	
52	471	100	116	
52	471	479	
52	471	469	
52	471	469	455	463	
52	471	
52	471	
52	471	
52	471	
52	471	
52	471	
52	471	
52	471	
52	471	
52	471	
52	471	
52	471	
52	471	455	
52	471	
52	471	
52	471	
52	471	
52	471	
52	471	
52	471	
52	471	
52	471	
52	471	
52	471	
52	471	
52	471	
52	471	455	
52	471	180	
52	471	116	
52	471	
52	471	48	
52	471	
52	471	
52	471	
52	471	
52	471	467	451	
52	471	
52	471	48	
52	471	469	
52	471	
52	471	
52	471	
52	471	
52	471	
52	471	49	
52	471	
52	471	
52	471	
52	471	
52	471	180	
52	471	
52	471	
52	471	53	
52	471	
52	471	
52	471	
52	471	
52	471	279	
52	471	
52	471	
52	471	503	
52	471	
52	471	
52	471	36	
52	471	
52	471	
52	471	
52	471	
52	471	
52	471	
52	471	
52	471	
52	471	
52	471	
52	471	
52	471	
52	471	
52	471	
52	471	
52	471	20	479	
52	471	
52	471	
52	471	469	
52	471	503	327	
52	471	469	
52	471	
52	471	48	
52	471	116	
52	471	48	
52	471	
52	471	
52	471	
52	471	
52	471	
52	471	
52	471	
52	471	467	
52	471	48	60	36	
52	471	407	
52	471	
52	471	
52	471	
52	471	
52	471	
52	471	
52	471	
52	471	
52	471	180	
52	471	
52	471	36	
52	471	54	180	
52	471	
52	471	36	
52	471	
52	471	
52	471	
52	471	
52	471	
52	471	470	
52	471	
52	471	407	
52	471	
52	471	479	
52	471	
52	471	
52	471	467	
52	471	
52	471	60	
52	471	503	
52	471	
52	471	
52	471	407	
52	471	
52	471	53	343	
52	471	
52	471	
52	471	467	
52	471	
52	471	455	469	
52	471	469	180	
52	471	
52	471	
52	471	
52	471	469	
52	471	36	
52	471	20	
52	471	54	
52	471	407	
52	471	53	
52	471	
52	471	503	
52	471	
52	471	343	
52	471	343	
52	471	467	
52	471	
52	471	
52	471	
52	471	407	
52	471	469	
52	471	
52	471	455	
52	471	
52	471	
52	471	
52	471	
52	471	467	20	
52	471	
52	471	
52	471	
52	471	54	
52	471	53	182	
52	471	
52	471	
52	471	
52	471	54	
52	471	455	
52	471	479	
52	471	479	
52	471	
52	471	
52	471	36	
52	471	
52	471	
52	471	
52	471	
52	471	
52	471	
52	471	
52	471	
52	471	
52	471	
52	471	
52	471	
52	471	
52	471	
52	471	
52	471	
52	471	54	
52	471	
52	471	
52	471	
52	471	470	
52	471	
52	471	
52	471	
52	471	
52	471	
52	471	60	
52	471	
52	471	
52	471	
52	471	
52	471	20	
52	471	
52	471	479	
52	471	
52	471	
52	471	
52	471	503	116	
52	471	53	
52	471	
52	471	
52	471	
52	471	
52	471	
52	471	
52	471	48	
52	471	
52	471	54	
52	471	
52	471	
52	471	
52	471	
52	471	
52	471	502	
52	471	
52	471	
52	471	38	
52	471	
52	471	479	469	
52	471	
52	471	
52	471	
52	471	
52	471	
52	471	
52	471	
52	471	
52	471	54	
52	471	48	53	
52	471	407	
52	471	407	343	
52	471	
52	471	
52	471	
52	471	
52	471	60	469	343	
52	471	
52	471	
52	471	469	
52	471	
52	471	20	54	
52	471	
52	471	180	
52	471	
52	471	479	
52	471	
52	471	
52	471	
52	471	503	
52	471	116	
52	471	
52	471	343	455	
52	471	
52	471	407	
52	471	479	469	
52	471	
52	471	
52	471	
52	471	
52	471	
52	471	
52	471	479	
52	471	
52	471	
52	471	
52	471	53	116	
52	471	
52	471	116	
52	471	455	
52	471	470	
52	471	
52	471	36	
52	471	
52	471	116	
52	471	53	
52	471	116	
52	471	
52	471	
52	471	470	
52	471	
52	471	
52	471	
52	471	
52	471	
52	471	20	
52	471	
52	471	
52	471	
52	471	469	
52	471	60	
52	471	479	
52	471	20	
52	471	
52	471	
52	471	
52	471	
52	471	180	
52	471	
52	471	53	48	
52	471	116	
52	471	407	
52	471	
52	471	
52	471	343	
52	471	
52	471	467	60	
52	471	
52	471	54	
52	471	48	
52	471	
52	471	
52	471	467	
52	471	
52	471	
52	471	
52	471	
52	471	116	
52	471	
52	471	
52	471	
52	471	
52	471	
52	471	
52	471	503	
52	471	467	116	
52	471	
52	471	
52	471	470	
52	471	
52	471	180	
52	471	
52	471	
52	471	469	
52	471	
52	471	20	
52	471	54	
52	471	
52	471	20	
52	471	
52	471	
52	471	479	
52	471	20	36	
52	471	
52	471	
52	471	
52	471	
52	471	
52	471	
52	471	48	470	479	
52	471	
52	471	
52	471	
52	471	
52	471	470	
52	471	479	
52	471	
52	471	
52	471	503	
52	471	470	
52	471	4	467	
52	471	
52	471	
52	471	
52	471	
52	471	
52	471	
52	471	467	
52	471	60	
52	471	
52	471	
52	471	503	54	
52	471	
52	471	54	
52	471	470	
52	471	
52	471	
52	471	
52	471	54	
52	471	502	180	
52	471	
52	471	
52	471	180	
52	471	
52	471	20	116	
52	471	
52	471	60	455	
52	471	20	
52	471	
52	471	467	48	
52	471	
52	471	61	
52	471	
52	471	
52	471	
52	471	
52	471	
52	471	
52	471	503	455	
52	471	
52	471	
52	471	407	
52	471	
52	471	
52	471	
52	471	479	
52	471	
52	471	134	166	54	
52	471	
52	471	
52	471	
52	471	
52	471	
52	471	
52	471	467	
52	471	
52	471	60	
52	471	
52	471	
52	471	
52	471	116	
52	471	
52	471	
52	471	
52	471	343	
52	471	
52	471	
52	471	
52	471	
52	471	
52	471	
52	471	
52	471	
52	471	
52	471	407	
52	471	469	
52	471	
52	471	
52	471	
52	471	
52	471	
52	471	
52	471	116	
52	471	
52	471	
52	471	
52	471	
52	471	
52	471	
52	471	
52	471	
52	471	
52	471	
52	471	54	
52	471	
52	471	180	54	
52	471	343	
52	471	
52	471	
52	471	455	
52	471	36	
52	471	467	407	
52	471	
52	471	
52	471	
52	471	
52	471	60	
52	471	
52	471	
52	471	
52	471	470	
52	471	
52	471	479	
52	471	
52	471	
52	471	455	
52	471	
52	471	
52	471	343	
52	471	
52	471	469	
52	471	
52	471	20	
52	471	470	
52	471	116	
52	471	503	
52	471	36	
52	471	
52	471	36	
52	471	
52	471	
52	471	479	
52	471	36	
52	471	
52	471	
52	471	156	148	
52	471	407	
52	471	
52	471	116	
52	471	53	
52	471	467	
52	471	48	
52	471	
52	471	
52	471	
52	471	503	511	
52	471	
52	471	54	
52	471	
52	471	
52	471	
52	471	469	
52	471	
52	471	
52	471	
52	471	
52	471	
52	471	
52	471	
52	471	
52	471	469	
52	471	
52	471	
52	471	
52	471	
52	471	
52	471	
52	471	479	469	
52	471	
52	471	
52	471	
52	471	
52	471	
52	471	
52	471	53	180	
52	471	53	503	
52	471	
52	471	
52	471	
52	471	467	
52	471	
52	471	
52	471	
52	471	
52	471	
52	471	
52	471	
52	471	
52	471	
52	471	
52	471	
52	471	
52	471	
52	471	
52	471	
52	471	
52	471	
52	471	
52	471	
52	471	53	
52	471	479	
52	471	
52	471	479	
52	471	
52	471	20	
52	471	
52	471	
52	471	
52	471	
52	471	
52	471	
52	471	
52	471	
52	471	
52	471	469	
52	471	479	
52	471	
52	471	479	
52	471	
52	471	
52	471	407	
52	471	
52	471	479	
52	471	
52	471	
52	471	
52	471	53	467	
52	471	
52	471	
52	471	60	
52	471	
52	471	
52	471	
52	471	
52	471	180	
52	471	
52	471	54	469	
52	471	48	343	
52	471	
52	471	
52	471	38	36	54	
52	471	
52	471	
52	471	180	
52	471	407	
52	471	180	36	
52	471	503	
52	471	479	
52	471	
52	471	
52	471	188	20	
52	471	
52	471	
52	471	
52	471	36	20	
52	471	
52	471	
52	471	
52	471	
52	471	
52	471	
52	471	
52	471	
52	471	
52	471	116	
52	471	
52	471	
52	471	501	503	
52	471	
52	471	455	
52	471	116	118	
52	471	
52	471	20	
52	471	
52	471	343	
52	471	407	470	116	
52	471	
52	471	
52	471	
52	471	
52	471	
52	471	
52	471	470	407	
52	471	
52	471	
52	471	53	451	
52	471	180	
52	471	
52	471	
52	471	
52	471	
52	471	
52	471	
52	471	
52	471	55	53	455	
52	471	
52	471	
52	471	
52	471	
52	471	
52	471	503	
52	471	
52	471	
52	471	
52	471	
52	471	
52	471	
52	471	467	
52	471	54	
52	471	
52	471	467	
52	471	
52	471	
52	471	
52	471	
52	471	
52	471	
52	471	343	
52	471	53	
52	471	60	
52	471	
52	471	
52	471	455	
52	471	20	
52	471	
52	471	479	343	407	36	
52	471	
52	471	20	
52	471	
52	471	36	
52	471	
52	471	503	
52	471	86	180	
52	471	
52	471	
52	471	
52	471	407	
52	471	
52	471	
52	471	
52	471	116	
52	471	
52	471	
52	471	
52	471	
52	471	403	
52	471	
52	471	
52	471	
52	471	
52	471	470	
52	471	
52	471	
52	471	343	
52	471	
52	471	
52	471	
52	471	343	180	
52	471	
52	471	
52	471	
52	471	
52	471	
52	471	455	
52	471	
52	471	20	467	
52	471	
52	471	53	
52	471	
52	471	467	
52	471	180	
52	471	
52	471	
52	471	
52	471	48	455	
52	471	503	
52	471	
52	471	
52	471	
52	471	
52	471	36	
52	471	20	
52	471	116	
52	471	
52	471	
52	471	
52	471	
52	471	
52	471	
52	471	
52	471	
52	471	
52	471	
52	471	
52	471	
52	471	455	
52	471	467	
52	471	
52	471	
52	471	503	
52	471	
52	471	455	
52	471	
52	471	
52	471	
52	471	60	
52	471	
52	471	
52	471	
52	471	
52	471	455	20	
52	471	20	
52	471	
52	471	116	
52	471	
52	471	
52	471	
52	471	
52	471	
52	471	
52	471	
52	471	
52	471	116	
52	471	60	
52	471	53	
52	471	
52	471	467	
52	471	499	
52	471	
52	471	
52	471	479	
52	471	
52	471	
52	471	
52	471	
52	471	
52	471	
52	471	
52	471	
52	471	
52	471	
52	471	
52	471	
52	471	
52	471	
52	471	343	469	
52	471	479	
52	471	503	469	
52	471	
52	471	
52	471	54	
52	471	
52	471	
52	471	53	
52	471	53	
52	471	343	
52	471	
52	471	
52	471	
52	471	
52	471	
52	471	
52	471	
52	471	
52	471	467	
52	471	60	
52	471	
52	471	
52	471	84	118	
52	471	
52	471	
52	471	
52	471	467	
52	471	
52	471	
52	471	375	469	
52	471	
52	471	180	
52	471	
52	471	
52	471	469	
52	471	
52	471	20	
52	471	116	
52	471	
52	471	
52	471	
52	471	
52	471	470	
52	471	470	503	
52	471	375	
52	471	
52	471	
52	471	
52	471	
52	471	180	
52	471	
52	471	16	470	
52	471	
52	471	343	
52	471	
52	471	
52	471	
52	471	467	
52	471	
52	471	60	
52	471	
52	471	479	
52	471	343	
52	471	407	
52	471	
52	471	54	
52	471	455	60	
52	471	
52	471	
52	471	
52	471	48	
52	471	
52	471	
52	471	
52	471	
52	471	116	
52	471	
52	471	
52	471	
52	471	
52	471	
52	471	
52	471	
52	471	
52	471	
52	471	470	
52	471	
52	471	
52	471	
52	471	
52	471	
52	471	
52	471	
52	471	
52	471	
52	471	
52	471	
52	471	116	54	
52	471	
52	471	
52	471	
52	471	
52	471	
52	471	
52	471	469	60	
52	471	53	
52	471	
52	471	
52	471	
52	471	
52	471	455	
52	471	
52	471	469	453	53	
52	471	
52	471	
52	471	
52	471	
52	471	
52	471	
52	471	48	53	
52	471	470	
52	471	
52	471	
52	471	
52	471	
52	471	
52	471	54	
52	471	
52	471	
52	471	343	
52	471	
52	471	
52	471	
52	471	116	
52	471	
52	471	
52	471	
52	471	
52	471	
52	471	479	
52	471	
52	471	
52	471	
52	471	116	
52	471	
52	471	
52	471	
52	471	
52	471	180	
52	471	
52	471	116	467	
52	471	
52	471	
52	471	
52	471	
52	471	180	407	
52	471	
52	471	
52	471	
52	471	455	
52	471	
52	471	
52	471	
52	471	
52	471	
52	471	
52	471	116	467	
52	471	116	48	
52	471	48	
52	471	
52	471	
52	471	455	
52	471	
52	471	
52	471	
52	471	
52	471	
52	471	
52	471	60	
52	471	470	
52	471	
52	471	469	
52	471	
52	471	
52	471	
52	471	
52	471	
52	471	
52	471	
52	471	
52	471	
52	471	455	
52	471	
52	471	
52	471	
52	471	
52	471	
52	471	
52	471	
52	471	
52	471	180	
52	471	
52	471	467	
52	471	
52	471	
52	471	116	
52	471	
52	471	
52	471	455	
52	471	
52	471	
52	471	407	
52	471	
52	471	
52	471	
52	471	60	22	455	
52	471	
52	471	
52	471	
52	471	451	
52	471	
52	471	148	150	349	
52	471	
52	471	469	
52	471	
52	471	53	
52	471	469	
52	471	
52	471	60	
52	471	60	
52	471	
52	471	
52	471	469	
52	471	
52	471	
52	471	
52	471	
52	471	
52	471	
52	471	
52	471	407	
52	471	
52	471	
52	471	
52	471	
52	471	
52	471	469	
52	471	36	
52	471	
52	471	
52	471	
52	471	
52	471	
52	471	
52	471	467	
52	471	
52	471	
52	471	
52	471	53	
52	471	
52	471	
52	471	
52	471	
52	471	
52	471	
52	471	
52	471	
52	471	
52	471	60	
52	471	467	
52	471	
52	471	
52	471	60	
52	471	
52	471	
52	471	
52	471	
52	471	
52	471	
52	471	
52	471	
52	471	
52	471	
52	471	
52	471	116	
52	471	20	
52	471	20	36	
52	471	
52	471	
52	471	
52	471	
52	471	
52	471	
52	471	
52	471	
52	471	
52	471	
52	471	479	
52	471	
52	471	180	
52	471	
52	471	
52	471	467	
52	471	343	375	
52	471	
52	471	
52	471	
52	471	60	
52	471	
52	471	
52	471	
52	471	
52	471	54	
52	471	
52	471	
52	471	60	
52	471	407	
52	471	
52	471	
52	471	407	
52	471	116	54	60	
52	471	
52	471	
52	471	
52	471	
52	471	
52	471	36	
52	471	
52	471	
52	471	
52	471	
52	471	407	
52	471	
52	471	
52	471	
52	471	
52	471	
52	471	53	
52	471	343	
52	471	
52	471	
52	471	
52	471	407	
52	471	
52	471	
52	471	
52	471	
52	471	
52	471	
52	471	
52	471	
52	471	54	
52	471	
52	471	339	
52	471	48	467	
52	471	
52	471	
52	471	
52	471	20	
52	471	
52	471	
52	471	469	
52	471	503	
52	471	
52	471	
52	471	
52	471	
52	471	
52	471	
52	471	407	
52	471	407	
52	471	
52	471	180	
52	471	
52	471	60	
52	471	
52	471	
52	471	
52	471	
52	471	
52	471	
52	471	60	
52	471	
52	471	
52	471	343	
52	471	20	
52	471	
52	471	
52	471	20	
52	471	
52	471	470	
52	471	
52	471	
52	471	
52	471	
52	471	
52	471	467	
52	471	
52	471	
52	471	
52	471	
52	471	
52	471	
52	471	36	
52	471	
52	471	
52	471	
52	471	
52	471	
52	471	
52	471	
52	471	343	469	
52	471	
52	471	407	
52	471	
52	471	
52	471	343	54	
52	471	
52	471	
52	471	
52	471	
52	471	343	
52	471	
52	471	
52	471	
52	471	
52	471	
52	471	503	
52	471	
52	471	469	
52	471	
52	471	
52	471	
52	471	54	
52	471	343	
52	471	
52	471	
52	471	
52	471	
52	471	503	479	
52	471	503	
52	471	
52	471	
52	471	116	407	479	
52	471	
52	471	
52	471	
52	471	
52	471	
52	471	
52	471	
52	471	
52	471	
52	471	
52	471	479	54	
52	471	
52	471	20	
52	471	
52	471	
52	471	
52	471	
52	471	53	
52	471	
52	471	
52	471	20	
52	471	
52	471	
52	471	20	
52	471	
52	471	
52	471	
52	471	407	
52	471	470	
52	471	
52	471	
52	471	
52	471	
52	471	
52	471	
52	471	
52	471	
52	471	
52	471	
52	471	
52	471	503	54	
52	471	
52	471	
52	471	
52	471	
52	471	
52	471	180	375	
52	471	
52	471	
52	471	
52	471	
52	471	
52	471	60	455	
52	471	
52	471	
52	471	
52	471	
52	471	
52	471	
52	471	
52	471	
52	471	
52	471	
52	471	
52	471	503	
52	471	
52	471	479	
52	471	36	
52	471	
52	471	455	
52	471	470	60	
52	471	
52	471	124	
52	471	
52	471	479	
52	471	
52	471	116	
52	471	455	
52	471	
52	471	180	60	503	148	
52	471	
52	471	407	279	
52	471	
52	471	455	
52	471	116	180	
52	471	180	
52	471	469	
52	471	
52	471	479	
52	471	180	467	
52	471	20	48	
52	471	53	503	
52	471	
52	471	
52	471	
52	471	
52	471	
52	471	
52	471	
52	471	36	
52	471	
52	471	343	
52	471	
52	471	
52	471	
52	471	
52	471	60	
52	471	
52	471	467	
52	471	60	
52	471	
52	471	
52	471	479	
52	471	
52	471	
52	471	
52	471	
52	471	470	406	
52	471	
52	471	
52	471	343	
52	471	
52	471	343	
52	471	
52	471	
52	471	
52	471	54	502	
52	471	
52	471	54	180	
52	471	36	
52	471	36	
52	471	
52	471	54	
52	471	
52	471	
52	471	
52	471	
52	471	
52	471	469	
52	471	
52	471	20	
52	471	
52	471	
52	471	
52	471	60	470	
52	471	
52	471	116	
52	471	
52	471	20	
52	471	
52	471	
52	471	469	
52	471	
52	471	
52	471	60	48	
52	471	
52	471	
52	471	
52	471	
52	471	470	
52	471	
52	471	
52	471	
52	471	469	
52	471	
52	471	
52	471	407	
52	471	
52	471	
52	471	479	
52	471	
52	471	
52	471	
52	471	
52	471	53	479	
52	471	60	180	
52	471	455	
52	471	
52	471	
52	471	407	
52	471	
52	471	20	36	
52	471	
52	471	54	
52	471	
52	471	455	
52	471	
52	471	
52	471	
52	471	
52	471	54	
52	471	53	
52	471	
52	471	53	55	
52	471	343	
52	471	
52	471	
52	471	
52	471	
52	471	
52	471	467	
52	471	341	349	
52	471	
52	471	343	
52	471	
52	471	
52	471	
52	471	
52	471	
52	471	
52	471	
52	471	
52	471	
52	471	
52	471	
52	471	
52	471	
52	471	
52	471	60	
52	471	343	
52	471	
52	471	
52	471	
52	471	
52	471	
52	471	
52	471	
52	471	
52	471	
52	471	
52	471	
52	471	36	
52	471	
52	471	
52	471	180	
52	471	
52	471	
52	471	180	
52	471	
52	471	
52	471	
52	471	
52	471	
52	471	
52	471	
52	471	20	
52	471	116	
52	471	
52	471	
52	471	
52	471	
52	471	20	
52	471	
52	471	
52	471	
52	471	
52	471	
52	471	479	
52	471	48	
52	471	
52	471	
52	471	
52	471	407	
52	471	
52	471	503	48	
52	471	
52	471	
52	471	
52	471	
52	471	
52	471	
52	471	
52	471	116	
52	471	467	
52	471	
52	471	
52	471	
52	471	
52	471	
52	471	20	180	
52	471	
52	471	
52	471	455	
52	471	
52	471	
52	471	48	
52	471	
52	471	
52	471	54	
52	471	
52	471	
52	471	343	
52	471	36	407	
52	471	
52	471	
52	471	
52	471	60	
52	471	455	
52	471	180	
52	471	54	
52	471	
52	471	
52	471	
52	471	
52	471	467	403	
52	471	
52	471	
52	471	
52	471	
52	471	
52	471	180	470	
52	471	
52	471	116	
52	471	
52	471	
52	471	
52	471	
52	471	53	
52	471	343	180	
52	471	467	470	
52	471	
52	471	116	
52	471	
52	471	
52	471	
52	471	53	
52	471	
52	471	479	
52	471	
52	471	
52	471	
52	471	
52	471	
52	471	
52	471	
52	471	54	
52	471	455	
52	471	53	
52	471	
52	471	116	
52	471	469	
52	471	116	
52	471	503	
52	471	
52	471	
52	471	
52	471	
52	471	
52	471	
52	471	
52	471	
52	471	
52	471	
52	471	
52	471	407	
52	471	
52	471	180	
52	471	116	
52	471	20	
52	471	
52	471	
52	471	
52	471	343	455	
52	471	
52	471	
52	471	
52	471	53	479	
52	471	180	
52	471	343	
52	471	
52	471	
52	471	
52	471	
52	471	
52	471	
52	471	
52	471	407	
52	471	
52	471	
52	471	48	
52	471	
52	471	
52	471	
52	471	60	
52	471	503	
52	471	
52	471	60	
52	471	
52	471	
52	471	
52	471	
52	471	
52	471	
52	471	
52	471	503	470	
52	471	48	
52	471	
52	471	
52	471	36	407	
52	471	
52	471	479	
52	471	
52	471	
52	471	
52	471	
52	471	
52	471	
52	471	407	
52	471	36	
52	471	53	
52	471	
52	471	20	
52	471	
52	471	
52	471	343	
52	471	
52	471	
52	471	
52	471	
52	471	20	
52	471	455	
52	471	
52	471	
52	471	
52	471	180	
52	471	
52	471	48	
52	471	
52	471	20	
52	471	54	
52	471	503	469	
52	471	53	
52	471	
52	471	
52	471	53	
52	471	
52	471	116	479	
52	471	
52	471	20	
52	471	20	
52	471	455	
52	471	
52	471	
52	471	470	503	
52	471	
52	471	
52	471	
52	471	
52	471	
52	471	
52	471	
52	471	
52	471	
52	471	
52	471	
52	471	
52	471	
52	471	
52	471	
52	471	
52	471	
52	471	180	20	
52	471	
52	471	
52	471	
52	471	
52	471	48	
52	471	
52	471	
52	471	
52	471	
52	471	
52	471	
52	471	469	
52	471	
52	471	
52	471	503	
52	471	
52	471	
52	471	469	
52	471	
52	471	
52	471	48	
52	471	
52	471	455	407	
52	471	
52	471	479	
52	471	
52	471	
52	471	470	
52	471	
52	471	469	
52	471	451	
52	471	
52	471	
52	471	
52	471	53	
52	471	180	
52	471	
52	471	116	
52	471	
52	471	
52	471	
52	471	36	
52	471	
52	471	
52	471	
52	471	
52	471	
52	471	36	
52	471	
52	471	20	
52	471	470	
52	471	
52	471	
52	471	
52	471	
52	471	
52	471	
52	471	469	
52	471	455	
52	471	
52	471	469	
52	471	455	407	343	
52	471	
52	471	53	
52	471	469	
52	471	
52	471	
52	471	467	
52	471	
52	471	54	467	455	
52	471	407	
52	471	
52	471	
52	471	
52	471	
52	471	455	
52	471	
52	471	
52	471	
52	471	
52	471	469	
52	471	
52	471	
52	471	470	
52	471	
52	471	479	
52	471	
52	471	
52	471	
52	471	
52	471	
52	471	
52	471	
52	471	
52	471	
52	471	
52	471	
52	471	
52	471	469	
52	471	
52	471	
52	471	
52	471	60	
52	471	180	
52	471	
52	471	
52	471	36	
52	471	
52	471	
52	471	407	
52	471	
52	471	
52	471	
52	471	
52	471	
52	471	
52	471	
52	471	
52	471	
52	471	
52	471	
52	471	
52	471	
52	471	
52	471	
52	471	
52	471	
52	471	279	467	470	
52	471	279	
52	471	279	
52	471	279	311	
52	471	279	
52	471	279	503	
52	471	60	180	
52	471	
52	471	469	
52	471	
52	471	
52	471	
52	471	
52	471	469	
52	471	20	
52	471	
52	471	
52	471	
52	471	
52	471	
52	471	54	
52	471	469	
52	471	469	
52	471	
52	471	53	
52	471	
52	471	
52	471	
52	471	116	479	
52	471	
52	471	
52	471	407	
52	471	
52	471	343	
52	471	
52	471	53	
52	471	
52	471	
52	471	
52	471	116	
52	471	
52	471	116	53	
52	471	
52	471	
52	471	343	
52	471	479	60	
52	471	455	
52	471	343	469	
52	471	
52	471	54	
52	471	
52	471	36	
52	471	455	
52	471	
52	471	48	
52	471	
52	471	
52	471	467	
52	471	
52	471	
52	471	
52	471	503	439	
52	471	
52	471	407	
52	471	
52	471	
52	471	
52	471	
52	471	
52	471	36	469	
52	471	
52	471	
52	471	
52	471	
52	471	
52	471	
52	471	116	
52	471	
52	471	20	
52	471	116	
52	471	343	
52	471	
52	471	
52	471	479	
52	471	
52	471	
52	471	
52	471	
52	471	
52	471	
52	471	
52	471	455	180	
52	471	
52	471	116	467	
52	471	
52	471	
52	471	
52	471	407	
52	471	343	
52	471	
52	471	479	
52	471	
52	471	
52	471	
52	471	
52	471	
52	471	
52	471	407	
52	471	479	
52	471	
52	471	
52	471	
52	471	
52	471	
52	471	467	
52	471	
52	471	
52	471	
52	471	
52	471	
52	471	
52	471	
52	471	407	
52	471	
52	471	36	
52	471	180	
52	471	
52	471	
52	471	36	
52	471	
52	471	
52	471	
52	471	48	
52	471	
52	471	20	
52	471	
52	471	
52	471	148	
52	471	
52	471	
52	471	
52	471	
52	471	470	
52	471	
52	471	
52	471	
52	471	53	
52	471	
52	471	20	4	54	
52	471	
52	471	53	
52	471	
52	471	
52	471	
52	471	50	
52	471	
52	471	54	479	
52	471	
52	471	
52	471	
52	471	
52	471	407	
52	471	
52	471	
52	471	
52	471	
52	471	48	
52	471	180	54	
52	471	343	
52	471	
52	471	
52	471	
52	471	455	
52	471	
52	471	
52	471	
52	471	
52	471	
52	471	
52	471	479	53	
52	471	60	
52	471	
52	471	
52	471	
52	471	
52	471	
52	471	343	
52	471	
52	471	53	
52	471	54	
52	471	
52	471	
52	471	469	
52	471	
52	471	343	
52	471	180	479	
52	471	
52	471	
52	471	36	54	
52	471	
52	471	
52	471	
52	471	503	470	343	
52	471	53	
52	471	
52	471	
52	471	
52	471	
52	471	54	
52	471	180	
52	471	
52	471	343	503	
52	471	
52	471	479	
52	471	180	
52	471	
52	471	
52	471	
52	471	116	36	
52	471	
52	471	116	
52	471	279	455	
52	471	279	
52	471	279	
52	471	279	467	116	
52	471	279	180	
52	471	279	
52	471	279	467	503	
52	471	279	343	
52	471	279	
52	471	279	
52	471	279	
52	471	279	503	
52	471	455	
52	471	479	
52	471	
52	471	
52	471	
52	471	
52	471	
52	471	
52	471	
52	471	53	
52	471	60	
52	471	
52	471	470	
52	471	
52	471	
52	471	
52	471	
52	471	
52	471	
52	471	
52	471	
52	471	
52	471	
52	471	60	
52	471	53	
52	471	
52	471	469	
52	471	36	
52	471	
52	471	
52	471	
52	471	
52	471	
52	471	
52	471	
52	471	
52	471	
52	471	503	
52	471	
52	471	
52	471	
52	471	
52	471	
52	471	
52	471	
52	471	53	
52	471	
52	471	
52	471	54	
52	471	54	
52	471	
52	471	
52	471	467	279	48	
52	471	
52	471	
52	471	
52	471	
52	471	
52	471	
52	471	
52	471	53	
52	471	
52	471	
52	471	
52	471	53	
52	471	56	
52	471	479	
52	471	
52	471	
52	471	
52	471	
52	471	32	
52	471	
52	471	
52	471	
52	471	
52	471	
52	471	469	
52	471	
52	471	470	
52	471	455	
52	471	180	
52	471	
52	471	
52	471	
52	471	
52	471	
52	471	343	36	60	
52	471	
52	471	
52	471	
52	471	
52	471	
52	471	
52	471	
52	471	
52	471	
52	471	467	
52	471	469	
52	471	407	
52	471	
52	471	
52	471	455	
52	471	
52	471	
52	471	470	180	
52	471	
52	471	
52	471	36	
52	471	
52	471	469	36	470	
52	471	54	38	
52	471	
52	471	
52	471	54	
52	471	
52	471	
52	471	60	188	
52	471	
52	471	
52	471	
52	471	
52	471	
52	471	
52	471	
52	471	503	
52	471	
52	471	
52	471	503	
52	471	
52	471	
52	471	
52	471	
52	471	
52	471	
52	471	53	
52	471	
52	471	
52	471	
52	471	
52	471	53	
52	471	
52	471	
52	471	470	
52	471	
52	471	
52	471	60	
52	471	
52	471	
52	471	
52	471	
52	471	
52	471	
52	471	60	
52	471	503	
52	471	469	479	53	
52	471	
52	471	
52	471	
52	471	469	
52	471	54	
52	471	470	407	
52	471	
52	471	
52	471	
52	471	
52	471	
52	471	
52	471	
52	471	
52	471	
52	471	
52	471	
52	471	
52	471	
52	471	455	
52	471	
52	471	
52	471	118	102	469	
52	471	
52	471	
52	471	
52	471	
52	471	
52	471	
52	471	
52	471	469	
52	471	
52	471	
52	471	
52	471	
52	471	
52	471	
52	471	54	
52	471	53	
52	471	
52	471	
52	471	
52	471	48	
52	471	
52	471	
52	471	
52	471	469	
52	471	
52	471	
52	471	
52	471	100	
52	471	
52	471	
52	471	
52	471	
52	471	
52	471	511	
52	471	470	
52	471	
52	471	
52	471	
52	471	
52	471	
52	471	
52	471	
52	471	
52	471	479	477	
52	471	407	
52	471	
52	471	
52	471	
52	471	
52	471	
52	471	470	
52	471	
52	471	
52	471	
52	471	469	
52	471	
52	471	
52	471	
52	471	
52	471	
52	471	
52	471	
52	471	180	
52	471	53	
52	471	
52	471	469	
52	471	
52	471	
52	471	
52	471	
52	471	455	
52	471	
52	471	478	
52	471	
52	471	407	
52	471	20	
52	471	
52	471	343	
52	471	
52	471	36	
52	471	
52	471	
52	471	
52	471	
52	471	
52	471	
52	471	53	
52	471	116	
52	471	
52	471	
52	471	
52	471	
52	471	
52	471	
52	471	
52	471	
52	471	
52	471	
52	471	
52	471	
52	471	
52	471	
52	471	180	
52	471	53	
52	471	467	
52	471	60	
52	471	503	
52	471	
52	471	
52	471	479	475	
52	471	
52	471	
52	471	
52	471	
52	471	53	
52	471	
52	471	
52	471	
52	471	
52	471	
52	471	
52	471	455	
52	471	
52	471	
52	471	407	
52	471	
52	471	53	
52	471	
52	471	53	
52	471	
52	471	407	
52	471	
52	471	
52	471	
52	471	116	20	
52	471	60	
52	471	
52	471	
52	471	20	
52	471	
52	471	
52	471	
52	471	36	
52	471	54	503	
52	471	469	
52	471	
52	471	343	
52	471	
52	471	
52	471	
52	471	
52	471	60	
52	471	
52	471	455	
52	471	
52	471	
52	471	
52	471	467	
52	471	
52	471	
52	471	60	
52	471	60	
52	471	
52	471	
52	471	469	
52	471	503	
52	471	
52	471	
52	471	
52	471	
52	471	
52	471	
52	471	343	
52	471	
52	471	
52	471	
52	471	
52	471	
52	471	
52	471	
52	471	503	
52	471	60	
52	471	407	180	
52	471	
52	471	
52	471	
52	471	343	
52	471	
52	471	
52	471	
52	471	
52	471	
52	471	467	
52	471	467	
52	471	
52	471	479	415	
52	471	
52	471	
52	471	470	
52	471	
52	471	124	
52	471	116	84	
52	471	
52	471	
52	471	
52	471	180	
52	471	54	
52	471	407	
52	471	
52	471	
52	471	407	
52	471	
52	471	
52	471	455	
52	471	
52	471	36	164	
52	471	
52	471	54	
52	471	
52	471	407	
52	471	
52	471	
52	471	
52	471	
52	471	
52	471	
52	471	
52	471	
52	471	
52	471	503	
52	471	
52	471	20	
52	471	
52	471	
52	471	
52	471	54	
52	471	
52	471	
52	471	
52	471	
52	471	
52	471	
52	471	
52	471	466	
52	471	116	
52	471	54	
52	471	
52	471	116	
52	471	60	
52	471	180	
52	471	
52	471	
52	471	60	
52	471	54	
52	471	
52	471	503	
52	471	479	
52	471	
52	471	
52	471	
52	471	
52	471	
52	471	
52	471	455	
52	471	
52	471	20	
52	471	
52	471	
52	471	36	
52	471	469	
52	471	
52	471	
52	471	
52	471	
52	471	
52	471	116	
52	471	
52	471	
52	471	
52	471	
52	471	
52	471	
52	471	20	
52	471	
52	471	116	
52	471	
52	471	
52	471	
52	471	407	
52	471	
52	471	
52	471	
52	471	
52	471	
52	471	
52	471	
52	471	
52	471	100	116	
52	471	100	
52	471	
52	471	
52	471	
52	471	
52	471	
52	471	
52	471	407	
52	471	503	
52	471	470	
52	471	
52	471	
52	471	
52	471	116	
52	471	
52	471	407	
52	471	
52	471	
52	471	467	
52	471	
52	471	
52	471	
52	471	
52	471	
52	471	
52	471	20	
52	471	
52	471	343	
52	471	
52	471	
52	471	
52	471	
52	471	
52	471	
52	471	343	
52	471	
52	471	407	
52	471	
52	471	
52	471	
52	471	180	
52	471	467	
52	471	60	
52	471	455	
52	471	
52	471	
52	471	
52	471	20	
52	471	20	
52	471	60	
52	471	54	
52	471	479	455	
52	471	
52	471	470	
52	471	
52	471	60	
52	471	
52	471	469	
52	471	
52	471	343	
52	471	
52	471	503	
52	471	
52	471	
52	471	
52	471	
52	471	
52	471	53	
52	471	
52	471	
52	471	
52	471	
52	471	48	20	
52	471	
52	471	
52	471	
52	471	
52	471	
52	471	
52	471	343	116	
52	471	
52	471	
52	471	
52	471	
52	471	
52	471	
52	471	53	
52	471	
52	471	
52	471	
52	471	
52	471	60	180	
52	471	20	
52	471	20	
52	471	
52	471	54	
52	471	
52	471	
52	471	
52	471	
52	471	36	
52	471	407	
52	471	
52	471	
52	471	
52	471	
52	471	
52	471	
52	471	
52	471	
52	471	
52	471	
52	471	479	
52	471	
52	471	84	
52	471	54	180	
52	471	
52	471	407	
52	471	
52	471	
52	471	
52	471	100	
52	471	100	180	
52	471	100	
52	471	
52	471	
52	471	
52	471	
52	471	
52	471	60	180	
52	471	
52	471	455	
52	471	455	
52	471	
52	471	
52	471	
52	471	
52	471	
52	471	
52	471	
52	471	20	
52	471	
52	471	470	54	
52	471	
52	471	20	
52	471	343	
52	471	
52	471	
52	471	53	180	
52	471	
52	471	
52	471	
52	471	60	
52	471	
52	471	
52	471	
52	471	
52	471	180	
52	471	
52	471	
52	471	
52	471	
52	471	
52	471	
52	471	407	36	
52	471	455	
52	471	
52	471	
52	471	
52	471	
52	471	
52	471	
52	471	
52	471	
52	471	
52	471	
52	471	
52	471	
52	471	
52	471	503	
52	471	
52	471	180	
52	471	
52	471	
52	471	
52	471	
52	471	
52	471	343	
52	471	
52	471	
52	471	
52	471	
52	471	
52	471	
52	471	
52	471	
52	471	
52	471	
52	471	
52	471	54	
52	471	
52	471	
52	471	
52	471	
52	471	
52	471	60	
52	471	
52	471	
52	471	
52	471	343	
52	471	
52	471	
52	471	
52	471	
52	471	
52	471	
52	471	56	60	
52	471	
52	471	
52	471	
52	471	
52	471	
52	471	
52	471	
52	471	
52	471	479	
52	471	53	
52	471	180	407	
52	471	
52	471	
52	471	
52	471	
52	471	
52	471	
52	471	
52	471	
52	471	
52	471	53	
52	471	60	
52	471	116	
52	471	479	
52	471	116	
52	471	
52	471	
52	471	
52	471	
52	471	
52	471	
52	471	
52	471	53	467	503	
52	471	
52	471	
52	471	
52	471	
52	471	
52	471	
52	471	343	
52	471	
52	471	469	
52	471	
52	471	407	
52	471	
52	471	20	48	
52	471	
52	471	
52	471	
52	471	467	470	
52	471	
52	471	
52	471	20	
52	471	
52	471	
52	471	455	
52	471	53	
52	471	
52	471	
52	471	479	
52	471	
52	471	
52	471	
52	471	
52	471	455	343	
52	471	
52	471	182	
52	471	470	
52	471	
52	471	
52	471	54	
52	471	415	479	
52	471	48	
52	471	
52	471	
52	471	
52	471	
52	471	180	
52	471	
52	471	
52	471	
52	471	
52	471	
52	471	
52	471	
52	471	
52	471	
52	471	
52	471	
52	471	
52	471	
52	471	
52	471	
52	471	
52	471	116	
52	471	
52	471	116	
52	471	
52	471	
52	471	
52	471	53	
52	471	
52	471	
52	471	479	
52	471	
52	471	
52	471	
52	471	
52	471	60	
52	471	
52	471	
52	471	468	
52	471	
52	471	
52	471	53	469	
52	471	
52	471	
52	471	470	
52	471	
52	471	54	
52	471	
52	471	116	
52	471	
52	471	116	
52	471	
52	471	470	
52	471	
52	471	
52	471	
52	471	407	
52	471	36	
52	471	54	
52	471	
52	471	
52	471	
52	471	407	
52	471	407	
52	471	343	
52	471	343	
52	471	180	48	
52	471	
52	471	503	479	
52	471	
52	471	
52	471	
52	471	467	
52	471	
52	471	339	
52	471	60	
52	471	
52	471	455	54	
52	471	
52	471	
52	471	
52	471	
52	471	
52	471	
52	471	343	
52	471	
52	471	
52	471	
52	471	
52	471	
52	471	
52	471	
52	471	
52	471	
52	471	455	
52	471	20	180	
52	471	
52	471	467	
52	471	
52	471	36	
52	471	
52	471	
52	471	
52	471	
52	471	
52	471	
52	471	
52	471	
52	471	
52	471	479	
52	471	
52	471	
52	471	
52	471	
52	471	
52	471	
52	471	
52	471	
52	471	
52	471	
52	471	36	
52	471	
52	471	467	
52	471	467	
52	471	
52	471	
52	471	
52	471	455	
52	471	469	
52	471	
52	471	
52	471	343	
52	471	
52	471	
52	471	
52	471	
52	471	
52	471	479	
52	471	
52	471	
52	471	
52	471	
52	471	20	
52	471	
52	471	
52	471	
52	471	48	
52	471	
52	471	
52	471	
52	471	36	116	
52	471	53	
52	471	469	
52	471	407	
52	471	467	
52	471	
52	471	
52	471	
52	471	
52	471	
52	471	
52	471	407	116	
52	471	
52	471	
52	471	54	
52	471	
52	471	
52	471	
52	471	
52	471	
52	471	
52	471	
52	471	
52	471	
52	471	
52	471	
52	471	
52	471	343	
52	471	
52	471	116	
52	471	
52	471	
52	471	
52	471	
52	471	
52	471	
52	471	
52	471	455	
52	471	
52	471	
52	471	455	
52	471	
52	471	53	
52	471	
52	471	
52	471	
52	471	455	53	
52	471	
52	471	
52	471	
52	471	
52	471	
52	471	
52	471	
52	471	
52	471	
52	471	
52	471	
52	471	180	
52	471	61	188	
52	471	
52	471	60	
52	471	479	
52	471	
52	471	
52	471	
52	471	
52	471	
52	471	
52	471	
52	471	
52	471	
52	471	503	
52	471	451	455	
52	471	
52	471	
52	471	164	
52	471	
52	471	
52	471	467	343	116	
52	471	
52	471	
52	471	
52	471	407	
52	471	
52	471	
52	471	
52	471	
52	471	
52	471	53	
52	471	
52	471	
52	471	
52	471	
52	471	
52	471	
52	471	
52	471	
52	471	
52	471	53	
52	471	
52	471	
52	471	
52	471	
52	471	
52	471	467	
52	471	60	
52	471	455	116	
52	471	
52	471	
52	471	
52	471	
52	471	
52	471	20	28	
52	471	36	
52	471	503	
52	471	
52	471	455	
52	471	467	
52	471	116	
52	471	
52	471	180	
52	471	
52	471	
52	471	467	
52	471	455	
52	471	
52	471	407	
52	471	
52	471	
52	471	
52	471	
52	471	
52	471	
52	471	469	
52	471	
52	471	
52	471	
52	471	463	
52	471	467	
52	471	
52	471	
52	471	36	
52	471	
52	471	
52	471	20	
52	471	407	
52	471	60	
52	471	
52	471	343	
52	471	
52	471	
52	471	
52	471	
52	471	
52	471	
52	471	467	
52	471	
52	471	20	
52	471	467	
52	471	279	407	
52	471	20	16	
52	471	467	
52	471	
52	471	
52	471	
52	471	
52	471	469	
52	471	478	479	
52	471	
52	471	
52	471	470	
52	471	479	
52	471	
52	471	
52	471	
52	471	
52	471	
52	471	53	467	
52	471	
52	471	53	
52	471	
52	471	
52	471	20	
52	471	
52	471	
52	471	469	
52	471	180	
52	471	
52	471	
52	471	
52	471	
52	471	
