1	264	256	520
2	226	223	449
3	217	194	411
4	191	196	387
5	200	177	377
6	214	194	408
7	198	219	417
8	210	210	420
9	190	188	378
10	206	206	412
11	202	197	399
12	185	196	381
13	202	194	396
14	192	214	406
15	214	190	404
16	206	191	397
17	205	198	403
18	187	211	398
19	196	213	409
20	206	209	415
21	221	193	414
22	234	192	426
23	185	196	381
24	186	181	367
25	210	214	424
26	204	221	425
27	209	224	433
28	214	236	450
29	222	220	442
30	212	212	424
31	229	213	442
32	217	212	429
33	209	193	402
34	200	195	395
35	204	216	420
36	198	210	408
37	216	196	412
38	225	187	412
39	222	208	430
40	211	201	412
41	213	194	407
42	220	205	425
43	218	202	420
44	218	214	432
45	219	195	414
46	233	203	436
47	228	218	446
48	226	220	446
49	229	200	429
50	218	229	447
51	239	206	445
52	234	218	452
53	255	247	502
54	246	219	465
55	226	222	448
56	236	236	472
57	252	254	506
58	261	265	526
59	265	275	540
60	266	295	561
61	265	284	549
62	275	297	572
63	248	284	532
64	262	281	543
65	273	302	575
66	279	287	566
67	290	284	574
68	301	294	595
69	293	282	575
70	299	276	575
71	291	308	599
72	314	281	595
73	287	282	569
74	288	279	567
75	286	279	565
76	276	274	550
77	284	296	580
78	271	286	557
79	270	300	570
80	281	283	564
81	295	291	586
82	300	295	595
83	289	260	549
84	290	285	575
85	291	291	582
86	306	278	584
87	279	280	559
88	278	261	539
89	277	273	550
90	278	298	576
91	285	280	565
92	293	276	569
93	290	306	596
94	306	286	592
95	288	315	603
96	243	320	563
97	268	311	579
98	255	305	560
99	245	307	552
100	233	296	529
101	241	300	541
102	239	302	541
103	237	304	541
104	230	294	524
105	224	298	522
106	223	296	519
107	216	300	516
108	199	325	524
109	205	316	521
110	218	316	534
111	226	322	548
112	222	323	545
113	212	294	506
114	216	306	522
115	210	291	501
116	230	282	512
117	208	273	481
118	220	268	488
119	201	272	473
120	222	275	497
121	231	258	489
122	266	253	519
123	280	247	527
124	260	249	509
125	257	249	506
126	277	248	525
127	252	250	502
128	260	270	530
129	268	259	527
130	307	250	557
131	288	223	511
132	282	221	503
133	315	233	548
134	306	228	534
135	291	235	526
136	287	239	526
137	276	239	515
138	271	230	501
139	275	233	508
140	279	222	501
141	279	228	507
142	294	238	532
143	298	217	515
144	307	215	522
145	297	227	524
146	289	220	509
147	298	247	545
148	298	237	535
149	280	247	527
150	300	242	542
151	292	257	549
152	282	248	530
153	283	233	516
154	300	214	514
155	291	247	538
156	252	239	491
157	255	218	473
158	277	255	532
159	263	238	501
160	252	228	480
161	255	226	481
162	250	236	486
163	286	230	516
164	260	231	491
165	282	224	506
166	282	220	502
167	271	238	509
168	283	222	505
169	260	237	497
170	271	221	492
171	279	240	519
172	287	240	527
173	285	273	558
174	271	242	513
175	251	281	532
176	226	253	479
177	228	248	476
178	234	247	481
179	232	253	485
180	224	223	447
181	226	220	446
182	236	214	450
183	241	200	441
184	214	206	420
185	221	224	445
186	236	236	472
187	226	242	468
188	218	260	478
189	227	247	474
190	233	242	475
191	228	241	469
192	236	215	451
193	214	212	426
194	248	213	461
195	235	214	449
196	246	224	470
197	269	222	491
198	254	239	493
199	269	231	500
200	261	240	501
201	253	242	495
202	256	249	505
203	276	266	542
204	269	257	526
205	281	242	523
206	276	256	532
207	273	252	525
208	278	262	540
209	296	250	546
210	301	281	582
211	299	281	580
212	280	306	586
213	262	281	543
214	305	257	562
215	307	265	572
216	303	271	574
217	294	270	564
218	319	255	574
219	323	260	583
220	302	253	555
221	290	241	531
222	308	243	551
223	285	256	541
224	318	258	576
225	315	250	565
226	320	246	566
227	331	251	582
228	281	258	539
229	313	261	574
230	316	273	589
231	294	262	556
232	304	282	586
233	297	282	579
234	319	278	597
235	330	253	583
236	302	252	554
237	304	253	557
238	279	285	564
239	311	237	548
240	291	256	547
241	296	234	530
242	299	246	545
243	318	234	552
244	316	294	610
245	319	269	588
246	320	250	570
247	320	281	601
248	316	249	565
249	297	258	555
250	320	246	566
251	324	237	561
252	292	250	542
253	326	241	567
254	326	271	597
255	310	259	569
256	298	268	566
257	300	277	577
258	301	264	565
259	307	260	567
260	284	269	553
261	319	254	573
262	294	273	567
263	282	256	538
264	272	262	534
265	286	274	560
266	282	265	547
267	265	282	547
268	263	263	526
269	271	288	559
270	259	307	566
271	259	284	543
272	251	281	532
273	243	260	503
274	243	270	513
275	229	249	478
276	232	263	495
277	229	285	514
278	212	290	502
279	217	281	498
280	221	268	489
281	251	246	497
282	234	243	477
283	246	242	488
284	261	252	513
285	252	276	528
286	276	255	531
287	257	256	513
288	252	247	499
289	247	231	478
290	226	241	467
291	239	232	471
292	238	276	514
293	233	308	541
294	246	319	565
295	257	320	577
296	246	320	566
297	240	319	559
298	250	325	575
299	245	315	560
300	278	310	588
301	266	308	574
302	273	313	586
303	281	314	595
304	252	322	574
305	274	311	585
306	249	313	562
307	257	314	571
308	260	325	585
309	261	329	590
310	254	317	571
311	265	305	570
312	263	316	579
313	269	306	575
314	250	330	580
315	263	350	613
316	273	338	611
317	238	311	549
318	240	316	556
319	239	306	545
320	260	310	570
321	258	306	564
322	274	310	584
323	257	321	578
324	247	328	575
325	273	303	576
326	258	339	597
327	278	331	609
328	266	324	590
329	265	335	600
330	236	324	560
331	234	343	577
332	235	311	546
333	235	327	562
334	267	326	593
335	272	322	594
336	262	329	591
337	267	308	575
338	278	322	600
339	244	320	564
340	263	297	560
341	270	300	570
342	253	325	578
343	260	349	609
344	264	336	600
345	280	320	600
346	239	320	559
347	246	329	575
348	245	327	572
349	247	325	572
350	258	325	583
351	252	327	579
352	255	320	575
353	261	314	575
354	276	325	601
355	255	316	571
356	260	330	590
357	289	337	626
358	265	328	593
359	271	311	582
360	269	304	573
361	252	322	574
362	262	310	572
363	272	294	566
364	273	312	585
365	235	326	561
366	255	300	555
367	250	329	579
368	246	327	573
369	224	329	553
370	267	319	586
371	257	301	558
372	271	313	584
373	266	327	593
374	268	307	575
375	255	325	580
376	252	326	578
377	273	312	585
378	248	321	569
379	283	306	589
380	250	325	575
381	262	309	571
382	258	341	599
383	246	328	574
384	272	321	593
385	249	314	563
386	263	346	609
387	265	338	603
388	257	319	576
389	261	314	575
390	266	318	584
391	252	318	570
392	264	314	578
393	256	330	586
394	237	313	550
395	247	296	543
396	246	290	536
397	250	293	543
398	267	317	584
399	255	317	572
400	248	332	580
401	249	317	566
402	255	324	579
403	265	317	582
404	247	312	559
405	268	299	567
406	278	279	557
407	264	267	531
408	263	274	537
409	287	261	548
410	259	255	514
411	268	256	524
412	264	241	505
413	286	212	498
414	281	182	463
415	315	161	476
416	291	179	470
417	273	187	460
418	264	203	467
419	252	190	442
420	242	191	433
421	236	205	441
422	223	227	450
423	204	224	428
424	184	236	420
425	171	251	422
426	163	259	422
427	141	301	442
428	132	292	424
429	203	264	467
430	201	242	443
431	212	227	439
432	207	243	450
433	220	253	473
434	209	242	451
435	226	234	460
436	221	236	457
437	210	230	440
438	202	236	438
439	236	238	474
440	248	234	482
441	239	221	460
442	231	216	447
443	260	248	508
444	253	234	487
445	248	240	488
446	239	233	472
447	249	232	481
448	252	233	485
449	244	255	499
450	260	233	493
451	260	248	508
452	244	296	540
453	270	260	530
454	274	264	538
455	263	278	541
456	276	310	586
457	284	304	588
458	273	302	575
459	260	297	557
460	254	305	559
461	235	308	543
462	235	324	559
463	255	333	588
464	241	329	570
465	228	323	551
466	236	329	565
467	256	324	580
468	231	320	551
469	229	345	574
470	209	309	518
471	187	311	498
472	195	312	507
473	202	316	518
474	231	293	524
475	233	266	499
476	230	296	526
477	246	288	534
478	227	263	490
479	241	281	522
480	251	272	523
481	260	232	492
482	242	237	479
483	259	216	475
484	259	236	495
485	246	220	466
486	231	217	448
487	236	222	458
488	222	193	415
489	212	191	403
490	199	224	423
491	209	227	436
492	207	208	415
493	213	207	420
494	210	219	429
495	198	238	436
496	213	221	434
497	225	209	434
498	215	221	436
499	218	217	435
500	227	219	446
501	211	213	424
502	224	182	406
503	231	200	431
504	226	196	422
505	204	208	412
506	216	220	436
507	228	216	444
508	210	198	408
509	204	187	391
510	221	189	410
511	210	191	401
512	214	221	435
513	214	217	431
514	208	205	413
515	212	214	426
516	211	206	417
517	216	204	420
518	223	197	420
519	204	190	394
520	231	200	431
521	236	215	451
522	212	209	421
523	209	201	410
524	225	216	441
525	231	230	461
526	212	218	430
527	226	234	460
528	245	217	462
529	214	221	435
530	235	236	471
531	237	247	484
532	245	241	486
533	222	237	459
534	232	238	470
535	218	250	468
536	222	229	451
537	245	222	467
538	252	226	478
539	240	209	449
540	255	217	472
541	236	201	437
542	229	196	425
543	247	203	450
544	231	224	455
545	218	220	438
546	219	216	435
547	226	217	443
548	226	243	469
549	215	263	478
550	210	233	443
551	233	247	480
552	246	225	471
553	235	216	451
554	237	221	458
555	239	247	486
556	221	240	461
557	240	228	468
558	223	240	463
559	209	198	407
560	211	204	415
561	200	205	405
562	204	210	414
563	243	212	455
564	230	200	430
565	243	182	425
566	254	179	433
567	259	190	449
568	238	202	440
569	269	192	461
570	254	206	460
571	253	214	467
572	255	209	464
573	270	216	486
574	237	232	469
575	266	226	492
576	287	218	505
577	270	190	460
578	272	198	470
579	270	204	474
580	246	215	461
581	238	218	456
582	258	207	465
583	246	193	439
584	235	189	424
585	240	210	450
586	236	234	470
587	224	207	431
588	222	230	452
589	246	220	466
590	247	244	491
591	212	243	455
592	221	243	464
593	252	257	509
594	243	272	515
595	246	279	525
596	246	305	551
597	272	314	586
598	285	294	579
599	310	284	594
600	313	286	599
601	326	318	644
602	314	330	644
603	300	331	631
604	309	326	635
605	307	325	632
606	318	323	641
607	299	297	596
608	296	313	609
609	303	325	628
610	321	313	634
611	294	320	614
612	293	314	607
613	291	331	622
614	297	301	598
615	315	306	621
616	329	336	665
617	304	324	628
618	322	326	648
619	314	333	647
620	323	325	648
621	319	330	649
622	298	328	626
623	320	328	648
624	290	322	612
625	308	326	634
626	328	305	633
627	303	330	633
628	306	306	612
629	308	322	630
630	323	320	643
631	305	332	637
632	302	303	605
633	311	299	610
634	309	323	632
635	324	338	662
636	310	333	643
637	300	311	611
638	307	326	633
639	319	335	654
640	322	312	634
641	294	329	623
642	297	317	614
643	292	327	619
644	312	345	657
645	321	341	662
646	322	310	632
647	304	345	649
648	319	338	657
649	298	331	629
650	331	353	684
651	304	325	629
652	312	348	660
653	315	333	648
654	318	324	642
655	337	303	640
656	306	322	628
657	286	313	599
658	295	325	620
659	300	344	644
660	318	331	649
661	307	340	647
662	326	331	657
663	321	308	629
664	289	323	612
665	295	329	624
666	300	332	632
667	326	328	654
668	322	323	645
669	324	323	647
670	303	335	638
671	329	351	680
672	321	345	666
673	310	326	636
674	310	321	631
675	304	336	640
676	317	346	663
677	329	324	653
678	312	323	635
679	298	311	609
680	306	335	641
681	306	347	653
682	319	336	655
683	296	330	626
684	317	335	652
685	310	335	645
686	326	332	658
687	296	323	619
688	307	325	632
689	306	295	601
690	306	319	625
691	311	352	663
692	313	336	649
693	301	315	616
694	321	320	641
695	314	312	626
696	318	319	637
697	298	295	593
698	287	317	604
699	305	340	645
700	314	329	643
701	291	320	611
702	295	318	613
703	286	316	602
704	298	318	616
705	303	313	616
706	289	334	623
707	324	342	666
708	312	310	622
709	301	331	632
710	306	346	652
711	306	336	642
712	313	334	647
713	305	340	645
714	295	335	630
715	318	340	658
716	312	318	630
717	312	328	640
718	302	333	635
719	298	355	653
720	299	324	623
721	309	318	627
722	320	315	635
723	298	317	615
724	305	304	609
725	302	328	630
726	290	321	611
727	293	305	598
728	275	315	590
729	321	318	639
730	311	334	645
731	314	305	619
732	309	308	617
733	299	322	621
734	289	324	613
735	299	327	626
736	317	316	633
737	320	339	659
738	309	350	659
739	301	318	619
740	313	325	638
741	300	324	624
742	297	339	636
743	289	337	626
744	299	320	619
745	308	319	627
746	309	325	634
747	332	340	672
748	279	330	609
749	294	338	632
750	303	332	635
751	303	309	612
752	290	314	604
753	291	334	625
754	307	319	626
755	318	301	619
756	325	325	650
757	314	321	635
758	309	340	649
759	326	330	656
760	301	313	614
761	304	320	624
762	311	309	620
763	320	320	640
764	291	308	599
765	304	339	643
766	293	330	623
767	323	332	655
768	323	313	636
769	314	327	641
770	318	321	639
771	307	331	638
772	319	333	652
773	325	332	657
774	323	335	658
775	334	323	657
776	332	311	643
777	334	322	656
778	304	334	638
779	292	330	622
780	309	302	611
781	302	305	607
782	295	326	621
783	309	323	632
784	304	336	640
785	291	335	626
786	288	327	615
787	304	342	646
788	291	341	632
789	293	336	629
790	311	333	644
791	334	339	673
792	292	308	600
793	289	333	622
794	305	334	639
795	318	310	628
796	298	335	633
797	299	344	643
798	307	314	621
799	290	328	618
800	296	324	620
801	319	289	608
802	299	303	602
803	314	327	641
804	321	314	635
805	304	313	617
806	302	348	650
807	289	330	619
808	280	336	616
809	291	347	638
810	289	332	621
811	280	343	623
812	316	333	649
813	302	335	637
814	312	339	651
815	297	314	611
816	306	343	649
817	303	337	640
818	326	324	650
819	316	325	641
820	298	339	637
821	306	316	622
822	309	322	631
823	312	335	647
824	294	323	617
825	316	323	639
826	294	322	616
827	285	320	605
828	290	319	609
829	305	317	622
830	292	324	616
831	304	328	632
832	293	343	636
833	304	335	639
834	312	331	643
835	293	335	628
836	302	344	646
837	329	302	631
838	324	324	648
839	307	337	644
840	306	317	623
841	301	304	605
842	301	321	622
843	301	322	623
844	315	332	647
845	297	316	613
846	319	340	659
847	322	320	642
848	309	323	632
849	312	332	644
850	328	320	648
851	299	331	630
852	289	338	627
853	317	322	639
854	304	342	646
855	323	349	672
856	319	333	652
857	289	336	625
858	290	316	606
859	298	317	615
860	298	314	612
861	297	330	627
862	295	306	601
863	275	316	591
864	318	346	664
865	314	327	641
866	310	330	640
867	321	320	641
868	310	327	637
869	308	327	635
870	315	311	626
871	331	317	648
872	296	327	623
873	329	304	633
874	313	311	624
875	274	339	613
876	306	332	638
877	321	316	637
878	307	306	613
879	318	346	664
880	330	325	655
881	314	322	636
882	332	307	639
883	316	344	660
884	313	326	639
885	320	312	632
886	300	323	623
887	332	321	653
888	301	314	615
889	291	326	617
890	323	322	645
891	321	316	637
892	301	321	622
893	322	336	658
894	294	338	632
895	301	318	619
896	313	323	636
897	314	322	636
898	311	326	637
899	327	321	648
900	330	312	642
901	318	311	629
902	310	349	659
903	308	336	644
904	333	338	671
905	288	341	629
906	278	336	614
907	293	324	617
908	307	332	639
909	313	330	643
910	283	334	617
911	302	318	620
912	309	325	634
913	306	319	625
914	313	333	646
915	312	320	632
916	290	333	623
917	309	339	648
918	295	314	609
919	298	318	616
920	303	322	625
921	326	323	649
922	308	316	624
923	317	318	635
924	317	316	633
925	323	316	639
926	296	317	613
927	315	321	636
928	301	327	628
929	331	320	651
930	320	325	645
931	299	342	641
932	295	339	634
933	317	343	660
934	313	336	649
935	307	294	601
936	294	338	632
937	290	341	631
938	306	329	635
939	291	313	604
940	312	334	646
941	313	294	607
942	339	316	655
943	302	336	638
944	303	321	624
945	296	319	615
946	293	335	628
947	299	320	619
948	282	329	611
949	316	317	633
950	287	309	596
951	287	308	595
952	305	297	602
953	331	302	633
954	324	329	653
955	289	334	623
956	298	317	615
957	274	346	620
958	300	323	623
959	314	335	649
960	319	333	652
961	302	330	632
962	320	339	659
963	300	331	631
964	293	318	611
965	310	343	653
966	294	337	631
967	288	329	617
968	313	340	653
969	311	343	654
970	310	340	650
971	320	333	653
972	329	343	672
973	319	326	645
974	312	341	653
975	309	337	646
976	311	345	656
977	308	328	636
978	304	350	654
979	297	344	641
980	293	314	607
981	298	329	627
982	286	321	607
983	298	320	618
984	276	322	598
985	297	303	600
986	331	308	639
987	306	307	613
988	323	343	666
989	319	321	640
990	313	332	645
991	297	336	633
992	325	319	644
993	311	324	635
994	319	331	650
995	311	346	657
996	326	323	649
997	312	349	661
998	330	344	674
999	302	339	641
1000	332	305	637
1001	326	344	670
1002	328	337	665
1003	305	314	619
1004	317	315	632
1005	292	339	631
1006	295	332	627
1007	296	341	637
1008	309	331	640
1009	302	316	618
1010	297	321	618
1011	322	311	633
1012	312	313	625
1013	310	303	613
1014	318	311	629
1015	326	308	634
1016	284	325	609
1017	297	334	631
1018	317	315	632
1019	311	315	626
1020	307	323	630
1021	326	328	654
1022	319	320	639
1023	333	313	646
1024	317	301	618
1025	310	323	633
1026	336	318	654
1027	315	318	633
1028	306	333	639
1029	309	318	627
1030	307	307	614
1031	298	311	609
1032	326	324	650
1033	329	322	651
1034	325	310	635
1035	295	304	599
1036	296	330	626
1037	304	344	648
1038	321	343	664
1039	314	336	650
1040	348	289	637
1041	321	326	647
1042	326	337	663
1043	331	337	668
1044	311	330	641
1045	303	312	615
1046	291	322	613
1047	304	332	636
1048	302	308	610
1049	298	312	610
1050	303	333	636
1051	307	350	657
1052	322	326	648
1053	291	321	612
1054	297	325	622
1055	284	324	608
1056	287	329	616
1057	301	332	633
1058	310	337	647
1059	295	326	621
1060	275	330	605
1061	278	333	611
1062	312	327	639
1063	327	315	642
1064	326	309	635
1065	289	301	590
1066	293	299	592
1067	299	326	625
1068	297	344	641
1069	301	330	631
1070	293	336	629
1071	293	313	606
1072	317	328	645
1073	329	339	668
1074	314	311	625
1075	313	326	639
1076	323	335	658
1077	301	332	633
1078	316	349	665
1079	305	322	627
1080	314	315	629
1081	310	311	621
1082	311	327	638
1083	321	331	652
1084	309	313	622
1085	298	336	634
1086	314	344	658
1087	316	307	623
1088	310	324	634
1089	325	323	648
1090	312	347	659
1091	297	325	622
1092	301	355	656
1093	297	346	643
1094	308	329	637
1095	306	323	629
1096	308	339	647
1097	305	328	633
1098	310	334	644
1099	343	329	672
1100	315	346	661
1101	306	317	623
1102	324	312	636
1103	294	331	625
1104	322	325	647
1105	314	330	644
1106	305	322	627
1107	302	325	627
1108	283	303	586
1109	313	306	619
1110	312	339	651
1111	321	330	651
1112	337	327	664
1113	319	330	649
1114	289	336	625
1115	316	332	648
1116	302	355	657
1117	290	335	625
1118	299	315	614
1119	318	331	649
1120	312	330	642
1121	317	320	637
1122	313	332	645
1123	303	311	614
1124	278	324	602
1125	309	323	632
1126	322	325	647
1127	312	319	631
1128	304	309	613
1129	319	328	647
1130	297	331	628
1131	303	320	623
1132	311	318	629
1133	308	338	646
1134	275	331	606
1135	293	324	617
1136	326	325	651
1137	310	325	635
1138	305	329	634
1139	322	340	662
1140	282	341	623
1141	299	324	623
1142	278	326	604
1143	288	327	615
1144	310	329	639
1145	305	332	637
1146	292	336	628
1147	290	323	613
1148	309	332	641
1149	336	325	661
1150	319	335	654
1151	331	307	638
1152	302	327	629
1153	303	333	636
1154	306	330	636
1155	310	336	646
1156	299	336	635
1157	326	302	628
1158	317	333	650
1159	296	301	597
1160	318	330	648
1161	281	314	595
1162	310	320	630
1163	333	317	650
1164	300	320	620
1165	284	337	621
1166	298	327	625
1167	331	334	665
1168	326	325	651
1169	307	320	627
1170	293	321	614
1171	309	331	640
1172	312	316	628
1173	305	304	609
1174	319	312	631
1175	306	332	638
1176	317	344	661
1177	310	349	659
1178	307	340	647
1179	311	302	613
1180	301	307	608
1181	280	326	606
1182	337	321	658
1183	305	346	651
1184	309	331	640
1185	311	294	605
1186	317	326	643
1187	316	331	647
1188	303	314	617
1189	295	335	630
1190	300	332	632
1191	325	320	645
1192	293	337	630
1193	292	339	631
1194	331	302	633
1195	314	342	656
1196	329	336	665
1197	290	344	634
1198	308	326	634
1199	303	331	634
1200	318	337	655
1201	323	315	638
1202	327	335	662
1203	297	328	625
1204	283	327	610
1205	300	327	627
1206	309	318	627
1207	301	335	636
1208	284	334	618
1209	324	328	652
1210	322	348	670
1211	308	336	644
1212	307	317	624
1213	312	311	623
1214	319	317	636
1215	321	321	642
1216	313	315	628
1217	327	308	635
1218	292	353	645
1219	296	333	629
1220	325	321	646
1221	307	328	635
1222	308	316	624
1223	293	321	614
1224	301	314	615
1225	281	323	604
1226	293	322	615
1227	320	343	663
1228	298	316	614
1229	286	306	592
1230	314	309	623
1231	308	316	624
1232	312	352	664
1233	299	343	642
1234	321	333	654
1235	291	325	616
1236	307	325	632
1237	315	297	612
1238	311	323	634
1239	286	341	627
1240	316	335	651
1241	315	308	623
1242	305	324	629
1243	295	346	641
1244	302	320	622
1245	306	329	635
1246	320	321	641
1247	286	334	620
1248	307	330	637
1249	315	323	638
1250	313	334	647
1251	304	330	634
1252	318	342	660
1253	317	335	652
1254	320	343	663
1255	299	361	660
1256	306	338	644
1257	341	308	649
1258	317	320	637
1259	320	321	641
1260	295	305	600
1261	301	334	635
1262	305	315	620
1263	307	321	628
1264	311	321	632
1265	298	335	633
1266	317	339	656
1267	310	318	628
1268	304	306	610
1269	311	317	628
1270	292	312	604
1271	298	326	624
1272	313	319	632
1273	303	313	616
1274	284	332	616
1275	299	318	617
1276	306	337	643
1277	326	319	645
1278	305	319	624
1279	309	323	632
1280	311	316	627
1281	319	327	646
1282	312	344	656
1283	336	323	659
1284	313	329	642
1285	305	350	655
1286	312	341	653
1287	326	327	653
1288	323	322	645
1289	305	334	639
1290	314	330	644
1291	307	335	642
1292	296	320	616
1293	315	308	623
1294	305	313	618
1295	315	321	636
1296	317	317	634
1297	314	313	627
1298	300	319	619
1299	291	329	620
1300	306	344	650
1301	320	303	623
1302	291	333	624
1303	305	325	630
1304	306	333	639
1305	295	325	620
1306	299	336	635
1307	291	322	613
1308	301	360	661
1309	282	355	637
1310	298	331	629
1311	324	326	650
1312	294	322	616
1313	277	316	593
1314	270	321	591
1315	283	344	627
1316	302	324	626
1317	300	324	624
1318	298	340	638
1319	316	327	643
1320	323	319	642
1321	317	326	643
1322	309	335	644
1323	295	342	637
1324	306	343	649
1325	307	337	644
1326	335	310	645
1327	312	326	638
1328	299	358	657
1329	320	309	629
1330	306	323	629
1331	321	331	652
1332	307	331	638
1333	310	330	640
1334	317	333	650
1335	304	352	656
1336	308	331	639
1337	295	331	626
1338	297	317	614
1339	309	336	645
1340	306	325	631
1341	304	345	649
1342	320	313	633
1343	317	330	647
1344	314	310	624
1345	309	339	648
1346	321	327	648
1347	321	332	653
1348	319	331	650
1349	329	306	635
1350	318	330	648
1351	285	326	611
1352	298	328	626
1353	304	320	624
1354	287	320	607
1355	316	325	641
1356	310	323	633
1357	331	316	647
1358	285	345	630
1359	303	343	646
1360	291	332	623
1361	292	322	614
1362	305	314	619
1363	315	330	645
1364	319	338	657
1365	303	321	624
1366	332	326	658
1367	313	350	663
1368	306	360	666
1369	295	349	644
1370	313	312	625
1371	291	307	598
1372	329	317	646
1373	326	313	639
1374	341	340	681
1375	340	309	649
1376	301	312	613
1377	311	318	629
1378	307	350	657
1379	326	328	654
1380	313	327	640
1381	299	347	646
1382	301	323	624
1383	297	308	605
1384	304	300	604
1385	298	320	618
1386	323	317	640
1387	299	306	605
1388	312	311	623
1389	285	337	622
1390	292	336	628
1391	292	313	605
1392	290	320	610
1393	288	326	614
1394	308	336	644
1395	305	338	643
1396	280	326	606
1397	284	310	594
1398	308	328	636
1399	314	339	653
1400	310	317	627
1401	305	320	625
1402	313	320	633
1403	309	318	627
1404	326	326	652
1405	300	319	619
1406	308	347	655
1407	301	349	650
1408	292	323	615
1409	299	338	637
1410	299	329	628
1411	312	321	633
1412	307	330	637
1413	305	327	632
1414	302	324	626
1415	291	317	608
1416	298	339	637
1417	287	356	643
1418	312	331	643
1419	278	335	613
1420	294	316	610
1421	293	322	615
1422	305	321	626
1423	288	324	612
1424	308	337	645
1425	282	335	617
1426	299	291	590
1427	297	313	610
1428	294	305	599
1429	326	343	669
1430	327	326	653
1431	309	349	658
1432	310	344	654
1433	320	341	661
1434	313	339	652
1435	307	311	618
1436	309	319	628
1437	290	355	645
1438	295	321	616
1439	318	327	645
1440	339	332	671
1441	322	302	624
1442	308	313	621
1443	275	329	604
1444	282	351	633
1445	312	332	644
1446	271	300	571
1447	295	307	602
1448	314	290	604
1449	294	328	622
1450	291	326	617
1451	304	324	628
1452	319	323	642
1453	311	326	637
1454	311	336	647
1455	299	335	634
1456	316	344	660
1457	296	309	605
1458	311	327	638
1459	298	335	633
1460	303	349	652
1461	298	329	627
1462	290	338	628
1463	329	323	652
1464	315	324	639
1465	309	327	636
1466	333	324	657
1467	307	315	622
1468	312	342	654
1469	323	350	673
1470	315	341	656
1471	302	328	630
1472	295	328	623
1473	299	348	647
1474	305	330	635
1475	301	313	614
1476	302	341	643
1477	294	325	619
1478	304	330	634
1479	306	344	650
1480	293	336	629
1481	317	339	656
1482	307	341	648
1483	306	322	628
1484	304	346	650
1485	324	311	635
1486	331	330	661
1487	307	352	659
1488	310	341	651
1489	296	351	647
1490	315	332	647
1491	315	319	634
1492	309	331	640
1493	295	319	614
1494	312	336	648
1495	319	326	645
1496	299	336	635
1497	292	323	615
1498	297	311	608
1499	285	334	619
1500	312	327	639
1501	287	315	602
1502	310	347	657
1503	298	332	630
1504	302	316	618
1505	302	351	653
1506	333	330	663
1507	326	320	646
1508	301	331	632
1509	304	349	653
1510	322	326	648
1511	315	349	664
1512	335	306	641
1513	318	314	632
1514	333	330	663
1515	325	328	653
1516	302	315	617
1517	308	307	615
1518	307	290	597
1519	312	329	641
1520	309	336	645
1521	314	309	623
1522	305	324	629
1523	322	345	667
1524	305	336	641
1525	298	332	630
1526	289	338	627
1527	295	335	630
1528	319	328	647
1529	297	341	638
1530	299	334	633
1531	330	340	670
1532	317	322	639
1533	327	340	667
1534	324	332	656
1535	296	332	628
1536	306	332	638
1537	301	327	628
1538	313	323	636
1539	315	337	652
1540	324	323	647
1541	331	339	670
1542	296	329	625
1543	315	295	610
1544	306	318	624
1545	296	330	626
1546	300	311	611
1547	307	319	626
1548	312	333	645
1549	296	323	619
1550	302	314	616
1551	307	324	631
1552	324	326	650
1553	310	314	624
1554	301	308	609
1555	316	329	645
1556	294	327	621
1557	308	322	630
1558	312	321	633
1559	311	323	634
1560	304	314	618
1561	295	323	618
1562	321	331	652
1563	315	327	642
1564	308	329	637
1565	302	337	639
1566	313	309	622
1567	320	318	638
1568	288	328	616
1569	312	309	621
1570	300	317	617
1571	309	326	635
1572	312	310	622
1573	312	313	625
1574	311	320	631
1575	315	312	627
1576	292	309	601
1577	270	337	607
1578	287	326	613
1579	296	312	608
1580	305	322	627
1581	300	332	632
1582	295	322	617
1583	295	334	629
1584	297	350	647
1585	294	314	608
1586	303	300	603
1587	289	314	603
1588	301	330	631
1589	305	323	628
1590	310	316	626
1591	318	339	657
1592	318	327	645
1593	306	325	631
1594	286	324	610
1595	302	329	631
1596	313	307	620
1597	322	329	651
1598	304	313	617
1599	321	319	640
1600	319	334	653
1601	303	336	639
1602	324	329	653
1603	294	316	610
1604	295	319	614
1605	321	305	626
1606	309	319	628
1607	314	330	644
1608	311	338	649
1609	326	344	670
1610	326	349	675
1611	297	330	627
1612	288	342	630
1613	301	332	633
1614	300	314	614
1615	302	325	627
1616	315	345	660
1617	306	325	631
1618	327	317	644
1619	314	306	620
1620	328	305	633
1621	320	338	658
1622	326	335	661
1623	312	315	627
1624	297	313	610
1625	294	336	630
1626	299	307	606
1627	309	327	636
1628	295	331	626
1629	319	338	657
1630	336	302	638
1631	321	290	611
1632	319	300	619
1633	311	318	629
1634	307	312	619
1635	308	335	643
1636	308	351	659
1637	326	324	650
1638	305	333	638
1639	321	321	642
1640	297	306	603
1641	331	311	642
1642	317	338	655
1643	302	327	629
1644	312	315	627
1645	311	341	652
1646	316	350	666
1647	303	333	636
1648	317	337	654
1649	316	323	639
1650	298	330	628
1651	314	332	646
1652	304	324	628
1653	298	328	626
1654	309	311	620
1655	290	324	614
1656	289	325	614
1657	319	315	634
1658	308	332	640
1659	313	337	650
1660	309	332	641
1661	318	341	659
1662	322	319	641
1663	324	320	644
1664	310	308	618
1665	301	323	624
1666	318	307	625
1667	272	313	585
1668	286	333	619
1669	289	339	628
1670	291	320	611
1671	296	321	617
1672	285	330	615
1673	324	312	636
1674	334	317	651
1675	321	341	662
1676	269	339	608
1677	310	321	631
1678	313	334	647
1679	311	313	624
1680	309	299	608
1681	291	314	605
1682	305	333	638
1683	309	333	642
1684	308	304	612
1685	313	310	623
1686	338	338	676
1687	323	303	626
1688	316	333	649
1689	311	327	638
1690	297	324	621
1691	301	330	631
1692	319	341	660
1693	315	317	632
1694	294	316	610
1695	298	319	617
1696	323	340	663
1697	287	314	601
1698	280	334	614
1699	312	332	644
1700	309	321	630
1701	311	320	631
1702	301	337	638
1703	310	319	629
1704	317	332	649
1705	292	355	647
1706	305	321	626
1707	318	340	658
1708	309	331	640
1709	323	289	612
1710	302	332	634
1711	307	327	634
1712	293	307	600
1713	291	332	623
1714	309	339	648
1715	310	322	632
1716	313	312	625
1717	324	314	638
1718	330	320	650
1719	308	330	638
1720	325	350	675
1721	327	316	643
1722	300	332	632
1723	331	319	650
1724	307	323	630
1725	297	300	597
1726	296	321	617
1727	314	347	661
1728	327	313	640
1729	315	318	633
1730	315	310	625
1731	311	338	649
1732	318	315	633
1733	301	325	626
1734	298	321	619
1735	298	334	632
1736	309	344	653
1737	289	351	640
1738	325	342	667
1739	317	343	660
1740	286	336	622
1741	289	334	623
1742	292	322	614
1743	313	344	657
1744	277	346	623
1745	303	325	628
1746	280	311	591
1747	289	325	614
1748	315	338	653
1749	282	334	616
1750	314	329	643
1751	322	310	632
1752	306	323	629
1753	297	318	615
1754	324	324	648
1755	346	332	678
1756	314	327	641
1757	304	347	651
1758	313	342	655
1759	300	326	626
1760	315	313	628
1761	314	331	645
1762	332	338	670
1763	304	312	616
1764	312	319	631
1765	315	308	623
1766	307	337	644
1767	316	339	655
1768	306	312	618
1769	295	328	623
1770	285	326	611
1771	303	320	623
1772	307	307	614
1773	297	331	628
1774	302	338	640
1775	299	316	615
1776	302	343	645
1777	295	311	606
1778	297	329	626
1779	306	347	653
1780	334	326	660
1781	299	324	623
1782	310	325	635
1783	302	319	621
1784	302	321	623
1785	330	330	660
1786	297	341	638
1787	316	339	655
1788	312	336	648
1789	325	340	665
1790	312	327	639
1791	307	323	630
1792	323	311	634
1793	313	334	647
1794	279	351	630
1795	293	326	619
1796	318	342	660
1797	327	335	662
1798	310	308	618
1799	338	333	671
1800	334	316	650
1801	322	342	664
1802	291	343	634
1803	304	293	597
1804	308	318	626
1805	295	314	609
1806	305	326	631
1807	311	332	643
1808	306	337	643
1809	320	318	638
1810	314	305	619
1811	331	290	621
1812	319	306	625
1813	318	334	652
1814	329	324	653
1815	306	329	635
1816	306	336	642
1817	308	327	635
1818	294	328	622
1819	298	316	614
1820	330	329	659
1821	316	342	658
1822	317	334	651
1823	308	335	643
1824	299	330	629
1825	325	327	652
1826	308	342	650
1827	311	346	657
1828	290	297	587
1829	326	317	643
1830	304	332	636
1831	302	324	626
1832	272	331	603
1833	305	325	630
1834	295	317	612
1835	316	357	673
1836	312	347	659
1837	283	350	633
1838	315	342	657
1839	309	342	651
1840	303	334	637
1841	282	333	615
1842	288	326	614
1843	296	343	639
1844	294	312	606
1845	332	317	649
1846	302	333	635
1847	329	295	624
1848	324	322	646
1849	321	316	637
1850	312	322	634
1851	299	335	634
1852	311	346	657
1853	310	316	626
1854	294	325	619
1855	315	301	616
1856	324	334	658
1857	328	332	660
1858	341	335	676
1859	322	325	647
1860	311	336	647
1861	322	305	627
1862	293	319	612
1863	291	319	610
1864	304	323	627
1865	320	354	674
1866	327	317	644
1867	307	326	633
1868	297	347	644
1869	315	318	633
1870	310	314	624
1871	321	318	639
1872	330	344	674
1873	301	332	633
1874	313	332	645
1875	309	340	649
1876	327	344	671
1877	290	359	649
1878	318	338	656
1879	308	323	631
1880	317	303	620
1881	308	328	636
1882	278	320	598
1883	314	331	645
1884	323	321	644
1885	323	321	644
1886	317	320	637
1887	305	322	627
1888	300	316	616
1889	295	329	624
1890	293	310	603
1891	273	328	601
1892	292	326	618
1893	321	323	644
1894	313	322	635
1895	305	324	629
1896	307	315	622
1897	280	334	614
1898	310	324	634
1899	290	338	628
1900	303	313	616
1901	314	319	633
1902	304	330	634
1903	289	340	629
1904	305	327	632
1905	301	319	620
1906	312	334	646
1907	335	317	652
1908	289	335	624
1909	285	325	610
1910	310	323	633
1911	332	303	635
1912	309	336	645
1913	313	329	642
1914	303	344	647
1915	314	314	628
1916	309	328	637
1917	290	321	611
1918	294	320	614
1919	293	308	601
1920	298	308	606
1921	274	328	602
1922	293	341	634
1923	296	312	608
1924	281	323	604
1925	282	343	625
1926	305	317	622
1927	307	320	627
1928	324	325	649
1929	322	303	625
1930	318	319	637
1931	306	320	626
1932	300	334	634
1933	332	312	644
1934	307	326	633
1935	305	320	625
1936	298	350	648
1937	300	317	617
1938	320	319	639
1939	322	324	646
1940	311	330	641
1941	284	337	621
1942	319	316	635
1943	301	323	624
1944	296	310	606
1945	314	318	632
1946	296	317	613
1947	304	327	631
1948	298	348	646
1949	318	351	669
1950	319	322	641
1951	330	319	649
1952	317	338	655
1953	321	335	656
1954	315	288	603
1955	285	317	602
1956	302	327	629
1957	309	334	643
1958	290	329	619
1959	292	328	620
1960	304	323	627
1961	320	332	652
1962	301	311	612
1963	291	326	617
1964	312	317	629
1965	279	343	622
1966	322	326	648
1967	312	325	637
1968	299	341	640
1969	275	346	621
1970	297	321	618
1971	303	348	651
1972	300	327	627
1973	310	344	654
1974	322	333	655
1975	311	326	637
1976	334	327	661
1977	316	326	642
1978	293	349	642
1979	296	312	608
1980	319	352	671
1981	319	327	646
1982	286	331	617
1983	304	332	636
1984	311	307	618
1985	323	304	627
1986	302	325	627
1987	328	333	661
1988	316	311	627
1989	305	321	626
1990	311	317	628
1991	312	319	631
1992	317	324	641
1993	308	309	617
1994	338	335	673
1995	320	343	663
1996	314	312	626
1997	315	314	629
1998	316	327	643
1999	328	321	649
2000	323	332	655
2001	316	328	644
2002	312	343	655
2003	293	358	651
2004	329	340	669
2005	294	323	617
2006	329	318	647
2007	306	348	654
2008	292	320	612
2009	318	333	651
2010	326	325	651
2011	296	335	631
2012	318	344	662
2013	297	334	631
2014	292	346	638
2015	305	335	640
2016	313	334	647
2017	297	325	622
2018	307	323	630
2019	322	330	652
2020	313	318	631
2021	314	335	649
2022	333	318	651
2023	295	314	609
2024	291	337	628
2025	306	316	622
2026	309	317	626
2027	298	340	638
2028	308	332	640
2029	301	335	636
2030	315	318	633
2031	310	320	630
2032	307	330	637
2033	327	349	676
2034	286	333	619
2035	316	335	651
2036	309	337	646
2037	290	341	631
2038	320	343	663
2039	303	323	626
2040	316	345	661
2041	335	323	658
2042	290	339	629
2043	323	342	665
2044	295	330	625
2045	332	311	643
2046	323	295	618
2047	279	319	598
2048	296	346	642
2049	314	335	649
2050	310	326	636
2051	305	328	633
2052	315	345	660
2053	308	315	623
2054	300	324	624
2055	317	326	643
2056	306	338	644
2057	314	318	632
2058	305	304	609
2059	304	324	628
2060	313	342	655
2061	278	333	611
2062	273	333	606
2063	295	319	614
2064	308	317	625
2065	325	305	630
2066	312	334	646
2067	291	333	624
2068	277	307	584
2069	327	338	665
2070	313	341	654
2071	314	334	648
2072	306	332	638
2073	315	322	637
2074	320	319	639
2075	311	326	637
2076	311	317	628
2077	315	334	649
2078	318	329	647
2079	317	314	631
2080	298	325	623
2081	316	340	656
2082	304	340	644
2083	309	360	669
2084	327	335	662
2085	311	329	640
2086	301	318	619
2087	306	328	634
2088	312	332	644
2089	313	331	644
2090	327	321	648
2091	334	304	638
2092	285	299	584
2093	297	318	615
2094	316	286	602
2095	317	312	629
2096	327	334	661
2097	336	327	663
2098	328	342	670
2099	297	314	611
2100	278	317	595
2101	283	353	636
2102	329	331	660
2103	320	347	667
2104	319	306	625
2105	301	344	645
2106	321	317	638
2107	310	319	629
2108	296	325	621
2109	310	338	648
2110	305	348	653
2111	293	335	628
2112	309	319	628
2113	308	308	616
2114	319	308	627
2115	326	323	649
2116	306	340	646
2117	312	338	650
2118	303	316	619
2119	324	305	629
2120	309	287	596
2121	309	292	601
2122	290	328	618
2123	290	328	618
2124	321	332	653
2125	306	348	654
2126	291	344	635
2127	318	342	660
2128	294	329	623
2129	294	330	624
2130	293	336	629
2131	303	315	618
2132	322	311	633
2133	324	336	660
2134	317	307	624
2135	324	311	635
2136	304	315	619
2137	300	334	634
2138	310	330	640
2139	313	336	649
2140	293	327	620
2141	302	336	638
2142	309	320	629
2143	305	312	617
2144	294	308	602
2145	327	318	645
2146	288	333	621
2147	293	345	638
2148	293	317	610
2149	301	294	595
2150	305	288	593
2151	304	297	601
2152	306	323	629
2153	286	352	638
2154	313	343	656
2155	299	334	633
2156	313	324	637
2157	307	293	600
2158	301	312	613
2159	326	319	645
2160	311	342	653
2161	318	314	632
2162	316	325	641
2163	310	327	637
2164	316	326	642
2165	300	328	628
2166	295	327	622
2167	290	335	625
2168	303	336	639
2169	297	341	638
2170	295	351	646
2171	316	333	649
2172	319	322	641
2173	314	328	642
2174	328	323	651
2175	299	322	621
2176	299	337	636
2177	295	349	644
2178	307	333	640
2179	315	334	649
2180	311	345	656
2181	311	325	636
2182	290	305	595
2183	324	317	641
2184	318	302	620
2185	325	325	650
2186	318	335	653
2187	312	316	628
2188	309	317	626
2189	305	337	642
2190	305	342	647
2191	314	337	651
2192	317	342	659
2193	337	326	663
2194	309	333	642
2195	307	321	628
2196	304	333	637
2197	296	332	628
2198	298	326	624
2199	304	347	651
2200	323	350	673
2201	337	332	669
2202	315	337	652
2203	305	308	613
2204	281	347	628
2205	300	331	631
2206	297	313	610
2207	328	327	655
2208	308	327	635
2209	305	336	641
2210	313	334	647
2211	302	331	633
2212	293	331	624
2213	323	313	636
2214	328	334	662
2215	306	320	626
2216	308	316	624
2217	316	340	656
2218	326	320	646
2219	308	313	621
2220	304	303	607
2221	300	310	610
2222	300	330	630
2223	304	332	636
2224	305	339	644
2225	305	313	618
2226	289	301	590
2227	302	330	632
2228	299	319	618
2229	294	328	622
2230	314	333	647
2231	308	335	643
2232	299	334	633
2233	310	340	650
2234	311	326	637
2235	297	344	641
2236	311	309	620
2237	322	325	647
2238	327	313	640
2239	317	333	650
2240	295	317	612
2241	296	335	631
2242	305	340	645
2243	306	317	623
2244	296	321	617
2245	304	329	633
2246	306	325	631
2247	317	324	641
2248	325	332	657
2249	316	313	629
2250	273	320	593
2251	290	336	626
2252	312	309	621
2253	283	295	578
2254	303	318	621
2255	298	330	628
2256	321	329	650
2257	303	307	610
2258	302	313	615
2259	306	316	622
2260	314	316	630
2261	312	328	640
2262	314	335	649
2263	342	333	675
2264	305	324	629
2265	317	317	634
2266	313	323	636
2267	321	327	648
2268	329	316	645
2269	305	323	628
2270	320	307	627
2271	296	327	623
2272	326	316	642
2273	319	328	647
2274	305	355	660
2275	323	334	657
2276	298	321	619
2277	284	326	610
2278	319	309	628
2279	325	323	648
2280	307	335	642
2281	310	315	625
2282	304	318	622
2283	313	333	646
2284	292	323	615
2285	304	339	643
2286	306	325	631
2287	303	345	648
2288	307	320	627
2289	316	308	624
2290	320	319	639
2291	304	318	622
2292	315	318	633
2293	290	325	615
2294	310	327	637
2295	291	327	618
2296	267	338	605
2297	306	332	638
2298	300	317	617
2299	292	326	618
2300	317	330	647
2301	322	326	648
2302	305	319	624
2303	289	314	603
2304	309	311	620
2305	292	320	612
2306	305	302	607
2307	307	320	627
2308	296	324	620
2309	305	332	637
2310	297	325	622
2311	279	330	609
2312	309	344	653
2313	314	342	656
2314	307	346	653
2315	298	321	619
2316	321	303	624
2317	283	339	622
2318	309	319	628
2319	273	311	584
2320	298	337	635
2321	312	335	647
2322	299	325	624
2323	298	340	638
2324	321	335	656
2325	311	329	640
2326	327	320	647
2327	316	317	633
2328	298	319	617
2329	317	333	650
2330	308	340	648
2331	315	338	653
2332	302	323	625
2333	268	343	611
2334	311	373	684
2335	318	333	651
2336	304	321	625
2337	325	309	634
2338	320	327	647
2339	315	325	640
2340	304	328	632
2341	340	327	667
2342	324	318	642
2343	328	320	648
2344	303	323	626
2345	306	305	611
2346	305	327	632
2347	314	318	632
2348	308	328	636
2349	310	308	618
2350	323	312	635
2351	312	320	632
2352	294	305	599
2353	306	322	628
2354	302	336	638
2355	294	352	646
2356	314	321	635
2357	300	350	650
2358	310	350	660
2359	328	318	646
2360	326	331	657
2361	298	333	631
2362	323	336	659
2363	306	336	642
2364	295	333	628
2365	309	314	623
2366	304	343	647
2367	303	337	640
2368	289	325	614
2369	312	346	658
2370	301	339	640
2371	283	314	597
2372	301	316	617
2373	287	345	632
2374	305	308	613
2375	312	297	609
2376	294	318	612
2377	308	299	607
2378	310	290	600
2379	305	304	609
2380	326	317	643
2381	292	329	621
2382	287	312	599
2383	296	333	629
2384	312	318	630
2385	303	321	624
2386	328	344	672
2387	304	321	625
2388	321	321	642
2389	326	325	651
2390	309	319	628
2391	308	316	624
2392	292	339	631
2393	312	321	633
2394	285	311	596
2395	325	317	642
2396	319	340	659
2397	309	344	653
2398	300	339	639
2399	298	332	630
2400	317	326	643
2401	313	321	634
2402	298	325	623
2403	324	310	634
2404	279	357	636
2405	314	345	659
2406	312	348	660
2407	288	336	624
2408	309	329	638
2409	326	320	646
2410	328	323	651
2411	334	306	640
2412	314	317	631
2413	300	305	605
2414	298	307	605
2415	315	312	627
2416	323	340	663
2417	307	325	632
2418	303	335	638
2419	321	325	646
2420	286	328	614
2421	274	337	611
2422	289	331	620
2423	296	316	612
2424	318	343	661
2425	332	322	654
2426	294	322	616
2427	314	331	645
2428	322	320	642
2429	305	316	621
2430	313	327	640
2431	295	337	632
2432	308	354	662
2433	306	335	641
2434	293	313	606
2435	312	312	624
2436	333	300	633
2437	318	327	645
2438	287	333	620
2439	301	335	636
2440	291	328	619
2441	283	331	614
2442	316	320	636
2443	300	333	633
2444	311	331	642
2445	298	333	631
2446	317	326	643
2447	297	306	603
2448	296	332	628
2449	317	349	666
2450	311	312	623
2451	327	320	647
2452	306	305	611
2453	322	303	625
2454	345	291	636
2455	327	291	618
2456	293	326	619
2457	303	311	614
2458	307	330	637
2459	299	325	624
2460	305	317	622
2461	290	335	625
2462	296	306	602
2463	305	316	621
2464	303	326	629
2465	313	311	624
2466	305	331	636
2467	335	335	670
2468	327	311	638
2469	318	314	632
2470	297	315	612
2471	316	308	624
2472	306	313	619
2473	308	321	629
2474	291	326	617
2475	274	345	619
2476	305	320	625
2477	322	307	629
2478	311	322	633
2479	306	321	627
2480	305	328	633
2481	309	336	645
2482	282	342	624
2483	292	319	611
2484	344	313	657
2485	319	287	606
2486	319	334	653
2487	309	299	608
2488	311	321	632
2489	326	335	661
2490	313	326	639
2491	313	327	640
2492	304	337	641
2493	301	327	628
2494	311	322	633
2495	307	332	639
2496	288	344	632
2497	308	340	648
2498	336	318	654
2499	307	333	640
2500	301	326	627
2501	324	316	640
2502	324	326	650
2503	298	318	616
2504	327	299	626
2505	313	301	614
2506	298	326	624
2507	320	305	625
2508	331	297	628
2509	312	332	644
2510	321	340	661
2511	301	334	635
2512	290	338	628
2513	291	334	625
2514	290	311	601
2515	310	327	637
2516	316	312	628
2517	306	328	634
2518	321	325	646
2519	305	344	649
2520	311	322	633
2521	300	330	630
2522	321	311	632
2523	300	336	636
2524	310	329	639
2525	316	333	649
2526	304	315	619
2527	314	311	625
2528	312	307	619
2529	284	325	609
2530	292	341	633
2531	289	330	619
2532	301	336	637
2533	331	307	638
2534	304	306	610
2535	299	319	618
2536	295	332	627
2537	289	323	612
2538	303	316	619
2539	321	318	639
2540	296	314	610
2541	311	327	638
2542	285	316	601
2543	309	304	613
2544	294	337	631
2545	313	320	633
2546	302	321	623
2547	309	337	646
2548	303	320	623
2549	317	343	660
2550	322	331	653
2551	309	318	627
2552	318	338	656
2553	305	330	635
2554	313	337	650
2555	303	356	659
2556	318	343	661
2557	322	332	654
2558	335	330	665
2559	303	346	649
2560	305	338	643
2561	325	305	630
2562	301	314	615
2563	296	332	628
2564	308	311	619
2565	331	326	657
2566	285	345	630
2567	312	349	661
2568	296	325	621
2569	289	334	623
2570	271	334	605
2571	321	322	643
2572	314	320	634
2573	294	336	630
2574	324	328	652
2575	303	332	635
2576	330	338	668
2577	328	334	662
2578	298	320	618
2579	324	326	650
2580	303	348	651
2581	300	331	631
2582	296	321	617
2583	311	335	646
2584	309	339	648
2585	314	307	621
2586	314	323	637
2587	309	313	622
2588	323	298	621
2589	311	304	615
2590	311	315	626
2591	316	328	644
2592	327	323	650
2593	319	324	643
2594	303	329	632
2595	314	320	634
2596	311	315	626
2597	305	354	659
2598	297	338	635
2599	314	329	643
2600	311	338	649
2601	327	319	646
2602	304	293	597
2603	288	312	600
2604	303	315	618
2605	327	321	648
2606	301	321	622
2607	310	339	649
2608	309	316	625
2609	307	325	632
2610	312	331	643
2611	320	329	649
2612	338	345	683
2613	309	322	631
2614	324	311	635
2615	314	321	635
2616	304	332	636
2617	314	320	634
2618	318	318	636
2619	310	334	644
2620	319	338	657
2621	297	331	628
2622	308	316	624
2623	291	326	617
2624	291	321	612
2625	314	317	631
2626	311	342	653
2627	319	321	640
2628	326	321	647
2629	296	331	627
2630	281	337	618
2631	297	332	629
2632	301	332	633
2633	311	332	643
2634	311	323	634
2635	313	295	608
2636	314	316	630
2637	307	311	618
2638	320	322	642
2639	327	322	649
2640	312	316	628
2641	316	328	644
2642	323	325	648
2643	319	346	665
2644	310	322	632
2645	304	335	639
2646	309	333	642
2647	292	350	642
2648	304	329	633
2649	312	314	626
2650	302	302	604
2651	297	310	607
2652	321	313	634
2653	316	316	632
2654	321	325	646
2655	302	309	611
2656	311	308	619
2657	319	330	649
2658	288	315	603
2659	299	346	645
2660	317	326	643
2661	329	324	653
2662	327	320	647
2663	304	317	621
2664	291	318	609
2665	314	341	655
2666	312	333	645
2667	328	324	652
2668	308	332	640
2669	309	309	618
2670	314	308	622
2671	291	338	629
2672	306	348	654
2673	311	323	634
2674	316	340	656
2675	317	335	652
2676	326	341	667
2677	315	332	647
2678	310	343	653
2679	310	321	631
2680	315	330	645
2681	314	308	622
2682	311	336	647
2683	299	322	621
2684	342	331	673
2685	321	321	642
2686	319	332	651
2687	289	326	615
2688	307	308	615
2689	294	321	615
2690	302	345	647
2691	293	336	629
2692	325	324	649
2693	317	341	658
2694	305	345	650
2695	315	340	655
2696	319	314	633
2697	319	323	642
2698	328	332	660
2699	303	321	624
2700	320	336	656
2701	302	349	651
2702	302	319	621
2703	317	330	647
2704	298	333	631
2705	299	331	630
2706	307	321	628
2707	305	336	641
2708	306	333	639
2709	293	307	600
2710	308	303	611
2711	301	298	599
2712	314	318	632
2713	312	319	631
2714	298	314	612
2715	297	315	612
2716	319	322	641
2717	306	316	622
2718	315	321	636
2719	311	329	640
2720	303	339	642
2721	306	316	622
2722	320	328	648
2723	287	323	610
2724	325	311	636
2725	311	345	656
2726	312	311	623
2727	328	332	660
2728	316	311	627
2729	295	360	655
2730	292	338	630
2731	312	309	621
2732	308	349	657
2733	303	340	643
2734	297	344	641
2735	321	339	660
2736	319	310	629
2737	308	324	632
2738	296	313	609
2739	299	311	610
2740	296	319	615
2741	311	333	644
2742	310	335	645
2743	304	335	639
2744	277	333	610
2745	317	325	642
2746	322	335	657
2747	313	331	644
2748	317	327	644
2749	314	315	629
2750	314	329	643
2751	294	330	624
2752	313	325	638
2753	303	322	625
2754	313	313	626
2755	318	331	649
2756	308	327	635
2757	301	313	614
2758	295	346	641
2759	305	333	638
2760	319	332	651
2761	311	347	658
2762	290	347	637
2763	320	339	659
2764	329	311	640
2765	316	331	647
2766	326	321	647
2767	306	336	642
2768	292	326	618
2769	303	323	626
2770	309	336	645
2771	319	321	640
2772	293	328	621
2773	293	335	628
2774	317	331	648
2775	307	327	634
2776	317	323	640
2777	310	317	627
2778	314	329	643
2779	314	321	635
2780	312	322	634
2781	315	327	642
2782	309	338	647
2783	311	340	651
2784	294	318	612
2785	296	314	610
2786	326	326	652
2787	309	323	632
2788	308	336	644
2789	306	325	631
2790	333	327	660
2791	321	337	658
2792	304	327	631
2793	312	353	665
2794	299	340	639
2795	307	340	647
2796	327	319	646
2797	301	349	650
2798	292	346	638
2799	291	344	635
2800	315	330	645
2801	279	318	597
2802	301	331	632
2803	308	315	623
2804	285	338	623
2805	318	323	641
2806	303	319	622
2807	301	328	629
2808	314	336	650
2809	321	332	653
2810	312	311	623
2811	312	325	637
2812	307	323	630
2813	311	328	639
2814	307	337	644
2815	303	332	635
2816	314	320	634
2817	317	338	655
2818	300	336	636
2819	299	329	628
2820	301	320	621
2821	302	319	621
2822	310	308	618
2823	309	305	614
2824	299	337	636
2825	304	319	623
2826	304	325	629
2827	319	333	652
2828	307	334	641
2829	313	356	669
2830	308	308	616
2831	321	335	656
2832	326	304	630
2833	283	298	581
2834	334	313	647
2835	308	321	629
2836	309	310	619
2837	303	331	634
2838	309	333	642
2839	330	310	640
2840	296	320	616
2841	307	310	617
2842	307	319	626
2843	298	319	617
2844	308	323	631
2845	310	315	625
2846	302	327	629
2847	295	327	622
2848	329	340	669
2849	307	337	644
2850	329	318	647
2851	320	325	645
2852	318	316	634
2853	318	336	654
2854	321	340	661
2855	322	334	656
2856	332	319	651
2857	306	331	637
2858	297	333	630
2859	311	336	647
2860	308	304	612
2861	302	311	613
2862	319	321	640
2863	327	303	630
2864	319	315	634
2865	299	322	621
2866	296	294	590
2867	304	328	632
2868	309	346	655
2869	334	330	664
2870	337	332	669
2871	305	334	639
2872	299	340	639
2873	320	315	635
2874	302	302	604
2875	289	341	630
2876	320	330	650
2877	314	338	652
2878	308	340	648
2879	307	312	619
2880	329	302	631
2881	306	312	618
2882	323	308	631
2883	317	344	661
2884	322	309	631
2885	292	313	605
2886	321	321	642
2887	315	322	637
2888	300	323	623
2889	310	321	631
2890	301	326	627
2891	312	335	647
2892	317	324	641
2893	292	344	636
2894	310	352	662
2895	320	302	622
2896	311	328	639
2897	317	321	638
2898	283	327	610
2899	312	331	643
2900	299	317	616
2901	322	316	638
2902	286	339	625
2903	313	309	622
2904	311	329	640
2905	306	312	618
2906	311	315	626
2907	331	334	665
2908	309	328	637
2909	305	334	639
2910	299	319	618
2911	301	323	624
2912	316	336	652
2913	306	320	626
2914	329	343	672
2915	303	337	640
2916	304	336	640
2917	304	342	646
2918	317	344	661
2919	315	319	634
2920	305	341	646
2921	286	316	602
2922	315	346	661
2923	314	331	645
2924	324	316	640
2925	324	320	644
2926	301	335	636
2927	297	320	617
2928	305	336	641
2929	336	300	636
2930	314	314	628
2931	307	334	641
2932	323	323	646
2933	307	297	604
2934	316	306	622
2935	302	334	636
2936	300	321	621
2937	295	308	603
2938	297	332	629
2939	318	319	637
2940	300	336	636
2941	312	316	628
2942	310	322	632
2943	289	334	623
2944	299	312	611
2945	313	326	639
2946	312	310	622
2947	284	322	606
2948	312	323	635
2949	316	327	643
2950	319	320	639
2951	329	310	639
2952	297	320	617
2953	307	318	625
2954	309	319	628
2955	302	315	617
2956	328	334	662
2957	328	323	651
2958	316	309	625
2959	304	328	632
2960	333	325	658
2961	335	347	682
2962	314	347	661
2963	295	346	641
2964	306	347	653
2965	307	330	637
2966	295	335	630
2967	314	293	607
2968	321	311	632
2969	305	341	646
2970	302	337	639
2971	282	337	619
2972	291	324	615
2973	309	325	634
2974	322	339	661
2975	337	286	623
2976	314	283	597
2977	309	323	632
2978	318	312	630
2979	321	310	631
2980	306	318	624
2981	299	340	639
2982	320	339	659
2983	289	325	614
2984	314	320	634
2985	303	356	659
2986	299	321	620
2987	313	325	638
2988	304	315	619
2989	324	334	658
2990	334	318	652
2991	322	341	663
2992	290	316	606
2993	304	308	612
2994	313	322	635
2995	299	325	624
2996	307	318	625
2997	323	315	638
2998	304	339	643
2999	298	339	637
3000	307	323	630
3001	326	336	662
3002	302	330	632
3003	299	337	636
3004	308	325	633
3005	313	328	641
3006	316	322	638
3007	296	300	596
3008	318	281	599
3009	315	302	617
3010	310	316	626
3011	304	320	624
3012	331	302	633
3013	287	334	621
3014	316	302	618
3015	340	335	675
3016	312	351	663
3017	292	347	639
3018	322	322	644
3019	314	301	615
3020	328	316	644
3021	282	311	593
3022	286	310	596
3023	308	331	639
3024	311	325	636
3025	310	326	636
3026	291	313	604
3027	305	336	641
3028	324	362	686
3029	302	341	643
3030	305	324	629
3031	331	315	646
3032	316	323	639
3033	315	309	624
3034	324	340	664
3035	303	315	618
3036	294	316	610
3037	299	347	646
3038	326	336	662
3039	330	327	657
3040	330	331	661
3041	307	315	622
3042	294	332	626
3043	322	327	649
3044	311	328	639
3045	329	351	680
3046	308	338	646
3047	300	323	623
3048	308	328	636
3049	320	319	639
3050	316	315	631
3051	310	324	634
3052	292	309	601
3053	322	335	657
3054	318	325	643
3055	294	331	625
3056	302	321	623
3057	320	336	656
3058	325	317	642
3059	325	280	605
3060	304	306	610
3061	302	337	639
3062	318	337	655
3063	320	335	655
3064	297	312	609
3065	303	306	609
3066	299	339	638
3067	312	323	635
3068	338	319	657
3069	315	326	641
3070	317	334	651
3071	311	322	633
3072	320	332	652
3073	285	339	624
3074	302	338	640
3075	289	326	615
3076	286	331	617
3077	279	323	602
3078	311	299	610
3079	309	337	646
3080	302	334	636
3081	295	336	631
3082	293	353	646
3083	317	337	654
3084	295	346	641
3085	296	335	631
3086	308	323	631
3087	305	320	625
3088	307	316	623
3089	305	314	619
3090	314	333	647
3091	308	325	633
3092	323	315	638
3093	316	332	648
3094	325	332	657
3095	325	345	670
3096	297	322	619
3097	276	335	611
3098	303	348	651
3099	337	337	674
3100	324	311	635
3101	308	318	626
3102	311	311	622
3103	343	295	638
3104	294	313	607
3105	312	311	623
3106	300	349	649
3107	307	346	653
3108	294	327	621
3109	305	317	622
3110	306	324	630
3111	319	324	643
3112	323	317	640
3113	319	318	637
3114	313	326	639
3115	288	342	630
3116	307	339	646
3117	305	333	638
3118	328	328	656
3119	315	310	625
3120	294	333	627
3121	298	323	621
3122	292	322	614
3123	274	331	605
3124	327	340	667
3125	307	309	616
3126	296	311	607
3127	292	331	623
3128	304	312	616
3129	306	338	644
3130	276	337	613
3131	302	312	614
3132	278	331	609
3133	292	333	625
3134	287	318	605
3135	303	294	597
3136	313	320	633
3137	307	320	627
3138	305	313	618
3139	304	320	624
3140	321	325	646
3141	320	327	647
3142	328	336	664
3143	321	317	638
3144	308	338	646
3145	319	325	644
3146	339	314	653
3147	299	319	618
3148	314	338	652
3149	296	324	620
3150	310	313	623
3151	321	320	641
3152	309	331	640
3153	292	334	626
3154	308	313	621
3155	314	324	638
3156	311	321	632
3157	321	346	667
3158	319	328	647
3159	322	331	653
3160	294	331	625
3161	302	306	608
3162	316	317	633
3163	318	331	649
3164	310	337	647
3165	318	311	629
3166	299	321	620
3167	307	321	628
3168	321	318	639
3169	314	307	621
3170	312	320	632
3171	322	314	636
3172	308	328	636
3173	304	316	620
3174	324	332	656
3175	323	332	655
3176	313	322	635
3177	308	327	635
3178	329	314	643
3179	324	331	655
3180	324	330	654
3181	306	331	637
3182	320	335	655
3183	324	331	655
3184	294	328	622
3185	305	326	631
3186	325	323	648
3187	305	305	610
3188	314	319	633
3189	287	328	615
3190	292	313	605
3191	316	328	644
3192	312	329	641
3193	306	330	636
3194	284	313	597
3195	319	315	634
3196	317	337	654
3197	314	346	660
3198	293	295	588
3199	308	304	612
3200	300	310	610
3201	325	317	642
3202	311	300	611
3203	298	303	601
3204	288	319	607
3205	313	313	626
3206	293	333	626
3207	312	337	649
3208	291	337	628
3209	304	340	644
3210	298	316	614
3211	287	327	614
3212	295	329	624
3213	312	344	656
3214	316	322	638
3215	323	334	657
3216	304	295	599
3217	323	304	627
3218	291	317	608
3219	314	300	614
3220	315	317	632
3221	312	334	646
3222	301	336	637
3223	299	328	627
3224	323	338	661
3225	287	324	611
3226	293	322	615
3227	288	327	615
3228	305	310	615
3229	300	317	617
3230	284	330	614
3231	331	363	694
3232	315	342	657
3233	299	311	610
3234	310	335	645
3235	298	332	630
3236	301	324	625
3237	301	318	619
3238	294	304	598
3239	297	308	605
3240	311	334	645
3241	308	331	639
3242	285	328	613
3243	298	317	615
3244	304	309	613
3245	315	340	655
3246	316	309	625
3247	307	301	608
3248	320	316	636
3249	325	330	655
3250	297	327	624
3251	314	307	621
3252	327	313	640
3253	310	344	654
3254	292	351	643
3255	310	349	659
3256	318	309	627
3257	328	321	649
3258	314	322	636
3259	309	297	606
3260	306	317	623
3261	317	331	648
3262	301	337	638
3263	297	328	625
3264	302	324	626
3265	316	330	646
3266	315	338	653
3267	295	331	626
3268	300	300	600
3269	281	315	596
3270	291	335	626
3271	299	338	637
3272	301	319	620
3273	299	342	641
3274	332	331	663
3275	318	314	632
3276	306	332	638
3277	297	311	608
3278	309	331	640
3279	325	305	630
3280	313	312	625
3281	302	327	629
3282	332	324	656
3283	289	319	608
3284	323	337	660
3285	305	313	618
3286	296	311	607
3287	326	312	638
3288	341	339	680
3289	301	330	631
3290	320	324	644
3291	308	309	617
3292	301	292	593
3293	303	338	641
3294	310	320	630
3295	321	325	646
3296	311	342	653
3297	327	315	642
3298	286	315	601
3299	312	312	624
3300	321	303	624
3301	310	312	622
3302	320	308	628
3303	300	338	638
3304	297	334	631
3305	298	327	625
3306	312	321	633
3307	297	322	619
3308	279	334	613
3309	316	323	639
3310	319	302	621
3311	338	316	654
3312	323	336	659
3313	308	303	611
3314	298	348	646
3315	305	324	629
3316	307	348	655
3317	311	340	651
3318	314	306	620
3319	312	315	627
3320	306	339	645
3321	293	325	618
3322	330	313	643
3323	300	307	607
3324	293	321	614
3325	289	336	625
3326	311	309	620
3327	308	327	635
3328	313	325	638
3329	295	323	618
3330	310	344	654
3331	278	335	613
3332	306	330	636
3333	299	353	652
3334	290	329	619
3335	327	325	652
3336	327	321	648
3337	284	320	604
3338	289	323	612
3339	324	321	645
3340	302	346	648
3341	308	321	629
3342	299	327	626
3343	310	323	633
3344	304	314	618
3345	304	317	621
3346	315	343	658
3347	325	317	642
3348	317	328	645
3349	311	335	646
3350	307	336	643
3351	301	333	634
3352	294	350	644
3353	300	317	617
3354	308	302	610
3355	306	319	625
3356	307	354	661
3357	315	323	638
3358	305	311	616
3359	291	318	609
3360	293	314	607
3361	302	314	616
3362	327	312	639
3363	322	338	660
3364	300	338	638
3365	305	329	634
3366	309	306	615
3367	301	322	623
3368	307	319	626
3369	323	356	679
3370	307	328	635
3371	299	334	633
3372	315	331	646
3373	334	318	652
3374	319	332	651
3375	321	318	639
3376	308	324	632
3377	347	311	658
3378	301	326	627
3379	327	325	652
3380	298	313	611
3381	301	329	630
3382	307	328	635
3383	328	326	654
3384	323	311	634
3385	307	327	634
3386	294	355	649
3387	305	326	631
3388	290	316	606
3389	317	300	617
3390	316	294	610
3391	299	321	620
3392	314	322	636
3393	309	331	640
3394	285	345	630
3395	297	340	637
3396	326	329	655
3397	304	312	616
3398	290	330	620
3399	289	320	609
3400	309	348	657
3401	295	342	637
3402	300	347	647
3403	311	338	649
3404	293	321	614
3405	311	307	618
3406	307	334	641
3407	324	315	639
3408	310	316	626
3409	316	328	644
3410	281	309	590
3411	315	310	625
3412	332	328	660
3413	329	332	661
3414	319	318	637
3415	305	333	638
3416	311	332	643
3417	307	321	628
3418	308	345	653
3419	303	324	627
3420	311	316	627
3421	298	341	639
3422	305	332	637
3423	305	325	630
3424	305	313	618
3425	294	350	644
3426	312	329	641
3427	285	332	617
3428	292	322	614
3429	292	324	616
3430	297	349	646
3431	313	315	628
3432	294	330	624
3433	306	336	642
3434	297	318	615
3435	316	340	656
3436	321	317	638
3437	303	344	647
3438	290	339	629
3439	300	343	643
3440	292	342	634
3441	294	344	638
3442	331	321	652
3443	333	323	656
3444	286	341	627
3445	302	343	645
3446	328	311	639
3447	310	318	628
3448	307	350	657
3449	296	329	625
3450	301	334	635
3451	308	315	623
3452	315	334	649
3453	307	311	618
3454	317	353	670
3455	292	311	603
3456	299	345	644
3457	301	340	641
3458	289	317	606
3459	317	315	632
3460	314	337	651
3461	312	329	641
3462	297	307	604
3463	299	335	634
3464	292	315	607
3465	285	318	603
3466	293	344	637
3467	309	347	656
3468	328	341	669
3469	333	320	653
3470	314	332	646
3471	308	317	625
3472	297	328	625
3473	295	343	638
3474	310	329	639
3475	276	328	604
3476	308	322	630
3477	307	324	631
3478	296	323	619
3479	309	315	624
3480	306	333	639
3481	323	295	618
3482	302	340	642
3483	314	317	631
3484	297	321	618
3485	331	312	643
3486	296	311	607
3487	268	322	590
3488	295	327	622
3489	306	336	642
3490	287	342	629
3491	307	334	641
3492	312	322	634
3493	304	293	597
3494	298	307	605
3495	320	328	648
3496	304	319	623
3497	311	334	645
3498	289	329	618
3499	303	335	638
3500	295	320	615
3501	295	319	614
3502	269	325	594
3503	297	324	621
3504	298	323	621
3505	345	319	664
3506	306	333	639
3507	317	321	638
3508	313	313	626
3509	304	323	627
3510	270	319	589
3511	301	314	615
3512	325	299	624
3513	302	333	635
3514	293	309	602
3515	292	321	613
3516	307	337	644
3517	306	323	629
3518	333	319	652
3519	318	338	656
3520	315	315	630
3521	294	315	609
3522	321	322	643
3523	329	316	645
3524	316	326	642
3525	307	324	631
3526	311	322	633
3527	316	310	626
3528	303	308	611
3529	340	312	652
3530	312	312	624
3531	301	312	613
3532	311	324	635
3533	331	340	671
3534	315	344	659
3535	302	332	634
3536	328	320	648
3537	312	309	621
3538	323	300	623
3539	306	316	622
3540	309	331	640
3541	295	324	619
3542	292	348	640
3543	306	315	621
3544	316	328	644
3545	312	324	636
3546	323	337	660
3547	312	324	636
3548	307	335	642
3549	307	315	622
3550	312	324	636
3551	311	299	610
3552	315	315	630
3553	307	312	619
3554	307	311	618
3555	311	333	644
3556	305	331	636
3557	303	335	638
3558	319	340	659
3559	302	325	627
3560	302	320	622
3561	279	343	622
3562	290	332	622
3563	291	332	623
3564	310	320	630
3565	321	334	655
3566	320	316	636
3567	326	334	660
3568	300	332	632
3569	306	333	639
3570	296	336	632
3571	300	334	634
3572	311	318	629
3573	295	320	615
3574	288	325	613
3575	318	301	619
3576	291	330	621
3577	297	336	633
3578	304	352	656
3579	305	343	648
3580	314	348	662
3581	297	346	643
3582	292	350	642
3583	300	336	636
3584	302	335	637
3585	308	337	645
3586	286	352	638
3587	300	336	636
3588	291	337	628
3589	301	331	632
3590	312	320	632
3591	288	332	620
3592	294	340	634
3593	300	327	627
3594	312	332	644
3595	312	319	631
3596	321	335	656
3597	306	340	646
3598	306	329	635
3599	315	315	630
3600	317	313	630
3601	313	318	631
3602	304	312	616
3603	280	310	590
3604	302	313	615
3605	301	336	637
3606	308	325	633
3607	308	316	624
3608	320	314	634
3609	324	328	652
3610	298	358	656
3611	324	324	648
3612	344	346	690
3613	310	334	644
3614	308	319	627
3615	314	321	635
3616	308	318	626
3617	287	315	602
3618	310	332	642
3619	319	333	652
3620	305	325	630
3621	297	332	629
3622	314	324	638
3623	316	319	635
3624	323	312	635
3625	326	348	674
3626	328	346	674
3627	311	334	645
3628	295	318	613
3629	292	330	622
3630	303	332	635
3631	304	323	627
3632	305	324	629
3633	308	318	626
3634	334	304	638
3635	291	335	626
3636	298	344	642
3637	309	360	669
3638	332	341	673
3639	309	305	614
3640	295	319	614
3641	317	345	662
3642	316	334	650
3643	297	353	650
3644	314	331	645
3645	314	342	656
3646	305	337	642
3647	314	317	631
3648	287	309	596
3649	314	321	635
3650	307	336	643
3651	319	330	649
3652	324	336	660
3653	317	335	652
3654	326	324	650
3655	310	323	633
3656	329	340	669
3657	309	316	625
3658	319	324	643
3659	304	312	616
3660	294	323	617
3661	296	355	651
3662	322	324	646
3663	313	318	631
3664	302	335	637
3665	325	341	666
3666	315	336	651
3667	313	324	637
3668	309	312	621
3669	315	320	635
3670	317	333	650
3671	323	325	648
3672	308	313	621
3673	311	327	638
3674	316	320	636
3675	297	336	633
3676	272	334	606
3677	304	321	625
3678	310	307	617
3679	319	320	639
3680	319	343	662
3681	303	323	626
3682	310	354	664
3683	292	299	591
3684	290	340	630
3685	311	334	645
3686	298	316	614
3687	277	320	597
3688	289	343	632
3689	319	315	634
3690	314	333	647
3691	308	342	650
3692	299	353	652
3693	290	324	614
3694	298	329	627
3695	310	330	640
3696	320	320	640
3697	306	313	619
3698	322	321	643
3699	319	305	624
3700	304	308	612
3701	303	341	644
3702	323	317	640
3703	322	324	646
3704	308	313	621
3705	296	324	620
3706	296	342	638
3707	318	343	661
3708	315	337	652
3709	303	308	611
3710	290	316	606
3711	272	346	618
3712	305	307	612
3713	297	320	617
3714	331	341	672
3715	310	310	620
3716	314	327	641
3717	312	345	657
3718	310	334	644
3719	302	337	639
3720	305	355	660
3721	307	339	646
3722	310	314	624
3723	319	313	632
3724	299	353	652
3725	303	356	659
3726	314	334	648
3727	307	287	594
3728	292	335	627
3729	332	323	655
3730	300	307	607
3731	324	320	644
3732	311	304	615
3733	321	324	645
3734	315	326	641
3735	297	327	624
3736	310	323	633
3737	306	334	640
3738	309	312	621
3739	311	306	617
3740	306	341	647
3741	309	353	662
3742	301	317	618
3743	304	347	651
3744	311	338	649
3745	296	318	614
3746	318	324	642
3747	325	328	653
3748	310	330	640
3749	317	361	678
3750	306	329	635
3751	302	335	637
3752	298	347	645
3753	328	325	653
3754	294	341	635
3755	297	325	622
3756	302	318	620
3757	311	336	647
3758	296	314	610
3759	308	316	624
3760	301	322	623
3761	304	309	613
3762	307	298	605
3763	306	295	601
3764	311	306	617
3765	314	314	628
3766	311	333	644
3767	317	326	643
3768	308	318	626
3769	299	336	635
3770	317	327	644
3771	294	297	591
3772	312	321	633
3773	317	318	635
3774	320	318	638
3775	291	328	619
3776	323	333	656
3777	302	346	648
3778	314	332	646
3779	321	316	637
3780	317	326	643
3781	324	347	671
3782	284	323	607
3783	286	347	633
3784	306	330	636
3785	317	309	626
3786	353	314	667
3787	312	312	624
3788	316	335	651
3789	324	327	651
3790	294	316	610
3791	305	315	620
3792	320	327	647
3793	325	337	662
3794	270	331	601
3795	307	316	623
3796	309	306	615
3797	314	312	626
3798	329	319	648
3799	303	314	617
3800	310	333	643
3801	318	298	616
3802	305	327	632
3803	321	321	642
3804	333	330	663
3805	309	322	631
3806	300	328	628
3807	314	339	653
3808	321	321	642
3809	330	314	644
3810	327	331	658
3811	307	329	636
3812	310	341	651
3813	326	304	630
3814	293	324	617
3815	303	300	603
3816	299	325	624
3817	304	320	624
3818	315	311	626
3819	285	330	615
3820	301	336	637
3821	323	317	640
3822	298	321	619
3823	321	325	646
3824	309	319	628
3825	304	328	632
3826	304	339	643
3827	309	366	675
3828	282	333	615
3829	299	333	632
3830	314	324	638
3831	307	328	635
3832	319	330	649
3833	284	345	629
3834	282	324	606
3835	295	315	610
3836	307	314	621
3837	307	311	618
3838	320	317	637
3839	310	318	628
3840	271	330	601
3841	289	318	607
3842	300	316	616
3843	315	334	649
3844	292	342	634
3845	286	340	626
3846	289	339	628
3847	297	343	640
3848	310	338	648
3849	308	334	642
3850	319	322	641
3851	313	316	629
3852	291	350	641
3853	306	338	644
3854	279	328	607
3855	299	334	633
3856	300	320	620
3857	307	332	639
3858	334	349	683
3859	305	329	634
3860	289	322	611
3861	288	319	607
3862	310	308	618
3863	323	313	636
3864	324	324	648
3865	307	319	626
3866	312	307	619
3867	309	311	620
3868	315	318	633
3869	307	316	623
3870	311	325	636
3871	321	308	629
3872	304	328	632
3873	329	320	649
3874	307	325	632
3875	306	309	615
3876	325	313	638
3877	306	337	643
3878	305	327	632
3879	309	345	654
3880	298	289	587
3881	319	304	623
3882	315	339	654
3883	299	310	609
3884	295	324	619
3885	296	324	620
3886	311	307	618
3887	325	328	653
3888	319	321	640
3889	294	307	601
3890	322	325	647
3891	299	328	627
3892	326	331	657
3893	314	324	638
3894	320	340	660
3895	297	332	629
3896	301	323	624
3897	306	322	628
3898	320	319	639
3899	314	311	625
3900	317	316	633
3901	293	336	629
3902	313	326	639
3903	312	339	651
3904	316	346	662
3905	306	308	614
3906	300	319	619
3907	303	329	632
3908	335	323	658
3909	298	307	605
3910	315	317	632
3911	316	332	648
3912	320	329	649
3913	320	321	641
3914	304	332	636
3915	298	324	622
3916	308	311	619
3917	326	325	651
3918	311	336	647
3919	311	322	633
3920	303	337	640
3921	294	334	628
3922	310	321	631
3923	302	332	634
3924	290	328	618
3925	290	330	620
3926	301	325	626
3927	309	322	631
3928	340	309	649
3929	322	313	635
3930	322	308	630
3931	335	298	633
3932	319	323	642
3933	299	327	626
3934	313	350	663
3935	323	342	665
3936	305	340	645
3937	291	328	619
3938	312	315	627
3939	297	346	643
3940	332	332	664
3941	335	330	665
3942	314	322	636
3943	319	321	640
3944	295	332	627
3945	297	332	629
3946	274	342	616
3947	322	323	645
3948	306	321	627
3949	292	329	621
3950	289	334	623
3951	303	326	629
3952	302	326	628
3953	335	326	661
3954	320	353	673
3955	324	335	659
3956	299	335	634
3957	292	327	619
3958	324	324	648
3959	308	317	625
3960	308	312	620
3961	284	308	592
3962	314	330	644
3963	327	323	650
3964	324	318	642
3965	304	317	621
3966	295	324	619
3967	306	325	631
3968	291	334	625
3969	297	327	624
3970	324	336	660
3971	333	319	652
3972	295	328	623
3973	328	296	624
3974	321	319	640
3975	317	313	630
3976	311	318	629
3977	287	327	614
3978	313	338	651
3979	313	329	642
3980	292	318	610
3981	306	320	626
3982	301	343	644
3983	305	315	620
3984	304	303	607
3985	314	337	651
3986	318	341	659
3987	329	332	661
3988	310	308	618
3989	310	282	592
3990	299	312	611
3991	311	357	668
3992	349	314	663
3993	296	324	620
3994	305	329	634
3995	319	330	649
3996	320	311	631
3997	312	330	642
3998	298	359	657
3999	288	353	641
4000	298	317	615
4001	318	333	651
4002	299	333	632
4003	297	310	607
4004	292	310	602
4005	306	310	616
4006	305	310	615
4007	321	302	623
4008	305	315	620
4009	316	324	640
4010	310	330	640
4011	303	322	625
4012	317	322	639
4013	290	321	611
4014	322	317	639
4015	306	331	637
4016	320	320	640
4017	308	328	636
4018	317	345	662
4019	320	325	645
4020	316	314	630
4021	289	321	610
4022	322	315	637
4023	327	321	648
4024	331	315	646
4025	311	329	640
4026	309	303	612
4027	327	310	637
4028	298	332	630
4029	295	329	624
4030	284	336	620
4031	298	320	618
4032	310	330	640
4033	324	299	623
4034	324	336	660
4035	299	340	639
4036	328	325	653
4037	308	330	638
4038	308	324	632
4039	307	323	630
4040	299	331	630
4041	331	299	630
4042	336	317	653
4043	301	316	617
4044	305	312	617
4045	303	312	615
4046	282	349	631
4047	306	326	632
4048	290	312	602
4049	315	324	639
4050	326	327	653
4051	293	308	601
4052	308	320	628
4053	305	316	621
4054	302	323	625
4055	306	311	617
4056	307	302	609
4057	303	325	628
4058	300	327	627
4059	312	307	619
4060	317	316	633
4061	316	326	642
4062	292	314	606
4063	311	318	629
4064	320	329	649
4065	301	333	634
4066	284	342	626
4067	289	340	629
4068	315	312	627
4069	307	315	622
4070	299	328	627
4071	302	331	633
4072	290	325	615
4073	294	321	615
4074	317	330	647
4075	302	318	620
4076	317	317	634
4077	330	315	645
4078	304	309	613
4079	316	308	624
4080	314	326	640
4081	328	299	627
4082	306	316	622
4083	321	307	628
4084	313	343	656
4085	308	344	652
4086	315	313	628
4087	306	351	657
4088	305	338	643
4089	306	320	626
4090	321	317	638
4091	307	322	629
4092	322	331	653
4093	294	324	618
4094	305	329	634
4095	317	330	647
4096	315	340	655
4097	319	320	639
4098	318	317	635
4099	313	309	622
4100	315	312	627
4101	307	330	637
4102	304	337	641
4103	311	310	621
4104	308	315	623
4105	334	335	669
4106	323	323	646
4107	300	350	650
4108	325	328	653
4109	304	305	609
4110	304	324	628
4111	292	333	625
4112	324	315	639
4113	306	304	610
4114	343	312	655
4115	312	339	651
4116	314	341	655
4117	306	342	648
4118	324	328	652
4119	318	326	644
4120	306	319	625
4121	305	293	598
4122	326	303	629
4123	322	318	640
4124	323	315	638
4125	285	328	613
4126	291	353	644
4127	329	307	636
4128	300	320	620
4129	313	339	652
4130	320	338	658
4131	295	337	632
4132	298	336	634
4133	287	312	599
4134	274	323	597
4135	308	306	614
4136	304	309	613
4137	307	309	616
4138	304	297	601
4139	315	328	643
4140	322	325	647
4141	316	321	637
4142	324	315	639
4143	300	311	611
4144	325	323	648
4145	318	335	653
4146	307	317	624
4147	317	330	647
4148	299	317	616
4149	322	321	643
4150	315	315	630
4151	302	331	633
4152	300	319	619
4153	294	346	640
4154	289	324	613
4155	298	331	629
4156	311	307	618
4157	325	326	651
4158	315	339	654
4159	303	345	648
4160	309	343	652
4161	318	341	659
4162	297	332	629
4163	308	338	646
4164	327	324	651
4165	302	327	629
4166	298	339	637
4167	288	319	607
4168	279	331	610
4169	320	329	649
4170	314	333	647
4171	300	348	648
4172	313	325	638
4173	327	310	637
4174	307	330	637
4175	311	342	653
4176	311	342	653
4177	297	329	626
4178	298	322	620
4179	300	319	619
4180	310	351	661
4181	288	317	605
4182	314	322	636
4183	316	328	644
4184	297	322	619
4185	302	323	625
4186	304	328	632
4187	299	332	631
4188	327	318	645
4189	314	315	629
4190	307	329	636
4191	308	332	640
4192	314	299	613
4193	307	308	615
4194	327	329	656
4195	318	309	627
4196	325	304	629
4197	343	328	671
4198	300	335	635
4199	309	327	636
4200	310	326	636
4201	301	345	646
4202	314	319	633
4203	314	337	651
4204	326	308	634
4205	312	348	660
4206	319	321	640
4207	310	323	633
4208	303	332	635
4209	305	314	619
4210	315	319	634
4211	319	313	632
4212	309	326	635
4213	308	323	631
4214	325	305	630
4215	305	322	627
4216	318	298	616
4217	299	335	634
4218	301	320	621
4219	299	324	623
4220	286	310	596
4221	303	327	630
4222	307	308	615
4223	295	333	628
4224	308	309	617
4225	317	310	627
4226	285	332	617
4227	323	323	646
4228	324	322	646
4229	318	340	658
4230	303	326	629
4231	309	323	632
4232	323	305	628
4233	314	331	645
4234	334	299	633
4235	335	330	665
4236	302	337	639
4237	312	326	638
4238	310	318	628
4239	298	328	626
4240	295	339	634
4241	311	334	645
4242	308	309	617
4243	286	354	640
4244	296	340	636
4245	315	319	634
4246	310	339	649
4247	302	309	611
4248	291	324	615
4249	313	344	657
4250	308	325	633
4251	296	343	639
4252	319	321	640
4253	322	335	657
4254	312	323	635
4255	328	315	643
4256	321	322	643
4257	309	332	641
4258	295	336	631
4259	311	305	616
4260	312	318	630
4261	329	326	655
4262	306	330	636
4263	308	313	621
4264	311	296	607
4265	298	319	617
4266	278	326	604
4267	287	312	599
4268	304	330	634
4269	301	323	624
4270	286	333	619
4271	309	347	656
4272	294	308	602
4273	328	327	655
4274	295	337	632
4275	296	328	624
4276	292	326	618
4277	289	340	629
4278	297	337	634
4279	286	338	624
4280	308	322	630
4281	315	354	669
4282	322	332	654
4283	290	321	611
4284	303	323	626
4285	294	333	627
4286	297	330	627
4287	298	310	608
4288	298	321	619
4289	299	317	616
4290	296	326	622
4291	296	347	643
4292	294	331	625
4293	298	327	625
4294	303	330	633
4295	303	345	648
4296	302	320	622
4297	301	303	604
4298	302	326	628
4299	302	320	622
4300	305	316	621
4301	282	314	596
4302	292	321	613
4303	297	342	639
4304	292	340	632
4305	306	344	650
4306	313	329	642
4307	309	310	619
4308	317	321	638
4309	328	321	649
4310	308	342	650
4311	321	328	649
4312	307	332	639
4313	325	329	654
4314	295	331	626
4315	295	316	611
4316	304	313	617
4317	325	305	630
4318	299	307	606
4319	301	330	631
4320	304	334	638
4321	305	326	631
4322	291	314	605
4323	279	310	589
4324	304	306	610
4325	322	315	637
4326	304	327	631
4327	310	317	627
4328	296	342	638
4329	321	321	642
4330	325	323	648
4331	302	335	637
4332	320	311	631
4333	324	323	647
4334	311	319	630
4335	312	304	616
4336	308	329	637
4337	324	324	648
4338	316	334	650
4339	316	294	610
4340	319	313	632
4341	299	313	612
4342	300	321	621
4343	310	329	639
4344	312	336	648
4345	311	320	631
4346	309	305	614
4347	296	308	604
4348	302	307	609
4349	317	328	645
4350	327	309	636
4351	303	318	621
4352	311	315	626
4353	322	311	633
4354	333	311	644
4355	306	322	628
4356	322	317	639
4357	309	368	677
4358	298	340	638
4359	303	350	653
4360	313	332	645
4361	299	333	632
4362	318	329	647
4363	314	326	640
4364	312	327	639
4365	304	339	643
4366	297	318	615
4367	297	291	588
4368	305	315	620
4369	312	315	627
4370	293	309	602
4371	278	311	589
4372	309	324	633
4373	315	299	614
4374	322	319	641
4375	319	304	623
4376	319	316	635
4377	337	320	657
4378	309	308	617
4379	303	311	614
4380	308	327	635
4381	302	325	627
4382	347	336	683
4383	318	341	659
4384	309	356	665
4385	306	328	634
4386	285	344	629
4387	317	344	661
4388	326	309	635
4389	310	323	633
4390	313	321	634
4391	295	332	627
4392	325	346	671
4393	287	320	607
4394	304	299	603
4395	310	338	648
4396	322	339	661
4397	305	313	618
4398	317	341	658
4399	305	343	648
4400	303	334	637
4401	302	329	631
4402	303	348	651
4403	307	332	639
4404	312	317	629
4405	313	316	629
4406	298	348	646
4407	311	343	654
4408	300	327	627
4409	293	325	618
4410	293	336	629
4411	309	324	633
4412	307	334	641
4413	309	326	635
4414	279	311	590
4415	286	339	625
4416	322	323	645
4417	320	331	651
4418	304	310	614
4419	307	314	621
4420	290	304	594
4421	283	312	595
4422	278	321	599
4423	293	333	626
4424	322	338	660
4425	307	339	646
4426	325	337	662
4427	328	318	646
4428	299	328	627
4429	329	320	649
4430	296	314	610
4431	313	317	630
4432	321	328	649
4433	318	344	662
4434	312	337	649
4435	307	315	622
4436	309	330	639
4437	323	298	621
4438	282	320	602
4439	295	338	633
4440	321	339	660
4441	308	311	619
4442	295	322	617
4443	286	323	609
4444	304	324	628
4445	312	313	625
4446	303	314	617
4447	289	325	614
4448	297	330	627
4449	325	327	652
4450	319	331	650
4451	314	339	653
4452	314	343	657
4453	308	320	628
4454	324	332	656
4455	300	328	628
4456	329	321	650
4457	307	322	629
4458	302	308	610
4459	309	328	637
4460	326	296	622
4461	327	308	635
4462	322	337	659
4463	301	313	614
4464	293	339	632
4465	260	338	598
4466	307	341	648
4467	305	334	639
4468	308	322	630
4469	285	309	594
4470	297	332	629
4471	324	349	673
4472	312	320	632
4473	295	312	607
4474	301	314	615
4475	305	333	638
4476	299	336	635
4477	306	330	636
4478	289	329	618
4479	317	323	640
4480	310	331	641
4481	322	313	635
4482	311	332	643
4483	303	322	625
4484	298	317	615
4485	301	333	634
4486	303	291	594
4487	291	321	612
4488	300	336	636
4489	328	325	653
4490	309	306	615
4491	314	338	652
4492	300	328	628
4493	297	342	639
4494	290	320	610
4495	282	332	614
4496	311	321	632
4497	312	330	642
4498	319	333	652
4499	325	321	646
4500	303	339	642
4501	302	325	627
4502	296	317	613
4503	318	298	616
4504	303	303	606
4505	322	346	668
4506	314	330	644
4507	308	325	633
4508	313	303	616
4509	293	318	611
4510	309	326	635
4511	286	347	633
4512	306	344	650
4513	291	327	618
4514	316	331	647
4515	290	318	608
4516	294	334	628
4517	276	341	617
4518	301	329	630
4519	318	301	619
4520	310	318	628
4521	307	307	614
4522	320	314	634
4523	321	335	656
4524	314	351	665
4525	319	325	644
4526	324	331	655
4527	320	305	625
4528	337	312	649
4529	309	326	635
4530	298	319	617
4531	336	323	659
4532	305	327	632
4533	327	329	656
4534	317	320	637
4535	307	325	632
4536	313	338	651
4537	310	320	630
4538	283	319	602
4539	295	340	635
4540	318	329	647
4541	322	338	660
4542	306	340	646
4543	289	341	630
4544	301	337	638
4545	313	342	655
4546	295	319	614
4547	294	323	617
4548	311	334	645
4549	332	322	654
4550	315	332	647
4551	294	357	651
4552	297	340	637
4553	322	320	642
4554	318	323	641
4555	306	331	637
4556	318	335	653
4557	281	330	611
4558	298	329	627
4559	307	299	606
4560	302	314	616
4561	306	311	617
4562	290	326	616
4563	317	330	647
4564	300	313	613
4565	293	325	618
4566	303	325	628
4567	314	335	649
4568	338	312	650
4569	302	316	618
4570	325	302	627
4571	317	322	639
4572	287	329	616
4573	311	328	639
4574	306	339	645
4575	308	321	629
4576	305	333	638
4577	294	332	626
4578	323	328	651
4579	302	327	629
4580	291	345	636
4581	295	338	633
4582	324	313	637
4583	309	333	642
4584	302	329	631
4585	309	340	649
4586	288	303	591
4587	319	326	645
4588	340	326	666
4589	310	345	655
4590	308	333	641
4591	298	333	631
4592	298	303	601
4593	304	335	639
4594	300	325	625
4595	305	313	618
4596	311	324	635
4597	308	330	638
4598	312	327	639
4599	322	340	662
4600	329	327	656
4601	307	301	608
4602	292	336	628
4603	303	298	601
4604	307	304	611
4605	288	332	620
4606	322	337	659
4607	306	340	646
4608	310	343	653
4609	290	341	631
4610	302	340	642
4611	318	337	655
4612	290	326	616
4613	319	313	632
4614	303	322	625
4615	306	309	615
4616	298	330	628
4617	302	316	618
4618	332	312	644
4619	317	329	646
4620	322	311	633
4621	319	316	635
4622	333	311	644
4623	303	339	642
4624	301	329	630
4625	307	333	640
4626	327	310	637
4627	313	310	623
4628	290	325	615
4629	314	304	618
4630	319	324	643
4631	318	322	640
4632	280	304	584
4633	284	342	626
4634	297	335	632
4635	299	335	634
4636	295	345	640
4637	295	315	610
4638	308	331	639
4639	284	331	615
4640	293	341	634
4641	312	321	633
4642	311	312	623
4643	316	325	641
4644	314	322	636
4645	293	326	619
4646	308	324	632
4647	301	319	620
4648	301	314	615
4649	308	320	628
4650	301	327	628
4651	316	327	643
4652	309	329	638
4653	318	318	636
4654	309	319	628
4655	279	343	622
4656	299	335	634
4657	314	330	644
4658	294	343	637
4659	311	333	644
4660	323	318	641
4661	328	358	686
4662	290	351	641
4663	306	327	633
4664	310	331	641
4665	299	317	616
4666	335	310	645
4667	300	332	632
4668	297	334	631
4669	277	316	593
4670	293	311	604
4671	315	321	636
4672	322	342	664
4673	323	350	673
4674	311	306	617
4675	291	305	596
4676	316	321	637
4677	295	341	636
4678	318	329	647
4679	313	315	628
4680	317	336	653
4681	315	320	635
4682	308	313	621
4683	326	310	636
4684	317	333	650
4685	315	326	641
4686	285	316	601
4687	309	306	615
4688	315	315	630
4689	297	306	603
4690	315	327	642
4691	292	328	620
4692	301	337	638
4693	312	330	642
4694	312	316	628
4695	303	328	631
4696	307	304	611
4697	304	331	635
4698	315	331	646
4699	305	331	636
4700	310	334	644
4701	309	309	618
4702	278	324	602
4703	319	325	644
4704	339	310	649
4705	321	332	653
4706	308	337	645
4707	317	326	643
4708	324	308	632
4709	355	313	668
4710	310	323	633
4711	309	340	649
4712	309	332	641
4713	313	325	638
4714	294	329	623
4715	313	337	650
4716	323	312	635
4717	321	335	656
4718	311	327	638
4719	316	322	638
4720	317	310	627
4721	316	327	643
4722	306	342	648
4723	302	358	660
4724	313	330	643
4725	308	330	638
4726	292	317	609
4727	303	316	619
4728	302	349	651
4729	296	317	613
4730	311	300	611
4731	320	346	666
4732	318	303	621
4733	326	331	657
4734	306	314	620
4735	317	332	649
4736	296	333	629
4737	303	302	605
4738	296	322	618
4739	291	307	598
4740	319	293	612
4741	303	287	590
4742	323	305	628
4743	320	294	614
4744	331	339	670
4745	318	330	648
4746	299	341	640
4747	309	319	628
4748	308	328	636
4749	311	315	626
4750	305	314	619
4751	336	314	650
4752	303	325	628
4753	283	325	608
4754	295	310	605
4755	307	331	638
4756	308	342	650
4757	332	334	666
4758	324	335	659
4759	303	310	613
4760	316	318	634
4761	305	320	625
4762	306	309	615
4763	307	331	638
4764	318	349	667
4765	326	316	642
4766	318	309	627
4767	286	328	614
4768	298	338	636
4769	295	332	627
4770	286	322	608
4771	322	312	634
4772	304	331	635
4773	291	322	613
4774	321	305	626
4775	308	310	618
4776	330	296	626
4777	299	318	617
4778	293	320	613
4779	312	337	649
4780	336	325	661
4781	322	346	668
4782	296	323	619
4783	321	328	649
4784	316	315	631
4785	305	339	644
4786	311	346	657
4787	318	313	631
4788	326	350	676
4789	319	311	630
4790	298	326	624
4791	301	342	643
4792	327	322	649
4793	301	325	626
4794	315	329	644
4795	308	308	616
4796	294	320	614
4797	302	335	637
4798	275	342	617
4799	329	340	669
4800	322	323	645
4801	292	307	599
4802	315	298	613
4803	306	331	637
4804	309	336	645
4805	321	342	663
4806	300	349	649
4807	297	327	624
4808	305	328	633
4809	282	326	608
4810	288	341	629
4811	305	339	644
4812	317	309	626
4813	316	318	634
4814	305	338	643
4815	299	338	637
4816	311	330	641
4817	331	328	659
4818	321	328	649
4819	317	322	639
4820	293	330	623
4821	308	324	632
4822	330	297	627
4823	301	320	621
4824	315	348	663
4825	299	351	650
4826	309	333	642
4827	294	334	628
4828	306	360	666
4829	304	296	600
4830	321	311	632
4831	310	313	623
4832	307	303	610
4833	313	319	632
4834	312	323	635
4835	289	326	615
4836	303	339	642
4837	320	325	645
4838	323	327	650
4839	332	320	652
4840	308	323	631
4841	303	322	625
4842	311	335	646
4843	295	343	638
4844	302	332	634
4845	312	331	643
4846	308	346	654
4847	281	330	611
4848	301	320	621
4849	305	325	630
4850	298	329	627
4851	292	331	623
4852	326	330	656
4853	292	330	622
4854	317	336	653
4855	300	324	624
4856	287	311	598
4857	297	322	619
4858	310	342	652
4859	315	331	646
4860	330	317	647
4861	307	312	619
4862	295	311	606
4863	335	305	640
4864	308	338	646
4865	309	335	644
4866	305	318	623
4867	298	330	628
4868	293	337	630
4869	315	337	652
4870	295	336	631
4871	280	323	603
4872	316	323	639
4873	306	327	633
4874	300	314	614
4875	308	321	629
4876	301	334	635
4877	302	340	642
4878	297	340	637
4879	287	308	595
4880	319	322	641
4881	305	332	637
4882	283	334	617
4883	311	329	640
4884	303	326	629
4885	302	323	625
4886	305	329	634
4887	325	327	652
4888	322	328	650
4889	318	350	668
4890	336	347	683
4891	295	331	626
4892	281	323	604
4893	319	300	619
4894	293	334	627
4895	303	327	630
4896	314	324	638
4897	299	314	613
4898	301	320	621
4899	309	333	642
4900	313	347	660
4901	300	343	643
4902	319	325	644
4903	313	356	669
4904	307	354	661
4905	308	335	643
4906	298	313	611
4907	315	334	649
4908	328	346	674
4909	307	322	629
4910	312	341	653
4911	323	343	666
4912	290	338	628
4913	288	315	603
4914	268	319	587
4915	295	334	629
4916	318	310	628
4917	322	306	628
4918	318	315	633
4919	303	326	629
4920	307	325	632
4921	323	303	626
4922	336	314	650
4923	323	312	635
4924	304	347	651
4925	285	331	616
4926	312	343	655
4927	317	322	639
4928	317	303	620
4929	311	321	632
4930	303	309	612
4931	314	298	612
4932	307	342	649
4933	309	318	627
4934	327	325	652
4935	273	316	589
4936	285	312	597
4937	293	312	605
4938	308	320	628
4939	322	317	639
4940	305	306	611
4941	296	294	590
4942	311	322	633
4943	291	337	628
4944	324	331	655
4945	310	319	629
4946	316	321	637
4947	319	322	641
4948	312	338	650
4949	315	308	623
4950	307	336	643
4951	314	334	648
4952	310	328	638
4953	290	313	603
4954	337	325	662
4955	320	339	659
4956	335	316	651
4957	335	354	689
4958	306	344	650
4959	315	326	641
4960	296	306	602
4961	304	316	620
4962	318	315	633
4963	304	335	639
4964	315	359	674
4965	283	328	611
4966	309	344	653
4967	321	323	644
4968	317	341	658
4969	320	319	639
4970	305	313	618
4971	308	335	643
4972	311	327	638
4973	316	334	650
4974	297	348	645
4975	309	339	648
4976	317	324	641
4977	302	320	622
4978	291	326	617
4979	295	344	639
4980	312	325	637
4981	293	319	612
4982	308	310	618
4983	314	314	628
4984	310	337	647
4985	295	338	633
4986	289	339	628
4987	298	335	633
4988	317	342	659
4989	306	331	637
4990	319	329	648
4991	313	351	664
4992	297	332	629
4993	288	326	614
4994	286	319	605
4995	297	318	615
4996	303	312	615
4997	310	335	645
4998	316	333	649
4999	316	316	632
5000	313	329	642
5001	298	311	609
5002	304	333	637
5003	295	350	645
5004	285	323	608
5005	281	321	602
5006	296	325	621
5007	314	330	644
5008	323	335	658
5009	310	336	646
5010	311	327	638
5011	329	337	666
5012	309	288	597
5013	316	297	613
5014	284	306	590
5015	304	317	621
5016	326	337	663
5017	293	336	629
5018	321	340	661
5019	313	325	638
5020	312	329	641
5021	321	339	660
5022	299	319	618
5023	300	324	624
5024	294	317	611
5025	300	348	648
5026	301	311	612
5027	283	327	610
5028	302	308	610
5029	320	316	636
5030	306	336	642
5031	302	311	613
5032	299	308	607
5033	294	310	604
5034	300	325	625
5035	285	324	609
5036	294	331	625
5037	303	327	630
5038	308	324	632
5039	303	334	637
5040	323	319	642
5041	307	344	651
5042	296	323	619
5043	328	307	635
5044	297	331	628
5045	306	336	642
5046	312	343	655
5047	308	340	648
5048	290	296	586
5049	303	293	596
5050	329	309	638
5051	350	327	677
5052	328	326	654
5053	315	350	665
5054	325	324	649
5055	318	344	662
5056	311	316	627
5057	327	341	668
5058	300	327	627
5059	305	335	640
5060	293	340	633
5061	287	345	632
5062	302	331	633
5063	299	326	625
5064	313	349	662
5065	309	333	642
5066	302	332	634
5067	319	334	653
5068	304	331	635
5069	318	319	637
5070	326	314	640
5071	312	336	648
5072	304	329	633
5073	300	318	618
5074	303	337	640
5075	312	329	641
5076	312	315	627
5077	294	309	603
5078	296	322	618
5079	304	334	638
5080	296	323	619
5081	312	331	643
5082	309	349	658
5083	299	357	656
5084	308	322	630
5085	309	350	659
5086	319	329	648
5087	311	309	620
5088	307	321	628
5089	295	334	629
5090	296	324	620
5091	322	330	652
5092	326	346	672
5093	328	324	652
5094	316	335	651
5095	305	336	641
5096	317	340	657
5097	297	325	622
5098	335	318	653
