1	12	21	22	25	29	33	34	36	41	44	48	52	56	58	64	66	69	73	78	80	81	82	91	108	134	135	138	143	145	147	160	168	170	173	175	178	186	194	195	197	198	200	202	204	207	234	245	248	250	264	275	279	281	286	288	295	303	308	323	325	326	331	334	337	338	352	358	364	370	371	377	383	384	385	398	401	402	417	418	419	424	425	427	434	436	444	447	454	455	458	468	470	473	485	489	496	126	490	360	101	53	312	394	378	256	154	450	114	142	146	222	500	89	302	230	49	117	306	0	32	98	70	40	307	240	305	429	409	15	365	511	280	510	257	340	123	28	17	423	
21	22	29	33	34	41	48	52	56	64	66	73	78	80	91	108	134	135	143	145	160	173	175	178	186	194	195	200	202	207	234	245	281	286	288	295	303	308	323	325	326	338	358	364	370	377	384	385	402	417	418	419	424	425	427	434	436	444	455	470	473	485	489	101	53	256	154	146	222	117	0	511	280	510	28	123	496	82	312	378	25	432	414	89	371	279	337	426	170	450	199	204	98	114	206	394	492	197	1	244	454	69	198	83	321	
21	29	33	41	52	56	64	78	80	108	134	135	145	160	178	194	195	202	207	234	281	286	288	295	303	308	323	325	338	358	364	370	377	384	385	402	417	419	424	425	427	434	444	470	473	485	489	101	53	256	146	222	117	0	510	28	123	378	25	414	371	337	170	199	98	114	432	204	209	321	173	279	244	175	418	122	198	104	446	392	193	34	100	186	450	451	502	226	215	48	242	
21	33	56	80	134	135	145	178	195	202	207	281	286	288	295	323	338	358	364	377	384	385	419	424	427	434	444	473	485	101	53	256	117	0	510	28	123	378	414	337	98	204	321	244	175	122	104	446	193	450	451	290	299	58	418	173	199	108	34	296	371	306	23	506	489	346	52	482	359	65	357	
21	56	80	134	135	145	178	195	202	207	281	286	295	338	364	377	384	385	419	427	434	444	473	485	101	53	117	510	28	378	414	337	98	321	244	175	122	446	193	450	299	58	418	173	199	34	296	306	23	506	106	52	104	371	123	115	346	1	511	225	236	204	167	293	298	2	194	129	
21	56	134	178	202	207	281	286	295	338	364	377	384	385	419	427	434	444	473	485	101	53	510	28	337	98	321	244	122	446	193	450	58	199	34	306	23	506	106	52	104	123	346	236	194	115	370	19	175	336	508	239	371	507	
21	56	178	202	207	281	286	338	364	377	384	385	419	427	434	444	473	485	101	53	510	337	98	321	244	446	193	58	199	306	23	506	106	52	104	346	194	115	370	508	239	120	371	380	60	492	336	379	507	184	3	218	74	511	231	19	345	
21	56	178	202	207	281	286	338	364	377	384	385	419	427	434	444	473	485	101	337	98	321	244	446	193	58	199	306	23	506	106	194	115	508	239	120	371	60	336	379	184	307	339	103	370	368	53	378	122	257	435	248	238	218	100	52	
21	56	178	202	207	281	286	338	364	377	384	419	434	444	473	485	337	98	244	446	193	58	199	306	23	506	106	115	508	239	120	371	60	336	379	257	238	218	52	101	339	275	250	370	223	
21	56	202	207	338	364	377	384	419	434	444	473	485	337	98	244	446	193	58	506	115	508	239	120	371	60	336	379	257	238	218	52	250	223	59	119	118	493	442	222	365	500	466	237	109	376	427	
21	56	202	207	338	364	377	384	419	444	485	337	98	244	446	193	58	506	115	508	239	120	371	336	379	257	250	223	119	493	442	466	457	473	504	123	365	237	346	339	498	222	357	481	117	368	254	
56	202	207	384	419	444	485	337	98	244	446	193	58	506	115	508	239	120	371	379	257	250	442	473	504	123	237	339	377	194	381	223	
56	202	207	384	419	485	337	98	244	446	193	58	115	508	239	120	371	379	257	250	442	473	504	123	481	507	51	59	57	185	409	124	444	509	195	206	
56	202	207	384	419	485	337	98	244	446	193	58	115	508	120	371	379	257	250	442	473	504	123	481	51	124	121	114	444	138	417	376	
202	207	384	419	485	337	98	446	193	58	115	508	120	371	379	257	250	442	473	504	123	481	51	121	114	242	56	291	124	234	427	499	34	440	290	251	472	50	
202	207	384	419	485	337	98	446	193	58	115	508	120	250	442	473	504	123	481	51	121	114	242	124	234	427	499	290	291	89	107	205	444	59	
207	384	419	485	337	98	446	193	58	115	508	120	250	442	473	504	123	481	51	121	242	124	234	290	205	427	225	235	89	488	438	240	
207	384	419	337	98	446	193	58	115	508	120	250	442	473	123	481	51	290	427	235	472	483	456	409	186	353	352	
207	384	419	337	98	446	193	58	115	508	120	250	442	473	123	481	290	427	235	483	456	477	186	51	435	203	306	75	
207	384	419	337	98	446	193	58	508	120	250	442	123	481	290	427	235	483	456	477	473	51	487	492	122	369	291	179	
207	384	419	337	98	446	193	58	508	120	250	442	123	481	290	427	235	456	51	492	55	430	491	
207	384	419	337	98	446	193	58	508	250	442	123	481	290	427	456	51	492	55	443	497	414	59	235	120	226	122	
207	384	419	337	98	446	193	58	508	250	123	481	290	427	456	51	55	414	388	480	251	489	418	447	
207	384	337	98	446	193	58	508	250	123	290	456	55	414	251	489	122	423	392	115	457	
207	384	337	98	446	193	58	508	250	123	290	456	251	489	392	115	457	504	472	192	408	234	219	106	42	113	336	122	121	194	
207	384	337	98	446	193	58	508	250	123	290	456	392	115	457	504	472	192	106	83	304	107	308	119	291	120	121	211	127	
207	384	337	98	446	193	58	508	250	123	290	456	392	115	457	192	107	308	122	416	291	304	119	127	198	
207	384	337	98	446	193	58	508	250	123	290	456	392	457	192	107	308	122	304	395	198	79	194	
207	384	337	98	446	193	58	508	250	123	456	457	192	107	308	294	290	126	393	321	129	
207	384	98	446	193	58	508	250	123	456	457	192	107	294	309	472	186	127	224	
384	98	446	193	58	508	250	123	456	457	192	107	472	224	294	65	240	251	
384	98	446	193	58	508	250	123	456	457	192	224	294	251	489	256	107	444	290	
384	98	446	193	58	508	250	123	456	457	192	224	251	107	459	460	26	
384	98	446	193	58	508	250	456	457	192	224	251	107	459	388	243	442	438	
98	446	193	58	508	456	457	192	251	107	459	243	449	392	186	451	64	393	106	
98	446	193	58	508	456	457	192	251	107	459	243	449	392	473	453	99	
98	446	193	58	508	456	457	192	251	107	243	449	392	473	105	64	224	491	451	0	363	483	453	459	
98	446	193	58	508	456	457	192	251	107	243	449	392	105	64	224	491	451	0	459	200	331	4	448	399	
98	446	193	58	508	456	457	192	251	107	243	449	0	459	200	448	399	392	202	235	105	65	122	
98	446	58	508	456	457	192	251	107	243	449	399	392	202	459	200	66	448	193	321	
98	446	58	508	456	457	192	251	243	449	399	392	202	66	448	241	227	64	393	385	
98	446	58	508	456	457	192	251	243	449	399	66	448	227	64	200	179	391	202	504	42	397	43	
98	446	58	508	456	457	192	251	243	449	399	66	448	227	504	235	219	
98	446	58	508	456	457	192	251	243	449	399	448	227	235	504	488	255	381	451	
98	446	58	508	456	192	251	243	449	399	448	227	504	488	123	194	510	196	457	42	
98	446	58	508	456	192	251	243	449	399	448	227	504	123	196	457	42	328	106	121	
98	446	58	508	456	192	251	449	399	448	227	504	123	457	42	121	510	225	442	226	368	
98	446	58	508	456	192	449	399	227	504	123	457	121	510	226	187	64	451	453	231	195	
446	58	508	456	192	449	504	123	457	121	510	226	64	451	251	
446	58	508	456	192	504	123	457	121	510	430	310	200	
446	58	456	192	504	123	457	121	510	430	398	496	473	64	
446	58	456	192	504	123	457	121	510	427	127	
446	58	456	192	504	123	121	510	427	127	107	488	120	251	210	208	508	492	128	442	
446	456	192	123	121	510	427	127	107	458	235	
446	456	192	123	121	510	427	107	457	196	494	442	99	
446	456	192	123	510	427	107	121	128	457	478	105	235	502	438	511	
446	456	192	123	510	427	107	196	
456	192	123	510	427	107	59	
456	192	123	510	427	107	
456	192	123	510	427	127	115	
456	192	123	427	429	460	128	
456	192	123	427	429	
456	192	427	193	
456	192	427	
456	192	427	208	
456	192	427	
456	192	427	
456	192	427	
456	192	427	128	491	
456	192	427	
456	192	427	
456	192	427	426	194	
456	192	427	426	448	
456	192	427	426	394	
456	192	427	426	
456	192	427	426	200	
456	192	427	443	
456	192	427	
456	192	427	393	
456	192	427	
456	192	427	
456	192	427	448	
456	192	427	
456	192	427	431	448	
456	192	427	
456	192	427	193	
456	192	427	
456	192	427	
456	192	427	443	
456	192	427	419	224	
456	192	427	457	
192	427	441	425	
192	427	441	317	445	
192	427	441	445	429	421	
192	427	445	429	
192	427	445	429	
192	427	445	429	224	225	64	
192	427	445	429	317	
192	427	445	429	303	
192	427	445	429	
192	427	445	429	430	317	
192	427	445	429	425	
192	427	445	429	437	
192	427	445	429	317	193	128	
192	427	445	429	64	
192	427	445	429	
192	427	429	445	426	194	493	317	
192	427	429	445	
192	427	429	445	
192	427	429	445	
192	427	429	445	317	447	319	
192	427	429	445	
192	427	429	196	236	426	
192	427	429	236	397	425	431	
192	427	429	236	237	239	426	418	255	
192	427	429	236	255	252	124	220	238	
192	427	429	236	255	220	124	92	194	
192	427	429	236	255	194	226	
192	429	236	255	445	165	252	254	
192	429	236	255	252	193	191	203	237	
192	429	236	255	252	191	397	238	206	188	108	
192	429	236	255	191	
192	429	255	191	
192	429	255	191	64	
192	429	255	191	
429	255	191	128	
429	255	191	428	
429	255	191	157	189	
429	255	191	
429	255	191	428	
429	255	191	428	
429	255	191	397	190	
429	255	191	
429	255	191	428	
429	255	191	
429	255	191	
429	255	191	
429	255	191	
429	255	191	428	247	
429	255	191	
429	255	191	254	
429	255	191	175	
429	255	191	301	
429	255	191	437	
429	255	191	428	493	492	
429	255	191	492	
429	255	191	492	127	493	187	508	
429	255	191	492	428	
429	255	191	492	445	
429	255	191	301	
429	255	191	428	
429	255	191	428	444	183	
429	255	191	428	293	316	
429	255	191	293	425	444	
429	255	191	293	295	119	301	
429	255	191	293	261	425	251	
429	255	191	293	428	
429	255	191	293	428	301	289	
429	255	191	293	428	127	159	421	
429	255	191	293	428	
429	255	191	293	428	190	
429	255	191	293	428	301	239	
429	255	191	293	428	253	430	
429	255	191	293	428	492	493	509	
429	255	191	293	428	301	269	
429	255	191	293	428	309	
429	255	191	293	428	261	175	
429	255	191	293	428	187	63	
429	255	191	293	428	63	397	
429	255	191	428	261	431	223	
429	255	191	261	431	293	257	
429	255	191	261	428	396	
429	255	191	261	396	325	412	301	
429	255	191	261	247	
429	255	191	261	492	
429	255	191	261	325	357	
429	255	191	261	269	293	
429	255	191	261	293	257	295	
429	255	191	261	293	247	445	397	
429	255	191	261	293	253	
429	255	191	261	293	495	493	247	487	
429	255	191	261	293	301	445	223	
429	255	191	261	293	223	239	
429	255	191	261	293	301	257	
429	255	191	261	293	317	190	
429	255	191	261	293	182	190	292	180	188	
429	255	191	261	293	182	190	184	
429	255	191	261	293	182	184	166	289	186	
429	255	191	261	293	182	184	166	186	162	421	397	
429	255	191	261	293	182	166	186	431	162	
429	255	191	261	293	182	166	186	431	254	
429	255	191	261	293	182	166	186	132	253	190	425	150	
429	255	191	261	293	182	166	186	247	389	134	
429	255	191	261	293	182	166	186	247	190	175	245	119	277	
429	191	261	293	182	166	186	245	259	389	431	453	428	
429	191	261	293	182	166	186	245	187	493	181	
429	191	261	293	182	166	186	245	428	175	
429	261	182	166	186	269	453	38	245	333	183	
429	261	182	166	186	245	250	253	174	493	
429	261	182	166	186	245	
429	261	182	166	186	245	237	421	253	
429	261	182	166	186	
429	261	182	166	186	428	187	
429	261	182	166	
429	261	182	166	183	263	150	
429	261	182	166	183	269	
429	261	182	166	
429	261	182	166	150	425	389	
429	261	182	166	
429	261	182	166	
429	261	182	166	230	
429	261	182	166	246	257	118	
429	261	182	166	263	
429	261	182	166	54	22	190	230	180	
429	261	182	166	54	293	
261	182	54	429	269	150	267	
261	182	54	257	
261	182	54	166	325	52	
261	182	54	166	
261	182	54	166	
261	182	54	118	84	86	
261	182	54	277	183	
261	182	54	293	22	
261	182	54	166	190	
261	182	54	
261	182	54	22	52	
261	182	54	190	
261	182	54	166	
261	182	54	166	
261	182	54	
261	182	54	62	
261	182	54	
261	182	54	
261	182	54	325	
261	182	54	
261	182	54	
261	182	54	22	
261	182	54	
261	182	54	
261	182	54	62	
261	54	182	
261	54	
261	54	182	
261	54	277	38	
261	54	
261	54	
261	54	52	
261	54	
261	54	50	
261	54	333	325	
261	54	257	50	389	
261	54	
261	54	183	
261	54	277	
261	54	277	269	
261	54	277	118	285	182	246	309	
261	54	277	182	260	341	389	
261	54	277	
261	54	277	
261	54	277	327	269	
261	54	327	293	326	
261	54	327	293	260	
261	54	327	293	
261	54	327	269	
261	54	327	
261	54	327	
261	54	327	
261	54	327	277	
261	54	327	326	22	
261	54	327	
261	54	327	277	22	326	
261	54	327	50	
261	54	327	182	38	
261	54	327	182	22	52	
261	54	327	
261	54	327	
261	54	327	257	391	
261	54	327	323	
261	54	327	182	
261	54	327	182	343	
261	54	327	182	38	46	180	50	
261	54	327	46	277	
261	54	327	46	277	279	110	
261	54	327	46	277	257	
261	54	327	46	277	373	341	
54	327	46	277	
54	327	46	277	405	
54	327	46	277	
54	327	46	277	405	273	343	261	
54	327	46	277	261	341	
46	277	
46	277	14	
46	277	
46	277	
46	277	
46	277	45	
46	277	
46	277	
46	277	405	
46	277	279	
46	277	261	
46	277	
46	277	38	
46	277	
46	277	
46	277	14	
46	277	
46	277	281	345	47	
46	277	279	
46	277	
46	277	279	
46	277	
46	277	110	126	62	
46	277	
46	277	
46	277	
46	277	
46	277	401	
46	277	
46	277	
46	277	276	
46	277	110	126	102	
46	277	110	273	
46	277	279	
46	277	
46	277	405	
46	277	14	47	
46	277	
46	277	279	62	276	
46	277	
46	277	44	
46	277	42	10	
46	277	341	
46	277	
46	277	
46	277	110	
46	277	
46	277	
46	277	47	
46	277	
46	277	305	
46	277	279	311	108	407	
46	277	279	261	
46	277	279	
46	277	
46	277	14	174	
46	277	
46	277	
46	277	
46	277	413	
46	277	
46	277	341	
46	277	78	
46	277	
46	277	285	273	
46	277	279	
46	277	
46	277	
46	277	
46	277	
46	277	285	
46	277	
46	277	
46	277	311	62	
46	277	311	14	
46	277	311	439	
46	277	
46	277	405	
46	277	
46	277	
46	277	
46	277	
46	277	
46	277	
46	277	44	174	
46	277	
46	277	
46	277	254	
46	277	
46	277	
46	277	42	
46	277	
46	277	
46	277	32	
46	277	
46	277	
46	277	
46	277	
46	277	174	
46	277	
46	277	47	
46	277	42	58	
46	277	
46	277	
46	277	62	
46	277	276	
46	277	42	
46	277	
46	277	
46	277	
46	277	261	174	
46	277	
46	277	
46	277	40	
46	277	40	
46	277	40	32	341	56	
46	277	40	32	
46	277	40	32	0	42	
46	277	40	32	341	
46	277	40	279	32	
46	277	40	279	
46	277	40	
46	277	40	32	273	174	104	8	206	
46	277	40	
46	277	40	
46	277	40	309	285	
46	277	40	309	285	269	281	345	
46	277	40	309	269	281	285	44	345	
46	277	40	309	285	349	308	279	
46	277	40	309	308	287	372	405	433	349	381	479	305	
46	277	40	309	308	287	372	479	349	477	476	469	472	444	373	56	446	501	
46	277	40	309	308	287	372	477	469	472	444	373	344	376	464	380	345	
46	277	40	309	287	372	472	444	373	344	376	428	380	316	308	
277	40	309	372	472	444	373	344	504	357	46	500	
40	309	372	472	444	373	344	504	436	445	
40	309	472	444	373	344	280	408	44	
40	309	472	444	373	344	280	308	310	341	
40	472	444	373	344	72	104	73	316	
40	472	444	373	344	72	104	73	76	233	408	
40	472	444	373	72	104	73	76	89	433	376	348	504	
40	472	444	373	72	104	73	76	232	200	120	
40	472	444	373	72	104	73	76	232	200	474	216	300	112	108	96	
40	472	444	373	72	104	73	76	200	216	300	96	108	458	225	474	445	
40	472	444	373	72	104	76	200	216	96	458	77	93	192	
40	472	444	373	104	76	200	216	96	458	93	357	68	64	356	72	
40	472	444	373	104	76	200	216	96	458	93	64	77	330	226	98	
472	444	373	104	76	200	216	96	458	93	232	394	64	168	40	72	248	152	
472	444	373	104	76	200	216	96	93	232	458	192	193	428	64	
472	444	373	76	200	216	93	232	458	192	428	12	96	128	104	100	202	369	95	436	
472	444	76	200	216	93	458	192	428	12	128	394	77	
472	444	76	200	216	93	458	192	428	128	77	12	430	
472	444	76	200	216	93	458	428	128	77	132	412	436	
472	444	76	200	216	93	458	428	128	77	132	221	394	217	192	
472	444	76	200	93	458	428	128	77	132	221	394	424	402	386	
472	444	76	200	93	458	128	77	132	394	164	424	442	386	72	36	410	
472	444	76	200	93	458	128	77	394	130	
444	76	200	93	458	128	394	392	
444	76	200	458	128	394	204	129	93	72	125	136	201	
444	76	200	458	128	394	398	160	399	176	
444	76	200	458	128	394	132	232	140	
444	76	200	458	128	394	459	446	
444	76	200	458	128	394	445	
444	76	200	458	128	394	445	
444	76	200	458	128	394	440	78	
444	200	458	128	394	144	
444	200	458	128	394	428	331	130	
444	200	458	128	394	
444	200	458	128	394	232	160	
444	200	458	128	394	201	
444	200	458	128	394	232	
444	200	458	394	
444	200	458	394	
444	200	458	394	
444	200	458	394	152	450	316	
444	200	458	394	
444	200	458	394	
444	200	458	394	224	450	232	
444	200	458	394	395	462	
444	200	458	394	445	
444	200	458	394	446	232	
444	200	458	394	204	
444	200	458	394	192	201	
444	200	458	394	201	89	136	105	428	456	140	73	
444	200	458	394	89	216	201	
444	200	458	394	89	216	392	
444	200	458	394	89	216	220	
444	200	458	394	89	216	436	
444	200	458	394	89	216	
444	200	458	394	89	216	220	221	255	212	204	446	
444	200	458	394	89	216	221	201	205	
444	200	458	394	89	216	221	25	
444	200	458	394	89	216	221	490	508	253	
444	200	458	394	89	216	221	462	
444	200	458	394	89	216	221	462	395	411	
444	200	458	394	89	216	221	462	428	157	184	492	
444	200	458	394	89	216	221	462	428	253	508	220	494	
444	458	394	89	216	221	462	428	242	445	223	207	430	200	316	
444	458	394	89	216	221	462	428	424	214	
444	458	394	89	216	221	462	428	395	223	393	214	
444	458	394	89	216	221	462	428	395	393	445	437	217	88	
444	458	216	221	462	428	395	393	81	436	385	157	93	500	
444	458	216	221	462	428	395	81	436	17	153	157	223	267	394	270	429	
444	458	216	221	462	428	395	81	17	157	223	270	89	25	91	267	
444	216	221	462	428	395	157	223	270	89	267	24	189	88	17	152	85	
444	216	221	462	428	395	157	223	89	24	463	17	85	93	445	429	91	213	
444	216	221	462	428	395	157	223	89	85	463	93	431	88	411	217	159	
444	221	462	428	395	157	223	89	85	93	431	88	69	87	463	430	216	458	492	429	
444	221	462	428	395	157	223	89	93	88	69	463	430	458	85	397	389	95	
444	221	462	428	395	157	223	89	93	88	69	463	85	95	398	459	216	
444	221	462	428	395	157	223	89	93	88	69	463	85	459	491	436	121	408	
444	221	462	428	395	157	223	89	93	69	463	85	247	440	500	222	436	149	316	65	459	399	
444	221	462	428	395	157	223	89	93	69	85	222	
444	221	462	428	395	157	223	89	93	69	85	222	424	101	454	159	156	
444	221	462	428	395	157	223	89	93	69	222	424	459	457	458	219	
444	221	462	395	157	223	89	93	69	424	459	84	416	222	331	316	214	210	
444	221	462	395	157	223	89	93	69	424	459	85	81	392	159	
444	221	462	395	157	223	89	93	69	424	459	85	101	494	488	332	253	65	153	
444	221	462	395	157	223	89	93	69	424	459	85	494	488	21	84	387	398	392	
444	221	462	395	157	223	89	93	69	424	488	21	219	387	149	204	392	
444	221	462	395	157	223	89	93	69	424	21	149	71	316	23	81	334	440	332	220	
444	221	395	157	223	89	93	69	424	21	332	440	442	71	387	87	436	
444	221	395	157	223	89	93	69	424	21	332	440	442	71	399	87	197	
444	221	395	223	89	93	69	424	21	332	440	71	415	413	426	312	
444	221	395	223	89	93	69	424	21	332	440	71	415	413	85	68	100	95	267	
444	221	395	223	93	69	424	440	415	68	96	436	459	71	413	387	
444	221	395	223	93	69	424	440	415	68	96	436	224	85	87	425	
444	221	395	223	93	69	424	440	68	436	224	85	87	425	228	459	151	
444	221	395	223	93	69	424	436	224	85	87	459	440	240	84	68	425	
444	221	395	223	93	69	424	436	85	87	440	312	224	
444	221	395	223	93	69	424	87	440	85	
444	221	395	223	93	69	424	87	89	396	425	445	207	299	392	71	
444	221	395	223	93	69	424	87	396	425	207	299	459	426	71	89	25	197	254	
444	221	395	223	69	424	254	425	398	445	412	363	85	440	219	
444	221	395	223	69	424	254	398	392	222	252	425	440	384	
444	221	395	223	69	424	254	252	440	220	392	427	
444	221	395	223	69	424	
444	221	395	223	69	424	153	267	436	440	
444	221	395	223	69	424	153	399	208	101	271	71	152	209	7	216	
444	221	395	223	69	153	101	428	213	137	
444	221	395	223	69	153	5	207	68	
444	221	395	223	69	153	95	399	
444	221	395	223	69	153	197	
444	221	395	223	69	153	427	431	
444	221	395	223	69	153	215	157	219	427	
444	221	395	223	69	153	213	212	
444	221	395	223	69	153	57	155	440	93	
444	395	223	69	153	137	
444	395	223	69	153	77	
444	395	223	69	153	213	316	
444	395	223	69	213	221	424	425	387	
444	395	223	69	213	463	461	
444	395	223	69	219	221	68	428	
444	395	223	69	219	385	417	
444	395	223	69	385	222	95	218	
444	395	223	69	385	
444	395	223	69	385	68	
444	395	223	69	385	68	85	100	70	387	
444	395	223	69	385	68	100	389	393	509	417	436	102	
444	395	223	69	385	401	449	389	
444	395	223	69	385	93	257	
444	395	223	69	385	93	207	389	85	
444	395	223	69	385	93	85	71	411	
444	395	223	69	385	93	393	449	
444	395	223	69	385	93	257	247	412	210	126	246	
444	395	223	69	385	93	257	247	126	321	210	
444	395	223	69	385	93	257	321	210	325	393	412	68	
444	395	223	69	385	93	257	210	68	436	321	194	70	445	256	
444	223	69	385	93	257	210	95	393	208	389	
444	223	69	385	93	257	210	95	215	208	71	214	212	
444	223	385	93	257	210	95	208	212	207	405	401	242	84	
444	223	385	93	257	210	95	208	401	214	85	213	
444	223	385	93	257	210	401	214	125	29	389	
444	223	385	93	257	210	125	440	117	441	
444	223	385	93	257	210	125	261	127	421	
444	223	385	93	210	207	242	412	29	
444	223	385	93	210	79	387	
444	223	385	93	210	221	436	213	85	
444	223	385	93	210	221	436	
444	223	385	93	210	221	401	213	92	222	
444	223	385	93	210	221	401	213	314	89	157	306	159	
444	223	385	93	210	221	401	314	157	389	257	
444	223	385	93	210	221	314	157	440	242	125	401	
444	223	93	210	221	314	157	508	
444	223	93	210	221	314	157	378	440	
444	223	93	210	221	314	157	378	379	
444	223	93	210	221	314	157	290	306	220	85	
444	93	210	221	314	157	445	146	141	
444	210	221	314	157	436	405	404	
444	210	221	314	157	436	405	420	277	285	205	159	
444	210	221	314	157	436	420	315	
444	210	221	314	157	436	315	319	420	452	156	484	
444	210	221	314	157	436	315	319	213	432	437	445	
444	210	221	314	157	436	315	437	303	287	439	286	159	
444	210	221	314	157	436	437	303	439	286	270	
444	210	221	314	157	436	437	303	439	301	29	270	
444	210	221	314	157	436	437	303	439	
444	210	221	314	157	436	437	439	423	319	303	
444	210	221	314	157	437	439	503	146	436	29	
444	210	221	314	157	437	439	220	435	407	248	
444	210	314	157	437	439	159	211	156	
210	314	157	437	439	423	431	503	487	
210	314	157	439	240	438	437	
210	314	157	439	438	141	
210	314	439	141	149	
210	314	439	149	
210	314	439	
210	314	439	438	
210	314	439	
210	314	439	
210	439	407	218	
210	439	
210	439	
210	439	
210	439	
210	439	
210	439	438	
210	439	
210	439	407	
210	439	
210	439	
210	439	438	
210	439	
210	439	
210	439	146	
210	439	503	218	
210	439	438	
210	439	
210	439	194	
210	439	436	
210	439	
210	439	146	
210	439	
210	439	
210	439	
210	439	211	437	
210	439	407	
210	439	
210	439	219	437	203	82	
210	439	
210	439	
210	439	146	194	438	
210	439	503	
210	439	
210	439	218	
210	439	
210	439	
210	439	
210	439	130	
210	439	
210	439	214	218	
210	439	
210	439	423	438	
210	439	
210	439	
210	439	
210	439	503	
210	439	
210	439	438	
210	439	
210	439	435	
210	439	242	
210	439	
210	439	
210	439	
210	439	
210	439	435	407	
210	439	
210	439	
210	439	446	
210	439	
210	439	
210	439	214	
210	439	
210	439	
210	439	
210	439	146	
210	439	
210	439	
210	439	114	
210	439	
210	439	438	
210	439	
210	439	
210	439	
210	439	214	
210	439	
210	439	438	146	
210	439	
210	439	
210	439	211	82	
210	439	
210	439	242	
210	439	
210	439	
210	439	208	
210	439	
210	439	437	
210	439	438	
210	439	407	
210	439	
210	439	
210	439	
210	439	
210	439	438	
210	439	
210	439	
210	439	
210	439	503	438	
210	439	
210	439	
210	439	
210	439	218	
210	439	
210	439	
210	439	447	
210	439	
210	439	80	
210	439	
210	439	
210	439	
210	439	
210	439	
210	439	208	
210	439	
210	439	503	
210	439	407	
210	439	
210	439	438	
210	439	
210	439	
210	439	503	
210	439	435	503	447	
210	439	211	
210	439	503	
210	439	82	
210	439	
210	439	
210	439	
210	439	
210	439	
210	439	218	
210	439	435	
210	439	
210	439	
210	439	
210	439	435	
210	439	
210	439	
210	439	438	
210	439	
210	439	
210	439	
210	439	
210	439	
210	439	
210	439	
210	439	
210	439	
210	439	
210	439	
210	439	
210	439	218	
210	439	
210	439	
210	439	146	
210	439	208	
210	439	311	
210	439	
210	439	
210	439	
210	439	
210	439	194	146	
210	439	
210	439	
210	439	
210	439	
210	439	
210	439	
210	439	
210	439	146	
210	439	
210	439	
210	439	
210	439	
210	439	82	
210	439	
210	439	
210	439	214	
210	439	
210	439	423	
210	439	82	
210	439	211	
210	439	
210	439	447	
210	439	
210	439	218	
210	439	
210	439	
210	439	
210	439	
210	439	438	208	
210	439	
210	439	
210	439	
210	439	
210	439	
210	439	
210	439	
210	439	
210	439	
210	439	208	
210	439	211	
210	439	438	311	
210	439	
210	439	
210	439	
210	439	
210	439	407	
210	439	
210	439	208	
210	439	
210	439	
210	439	437	
210	439	194	
210	439	
210	439	438	
210	439	
210	439	
210	439	
210	439	
210	439	208	
210	439	
210	439	
210	439	
210	439	
210	439	438	
210	439	
210	439	503	
210	439	
210	439	
210	439	
210	439	
210	439	
210	439	
210	439	146	
210	439	146	
210	439	
210	439	
210	439	
210	439	
210	439	438	
210	439	
210	439	
210	439	146	
210	439	
210	439	
210	439	
210	439	
210	439	
210	439	407	
210	439	502	438	
210	439	
210	439	82	
210	439	
210	439	218	
210	439	
210	439	
210	439	
210	439	
210	439	211	
210	439	
210	439	208	
210	439	
210	439	
210	439	
210	439	407	
210	439	242	
210	439	218	194	242	
210	439	
210	439	423	
210	439	
210	439	214	
210	439	
210	439	
210	439	214	194	
210	439	208	
210	439	
210	439	208	
210	439	438	
210	439	
210	439	
210	439	
210	439	
210	439	
210	439	211	
210	439	
210	439	
210	439	447	
210	439	
210	439	
210	439	438	422	
210	439	447	222	
210	439	
210	439	
210	439	
210	439	194	
210	439	208	423	
210	439	194	
210	439	194	
210	439	311	211	
210	439	
210	439	
210	439	
210	439	
210	439	
210	439	
210	439	
210	439	211	407	
210	439	218	
210	439	
210	439	218	
210	439	
210	439	242	146	
210	439	
210	439	
210	439	
210	439	211	
210	439	
210	439	
210	439	
210	439	211	
210	439	437	
210	439	
210	439	
210	439	
210	439	
210	439	211	
210	439	438	
210	439	208	
210	439	437	
210	439	438	431	
210	439	
210	439	
210	439	
210	439	
210	439	
210	439	
210	439	438	194	
210	439	
210	439	
210	439	
210	439	
210	439	
210	439	438	407	294	
210	439	
210	439	311	
210	439	
210	439	
210	439	
210	439	211	
210	439	
210	439	
210	439	
210	439	
210	439	214	
210	439	218	
210	439	
210	439	213	
210	439	146	
210	439	447	
210	439	
210	439	
210	439	438	
210	439	
210	439	218	
210	439	
210	439	
210	439	
210	439	146	
210	439	
210	439	
210	439	
210	439	
210	439	
210	439	
210	439	
210	439	
210	439	
210	439	194	
210	439	
210	439	435	
210	439	
210	439	438	
210	439	
210	439	503	423	
210	439	
210	439	
210	439	
210	439	211	
210	439	435	
210	439	
210	439	438	
210	439	
210	439	
210	439	
210	439	
210	439	
210	439	
210	439	
210	439	
210	439	
210	439	
210	439	
210	439	
210	439	
210	439	
210	439	
210	439	
210	439	194	311	
210	439	
210	439	
210	439	
210	439	
210	439	
210	439	218	
210	439	
210	439	
210	439	438	
210	439	
210	439	
210	439	
210	439	438	
210	439	
210	439	146	
210	439	437	
210	439	435	
210	439	
210	439	
210	439	
210	439	407	
210	439	
210	439	
210	439	
210	439	407	
210	439	
210	439	
210	439	214	222	
210	439	
210	439	407	194	
210	439	208	
210	439	
210	439	437	242	
210	439	208	
210	439	
210	439	
210	439	208	
210	439	
210	439	
210	439	
210	439	242	114	
210	439	
210	439	
210	439	
210	439	
210	439	208	
210	439	
210	439	438	214	
210	439	
210	439	
210	439	
210	439	
210	439	
210	439	435	
210	439	447	
210	439	435	
210	439	
210	439	503	
210	439	
210	439	
210	439	
210	439	
210	439	
210	439	
210	439	218	438	
210	439	
210	439	
210	439	
210	439	146	
210	439	
210	439	
210	439	218	
210	439	
210	439	
210	439	214	
210	439	
210	439	438	208	
210	439	
210	439	
210	439	
210	439	
210	439	
210	439	
210	439	
210	439	211	
210	439	214	
210	439	
210	439	
210	439	
210	439	
210	439	
210	439	
210	439	
210	439	
210	439	435	419	447	
210	439	407	
210	439	
210	439	211	
210	439	218	
210	439	
210	439	
210	439	211	
210	439	
210	439	250	
210	439	
210	439	
210	439	
210	439	146	
210	439	423	
210	439	
210	439	
210	439	
210	439	
210	439	194	214	
210	439	
210	439	
210	439	
210	439	
210	439	423	
210	439	
210	439	
210	439	
210	439	
210	439	
210	439	
210	439	
210	439	214	
210	439	
210	439	
210	439	
210	439	438	
210	439	82	
210	439	
210	439	
210	439	
210	439	208	
210	439	438	407	
210	439	407	
210	439	
210	439	
210	439	
210	439	208	
210	439	435	295	311	
210	439	437	
210	439	407	
210	439	438	
210	439	
210	439	435	
210	439	
210	439	208	
210	439	
210	439	211	195	
210	439	
210	439	
210	439	435	
210	439	
210	439	
210	439	
210	439	
210	439	503	407	208	
210	439	
210	439	
210	439	
210	439	407	
210	439	
210	439	
210	439	
210	439	
210	439	
210	439	423	
210	439	407	
210	439	
210	439	438	
210	439	
210	439	150	311	
210	439	435	
210	439	
210	439	82	
210	439	
210	439	
210	439	
210	439	
210	439	
210	439	194	
210	439	
210	439	
210	439	
210	439	
210	439	
210	439	
210	439	211	435	
210	439	438	407	218	
210	439	
210	439	
210	439	194	
210	439	
210	439	
210	439	194	
210	439	503	
210	439	
210	439	
210	439	
210	439	211	
210	439	
210	439	
210	439	435	
210	439	438	
210	439	438	
210	439	
210	439	
210	439	407	
210	439	438	
210	439	311	
210	439	438	214	
210	439	208	
210	439	503	
210	439	
210	439	
210	439	407	
210	439	
210	439	
210	439	
210	439	
210	439	
210	439	214	
210	439	
210	439	214	
210	439	
210	439	
210	439	
210	439	
210	439	
210	439	
210	439	
210	439	
210	439	242	423	
210	439	
210	439	
210	439	
210	439	
210	439	437	
210	439	
210	439	
210	439	218	
210	439	
210	439	407	415	
210	439	311	
210	439	
210	439	
210	439	
210	439	437	438	
210	439	
210	439	
210	439	
210	439	437	
210	439	
210	439	311	
210	439	503	
210	439	
210	439	
210	439	438	434	
210	439	
210	439	311	
210	439	211	
210	439	
210	439	214	
210	439	146	
210	439	
210	439	
210	439	
210	439	
210	439	
210	439	
210	439	
210	439	
210	439	438	194	
210	439	242	438	
210	439	438	
210	439	
210	439	311	
210	439	
210	439	150	438	
210	439	
210	439	
210	439	423	
210	439	
210	439	
210	439	437	
210	439	
210	439	226	
210	439	
210	439	
210	439	
210	439	211	
210	439	
210	439	487	503	
210	439	214	
210	439	
210	439	
210	439	
210	439	
210	439	
210	439	
210	439	
210	439	
210	439	
210	439	407	
210	439	
210	439	
210	439	
210	439	
210	439	
210	439	
210	439	437	
210	439	
210	439	
210	439	
210	439	
210	439	503	
210	439	
210	439	82	423	
210	439	
210	439	438	
210	439	
210	439	
210	439	194	
210	439	
210	439	242	
210	439	208	
210	439	
210	439	
210	439	
210	439	
210	439	
210	439	
210	439	
210	439	435	
210	439	407	
210	439	
210	439	
210	439	438	311	
210	439	
210	439	
210	439	
210	439	423	
210	439	423	438	502	
210	439	
210	439	
210	439	
210	439	438	
210	439	
210	439	
210	439	208	
210	439	423	
210	439	
210	439	
210	439	
210	439	242	
210	439	
210	439	447	503	
210	439	
210	439	
210	439	
210	439	
210	439	
210	439	
210	439	
210	439	311	447	
210	439	
210	439	
210	439	211	
210	439	
210	439	
210	439	
210	439	
210	439	
210	439	
210	439	
210	439	423	
210	439	218	
210	439	438	
210	439	407	195	
210	439	211	
210	439	
210	439	
210	439	
210	439	
210	439	
210	439	
210	439	218	
210	439	
210	439	
210	439	
210	439	
210	439	214	
210	439	194	
210	439	438	
210	439	
210	439	
210	439	
210	439	
210	439	
210	439	208	
210	439	311	
210	439	
210	439	311	208	
210	439	
210	439	423	
210	439	
210	439	
210	439	
210	439	
210	439	146	
210	439	
210	439	437	214	421	
210	439	
210	439	
210	439	503	
210	439	
210	439	
210	439	
210	439	
210	439	
210	439	
210	439	242	146	
210	439	
210	439	
210	439	
210	439	
210	439	
210	439	214	
210	439	407	
210	439	
210	439	214	407	
210	439	214	
210	439	447	
210	439	
210	439	
210	439	423	
210	439	
210	439	214	242	
210	439	
210	439	
210	439	194	
210	439	
210	439	211	
210	439	
210	439	
210	439	311	
210	439	
210	439	
210	439	438	435	
210	439	
210	439	211	
210	439	208	
210	439	214	
210	439	
210	439	
210	439	438	418	
210	439	
210	439	
210	439	194	
210	439	
210	439	
210	439	
210	439	218	
210	439	
210	439	
210	439	
210	439	435	
210	439	
210	439	
210	439	
210	439	
210	439	
210	439	438	83	
210	439	
210	439	242	
210	439	
210	439	
210	439	
210	439	
210	439	438	
210	439	
210	439	
210	439	194	218	
210	439	194	
210	439	435	208	
210	439	
210	439	
210	439	447	
210	439	
210	439	
210	439	194	
210	439	
210	439	438	
210	439	
210	439	
210	439	214	435	
210	439	
210	439	218	
210	439	
210	439	
210	439	503	
210	439	
210	439	144	
210	439	438	
210	439	
210	439	
210	439	
210	439	
210	439	
210	439	
210	439	211	
210	439	
210	439	214	
210	439	146	
210	439	
210	439	
210	439	208	
210	439	
210	439	150	
210	439	437	
210	439	
210	439	
210	439	
210	439	194	
210	439	
210	439	
210	439	438	
210	439	
210	439	
210	439	
210	439	218	437	
210	439	
210	439	
210	439	
210	439	
210	439	
210	439	242	208	
210	439	
210	439	311	407	
210	439	
210	439	
210	439	
210	439	146	
210	439	
210	439	
210	439	211	
210	439	311	
210	439	
210	439	218	
210	439	
210	439	
210	439	407	
210	439	
210	439	
210	439	
210	439	407	82	
210	439	
210	439	
210	439	
210	439	
210	439	438	
210	439	
210	439	
210	439	
210	439	
210	439	
210	439	
210	439	
210	439	
210	439	374	
210	439	
210	439	
210	439	242	
210	439	438	311	
210	439	
210	439	
210	439	
210	439	438	
210	439	
210	439	
210	439	242	218	
210	439	438	194	
210	439	
210	439	146	
210	439	194	
210	439	
210	439	
210	439	214	146	
210	439	
210	439	436	438	
210	439	
210	439	211	
210	439	438	
210	439	
210	439	
210	439	
210	439	
210	439	438	
210	439	
210	439	
210	439	
210	439	
210	439	438	215	
210	439	146	
210	439	
210	439	
210	439	438	503	
210	439	438	
210	439	208	
210	439	208	
210	439	
210	439	146	
210	439	
210	439	
210	439	242	
210	439	194	
210	439	438	423	447	
210	439	
210	439	
210	439	
210	439	209	
210	439	438	
210	439	
210	439	
210	439	
210	439	438	
210	439	407	
210	439	447	
210	439	
210	439	
210	439	437	501	
210	439	
210	439	
210	439	
210	439	
210	439	
210	439	146	
210	439	146	150	
210	439	
210	439	
210	439	194	
210	439	
210	439	
210	439	438	
210	439	
210	439	
210	439	423	
210	439	503	
210	439	
210	439	
210	439	
210	439	208	
210	439	242	
210	439	
210	439	
210	439	438	
210	439	311	
210	439	
210	439	
210	439	
210	439	
210	439	435	
210	439	
210	439	
210	439	211	407	242	
210	439	
210	439	211	
210	439	242	
210	439	
210	439	
210	439	423	
210	439	218	437	
210	439	
210	439	
210	439	
210	439	503	242	
210	439	
210	439	
210	439	194	208	
210	439	
210	439	
210	439	
210	439	
210	439	
210	439	
210	439	194	
210	439	437	218	
210	439	214	208	82	
210	439	
210	439	
210	439	407	
210	439	
210	439	
210	439	
210	439	242	438	
210	439	
210	439	
210	439	437	
210	439	
210	439	
210	439	214	
210	439	242	
210	439	
210	439	82	
210	439	
210	439	
210	439	
210	439	214	
210	439	
210	439	214	
210	439	438	
210	439	438	
210	439	242	311	
210	439	
210	439	
210	439	
210	439	242	
210	439	
210	439	309	317	
210	439	
210	439	311	
210	439	214	
210	439	
210	439	
210	439	242	
210	439	
210	439	503	
210	439	214	
210	439	
210	439	407	
210	439	
210	439	146	
210	439	
210	439	146	
210	439	
210	439	242	
210	439	438	
210	439	503	
210	439	
210	439	471	
210	439	
210	439	
210	439	
210	439	
210	439	
210	439	437	503	
210	439	146	
210	439	208	
210	439	
210	439	
210	439	
210	439	
210	439	208	
210	439	503	438	
210	439	
210	439	
210	439	403	
210	439	
210	439	437	
210	439	435	
210	439	
210	439	
210	439	
210	439	447	
210	439	423	
210	439	
210	439	
210	439	146	
210	439	242	
210	439	
210	439	
210	439	
210	439	438	
210	439	242	250	
210	439	
210	439	
210	439	
210	439	438	437	311	
210	439	
210	439	
210	439	311	
210	439	423	
210	439	
210	439	447	211	
210	439	
210	439	435	
210	439	
210	439	
210	439	208	
210	439	194	
210	439	
210	439	
210	439	194	
210	439	
210	439	
210	439	178	
210	439	
210	439	
210	439	
210	439	
210	439	211	
210	439	435	
210	439	
210	439	
210	439	194	
210	439	447	
210	439	
210	439	
210	439	146	
210	439	
210	439	
210	439	
210	439	
210	439	503	
210	439	
210	439	
210	439	437	
210	439	
210	439	
210	439	438	
210	439	
210	439	
210	439	211	
210	439	
210	439	242	243	
210	439	
210	439	407	
210	439	208	437	
210	439	
210	439	
210	439	
210	439	
210	439	
210	439	194	
210	439	
210	439	218	
210	439	
210	439	214	
210	439	
210	439	
210	439	503	
210	439	503	
210	439	
210	439	
210	439	
210	439	503	
210	439	
210	439	
210	439	423	
210	439	82	
210	439	
210	439	
210	439	
210	439	
210	439	
210	439	
210	439	
210	439	
210	439	
210	439	
210	439	
210	439	438	
210	439	
210	439	
210	439	146	
210	439	
210	439	208	194	
210	439	
210	439	437	194	
210	439	
210	439	144	208	
210	439	
210	439	
210	439	242	
210	439	214	
210	439	
210	439	
210	439	438	
210	439	437	
210	439	
210	439	311	
210	439	307	
210	439	
210	439	
210	439	438	218	
210	439	311	
210	439	
210	439	130	146	
210	439	242	407	
210	439	
210	439	
210	439	437	
210	439	218	
210	439	447	
210	439	218	
210	439	
210	439	435	
210	439	
210	439	
210	439	
210	439	
210	439	
210	439	
210	439	
210	439	
210	439	423	
210	439	82	
210	439	
210	439	
210	439	211	
210	439	214	438	
210	439	242	
210	439	437	
210	439	
210	439	
210	439	
210	439	438	
210	439	
210	439	
210	439	
210	439	
210	439	
210	439	438	
210	439	503	
210	439	82	
210	439	
210	439	
210	439	
210	439	
210	439	
210	439	
210	439	435	
210	439	
210	439	435	82	
210	439	242	
210	439	208	
210	439	435	
210	439	319	
210	439	
210	439	
210	439	
210	439	
210	439	407	
210	439	423	
210	439	
210	439	438	
210	439	211	
210	439	
210	439	
210	439	
210	439	209	211	
210	439	146	
210	439	423	
210	439	423	242	
210	439	
210	439	
210	439	
210	439	407	
210	439	146	
210	439	214	
210	439	
210	439	
210	439	438	
210	439	
210	439	503	
210	439	
210	439	218	
210	439	
210	439	146	
210	439	423	
210	439	
210	439	194	
210	439	
210	439	
210	439	
210	439	
210	439	
210	439	
210	439	
210	439	
210	439	208	
210	439	
210	439	
210	439	
210	439	
210	439	
210	439	
210	439	214	
210	439	
210	439	146	
210	439	
210	439	214	
210	439	503	
210	439	
210	439	
210	439	423	
210	439	
210	439	211	
210	439	146	
210	439	211	
210	439	
210	439	
210	439	242	
210	439	423	
210	439	423	
210	439	438	423	211	
210	439	503	
210	439	
210	439	
210	439	407	
210	439	
210	439	211	
210	439	214	215	
210	439	
210	439	
210	439	
210	439	
210	439	438	
210	439	
210	439	
210	439	
210	439	218	
210	439	242	
210	439	437	
210	439	
210	439	
210	439	
210	439	
210	439	
210	439	211	
210	439	211	
210	439	
210	439	82	
210	439	438	208	
210	439	407	
210	439	438	
210	439	
210	439	438	
210	439	447	
210	439	
210	439	194	
210	439	
210	439	
210	439	218	246	
210	439	
210	439	438	
210	439	447	
210	439	423	
210	439	
210	439	
210	439	503	
210	439	211	
210	439	
210	439	
210	439	
210	439	
210	439	
210	439	
210	439	
210	439	
210	439	437	
210	439	
210	439	
210	439	
210	439	
210	439	
210	439	438	242	435	406	
210	439	
210	439	
210	439	218	
210	439	
210	439	
210	439	447	
210	439	208	438	
210	439	
210	439	437	
210	439	
210	439	218	
210	439	82	
210	439	
210	439	
210	439	
210	439	
210	439	406	423	
210	439	242	
210	439	194	
210	439	
210	439	
210	439	311	
210	439	
210	439	
210	439	
210	439	
210	439	208	
210	439	214	435	
210	439	435	
210	439	
210	439	
210	439	
210	439	438	194	
210	439	
210	439	
210	439	
210	439	
210	439	
210	439	
210	439	
210	439	194	
210	439	
210	439	194	
210	439	214	447	
210	439	
210	439	
210	439	437	
210	439	437	146	
210	439	211	
210	439	
210	439	
210	439	
210	439	503	
210	439	
210	439	435	
210	439	
210	439	
210	439	218	
210	439	
210	439	
210	439	
210	439	438	
210	439	
210	439	438	
210	439	
210	439	19	446	
210	439	
210	439	
210	439	
210	439	
210	439	
210	439	438	
210	439	208	447	
210	439	
210	439	
210	439	
210	439	438	310	
210	439	
210	439	214	
210	439	
210	439	
210	439	146	
210	439	
210	439	
210	439	
210	439	
210	439	438	
210	439	
210	439	194	
210	439	
210	439	194	
210	439	
210	439	
210	439	211	
210	439	
210	439	
210	439	447	406	446	
210	439	
210	439	
210	439	
210	439	423	
210	439	146	
210	439	438	
210	439	
210	439	
210	439	
210	439	
210	439	
210	439	311	309	
210	439	435	
210	439	
210	439	
210	439	82	
210	439	
210	439	
210	439	437	
210	439	
210	439	
210	439	195	214	
210	439	
210	439	311	
210	439	
210	439	
210	439	437	214	
210	439	
210	439	
210	439	438	
210	439	
210	439	
210	439	311	
210	439	214	
210	439	
210	439	435	
210	439	
210	439	311	
210	439	
210	439	209	
210	439	
210	439	
210	439	
210	439	
210	439	
210	439	194	447	
210	439	
210	439	311	
210	439	
210	439	218	219	
210	439	
210	439	
210	439	
210	439	
210	439	
210	439	
210	439	
210	439	423	
210	439	
210	439	
210	439	435	
210	439	423	
210	439	
210	439	503	
210	439	82	
210	439	
210	439	
210	439	
210	439	
210	439	
210	439	
210	439	
210	439	
210	439	
210	439	438	
210	439	438	
210	439	
210	439	
210	439	
210	439	438	
210	439	
210	439	214	
210	439	503	
210	439	194	
210	439	
210	439	
210	439	423	
210	439	
210	439	242	
210	439	
210	439	
210	439	
210	439	
210	439	
210	439	
210	439	211	
210	439	
210	439	
210	439	
210	439	146	
210	439	311	
210	439	214	
210	439	
210	439	
210	439	242	208	
210	439	437	405	
210	439	218	
210	439	
210	439	
210	439	208	
210	439	
210	439	
210	439	
210	439	195	
210	439	438	
210	439	
210	439	
210	439	
210	439	
210	439	242	
210	439	
210	439	194	
210	439	437	
210	439	
210	439	
210	439	503	
210	439	438	
210	439	
210	439	211	435	
210	439	407	469	
210	439	511	
210	439	
210	439	
210	439	407	
210	439	
210	439	437	438	
210	439	503	
210	439	
210	439	
210	439	
210	439	503	
210	439	122	
210	439	
210	439	
210	439	218	
210	439	
210	439	218	
210	439	438	435	
210	439	
210	439	194	
210	439	
210	439	
210	439	438	
210	439	435	
210	439	
210	439	194	438	
210	439	
210	439	218	
210	439	
210	439	
210	439	447	
210	439	
210	439	
210	439	503	
210	439	
210	439	503	
210	439	146	
210	439	194	
210	439	437	
210	439	
210	439	
210	439	435	311	437	
210	439	503	
210	439	214	
210	439	242	
210	439	154	
210	439	
210	439	311	
210	439	
210	439	
210	439	
210	439	
210	439	
210	439	
210	439	
210	439	146	
210	439	
210	439	195	
210	439	211	
210	439	437	
210	439	242	
210	439	
210	439	
210	439	
210	439	
210	439	
210	439	
210	439	
210	439	194	
210	439	
210	439	
210	439	295	406	
210	439	
210	439	
210	439	437	
210	439	437	447	
210	439	
210	439	
210	439	
210	439	
210	439	218	
210	439	
210	439	211	
210	439	
210	439	
210	439	438	
210	439	
210	439	
210	439	
210	439	
210	439	
210	439	
210	439	
210	439	218	
210	439	407	
210	439	
210	439	
210	439	
210	439	194	154	
210	439	
210	439	423	
210	439	
210	439	
210	439	
210	439	
210	439	
210	439	
210	439	146	438	
210	439	
210	439	423	495	
210	439	438	
210	439	242	
210	439	
210	439	503	
210	439	
210	439	
210	439	438	
210	439	242	
210	439	
210	439	
210	439	
210	439	
210	439	
210	439	
210	439	503	
210	439	
210	439	194	
210	439	
210	439	
210	439	
210	439	
210	439	
210	439	
210	439	
210	439	
210	439	
210	439	
210	439	
210	439	
210	439	146	
210	439	
210	439	
210	439	
210	439	
210	439	208	
210	439	
210	439	82	
210	439	
210	439	
210	439	
210	439	208	
210	439	447	
210	439	194	
210	439	
210	439	
210	439	
210	439	
210	439	
210	439	
210	439	242	
210	439	
210	439	447	
210	439	
210	439	
210	439	
210	439	
210	439	
210	439	
210	439	144	214	
210	439	435	
210	439	
210	439	
210	439	
210	439	310	
210	439	214	
210	439	
210	439	
210	439	
210	439	
210	439	
210	439	
210	439	
210	439	
210	439	
210	439	
210	439	
210	439	
210	439	438	436	
210	439	
210	439	
210	439	
210	439	
210	439	
210	439	
210	439	146	
210	439	
210	439	423	
210	439	
210	439	438	146	
210	439	
210	439	438	
210	439	438	
210	439	
210	439	437	
210	439	208	
210	439	218	
210	439	407	
210	439	
210	439	
210	439	
210	439	
210	439	
210	439	311	
210	439	
210	439	
210	439	
210	439	
210	439	
210	439	211	
210	439	
210	439	
210	439	447	
210	439	438	
210	439	208	194	
210	439	
210	439	
210	439	
210	439	
210	439	435	
210	439	
210	439	503	218	
210	439	
210	439	438	208	
210	439	
210	439	
210	439	
210	439	218	
210	439	435	
210	439	438	
210	439	
210	439	
210	439	
210	439	
210	439	
210	439	311	
210	439	503	
210	439	
210	439	
210	439	
210	439	
210	439	
210	439	
210	439	
210	439	
210	439	
210	439	
210	439	218	
210	439	
210	439	
210	439	
210	439	
210	439	407	
210	439	
210	439	
210	439	
210	439	
210	439	218	438	
210	439	438	
210	439	
210	439	
210	439	218	
210	439	
210	439	
210	439	
210	439	211	
210	439	503	
210	439	
210	439	
210	439	
210	439	
210	439	242	
210	439	146	
210	439	
210	439	146	242	
210	439	
210	439	
210	439	
210	439	
210	439	
210	439	82	
210	439	208	
210	439	208	146	
210	439	
210	439	82	
210	439	
210	439	242	
210	439	
210	439	
210	439	208	
210	439	
210	439	
210	439	208	
210	439	
210	439	
210	439	218	211	
210	439	438	
210	439	
210	439	
210	439	214	
210	439	146	
210	439	438	
210	439	214	
210	439	242	202	218	208	
210	439	437	
210	439	
210	439	208	421	437	
210	439	
210	439	194	
210	439	
210	439	
210	439	
210	439	423	
210	439	438	211	
210	439	
210	439	
210	439	
210	439	503	
210	439	
210	439	
210	439	
210	439	
210	439	
210	439	
210	439	
210	439	
210	439	
210	439	503	208	
210	439	214	218	
210	439	
210	439	
210	439	435	403	311	
210	439	447	
210	439	
210	439	194	214	
210	439	
210	439	
210	439	
210	439	
210	439	
210	439	
210	439	
210	439	
210	439	
210	439	
210	439	
210	439	
210	439	
210	439	
210	439	
210	439	
210	439	
210	439	194	218	
210	439	
210	439	
210	439	
210	439	
210	439	196	68	
210	439	
210	439	
210	439	
210	439	
210	439	
210	439	
210	439	
210	439	
210	439	
210	439	311	310	
210	439	
210	439	
210	439	
210	439	214	
210	439	211	
210	439	435	443	
210	439	
210	439	
210	439	
210	439	218	
210	439	
210	439	
210	439	
210	439	437	214	
210	439	435	
210	439	503	
210	439	146	
210	439	
210	439	
210	439	
210	439	
210	439	
210	439	
210	439	218	
210	439	
210	439	
210	439	
210	439	435	
210	439	208	
210	439	438	218	
210	439	
210	439	
210	439	438	
210	439	438	194	
210	439	
210	439	
210	439	
210	439	
210	439	
210	439	
210	439	
210	439	
210	439	
210	439	
210	439	
210	439	211	242	
210	439	
210	439	
210	439	
210	439	
210	439	
210	439	208	
210	439	
210	439	438	435	
210	439	438	
210	439	
210	439	
210	439	437	435	
210	439	
210	439	
210	439	214	
210	439	211	
210	439	
210	439	
210	439	
210	439	423	
210	439	242	
210	439	438	
210	439	438	
210	439	
210	439	
210	439	146	
210	439	
210	439	
210	439	
210	439	
210	439	
210	439	
210	439	437	
210	439	
210	439	423	
210	439	
210	439	242	
210	439	435	
210	439	211	447	
210	439	
210	439	435	437	
210	439	218	
210	439	218	
210	439	
210	439	435	
210	439	319	
210	439	
210	439	
210	439	
210	439	
210	439	446	
210	439	
210	439	
210	439	311	
210	439	212	214	
210	439	438	
210	439	423	407	
210	439	
210	439	
210	439	
210	439	
210	439	
210	439	
210	439	
210	439	
210	439	
210	439	
210	439	
210	439	
210	439	
210	439	
210	439	
210	439	
210	439	438	
210	439	
210	439	407	
210	439	
210	439	
210	439	
210	439	208	
210	439	
210	439	437	311	
210	439	
210	439	
210	439	208	
210	439	311	
210	439	
210	439	
210	439	194	
210	439	423	
210	439	214	
210	439	
210	439	82	
210	439	
210	439	447	
210	439	438	
210	439	
210	439	208	435	242	
210	439	
210	439	437	
210	439	
210	439	423	
210	439	
210	439	
210	439	
210	439	
210	439	194	
210	439	
210	439	146	
210	439	
210	439	
210	439	
210	439	
210	439	
210	439	
210	439	
210	439	
210	439	
210	439	
210	439	438	
210	439	
210	439	82	
210	439	
210	439	
210	439	82	
210	439	
210	439	
210	439	
210	439	438	447	
210	439	503	
210	439	
210	439	
210	439	
210	439	
210	439	503	
210	439	
210	439	
210	439	
210	439	
210	439	
210	439	
210	439	146	
210	439	
210	439	
210	439	
210	439	
210	439	
210	439	
210	439	407	208	
210	439	438	
210	439	211	242	214	
210	439	
210	439	
210	439	
210	439	82	
210	439	242	
210	439	
210	439	407	311	437	
210	439	
210	439	
210	439	
210	439	130	194	
210	439	
210	439	
210	439	
210	439	211	
210	439	
210	439	438	
210	439	218	
210	439	
210	439	208	
210	439	503	
210	439	445	
210	439	
210	439	218	
210	439	
210	439	438	
210	439	
210	439	
210	439	242	
210	439	470	447	423	
210	439	
210	439	
210	439	194	
210	439	437	503	
210	439	
210	439	435	194	
210	439	150	
210	439	
210	439	211	
210	439	218	
210	439	
210	439	
210	439	
210	439	208	209	
210	439	
210	439	437	
210	439	447	
210	439	
210	439	311	407	
210	439	208	
210	439	435	
210	439	
210	439	
210	439	
210	439	
210	439	438	
210	439	
210	439	218	
210	439	211	146	
210	439	
210	439	
210	439	
210	439	146	
210	439	
210	439	
210	439	
210	439	
210	439	
210	439	
210	439	
210	439	
210	439	242	311	
210	439	311	
210	439	311	242	
210	439	
210	439	
210	439	
210	439	
210	439	
210	439	
210	439	437	211	503	
210	439	
210	439	375	
210	439	311	
210	439	
210	439	
210	439	194	
210	439	503	438	
210	439	
210	439	
210	439	447	503	
210	439	82	
210	439	218	
210	439	214	
210	439	242	
210	439	211	423	
210	439	
210	439	423	
210	439	
210	439	
210	439	218	447	
210	439	
210	439	407	447	
210	439	
210	439	
210	439	242	
210	439	218	
210	439	214	
210	439	
210	439	242	
210	439	
210	439	
210	439	
210	439	447	
210	439	
210	439	
210	439	
210	439	154	438	218	
210	439	
210	439	194	438	
210	439	
210	439	
210	439	
210	439	
210	439	
210	439	
210	439	
210	439	
210	439	
210	439	
210	439	
210	439	
210	439	438	
210	439	
210	439	
210	439	211	194	
210	439	
210	439	
210	439	
210	439	130	
210	439	
210	439	503	
210	439	
210	439	
210	439	
210	439	
210	439	407	503	311	
210	439	
210	439	
210	439	438	437	
210	439	
210	439	
210	439	
210	439	
210	439	438	
210	439	243	447	
210	439	
210	439	
210	439	242	
210	439	
210	439	
210	439	
210	439	
210	439	
210	439	
210	439	503	218	
210	439	
210	439	
210	439	437	447	407	
210	439	503	
210	439	146	18	
210	439	
210	439	
210	439	
210	439	
210	439	
210	439	
210	439	
210	439	
210	439	218	
210	439	
210	439	242	
210	439	146	
210	439	208	
210	439	435	
210	439	214	
210	439	
210	439	83	
210	439	311	
210	439	
210	439	
210	439	407	
210	439	82	
210	439	208	435	
210	439	218	
210	439	
210	439	
210	439	211	309	
210	439	208	
210	439	218	194	
210	439	
210	439	
210	439	438	
210	439	226	242	
210	439	
210	439	
210	439	
210	439	
210	439	
210	439	
210	439	146	
210	439	214	
210	439	407	
210	439	438	
210	439	
210	439	
210	439	
210	439	
210	439	
210	439	437	
210	439	146	
210	439	
210	439	
210	439	
210	439	
210	439	
210	439	
210	439	242	
210	439	
210	439	
210	439	
210	439	
210	439	
210	439	
210	439	435	
210	439	
210	439	
210	439	438	
210	439	
210	439	406	214	194	
210	439	
210	439	423	447	
210	439	423	
210	439	
210	439	
210	439	
210	439	
210	439	194	
210	439	194	
210	439	218	211	
210	439	
210	439	438	
210	439	438	
210	439	
210	439	
210	439	242	438	
210	439	
210	439	423	
210	439	
210	439	
210	439	447	
210	439	
210	439	
210	439	
210	439	
210	439	
210	439	437	
210	439	146	
210	439	
210	439	194	
210	439	
210	439	503	194	
210	439	
210	439	218	
210	439	
210	439	437	
210	439	
210	439	
210	439	
210	439	438	
210	439	311	
210	439	447	208	144	
210	439	423	
210	439	311	
210	439	242	211	
210	439	154	218	
210	439	214	
210	439	
210	439	
210	439	438	
210	439	146	
210	439	
210	439	
210	439	438	
210	439	82	
210	439	
210	439	
210	439	
210	439	
210	439	
210	439	
210	439	
210	439	
210	439	
210	439	218	
210	439	407	
210	439	
210	439	
210	439	447	
210	439	218	
210	439	
210	439	198	
210	439	
210	439	407	
210	439	218	
210	439	
210	439	438	
210	439	438	
210	439	198	218	154	
210	439	438	
210	439	438	
210	439	
210	439	
210	439	
210	439	438	
210	439	
210	439	309	
210	439	
210	439	
210	439	435	
210	439	
210	439	218	216	
210	439	
210	439	
210	439	82	
210	439	
210	439	211	
210	439	
210	439	311	
210	439	
210	439	
210	439	438	218	
210	439	
210	439	146	447	
210	439	
210	439	
210	439	
210	439	
210	439	
210	439	
210	439	
210	439	
210	439	
210	439	435	
210	439	
210	439	
210	439	437	
210	439	208	
210	439	437	
210	439	
210	439	
210	439	435	
210	439	218	211	
210	439	
210	439	208	
210	439	
210	439	211	146	
210	439	438	502	
210	439	
210	439	
210	439	
210	439	
210	439	
210	439	211	
210	439	437	218	
210	439	
210	439	
210	439	214	
210	439	214	
210	439	
210	439	
210	439	407	
210	439	194	
210	439	194	
210	439	
210	439	
210	439	
210	439	
210	439	
210	439	
210	439	415	
210	439	
210	439	
210	439	
210	439	
210	439	
210	439	
210	439	438	446	
210	439	
210	439	
210	439	
210	439	437	
210	439	218	
210	439	
210	439	
210	439	
210	439	208	
210	439	242	
210	439	
210	439	
210	439	438	218	
210	439	
210	439	
210	439	
210	439	218	
210	439	
210	439	
210	439	
210	439	438	
210	439	
210	439	146	
210	439	
210	439	194	
210	439	311	214	
210	439	437	
210	439	
210	439	435	
210	439	
210	439	
210	439	
210	439	82	
210	439	438	
210	439	
210	439	242	
210	439	146	
210	439	438	
210	439	
210	439	
210	439	
210	439	211	
210	439	423	
210	439	
210	439	438	
210	439	407	
210	439	178	242	
210	439	
210	439	
210	439	
210	439	
210	439	
210	439	
210	439	146	
210	439	
210	439	
210	439	438	
210	439	
210	439	
210	439	423	311	
210	439	437	
210	439	438	146	150	311	
210	439	407	
210	439	
210	439	214	242	
210	439	
210	439	214	311	
210	439	
210	439	
210	439	
210	439	
210	439	503	
210	439	
210	439	
210	439	
210	439	
210	439	438	
210	439	
210	439	
210	439	438	211	242	
210	439	438	194	
210	439	
210	439	279	311	
210	439	194	311	
210	439	311	208	
210	439	
210	439	194	
210	439	218	
210	439	
210	439	82	
210	439	
210	439	194	
210	439	
210	439	
210	439	
210	439	
210	439	503	
210	439	
210	439	
210	439	
210	439	
210	439	
210	439	
210	439	
210	439	
210	439	
210	439	
210	439	
210	439	
210	439	422	446	
210	439	503	
210	439	208	
210	439	
210	439	
210	439	437	
210	439	438	
210	439	
210	439	438	114	
210	439	
210	439	202	
210	439	242	
210	439	214	
210	439	438	
210	439	
210	439	
210	439	
210	439	82	218	
210	439	407	
210	439	
210	439	423	311	
210	439	
210	439	438	
210	439	82	
210	439	511	503	
210	439	
210	439	
210	439	
210	439	
210	439	
210	439	
210	439	
210	439	
210	439	438	446	
210	439	
210	439	438	
210	439	
210	439	
210	439	
210	439	
210	439	82	
210	439	
210	439	311	
210	439	447	
210	439	423	
210	439	435	
210	439	
210	439	
210	439	
210	439	208	407	
210	439	218	
210	439	
210	439	
210	439	
210	439	423	
210	439	
210	439	211	
210	439	147	
210	439	214	
210	439	435	82	
210	439	
210	439	
210	439	
210	439	
210	439	
210	439	
210	439	
210	439	
210	439	
210	439	146	
210	439	
210	439	
210	439	146	
210	439	219	
210	439	
210	439	
210	439	
210	439	
210	439	
210	439	
210	439	503	
210	439	
210	439	242	208	194	
210	439	218	
210	439	
210	439	
210	439	447	
210	439	
210	439	438	
210	439	
210	439	
210	439	211	
210	439	
210	439	
210	439	
210	439	
210	439	447	
210	439	
210	439	218	
210	439	438	
210	439	503	
210	439	146	
210	439	222	438	
210	439	423	
210	439	242	
210	439	
210	439	
210	439	
210	439	
210	439	311	242	
210	439	435	
210	439	
210	439	
210	439	
210	439	407	438	218	
210	439	503	
210	439	
210	439	
210	439	
210	439	
210	439	
210	439	
210	439	
210	439	
210	439	208	
210	439	423	
210	439	
210	439	423	
210	439	
210	439	194	
210	439	
210	439	
210	439	
210	439	194	
210	439	
210	439	
210	439	
210	439	423	435	
210	439	438	
210	439	438	436	
210	439	437	
210	439	435	
210	439	
210	439	435	
210	439	
210	439	146	82	
210	439	
210	439	
210	439	
210	439	214	
210	439	
210	439	438	
210	439	
210	439	
210	439	
210	439	
210	439	
210	439	
210	439	
210	439	423	431	
210	439	208	
210	439	
210	439	208	
210	439	
210	439	214	
210	439	
210	439	
210	439	447	
210	439	214	
210	439	208	
210	439	
210	439	146	
210	439	
210	439	146	
210	439	407	
210	439	242	
210	439	146	
210	439	
210	439	
210	439	438	208	
210	439	
210	439	218	
210	439	
210	439	311	
210	439	
210	439	
210	439	407	
210	439	407	
210	439	
210	439	
210	439	194	
210	439	
210	439	211	423	
210	439	407	
210	439	214	
210	439	
210	439	
210	439	
210	439	
210	439	150	
210	439	
210	439	
210	439	407	
210	439	
210	439	437	
210	439	
210	439	
210	439	208	
210	439	
210	439	242	
210	439	438	
210	439	
210	439	
210	439	
210	439	
210	439	418	435	
210	439	208	
210	439	146	
210	439	
210	439	214	
210	439	
210	439	
210	439	
210	439	431	
210	439	
210	439	
210	439	
210	439	
210	439	194	435	
210	439	423	
210	439	
210	439	438	423	447	
210	439	
210	439	
210	439	
210	439	
210	439	
210	439	194	
210	439	
210	439	208	
210	439	194	
210	439	218	146	
210	439	
210	439	
210	439	
210	439	
210	439	211	
210	439	218	
210	439	
210	439	194	
210	439	
210	439	218	
210	439	214	
210	439	211	
210	439	242	
210	439	
210	439	
210	439	
210	439	
210	439	211	147	
210	439	
210	439	437	
210	439	
210	439	503	
210	439	
210	439	
210	439	
210	439	
210	439	
210	439	
210	439	407	
210	439	
210	439	
210	439	
210	439	211	
210	439	
210	439	
210	439	
210	439	
210	439	
210	439	
210	439	
210	439	438	
210	439	
210	439	242	
210	439	
210	439	
210	439	82	
210	439	311	
210	439	438	435	447	
210	439	503	
210	439	208	
210	439	214	
210	439	
210	439	218	194	
210	439	
210	439	
210	439	
210	439	
210	439	
210	439	
210	439	
210	439	438	
210	439	
210	439	
210	439	
210	439	
210	439	
210	439	
210	439	
210	439	
210	439	
210	439	
210	439	438	
210	439	194	
210	439	
210	439	
210	439	435	
210	439	208	209	
210	439	
210	439	82	
210	439	
210	439	
210	439	218	
210	439	214	
210	439	
210	439	
210	439	
210	439	
210	439	438	
210	439	214	146	178	
210	439	
210	439	
210	439	
210	439	
210	439	
210	439	208	
210	439	
210	439	
210	439	
210	439	
210	439	503	
210	439	
210	439	
210	439	211	
210	439	
210	439	447	83	
210	439	
210	439	146	
210	439	242	
210	439	
210	439	
210	439	
210	439	
210	439	
210	439	
210	439	
210	439	
210	439	146	
210	439	80	
210	439	
210	439	82	
210	439	208	
210	439	423	431	146	
210	439	
210	439	
210	439	218	
210	439	
210	439	438	
210	439	
210	439	437	
210	439	
210	439	
210	439	
210	439	
210	439	447	
210	439	
210	439	
210	439	
210	439	
210	439	
210	439	
210	439	435	
210	439	438	
210	439	
210	439	438	
210	439	243	
210	439	
210	439	218	
210	439	
210	439	
210	439	
210	439	423	
210	439	
210	439	
210	439	
210	439	
210	439	
210	439	311	
210	439	
210	439	
210	439	
210	439	
210	439	503	
210	439	82	
210	439	
210	439	
210	439	
210	439	82	
210	439	
210	439	
210	439	487	438	
210	439	
210	439	
210	439	
210	439	146	
210	439	
210	439	
210	439	
210	439	
210	439	
210	439	
210	439	
210	439	
210	439	
210	439	
210	439	
210	439	
210	439	407	242	
210	439	
210	439	208	82	
210	439	
210	439	
210	439	435	
210	439	211	
210	439	
210	439	
210	439	
210	439	438	
210	439	
210	439	
210	439	82	
210	439	
210	439	194	
210	439	
210	439	82	
210	439	
210	439	
210	439	
210	439	435	
210	439	423	
210	439	438	
210	439	
210	439	
210	439	
210	439	218	
210	439	
210	439	
210	439	214	
210	439	
210	439	423	214	
210	439	
210	439	438	
210	439	
210	439	
210	439	194	
210	439	218	
210	439	194	80	195	
210	439	
210	439	503	311	
210	439	
210	439	
210	439	
210	439	214	
210	439	437	
210	439	194	
210	439	503	423	
210	439	214	211	
210	439	
210	439	211	
210	439	435	
210	439	311	211	
210	439	
210	439	
210	439	
210	439	
210	439	
210	439	208	
210	439	
210	439	
210	439	82	
210	439	311	242	
210	439	
210	439	214	
210	439	
210	439	
210	439	
210	439	
210	439	218	
210	439	
210	439	
210	439	407	82	
210	439	194	
210	439	
210	439	
210	439	
210	439	502	214	208	222	
210	439	
210	439	211	
210	439	
210	439	
210	439	
210	439	
210	439	
210	439	
210	439	
210	439	435	499	
210	439	214	
210	439	407	208	
210	439	
210	439	
210	439	438	
210	439	
210	439	146	194	
210	439	
210	439	114	242	
210	439	
210	439	
210	439	208	
210	439	423	
210	439	218	
210	439	
210	439	
210	439	437	
210	439	146	
210	439	
210	439	
210	439	
210	439	194	82	
210	439	211	
210	439	
210	439	192	194	
210	439	208	
210	439	434	
210	439	
210	439	146	
210	439	437	
210	439	
210	439	
210	439	246	
210	439	
210	439	
210	439	
210	439	
210	439	211	
210	439	218	
210	439	222	
210	439	
210	439	
210	439	438	435	
210	439	
210	439	437	
210	439	407	
210	439	
210	439	
210	439	80	
210	439	
210	439	
210	439	
210	439	
210	439	
210	439	438	437	503	
210	439	
210	439	
210	439	
210	439	
210	439	311	
210	439	311	
210	439	
210	439	214	
210	439	
210	439	214	
210	439	407	
210	439	407	
210	439	
210	439	
210	439	
210	439	
210	439	
210	439	437	
210	439	
210	439	82	431	447	
210	439	
210	439	
210	439	
210	439	194	
210	439	
210	439	194	
210	439	
210	439	
210	439	421	
210	439	
210	439	
210	439	
210	439	
210	439	
210	439	
210	439	
210	439	437	
210	439	
210	439	
210	439	
210	439	
210	439	214	
210	439	407	
210	439	
210	439	
210	439	
210	439	
210	439	
210	439	
210	439	
210	439	
210	439	
210	439	
210	439	
210	439	
210	439	
210	439	503	
210	439	
210	439	82	194	
210	439	407	438	
210	439	82	
210	439	
210	439	407	279	
210	439	
210	439	
210	439	
210	439	
210	439	
210	439	437	
210	439	194	
210	439	
210	439	218	
210	439	
210	439	423	
210	439	
210	439	
210	439	438	447	
210	439	
210	439	
210	439	438	
210	439	
210	439	
210	439	194	
210	439	
210	439	
210	439	214	
210	439	146	
210	439	
210	439	211	
210	439	
210	439	146	
210	439	447	
210	439	
210	439	
210	439	
210	439	
210	439	242	
210	439	407	
210	439	
210	439	
210	439	
210	439	421	
210	439	194	
210	439	
210	439	
210	439	
210	439	218	
210	439	
210	439	82	
210	439	
210	439	
210	439	
210	439	438	
210	439	311	423	
210	439	438	
210	439	
210	439	
210	439	
210	439	503	
210	439	
210	439	
210	439	194	
210	439	
210	439	447	
210	439	
210	439	
210	439	194	
210	439	
210	439	242	
210	439	438	436	82	
210	439	146	
210	439	194	
210	439	311	
210	439	
210	439	
210	439	447	
210	439	
210	439	
210	439	
210	439	
210	439	
210	439	
210	439	
210	439	
210	439	
210	439	
210	439	242	
210	439	
210	439	423	
210	439	
210	439	
210	439	
210	439	242	
210	439	423	
210	439	
210	439	211	
210	439	146	
210	439	
210	439	
210	439	
210	439	
210	439	
210	439	
210	439	194	
210	439	
210	439	242	
210	439	311	
210	439	
210	439	
210	439	
210	439	
210	439	
210	439	
210	439	
210	439	
210	439	
210	439	311	
210	439	
210	439	
210	439	
210	439	
210	439	
210	439	
210	439	
210	439	
210	439	
210	439	214	
210	439	
210	439	
210	439	423	
210	439	503	
210	439	146	438	
210	439	438	
210	439	146	
210	439	
210	439	503	
210	439	
210	439	146	242	
210	439	
210	439	
210	439	423	
210	439	
210	439	
210	439	
210	439	447	
210	439	218	
210	439	194	
210	439	311	
210	439	
210	439	208	146	
210	439	
210	439	
210	439	
210	439	
210	439	
210	439	242	
210	439	
210	439	
210	439	214	211	
210	439	
210	439	
210	439	
210	439	446	438	
210	439	214	211	
210	439	
210	439	
210	439	
210	439	
210	439	214	
210	439	
210	439	214	
210	439	146	
210	439	
210	439	
210	439	211	
210	439	
210	439	
210	439	
210	439	447	
210	439	82	242	218	
210	439	194	
210	439	435	
210	439	
210	439	211	
210	439	146	
210	439	
210	439	
210	439	
210	439	
210	439	
210	439	447	
210	439	438	310	194	
210	439	
210	439	
210	439	
210	439	
210	439	242	
210	439	
210	439	
210	439	211	194	
210	439	218	211	
210	439	
210	439	
210	439	
210	439	214	146	
210	439	
210	439	208	
210	439	
210	439	
210	439	
210	439	
210	439	
210	439	
210	439	214	
210	439	
210	439	435	
210	439	
210	439	
210	439	218	
210	439	211	438	423	
210	439	211	
210	439	
210	439	211	
210	439	
210	439	
210	439	211	
210	439	
210	439	
210	439	208	
210	439	
210	439	
210	439	
210	439	
210	439	
210	439	
210	439	438	
210	439	
210	439	
210	439	
210	439	214	
210	439	
210	439	435	
210	439	438	242	246	
210	439	
210	439	
210	439	407	
210	439	242	
210	439	407	
210	439	
210	439	
210	439	
210	439	
210	439	437	
210	439	
210	439	437	
210	439	
210	439	
210	439	214	
210	439	194	
210	439	
210	439	
210	439	
210	439	
210	439	438	
210	439	437	208	434	438	421	
210	439	242	423	438	
210	439	438	
210	439	438	
210	439	246	438	
210	439	218	
210	439	
210	439	
210	439	208	194	192	
210	439	
210	439	
210	439	
210	439	
210	439	
210	439	218	202	407	
210	439	
210	439	242	
210	439	438	
210	439	435	146	
210	439	
210	439	
210	439	242	
210	439	
210	439	
210	439	82	
210	439	
210	439	
210	439	438	
210	439	
210	439	
210	439	
210	439	423	
210	439	242	
210	439	
210	439	242	438	
210	439	
210	439	
210	439	
210	439	438	
210	439	
210	439	435	
210	439	242	212	
210	439	423	437	194	
210	439	
210	439	
210	439	214	
210	439	
210	439	
210	439	447	
210	439	
210	439	
210	439	447	
210	439	438	
210	439	
210	439	423	
210	439	218	
210	439	
210	439	146	
210	439	146	
210	439	
210	439	
210	439	
210	439	
210	439	214	
210	439	
210	439	
210	439	
210	439	
210	439	
210	439	311	
210	439	
210	439	
210	439	218	
210	439	
210	439	407	208	
210	439	
210	439	423	
210	439	
210	439	
210	439	218	
210	439	
210	439	311	
210	439	82	194	
210	439	311	194	
210	439	218	
210	439	
210	439	435	
210	439	503	
210	439	438	446	
210	439	194	447	
210	439	194	407	
210	439	
210	439	82	
210	439	194	
210	439	
210	439	82	
210	439	
210	439	
210	439	208	
210	439	
210	439	
210	439	435	
210	439	
210	439	
210	439	
210	439	194	242	214	
210	439	214	
210	439	
210	439	
210	439	
210	439	
210	439	
210	439	
210	439	
210	439	80	208	
210	439	
210	439	
210	439	
210	439	438	
210	439	407	
210	439	
210	439	
210	439	311	
210	439	
210	439	
210	439	211	
210	439	
210	439	
210	439	
210	439	
210	439	
210	439	
210	439	214	82	
210	439	407	
210	439	
210	439	
210	439	208	
210	439	
210	439	218	
210	439	
210	439	
210	439	82	437	
210	439	218	447	
210	439	242	
210	439	
210	439	
210	439	211	
210	439	242	435	
210	439	
210	439	311	
210	439	437	
210	439	
210	439	242	438	
210	439	242	
210	439	
210	439	
210	439	82	
210	439	
210	439	146	
210	439	
210	439	
210	439	214	
210	439	214	
210	439	
210	439	435	
210	439	208	
210	439	423	
210	439	
210	439	82	
210	439	146	
210	439	208	
210	439	218	214	
210	439	
210	439	437	
210	439	211	423	437	
210	439	
210	439	
210	439	
210	439	
210	439	
210	439	
210	439	
210	439	203	503	
210	439	423	
210	439	150	
210	439	
210	439	
210	439	
210	439	
210	439	
210	439	
210	439	437	
210	439	219	
210	439	208	144	
210	439	
210	439	242	407	
210	439	438	
210	439	218	311	
210	439	
210	439	82	
210	439	194	
210	439	
210	439	
210	439	
210	439	242	
210	439	
210	439	
210	439	
210	439	150	82	22	503	
210	439	150	
210	439	150	
210	439	150	182	447	
210	439	150	158	
210	439	
210	439	
210	439	
210	439	194	
210	439	
210	439	
210	439	192	
210	439	423	
210	439	
210	439	211	
210	439	423	
210	439	
210	439	
210	439	
210	439	503	
210	439	242	
210	439	435	
210	439	211	
210	439	311	295	
210	439	
210	439	
210	439	
210	439	311	
210	439	194	
210	439	146	
210	439	422	
210	439	218	
210	439	
210	439	
210	439	242	
210	439	
210	439	
210	439	
210	439	
210	439	503	
210	439	407	
210	439	
210	439	218	
210	439	
210	439	
210	439	
210	439	
210	439	
210	439	433	
210	439	
210	439	
210	439	438	
210	439	447	214	
210	439	
210	439	
210	439	
210	439	
210	439	
210	439	
210	439	
210	439	
210	439	
210	439	
210	439	
210	439	
210	439	437	
210	439	
210	439	
210	439	194	
210	439	
210	439	
210	439	438	
210	439	
210	439	211	
210	439	438	
210	439	
210	439	
210	439	
210	439	423	
210	439	
210	439	407	
210	439	
210	439	438	
210	439	
210	439	503	501	437	
210	439	423	
210	439	447	
210	439	438	446	
210	439	311	
210	439	211	
210	439	438	
210	439	423	
210	439	
210	439	
210	439	407	
210	439	
210	439	242	
210	439	
210	439	438	
210	439	311	
210	439	
210	439	
210	439	
210	439	208	
210	439	
210	439	
210	439	
210	439	407	
210	439	
210	439	
210	439	438	
210	439	311	407	
210	439	
210	439	215	
210	439	447	
210	439	311	
210	439	
210	439	211	
210	439	
210	439	
210	439	82	
210	439	
210	439	218	
210	439	214	
210	439	
210	439	406	407	
210	439	
210	439	
210	439	311	
210	439	
210	439	
210	439	
210	439	
210	439	423	407	
210	439	423	
210	439	
210	439	
210	439	438	435	
210	439	
210	439	
210	439	437	208	
210	439	214	435	209	211	
210	439	311	
210	439	
210	439	
210	439	208	
210	439	437	
210	439	
210	439	
210	439	
210	439	
210	439	
210	439	214	
210	439	
210	439	
210	439	
210	439	437	
210	439	82	
210	439	
210	439	
210	439	
210	439	
210	439	407	
210	439	
210	439	423	
210	439	146	
210	439	438	
210	439	503	
210	439	218	
210	439	
210	439	
210	439	438	
210	439	309	308	
210	439	
210	439	311	437	218	
210	439	311	
210	439	
210	439	438	
210	439	242	
210	439	
210	439	218	
210	439	
210	439	218	
210	439	
210	439	
210	439	
210	439	214	438	
210	439	218	437	211	
210	439	438	310	
210	439	
210	439	438	
210	439	
210	439	
210	439	218	
210	439	
210	439	407	
210	439	211	
210	439	214	
210	439	
210	439	
210	439	
210	439	438	
210	439	82	
210	439	
210	439	
210	439	
210	439	
210	439	
210	439	311	503	
210	439	
210	439	242	250	
210	439	
210	439	
210	439	
210	439	438	
210	439	
210	439	214	437	
210	439	146	
210	439	
210	439	
210	439	
210	439	503	
210	439	
210	439	
210	439	438	
210	439	407	
210	439	
210	439	
210	439	242	
210	439	208	
210	439	
210	439	447	
210	439	438	211	
210	439	82	242	
210	439	311	
210	439	194	435	
210	439	
210	439	311	
210	439	
210	439	
210	439	
210	439	
210	439	423	
210	439	435	
210	439	438	
210	439	150	146	
210	439	150	214	22	
210	439	150	146	
210	439	150	
210	439	218	
210	439	194	
210	439	423	
210	439	503	
210	439	
210	439	82	
210	439	
210	439	
210	439	503	
210	439	
210	439	
210	439	
210	439	438	242	
210	439	
210	439	
210	439	
210	439	
210	439	211	
210	439	503	
210	439	
210	439	
210	439	
210	439	
210	439	
210	439	
210	439	
210	439	
210	439	
210	439	
210	439	311	
210	439	218	
210	439	
210	439	407	
210	439	
210	439	82	
210	439	503	
210	439	503	
210	439	
210	439	
210	439	
210	439	503	
210	439	
210	439	311	
210	439	
210	439	
210	439	
210	439	438	
210	439	
210	439	503	423	
210	439	
210	439	211	
210	439	
210	439	423	
210	439	
210	439	82	
210	439	438	
210	439	
210	439	
210	439	
210	439	
210	439	
210	439	438	
210	439	503	
210	439	503	
210	439	
210	439	
210	439	438	214	
210	439	
210	439	
210	439	
210	439	
210	439	
210	439	
210	439	
210	439	
210	439	438	
210	439	
210	439	
210	439	423	
210	439	438	
210	439	
210	439	
210	439	
210	439	
210	439	
210	439	
210	439	
210	439	214	215	
210	439	437	
210	439	
210	439	242	
210	439	
210	439	
210	439	
210	439	
210	439	
210	439	150	
210	439	
210	439	437	
210	439	447	
210	439	407	
210	439	438	
210	439	
210	439	146	
210	439	194	
210	439	
210	439	
210	439	
210	439	
210	439	211	407	
210	439	
210	439	218	
210	439	
210	439	82	
210	439	
210	439	435	
210	439	146	
210	439	
210	439	
210	439	
210	439	
210	439	146	
210	439	
210	439	
210	439	437	503	
210	439	
210	439	391	
210	439	146	
210	439	
210	439	
210	439	211	
210	439	208	144	
210	439	242	
210	439	423	
210	439	
210	439	
210	439	503	
210	439	
210	439	
210	439	
210	439	438	446	194	
210	439	438	
210	439	218	
210	439	211	208	
210	439	
210	439	
210	439	423	
210	439	
210	439	214	
210	439	
210	439	
210	439	
210	439	
210	439	
210	439	214	
210	439	
210	439	242	
210	439	433	305	
210	439	437	
210	439	
210	439	
210	439	
210	439	208	146	
210	439	
210	439	423	487	
210	439	438	
210	439	
210	439	
210	439	
210	439	
210	439	242	
210	439	447	
210	439	150	
210	439	
210	439	437	311	438	
210	439	438	
210	439	
210	439	
210	439	242	
210	439	309	194	
210	439	446	
210	439	
210	439	
210	439	
210	439	
210	439	208	
210	439	
210	439	435	
210	439	
210	439	
210	439	
210	439	
210	439	311	
210	439	208	
210	439	
210	439	
210	439	226	
210	439	
210	439	
210	439	208	
210	439	214	
210	439	
210	439	194	
210	439	311	
210	439	
210	439	
210	439	194	
210	439	307	82	
210	439	150	437	
210	439	
210	439	
210	439	
210	439	
210	439	437	
210	439	
210	439	423	
210	439	
210	439	
210	439	437	146	
210	439	146	
210	439	
210	439	
210	439	
210	439	
210	439	
210	439	437	
210	439	146	
210	439	
210	439	
210	439	
210	439	
210	439	
210	439	
210	439	
210	439	
210	439	
210	439	437	503	487	
210	439	
210	439	218	
210	439	438	
210	439	82	
210	439	438	
210	439	447	
210	439	311	
210	439	
210	439	
210	439	240	
210	439	
210	439	214	
210	439	242	423	
210	439	
210	439	503	
210	439	
210	439	146	
210	439	
210	439	211	
210	439	
210	439	
210	439	
210	439	208	
210	439	447	
210	439	309	
210	439	
210	439	
210	439	
210	439	
210	439	407	435	
210	439	242	
210	439	
210	439	
210	439	
210	439	
210	439	
210	439	218	194	
210	439	
210	439	407	
210	439	
210	439	
210	439	
210	439	311	
210	439	
210	439	211	
210	439	
210	439	
210	439	82	
210	439	
210	439	
210	439	437	
210	439	
210	439	
210	439	435	
210	439	407	
210	439	
210	439	211	
210	439	222	
210	439	242	
210	439	
210	439	80	
210	439	
210	439	447	
210	439	423	
210	439	407	
210	439	
210	439	208	
210	439	214	437	
210	439	311	
210	439	
210	439	
210	439	
210	439	
210	439	
210	439	208	
210	439	438	
210	439	
210	439	
210	439	
210	439	
210	439	
210	439	
210	439	407	
210	439	435	
210	439	311	
210	439	
210	439	146	
210	439	
210	439	218	
210	439	
210	439	214	
210	439	438	
210	439	438	447	
210	439	438	242	
210	439	
210	439	218	
210	439	
210	439	437	438	
210	439	
210	439	
210	439	
210	439	447	
210	439	438	407	
210	439	211	
210	439	311	
210	439	
210	439	438	435	
210	439	
210	439	503	
210	439	391	208	
210	439	
210	439	437	435	407	
210	439	240	
210	439	194	
210	439	
210	439	438	446	
210	439	
210	439	
210	439	311	
210	439	
210	439	
