1	242	251	493
2	195	206	401
3	191	189	380
4	194	203	397
5	209	201	410
6	201	191	392
7	193	209	402
8	195	186	381
9	194	223	417
10	212	200	412
11	213	197	410
12	211	203	414
13	222	202	424
14	203	210	413
15	200	225	425
16	218	221	439
17	200	194	394
18	197	200	397
19	217	196	413
20	228	177	405
21	187	208	395
22	209	214	423
23	219	207	426
24	183	226	409
25	217	196	413
26	219	204	423
27	201	224	425
28	200	224	424
29	201	208	409
30	201	224	425
31	213	216	429
32	212	214	426
33	208	202	410
34	221	207	428
35	217	214	431
36	208	219	427
37	216	198	414
38	210	199	409
39	204	217	421
40	218	228	446
41	218	204	422
42	224	193	417
43	186	207	393
44	205	202	407
45	229	215	444
46	198	199	397
47	205	194	399
48	198	202	400
49	208	198	406
50	194	213	407
51	212	190	402
52	205	200	405
53	194	218	412
54	206	184	390
55	217	218	435
56	200	226	426
57	185	230	415
58	209	238	447
59	200	228	428
60	195	235	430
61	212	233	445
62	209	239	448
63	222	238	460
64	229	261	490
65	240	268	508
66	230	247	477
67	228	272	500
68	238	268	506
69	208	281	489
70	230	279	509
71	242	266	508
72	223	270	493
73	247	291	538
74	219	274	493
75	239	263	502
76	221	289	510
77	233	313	546
78	259	278	537
79	268	284	552
80	255	261	516
81	261	265	526
82	281	248	529
83	314	273	587
84	317	279	596
85	315	278	593
86	347	252	599
87	330	280	610
88	298	293	591
89	298	268	566
90	319	261	580
91	328	265	593
92	308	265	573
93	308	260	568
94	291	267	558
95	324	281	605
96	316	286	602
97	318	287	605
98	341	283	624
99	308	290	598
100	299	278	577
101	326	267	593
102	289	252	541
103	319	289	608
104	318	281	599
105	309	267	576
106	301	292	593
107	297	293	590
108	325	292	617
109	337	295	632
110	326	283	609
111	291	271	562
112	308	293	601
113	313	311	624
114	326	284	610
115	313	305	618
116	318	307	625
117	290	320	610
118	328	335	663
119	315	326	641
120	323	317	640
121	311	328	639
122	302	302	604
123	317	308	625
124	320	306	626
125	323	293	616
126	318	321	639
127	342	306	648
128	303	318	621
129	319	349	668
130	312	339	651
131	322	323	645
132	321	337	658
133	318	316	634
134	317	331	648
135	293	323	616
136	295	310	605
137	293	323	616
138	318	324	642
139	309	323	632
140	335	295	630
141	349	302	651
142	301	311	612
143	303	295	598
144	317	321	638
145	301	308	609
146	325	323	648
147	326	317	643
148	305	316	621
149	298	320	618
150	313	326	639
151	334	295	629
152	325	311	636
153	335	320	655
154	315	303	618
155	313	307	620
156	326	307	633
157	303	318	621
158	302	307	609
159	291	295	586
160	299	310	609
161	304	302	606
162	323	318	641
163	294	333	627
164	328	311	639
165	312	305	617
166	319	298	617
167	303	318	621
168	313	330	643
169	292	344	636
170	319	318	637
171	301	336	637
172	321	319	640
173	312	307	619
174	331	307	638
175	279	322	601
176	311	310	621
177	307	304	611
178	321	292	613
179	297	306	603
180	310	330	640
181	307	328	635
182	325	334	659
183	316	318	634
184	313	320	633
185	317	323	640
186	330	316	646
187	308	337	645
188	309	324	633
189	311	322	633
190	309	309	618
191	315	328	643
192	315	335	650
193	312	295	607
194	307	315	622
195	303	321	624
196	309	318	627
197	328	343	671
198	319	321	640
199	307	325	632
200	319	305	624
201	337	300	637
202	320	298	618
203	355	334	689
204	314	320	634
205	290	319	609
206	307	332	639
207	300	318	618
208	308	310	618
209	299	309	608
210	301	323	624
211	328	332	660
212	344	334	678
213	313	318	631
214	327	296	623
215	328	314	642
216	309	308	617
217	317	293	610
218	326	284	610
219	336	291	627
220	308	315	623
221	299	306	605
222	311	313	624
223	308	325	633
224	310	325	635
225	318	319	637
226	330	311	641
227	297	321	618
228	315	313	628
229	316	335	651
230	329	323	652
231	326	310	636
232	314	324	638
233	339	331	670
234	305	306	611
235	293	319	612
236	310	318	628
237	308	327	635
238	338	314	652
239	330	314	644
240	316	304	620
241	335	299	634
242	285	307	592
243	308	313	621
244	314	330	644
245	306	339	645
246	323	296	619
247	338	323	661
248	338	315	653
249	336	324	660
250	328	314	642
251	313	324	637
252	334	317	651
253	292	318	610
254	307	315	622
255	323	317	640
256	309	344	653
257	330	318	648
258	311	313	624
259	322	305	627
260	329	330	659
261	321	346	667
262	319	329	648
263	328	335	663
264	317	300	617
265	330	307	637
266	334	317	651
267	298	332	630
268	328	300	628
269	322	313	635
270	304	336	640
271	308	325	633
272	304	321	625
273	322	348	670
274	334	327	661
275	305	316	621
276	310	305	615
277	307	306	613
278	307	317	624
279	300	318	618
280	291	321	612
281	307	328	635
282	308	318	626
283	318	305	623
284	303	310	613
285	318	307	625
286	319	327	646
287	329	330	659
288	315	322	637
289	304	328	632
290	303	291	594
291	340	293	633
292	334	310	644
293	328	322	650
294	311	287	598
295	312	290	602
296	323	294	617
297	319	273	592
298	322	307	629
299	302	309	611
300	309	332	641
301	313	327	640
302	314	308	622
303	293	328	621
304	318	310	628
305	320	304	624
306	319	316	635
307	328	310	638
308	300	332	632
309	300	329	629
310	313	324	637
311	308	321	629
312	297	334	631
313	328	311	639
314	323	329	652
315	312	326	638
316	308	312	620
317	320	342	662
318	304	345	649
319	293	322	615
320	312	312	624
321	331	300	631
322	308	297	605
323	311	294	605
324	321	314	635
325	302	305	607
326	325	309	634
327	319	331	650
328	298	340	638
329	289	338	627
330	298	318	616
331	313	311	624
332	312	316	628
333	335	327	662
334	325	327	652
335	334	330	664
336	318	323	641
337	311	303	614
338	312	290	602
339	315	288	603
340	294	316	610
341	309	318	627
342	334	317	651
343	309	319	628
344	291	320	611
345	312	314	626
346	295	310	605
347	315	293	608
348	324	303	627
349	311	336	647
350	305	332	637
351	320	313	633
352	301	329	630
353	330	310	640
354	315	327	642
355	307	319	626
356	310	307	617
357	285	310	595
358	303	317	620
359	325	301	626
360	327	314	641
361	320	296	616
362	292	318	610
363	316	320	636
364	312	316	628
365	332	294	626
366	306	321	627
367	291	340	631
368	312	341	653
369	305	306	611
370	306	328	634
371	312	329	641
372	311	316	627
373	288	328	616
374	332	321	653
375	322	308	630
376	330	316	646
377	283	310	593
378	318	313	631
379	298	302	600
380	325	294	619
381	299	315	614
382	291	316	607
383	283	338	621
384	305	343	648
385	331	291	622
386	351	320	671
387	339	304	643
388	326	325	651
389	300	319	619
390	308	318	626
391	302	316	618
392	320	327	647
393	315	311	626
394	314	304	618
395	313	335	648
396	333	314	647
397	302	309	611
398	345	320	665
399	308	309	617
400	322	301	623
401	311	308	619
402	311	306	617
403	309	307	616
404	312	326	638
405	319	342	661
406	310	325	635
407	301	339	640
408	314	321	635
409	288	325	613
410	299	303	602
411	291	313	604
412	293	310	603
413	302	315	617
414	319	306	625
415	325	295	620
416	300	296	596
417	291	300	591
418	288	300	588
419	293	307	600
420	312	285	597
421	313	269	582
422	308	277	585
423	303	281	584
424	297	285	582
425	307	310	617
426	309	307	616
427	304	321	625
428	295	328	623
429	323	334	657
430	298	322	620
431	297	293	590
432	290	288	578
433	288	324	612
434	322	309	631
435	320	320	640
436	301	318	619
437	304	338	642
438	295	325	620
439	326	297	623
440	315	321	636
441	335	303	638
442	323	304	627
443	323	334	657
444	315	315	630
445	313	306	619
446	291	317	608
447	290	312	602
448	311	340	651
449	324	324	648
450	305	352	657
451	300	340	640
452	315	320	635
453	335	325	660
454	294	326	620
455	308	340	648
456	324	305	629
457	307	317	624
458	298	309	607
459	312	303	615
460	315	318	633
461	328	303	631
462	301	283	584
463	326	287	613
464	307	300	607
465	338	312	650
466	338	307	645
467	323	309	632
468	328	303	631
469	325	323	648
470	322	309	631
471	316	319	635
472	309	322	631
473	317	326	643
474	325	335	660
475	332	342	674
476	335	315	650
477	306	318	624
478	322	323	645
479	318	318	636
480	303	307	610
481	311	315	626
482	319	320	639
483	327	322	649
484	321	314	635
485	324	328	652
486	309	309	618
487	308	314	622
488	322	334	656
489	316	331	647
490	288	301	589
491	302	317	619
492	290	320	610
493	315	321	636
494	317	331	648
495	301	319	620
496	288	310	598
497	294	304	598
498	310	322	632
499	327	311	638
500	292	332	624
501	340	312	652
502	300	314	614
503	288	337	625
504	333	334	667
505	320	331	651
506	318	316	634
507	302	323	625
508	313	317	630
509	324	310	634
510	331	317	648
511	304	312	616
512	311	303	614
513	309	321	630
514	273	315	588
515	345	318	663
516	289	323	612
517	304	317	621
518	322	330	652
519	288	330	618
520	305	329	634
521	307	299	606
522	303	290	593
523	320	295	615
524	322	324	646
525	294	336	630
526	322	343	665
527	327	312	639
528	314	325	639
529	321	318	639
530	331	319	650
531	321	304	625
532	324	309	633
533	320	309	629
534	327	309	636
535	312	331	643
536	284	319	603
537	323	324	647
538	314	317	631
539	322	334	656
540	323	324	647
541	322	327	649
542	333	316	649
543	335	322	657
544	333	329	662
545	313	318	631
546	319	288	607
547	335	320	655
548	319	328	647
549	319	339	658
550	340	328	668
551	317	341	658
552	318	337	655
553	314	307	621
554	323	327	650
555	299	317	616
556	323	316	639
557	308	333	641
558	337	310	647
559	323	319	642
560	306	333	639
561	327	312	639
562	308	308	616
563	309	337	646
564	324	331	655
565	316	320	636
566	323	323	646
567	295	315	610
568	301	337	638
569	306	333	639
570	314	321	635
571	332	316	648
572	328	339	667
573	328	315	643
574	317	317	634
575	312	303	615
576	319	318	637
577	299	289	588
578	322	296	618
579	312	315	627
580	300	345	645
581	301	307	608
582	305	319	624
583	305	300	605
584	341	307	648
585	307	302	609
586	321	322	643
587	319	317	636
588	304	315	619
589	300	336	636
590	307	315	622
591	328	327	655
592	342	309	651
593	323	320	643
594	353	335	688
595	332	319	651
596	308	312	620
597	323	299	622
598	315	292	607
599	304	330	634
600	298	315	613
601	326	324	650
602	317	332	649
603	320	318	638
604	312	330	642
605	338	314	652
606	304	336	640
607	331	316	647
608	319	322	641
609	322	299	621
610	310	312	622
611	312	310	622
612	311	302	613
613	317	308	625
614	285	333	618
615	305	295	600
616	310	322	632
617	285	313	598
618	298	329	627
619	296	305	601
620	314	290	604
621	294	290	584
622	288	323	611
623	295	299	594
624	295	303	598
625	303	286	589
626	307	282	589
627	315	288	603
628	329	262	591
629	328	282	610
630	294	294	588
631	307	289	596
632	316	301	617
633	332	284	616
634	328	262	590
635	336	254	590
636	311	257	568
637	328	258	586
638	339	260	599
639	318	250	568
640	325	242	567
641	311	244	555
642	328	226	554
643	305	238	543
644	326	234	560
645	310	228	538
646	323	242	565
647	318	247	565
648	297	240	537
649	327	237	564
650	324	248	572
651	310	228	538
652	317	224	541
653	321	229	550
654	303	237	540
655	314	240	554
656	288	210	498
657	294	216	510
658	273	242	515
659	278	245	523
660	291	229	520
661	298	218	516
662	288	237	525
663	301	228	529
664	286	253	539
665	304	250	554
666	306	224	530
667	308	220	528
668	288	239	527
669	303	235	538
670	307	238	545
671	313	249	562
672	336	244	580
673	309	220	529
674	318	218	536
675	302	231	533
676	315	221	536
677	314	217	531
678	323	191	514
679	324	219	543
680	308	225	533
681	297	239	536
682	302	225	527
683	302	255	557
684	302	237	539
685	288	255	543
686	300	239	539
687	297	256	553
688	291	265	556
689	274	246	520
690	266	253	519
691	255	274	529
692	249	263	512
693	275	263	538
694	253	247	500
695	254	242	496
696	223	244	467
697	214	246	460
698	221	252	473
699	231	243	474
700	250	224	474
701	246	248	494
702	247	234	481
703	280	256	536
704	255	289	544
705	289	306	595
706	319	299	618
707	333	281	614
708	328	322	650
709	319	299	618
710	338	309	647
711	339	283	622
712	338	283	621
713	318	313	631
714	309	309	618
715	316	311	627
716	338	299	637
717	322	306	628
718	328	317	645
719	322	306	628
720	323	310	633
721	326	308	634
722	323	302	625
723	321	318	639
724	345	307	652
725	321	310	631
726	312	325	637
727	310	313	623
728	321	297	618
729	319	327	646
730	326	303	629
731	315	309	624
732	334	313	647
733	318	303	621
734	316	301	617
735	301	294	595
736	319	290	609
737	315	282	597
738	331	277	608
739	316	267	583
740	337	303	640
741	321	300	621
742	327	286	613
743	327	275	602
744	327	299	626
745	338	296	634
746	316	295	611
747	317	308	625
748	308	310	618
749	326	311	637
750	323	309	632
751	331	302	633
752	337	301	638
753	316	293	609
754	296	323	619
755	310	309	619
756	317	315	632
757	333	333	666
758	340	321	661
759	315	306	621
760	306	280	586
761	304	306	610
762	329	318	647
763	315	309	624
764	309	294	603
765	318	308	626
766	323	291	614
767	310	307	617
768	305	315	620
769	327	305	632
770	323	317	640
771	343	312	655
772	326	297	623
773	317	307	624
774	302	314	616
775	302	326	628
776	309	294	603
777	329	286	615
778	320	308	628
779	348	286	634
780	332	282	614
781	305	314	619
782	325	298	623
783	308	312	620
784	319	282	601
785	328	290	618
786	297	301	598
787	319	280	599
788	325	274	599
789	324	283	607
790	320	302	622
791	334	279	613
792	333	299	632
793	341	309	650
794	338	279	617
795	319	299	618
796	305	311	616
797	334	312	646
798	354	312	666
799	329	285	614
800	338	299	637
801	333	281	614
802	315	295	610
803	305	284	589
804	293	298	591
805	319	299	618
806	324	303	627
807	325	299	624
808	315	291	606
809	304	307	611
810	312	306	618
811	339	305	644
812	307	312	619
813	312	311	623
814	303	309	612
815	318	292	610
816	328	294	622
817	312	285	597
818	311	297	608
819	333	311	644
820	335	300	635
821	305	290	595
822	320	284	604
823	351	278	629
824	330	305	635
825	324	300	624
826	329	294	623
827	311	303	614
828	328	291	619
829	321	320	641
830	295	298	593
831	314	282	596
832	335	294	629
833	315	304	619
834	329	296	625
835	294	310	604
836	324	312	636
837	302	314	616
838	294	312	606
839	331	292	623
840	334	292	626
841	332	290	622
842	344	290	634
843	331	303	634
844	317	318	635
845	320	306	626
846	325	315	640
847	299	298	597
848	300	301	601
849	314	296	610
850	303	290	593
851	324	315	639
852	314	311	625
853	321	300	621
854	289	324	613
855	329	301	630
856	320	306	626
857	316	303	619
858	307	303	610
859	327	303	630
860	301	307	608
861	320	334	654
862	324	292	616
863	300	315	615
864	312	302	614
865	319	318	637
866	321	305	626
867	323	298	621
868	343	302	645
869	338	308	646
870	322	286	608
871	303	289	592
872	308	303	611
873	333	300	633
874	342	296	638
875	331	312	643
876	330	297	627
877	291	302	593
878	339	307	646
879	310	287	597
880	328	313	641
881	323	303	626
882	325	260	585
883	340	292	632
884	348	299	647
885	320	312	632
886	313	300	613
887	317	301	618
888	312	290	602
889	322	296	618
890	340	304	644
891	323	298	621
892	310	302	612
893	309	292	601
894	341	285	626
895	339	290	629
896	324	275	599
897	320	297	617
898	300	326	626
899	320	323	643
900	311	314	625
901	327	297	624
902	331	297	628
903	295	289	584
904	333	281	614
905	326	305	631
906	311	290	601
907	306	300	606
908	301	276	577
909	309	294	603
910	293	295	588
911	322	294	616
912	325	271	596
913	316	269	585
914	308	292	600
915	322	320	642
916	335	302	637
917	342	314	656
918	322	306	628
919	315	281	596
920	320	313	633
921	310	310	620
922	303	298	601
923	301	315	616
924	294	287	581
925	325	288	613
926	320	296	616
927	294	280	574
928	308	303	611
929	299	300	599
930	309	318	627
931	330	303	633
932	307	322	629
933	305	301	606
934	315	294	609
935	315	306	621
936	318	310	628
937	298	290	588
938	314	286	600
939	325	287	612
940	309	303	612
941	301	306	607
942	313	306	619
943	332	297	629
944	303	298	601
945	303	303	606
946	312	302	614
947	316	299	615
948	319	293	612
949	301	306	607
950	318	295	613
951	300	290	590
952	338	301	639
953	317	298	615
954	314	307	621
955	305	326	631
956	319	300	619
957	308	294	602
958	308	298	606
959	334	306	640
960	306	290	596
961	342	290	632
962	324	299	623
963	317	297	614
964	330	288	618
965	307	306	613
966	308	309	617
967	321	299	620
968	332	306	638
969	311	315	626
970	317	325	642
971	317	306	623
972	314	311	625
973	315	296	611
974	294	305	599
975	327	320	647
976	313	295	608
977	304	302	606
978	286	296	582
979	313	294	607
980	285	290	575
981	319	287	606
982	305	299	604
983	299	310	609
984	319	306	625
985	314	271	585
986	334	309	643
987	310	308	618
988	327	298	625
989	330	314	644
990	319	296	615
991	296	290	586
992	298	311	609
993	312	314	626
994	310	309	619
995	341	304	645
996	314	331	645
997	314	288	602
998	301	309	610
999	318	297	615
1000	305	293	598
1001	309	321	630
1002	333	319	652
1003	331	305	636
1004	317	290	607
1005	335	303	638
1006	327	300	627
1007	309	308	617
1008	324	307	631
1009	287	327	614
1010	344	314	658
1011	325	304	629
1012	328	300	628
1013	306	295	601
1014	318	320	638
1015	303	335	638
1016	311	318	629
1017	320	297	617
1018	304	304	608
1019	313	310	623
1020	324	285	609
1021	336	308	644
1022	321	297	618
1023	328	287	615
1024	306	299	605
1025	314	319	633
1026	324	312	636
1027	320	313	633
1028	333	303	636
1029	335	307	642
1030	323	309	632
1031	318	319	637
1032	308	314	622
1033	336	298	634
1034	358	273	631
1035	324	311	635
1036	303	299	602
1037	325	299	624
1038	327	304	631
1039	342	285	627
1040	351	307	658
1041	323	328	651
1042	307	311	618
1043	331	293	624
1044	330	305	635
1045	316	317	633
1046	310	296	606
1047	317	316	633
1048	336	322	658
1049	325	313	638
1050	337	318	655
1051	309	324	633
1052	310	320	630
1053	308	295	603
1054	321	300	621
1055	325	291	616
1056	334	302	636
1057	339	299	638
1058	328	308	636
1059	312	284	596
1060	321	282	603
1061	319	306	625
1062	319	310	629
1063	334	296	630
1064	308	273	581
1065	308	302	610
1066	344	297	641
1067	308	323	631
1068	319	307	626
1069	316	307	623
1070	316	297	613
1071	301	315	616
1072	327	316	643
1073	312	301	613
1074	312	302	614
1075	330	299	629
1076	316	287	603
1077	316	324	640
1078	321	293	614
1079	330	307	637
1080	307	310	617
1081	318	298	616
1082	332	312	644
1083	317	309	626
1084	321	304	625
1085	304	288	592
1086	317	294	611
1087	334	311	645
1088	340	291	631
1089	309	294	603
1090	313	303	616
1091	315	304	619
1092	335	306	641
1093	304	281	585
1094	314	292	606
1095	322	298	620
1096	333	317	650
1097	298	301	599
1098	328	295	623
1099	332	306	638
1100	329	293	622
1101	323	302	625
1102	290	296	586
1103	314	303	617
1104	293	287	580
1105	296	302	598
1106	318	302	620
1107	321	313	634
1108	340	315	655
1109	316	314	630
1110	299	311	610
1111	323	302	625
1112	297	299	596
1113	301	314	615
1114	311	306	617
1115	327	298	625
1116	304	302	606
1117	306	279	585
1118	314	281	595
1119	324	294	618
1120	305	290	595
1121	300	295	595
1122	327	289	616
1123	311	295	606
1124	325	294	619
1125	324	298	622
1126	344	306	650
1127	345	315	660
1128	349	264	613
1129	326	290	616
1130	320	323	643
1131	314	309	623
1132	315	318	633
1133	309	286	595
1134	311	294	605
1135	312	319	631
1136	319	299	618
1137	308	272	580
1138	305	289	594
1139	316	283	599
1140	360	297	657
1141	319	310	629
1142	313	293	606
1143	313	296	609
1144	322	296	618
1145	304	289	593
1146	325	283	608
1147	329	278	607
1148	327	299	626
1149	305	281	586
1150	333	279	612
1151	338	306	644
1152	329	301	630
1153	326	292	618
1154	334	299	633
1155	322	288	610
1156	311	299	610
1157	309	297	606
1158	306	313	619
1159	324	319	643
1160	320	313	633
1161	296	293	589
1162	322	308	630
1163	304	324	628
1164	300	301	601
1165	315	316	631
1166	314	323	637
1167	321	301	622
1168	328	310	638
1169	291	340	631
1170	308	322	630
1171	316	300	616
1172	317	306	623
1173	300	305	605
1174	313	303	616
1175	302	274	576
1176	330	296	626
1177	333	305	638
1178	328	302	630
1179	319	288	607
1180	331	280	611
1181	316	305	621
1182	302	303	605
1183	310	309	619
1184	330	313	643
1185	314	313	627
1186	337	302	639
1187	327	287	614
1188	333	312	645
1189	338	267	605
1190	339	269	608
1191	317	296	613
1192	328	317	645
1193	330	299	629
1194	341	291	632
1195	328	321	649
1196	337	299	636
1197	329	285	614
1198	326	291	617
1199	318	304	622
1200	326	301	627
1201	308	307	615
1202	308	315	623
1203	314	317	631
1204	336	304	640
1205	329	285	614
1206	335	288	623
1207	334	289	623
1208	300	312	612
1209	326	306	632
1210	334	309	643
1211	341	303	644
1212	336	307	643
1213	315	294	609
1214	293	288	581
1215	325	274	599
1216	336	288	624
1217	314	277	591
1218	299	295	594
1219	332	291	623
1220	344	295	639
1221	308	307	615
1222	317	297	614
1223	321	296	617
1224	327	308	635
1225	300	312	612
1226	334	304	638
1227	317	308	625
1228	306	300	606
1229	304	304	608
1230	333	279	612
1231	331	288	619
1232	300	319	619
1233	302	303	605
1234	303	313	616
1235	348	296	644
1236	332	310	642
1237	333	327	660
1238	327	305	632
1239	336	314	650
1240	338	296	634
1241	330	312	642
1242	344	297	641
1243	330	294	624
1244	301	338	639
1245	307	333	640
1246	302	317	619
1247	306	309	615
1248	307	303	610
1249	310	304	614
1250	313	290	603
1251	304	298	602
1252	330	296	626
1253	325	273	598
1254	315	288	603
1255	309	290	599
1256	321	288	609
1257	311	314	625
1258	317	310	627
1259	322	298	620
1260	319	280	599
1261	302	300	602
1262	306	321	627
1263	324	325	649
1264	323	309	632
1265	312	299	611
1266	308	315	623
1267	312	298	610
1268	317	297	614
1269	317	306	623
1270	332	312	644
1271	319	303	622
1272	297	314	611
1273	313	320	633
1274	320	331	651
1275	319	320	639
1276	296	304	600
1277	320	309	629
1278	331	311	642
1279	328	317	645
1280	329	305	634
1281	323	294	617
1282	339	299	638
1283	337	293	630
1284	303	314	617
1285	314	308	622
1286	303	315	618
1287	328	313	641
1288	333	294	627
1289	329	296	625
1290	303	339	642
1291	326	294	620
1292	319	292	611
1293	304	300	604
1294	316	318	634
1295	315	291	606
1296	322	321	643
1297	309	312	621
1298	318	289	607
1299	326	302	628
1300	336	312	648
1301	329	292	621
1302	309	301	610
1303	317	273	590
1304	314	310	624
1305	301	302	603
1306	322	305	627
1307	323	305	628
1308	326	288	614
1309	340	301	641
1310	334	300	634
1311	354	322	676
1312	328	305	633
1313	304	293	597
1314	292	299	591
1315	311	285	596
1316	300	296	596
1317	320	287	607
1318	299	298	597
1319	322	319	641
1320	324	298	622
1321	323	295	618
1322	330	302	632
1323	307	303	610
1324	334	319	653
1325	340	298	638
1326	335	299	634
1327	322	294	616
1328	311	285	596
1329	323	295	618
1330	301	302	603
1331	319	310	629
1332	318	296	614
1333	312	302	614
1334	297	281	578
1335	329	294	623
1336	312	288	600
1337	321	285	606
1338	318	303	621
1339	304	307	611
1340	322	286	608
1341	309	300	609
1342	315	297	612
1343	328	289	617
1344	323	302	625
1345	332	302	634
1346	318	298	616
1347	327	282	609
1348	333	289	622
1349	312	290	602
1350	313	281	594
1351	303	306	609
1352	317	325	642
1353	297	303	600
1354	318	295	613
1355	326	305	631
1356	320	312	632
1357	312	314	626
1358	302	287	589
1359	309	300	609
1360	308	303	611
1361	324	328	652
1362	334	295	629
1363	320	324	644
1364	307	306	613
1365	303	313	616
1366	327	276	603
1367	310	288	598
1368	293	289	582
1369	312	310	622
1370	327	270	597
1371	289	291	580
1372	334	308	642
1373	352	296	648
1374	332	295	627
1375	319	306	625
1376	330	309	639
1377	322	294	616
1378	312	306	618
1379	317	301	618
1380	321	270	591
1381	300	285	585
1382	306	285	591
1383	330	314	644
1384	333	307	640
1385	340	302	642
1386	307	327	634
1387	342	307	649
1388	333	305	638
1389	320	301	621
1390	315	309	624
1391	317	309	626
1392	357	289	646
1393	322	296	618
1394	316	308	624
1395	310	290	600
1396	309	281	590
1397	327	313	640
1398	353	317	670
1399	351	294	645
1400	324	302	626
1401	324	292	616
1402	316	303	619
1403	317	320	637
1404	321	292	613
1405	324	320	644
1406	306	289	595
1407	337	300	637
1408	336	292	628
1409	308	300	608
1410	319	298	617
1411	323	297	620
1412	321	312	633
1413	332	285	617
1414	321	261	582
1415	314	294	608
1416	307	315	622
1417	334	316	650
1418	316	331	647
1419	332	309	641
1420	332	329	661
1421	324	292	616
1422	337	290	627
1423	334	271	605
1424	321	290	611
1425	320	278	598
1426	315	293	608
1427	313	302	615
1428	318	292	610
1429	320	314	634
1430	303	298	601
1431	301	311	612
1432	305	310	615
1433	312	297	609
1434	332	293	625
1435	343	289	632
1436	331	300	631
1437	321	317	638
1438	301	333	634
1439	322	316	638
1440	313	293	606
1441	292	301	593
1442	320	281	601
1443	330	306	636
1444	327	287	614
1445	330	297	627
1446	307	299	606
1447	307	312	619
1448	328	300	628
1449	334	281	615
1450	317	302	619
1451	308	296	604
1452	326	303	629
1453	312	299	611
1454	340	288	628
1455	310	305	615
1456	318	314	632
1457	300	263	563
1458	315	301	616
1459	313	288	601
1460	320	295	615
1461	317	320	637
1462	302	326	628
1463	323	315	638
1464	319	304	623
1465	330	321	651
1466	326	337	663
1467	313	304	617
1468	310	291	601
1469	302	282	584
1470	295	308	603
1471	320	300	620
1472	317	317	634
1473	330	300	630
1474	328	301	629
1475	297	327	624
1476	301	303	604
1477	318	298	616
1478	352	279	631
1479	333	310	643
1480	314	312	626
1481	276	320	596
1482	314	306	620
1483	317	296	613
1484	313	302	615
1485	321	280	601
1486	337	271	608
1487	336	295	631
1488	306	317	623
1489	308	282	590
1490	315	270	585
1491	311	289	600
1492	318	315	633
1493	317	305	622
1494	313	291	604
1495	334	280	614
1496	330	289	619
1497	325	326	651
1498	309	324	633
1499	322	300	622
1500	303	289	592
1501	299	306	605
1502	298	313	611
1503	316	306	622
1504	323	303	626
1505	300	307	607
1506	310	300	610
1507	311	288	599
1508	324	302	626
1509	321	315	636
1510	344	308	652
1511	354	312	666
1512	315	296	611
1513	318	313	631
1514	300	311	611
1515	336	303	639
1516	325	289	614
1517	320	290	610
1518	315	288	603
1519	313	287	600
1520	318	305	623
1521	318	304	622
1522	324	314	638
1523	339	313	652
1524	335	300	635
1525	319	278	597
1526	314	270	584
1527	346	297	643
1528	313	287	600
1529	327	309	636
1530	340	300	640
1531	329	275	604
1532	313	301	614
1533	318	307	625
1534	323	308	631
1535	295	307	602
1536	320	291	611
1537	330	291	621
1538	331	312	643
1539	329	294	623
1540	340	301	641
1541	336	297	633
1542	325	298	623
1543	329	285	614
1544	338	312	650
1545	334	304	638
1546	320	318	638
1547	328	323	651
1548	329	308	637
1549	321	292	613
1550	336	305	641
1551	330	317	647
1552	320	292	612
1553	322	301	623
1554	309	300	609
1555	294	289	583
1556	295	271	566
1557	324	304	628
1558	312	328	640
1559	325	304	629
1560	328	299	627
1561	331	302	633
1562	312	292	604
1563	324	273	597
1564	307	312	619
1565	295	305	600
1566	297	302	599
1567	292	320	612
1568	316	317	633
1569	305	309	614
1570	327	302	629
1571	324	303	627
1572	323	304	627
1573	297	321	618
1574	326	305	631
1575	321	311	632
1576	339	305	644
1577	320	294	614
1578	314	305	619
1579	329	299	628
1580	309	312	621
1581	310	299	609
1582	319	311	630
1583	317	318	635
1584	329	293	622
1585	321	286	607
1586	311	298	609
1587	334	310	644
1588	322	313	635
1589	347	301	648
1590	328	272	600
1591	322	287	609
1592	330	303	633
1593	313	303	616
1594	330	287	617
1595	296	310	606
1596	320	316	636
1597	335	318	653
1598	300	317	617
1599	293	327	620
1600	310	282	592
1601	312	310	622
1602	303	310	613
1603	318	305	623
1604	346	302	648
1605	317	321	638
1606	326	279	605
1607	317	278	595
1608	302	299	601
1609	332	301	633
1610	304	305	609
1611	320	294	614
1612	322	287	609
1613	312	299	611
1614	322	313	635
1615	302	313	615
1616	316	307	623
1617	317	326	643
1618	325	289	614
1619	311	314	625
1620	322	292	614
1621	306	316	622
1622	313	309	622
1623	328	288	616
1624	321	288	609
1625	309	314	623
1626	343	313	656
1627	320	316	636
1628	324	314	638
1629	324	293	617
1630	303	300	603
1631	316	318	634
1632	304	317	621
1633	324	309	633
1634	321	328	649
1635	320	310	630
1636	318	299	617
1637	312	303	615
1638	323	314	637
1639	286	310	596
1640	325	316	641
1641	321	297	618
1642	307	288	595
1643	323	295	618
1644	326	325	651
1645	324	306	630
1646	319	290	609
1647	331	288	619
1648	334	271	605
1649	314	295	609
1650	333	319	652
1651	321	303	624
1652	313	298	611
1653	313	309	622
1654	315	311	626
1655	317	295	612
1656	319	306	625
1657	332	292	624
1658	303	315	618
1659	320	292	612
1660	334	288	622
1661	312	310	622
1662	330	306	636
1663	311	302	613
1664	311	292	603
1665	325	282	607
1666	298	325	623
1667	345	319	664
1668	338	289	627
1669	336	317	653
1670	305	287	592
1671	335	281	616
1672	311	280	591
1673	332	311	643
1674	326	310	636
1675	320	301	621
1676	329	289	618
1677	327	291	618
1678	349	290	639
1679	331	296	627
1680	334	311	645
1681	315	310	625
1682	317	308	625
1683	307	291	598
1684	307	280	587
1685	322	270	592
1686	308	278	586
1687	327	335	662
1688	315	314	629
1689	314	295	609
1690	324	289	613
1691	315	316	631
1692	325	310	635
1693	320	283	603
1694	314	296	610
1695	308	299	607
1696	343	284	627
1697	325	278	603
1698	319	292	611
1699	295	292	587
1700	303	299	602
1701	320	293	613
1702	329	309	638
1703	314	305	619
1704	318	298	616
1705	330	301	631
1706	317	289	606
1707	311	292	603
1708	329	285	614
1709	304	311	615
1710	318	292	610
1711	339	276	615
1712	328	299	627
1713	324	302	626
1714	316	302	618
1715	324	320	644
1716	329	318	647
1717	341	341	682
1718	324	314	638
1719	325	306	631
1720	343	313	656
1721	341	302	643
1722	303	317	620
1723	305	333	638
1724	319	304	623
1725	320	299	619
1726	296	313	609
1727	310	328	638
1728	323	291	614
1729	309	295	604
1730	305	311	616
1731	303	306	609
1732	315	297	612
1733	313	329	642
1734	320	294	614
1735	309	284	593
1736	306	291	597
1737	324	303	627
1738	325	322	647
1739	337	310	647
1740	322	310	632
1741	303	312	615
1742	320	311	631
1743	310	306	616
1744	318	296	614
1745	338	305	643
1746	323	302	625
1747	314	311	625
1748	304	293	597
1749	297	314	611
1750	318	276	594
1751	322	310	632
1752	325	314	639
1753	315	306	621
1754	317	282	599
1755	313	286	599
1756	322	310	632
1757	318	302	620
1758	334	281	615
1759	330	305	635
1760	327	305	632
1761	316	308	624
1762	339	291	630
1763	319	288	607
1764	328	311	639
1765	306	331	637
1766	325	310	635
1767	314	310	624
1768	327	310	637
1769	299	297	596
1770	326	307	633
1771	352	296	648
1772	317	315	632
1773	308	292	600
1774	304	296	600
1775	335	321	656
1776	323	314	637
1777	321	346	667
1778	325	310	635
1779	344	326	670
1780	333	290	623
1781	331	299	630
1782	328	296	624
1783	317	312	629
1784	306	319	625
1785	335	303	638
1786	309	314	623
1787	324	314	638
1788	325	318	643
1789	302	290	592
1790	313	294	607
1791	306	292	598
1792	309	294	603
1793	332	281	613
1794	320	304	624
1795	301	320	621
1796	343	304	647
1797	325	309	634
1798	303	290	593
1799	319	314	633
1800	327	311	638
1801	310	302	612
1802	319	315	634
1803	308	288	596
1804	311	314	625
1805	291	302	593
1806	292	308	600
1807	298	312	610
1808	321	301	622
1809	292	294	586
1810	313	292	605
1811	319	288	607
1812	322	294	616
1813	326	284	610
1814	324	292	616
1815	332	286	618
1816	317	312	629
1817	314	298	612
1818	339	289	628
1819	309	296	605
1820	313	313	626
1821	312	316	628
1822	312	294	606
1823	323	295	618
1824	338	312	650
1825	312	309	621
1826	321	309	630
1827	326	309	635
1828	328	325	653
1829	319	284	603
1830	336	299	635
1831	311	304	615
1832	306	304	610
1833	317	335	652
1834	322	307	629
1835	335	284	619
1836	309	302	611
1837	313	301	614
1838	302	305	607
1839	293	304	597
1840	325	307	632
1841	335	310	645
1842	319	295	614
1843	299	342	641
1844	313	311	624
1845	318	294	612
1846	309	291	600
1847	323	290	613
1848	316	322	638
1849	293	321	614
1850	310	316	626
1851	316	331	647
1852	322	318	640
1853	310	301	611
1854	304	316	620
1855	309	319	628
1856	311	313	624
1857	341	307	648
1858	321	310	631
1859	323	312	635
1860	351	315	666
1861	342	292	634
1862	314	287	601
1863	305	314	619
1864	316	315	631
1865	331	315	646
1866	313	295	608
1867	314	281	595
1868	354	303	657
1869	308	298	606
1870	335	315	650
1871	357	320	677
1872	323	313	636
1873	305	284	589
1874	305	286	591
1875	311	288	599
1876	318	289	607
1877	312	295	607
1878	325	286	611
1879	317	301	618
1880	319	298	617
1881	314	296	610
1882	332	300	632
1883	337	300	637
1884	320	300	620
1885	295	282	577
1886	323	326	649
1887	323	293	616
1888	317	297	614
1889	311	284	595
1890	305	299	604
1891	299	298	597
1892	327	306	633
1893	314	317	631
1894	303	296	599
1895	322	289	611
1896	316	293	609
1897	322	293	615
1898	313	287	600
1899	326	297	623
1900	326	306	632
1901	328	298	626
1902	323	306	629
1903	308	323	631
1904	304	291	595
1905	311	302	613
1906	340	300	640
1907	306	272	578
1908	317	299	616
1909	325	302	627
1910	308	296	604
1911	320	310	630
1912	321	312	633
1913	302	305	607
1914	322	306	628
1915	306	295	601
1916	304	294	598
1917	297	274	571
1918	294	292	586
1919	301	301	602
1920	326	293	619
1921	339	311	650
1922	324	291	615
1923	294	310	604
1924	308	308	616
1925	314	313	627
1926	321	320	641
1927	331	310	641
1928	320	302	622
1929	333	291	624
1930	305	293	598
1931	318	322	640
1932	328	317	645
1933	305	300	605
1934	304	295	599
1935	296	312	608
1936	304	311	615
1937	304	322	626
1938	309	295	604
1939	291	294	585
1940	327	286	613
1941	321	301	622
1942	316	316	632
1943	323	313	636
1944	308	316	624
1945	295	330	625
1946	323	315	638
1947	281	314	595
1948	302	327	629
1949	310	299	609
1950	301	286	587
1951	310	322	632
1952	333	295	628
1953	326	295	621
1954	301	303	604
1955	321	293	614
1956	314	285	599
1957	311	296	607
1958	334	293	627
1959	319	310	629
1960	328	314	642
1961	324	314	638
1962	302	296	598
1963	314	299	613
1964	336	296	632
1965	337	306	643
1966	331	288	619
1967	305	290	595
1968	320	303	623
1969	319	309	628
1970	326	314	640
1971	337	318	655
1972	309	331	640
1973	290	331	621
1974	307	305	612
1975	310	307	617
1976	327	295	622
1977	305	311	616
1978	307	318	625
1979	335	302	637
1980	315	293	608
1981	328	306	634
1982	323	318	641
1983	317	303	620
1984	322	292	614
1985	323	295	618
1986	318	301	619
1987	303	296	599
1988	325	297	622
1989	317	282	599
1990	337	291	628
1991	330	274	604
1992	334	265	599
1993	329	276	605
1994	321	323	644
1995	335	278	613
1996	332	311	643
1997	308	302	610
1998	342	280	622
1999	319	271	590
2000	313	271	584
2001	320	267	587
2002	311	315	626
2003	315	302	617
2004	312	297	609
2005	307	309	616
2006	320	313	633
2007	308	295	603
2008	317	305	622
2009	315	271	586
2010	318	279	597
2011	307	294	601
2012	311	293	604
2013	326	326	652
2014	328	293	621
2015	291	290	581
2016	304	303	607
2017	329	311	640
2018	338	297	635
2019	321	332	653
2020	341	293	634
2021	308	319	627
2022	320	305	625
2023	321	299	620
2024	291	307	598
2025	306	287	593
2026	306	288	594
2027	346	289	635
2028	323	304	627
2029	334	313	647
2030	321	299	620
2031	323	308	631
2032	322	307	629
2033	329	322	651
2034	339	285	624
2035	345	320	665
2036	326	301	627
2037	328	310	638
2038	320	281	601
2039	315	298	613
2040	317	300	617
2041	318	306	624
2042	349	303	652
2043	336	298	634
2044	313	295	608
2045	327	308	635
2046	317	316	633
2047	313	308	621
2048	319	298	617
2049	302	282	584
2050	319	283	602
2051	326	290	616
2052	311	288	599
2053	312	283	595
2054	334	318	652
2055	309	298	607
2056	314	292	606
2057	292	304	596
2058	313	309	622
2059	314	301	615
2060	299	314	613
2061	314	305	619
2062	311	290	601
2063	307	306	613
2064	305	286	591
2065	306	303	609
2066	320	300	620
2067	328	308	636
2068	310	311	621
2069	323	297	620
2070	311	299	610
2071	331	275	606
2072	325	296	621
2073	324	313	637
2074	315	293	608
2075	324	288	612
2076	341	298	639
2077	319	275	594
2078	309	283	592
2079	301	302	603
2080	320	301	621
2081	312	284	596
2082	298	281	579
2083	304	282	586
2084	303	312	615
2085	312	314	626
2086	317	308	625
2087	329	302	631
2088	311	316	627
2089	346	314	660
2090	333	297	630
2091	323	296	619
2092	334	292	626
2093	330	290	620
2094	323	304	627
2095	333	295	628
2096	321	310	631
2097	316	276	592
2098	331	288	619
2099	308	298	606
2100	306	318	624
2101	291	316	607
2102	332	312	644
2103	327	319	646
2104	319	299	618
2105	318	295	613
2106	334	306	640
2107	337	288	625
2108	317	302	619
2109	308	307	615
2110	332	308	640
2111	329	305	634
2112	314	328	642
2113	292	292	584
2114	338	267	605
2115	334	299	633
2116	326	286	612
2117	301	306	607
2118	299	321	620
2119	292	308	600
2120	309	310	619
2121	334	288	622
2122	326	299	625
2123	325	319	644
2124	313	313	626
2125	322	316	638
2126	315	312	627
2127	298	324	622
2128	346	305	651
2129	321	299	620
2130	329	291	620
2131	328	295	623
2132	332	290	622
2133	330	300	630
2134	337	316	653
2135	321	306	627
2136	289	300	589
2137	303	310	613
2138	328	287	615
2139	303	297	600
2140	324	287	611
2141	311	284	595
2142	322	278	600
2143	316	305	621
2144	321	289	610
2145	337	296	633
2146	337	319	656
2147	304	312	616
2148	327	304	631
2149	345	303	648
2150	303	318	621
2151	307	287	594
2152	339	296	635
2153	304	299	603
2154	334	279	613
2155	298	286	584
2156	321	319	640
2157	318	301	619
2158	306	298	604
2159	313	298	611
2160	324	300	624
2161	308	308	616
2162	327	285	612
2163	312	290	602
2164	316	308	624
2165	302	289	591
2166	307	289	596
2167	315	318	633
2168	330	302	632
2169	323	290	613
2170	317	311	628
2171	323	317	640
2172	310	291	601
2173	320	297	617
2174	314	281	595
2175	303	292	595
2176	339	294	633
2177	311	287	598
2178	304	298	602
2179	305	307	612
2180	317	301	618
2181	290	301	591
2182	297	308	605
2183	305	332	637
2184	328	305	633
2185	327	307	634
2186	302	299	601
2187	304	293	597
2188	342	325	667
2189	329	305	634
2190	341	299	640
2191	313	300	613
2192	317	303	620
2193	305	304	609
2194	326	298	624
2195	328	286	614
2196	319	302	621
2197	330	286	616
2198	303	305	608
2199	331	301	632
2200	346	296	642
2201	300	308	608
2202	305	305	610
2203	321	287	608
2204	328	300	628
2205	317	297	614
2206	307	300	607
2207	338	282	620
2208	307	289	596
2209	321	292	613
2210	329	330	659
2211	316	312	628
2212	318	303	621
2213	320	321	641
2214	333	316	649
2215	314	317	631
2216	318	303	621
2217	294	299	593
2218	285	313	598
2219	284	311	595
2220	287	308	595
2221	301	306	607
2222	310	321	631
2223	303	309	612
2224	293	304	597
2225	317	284	601
2226	327	302	629
2227	325	298	623
2228	309	303	612
2229	312	301	613
2230	310	283	593
2231	296	286	582
2232	300	296	596
2233	319	293	612
2234	305	289	594
2235	323	290	613
2236	313	302	615
2237	328	315	643
2238	339	297	636
2239	327	291	618
2240	321	307	628
2241	318	317	635
2242	332	305	637
2243	315	308	623
2244	318	310	628
2245	327	263	590
2246	315	303	618
2247	328	274	602
2248	327	296	623
2249	313	303	616
2250	299	312	611
2251	320	274	594
2252	313	280	593
2253	304	278	582
2254	326	309	635
2255	321	320	641
2256	335	321	656
2257	303	327	630
2258	329	324	653
2259	326	288	614
2260	342	296	638
2261	337	312	649
2262	330	295	625
2263	325	303	628
2264	319	307	626
2265	311	312	623
2266	326	300	626
2267	316	305	621
2268	311	303	614
2269	310	305	615
2270	302	305	607
2271	289	309	598
2272	300	299	599
2273	326	334	660
2274	341	315	656
2275	309	330	639
2276	310	310	620
2277	297	319	616
2278	309	318	627
2279	320	296	616
2280	332	297	629
2281	328	311	639
2282	323	296	619
2283	325	291	616
2284	316	296	612
2285	294	310	604
2286	313	288	601
2287	298	316	614
2288	292	321	613
2289	318	287	605
2290	297	301	598
2291	320	286	606
2292	326	292	618
2293	329	304	633
2294	307	309	616
2295	327	305	632
2296	309	292	601
2297	322	308	630
2298	330	298	628
2299	310	299	609
2300	312	289	601
2301	331	301	632
2302	329	300	629
2303	322	296	618
2304	336	321	657
2305	311	305	616
2306	318	292	610
2307	296	296	592
2308	335	276	611
2309	348	298	646
2310	329	285	614
2311	312	284	596
2312	325	279	604
2313	320	274	594
2314	335	309	644
2315	322	297	619
2316	315	308	623
2317	335	323	658
2318	323	310	633
2319	327	330	657
2320	321	322	643
2321	315	310	625
2322	308	292	600
2323	328	314	642
2324	302	309	611
2325	293	313	606
2326	314	303	617
2327	314	287	601
2328	289	292	581
2329	307	305	612
2330	338	295	633
2331	326	298	624
2332	348	290	638
2333	328	297	625
2334	316	304	620
2335	347	302	649
2336	321	302	623
2337	320	296	616
2338	327	280	607
2339	323	303	626
2340	336	286	622
2341	312	311	623
2342	313	324	637
2343	321	305	626
2344	323	291	614
2345	302	300	602
2346	309	305	614
2347	299	321	620
2348	332	313	645
2349	342	295	637
2350	327	296	623
2351	302	291	593
2352	315	291	606
2353	334	292	626
2354	337	342	679
2355	311	306	617
2356	313	299	612
2357	311	327	638
2358	324	310	634
2359	319	296	615
2360	339	312	651
2361	312	289	601
2362	312	286	598
2363	313	300	613
2364	294	293	587
2365	312	301	613
2366	317	310	627
2367	331	300	631
2368	290	305	595
2369	310	291	601
2370	313	283	596
2371	336	286	622
2372	341	313	654
2373	350	317	667
2374	312	301	613
2375	296	305	601
2376	306	300	606
2377	317	294	611
2378	313	333	646
2379	300	322	622
2380	313	314	627
2381	311	324	635
2382	322	304	626
2383	309	320	629
2384	339	308	647
2385	320	284	604
2386	331	293	624
2387	315	312	627
2388	322	282	604
2389	319	278	597
2390	306	316	622
2391	335	300	635
2392	342	308	650
2393	344	282	626
2394	317	280	597
2395	334	272	606
2396	343	277	620
2397	322	293	615
2398	331	299	630
2399	316	303	619
2400	302	286	588
2401	324	297	621
2402	336	293	629
2403	319	295	614
2404	330	305	635
2405	314	291	605
2406	321	300	621
2407	310	320	630
2408	316	297	613
2409	312	302	614
2410	322	292	614
2411	327	294	621
2412	327	307	634
2413	337	261	598
2414	320	285	605
2415	309	300	609
2416	309	318	627
2417	317	301	618
2418	318	318	636
2419	315	316	631
2420	305	299	604
2421	309	292	601
2422	334	306	640
2423	313	292	605
2424	315	264	579
2425	311	308	619
2426	321	305	626
2427	318	315	633
2428	298	325	623
2429	330	293	623
2430	335	305	640
2431	319	321	640
2432	311	312	623
2433	317	274	591
2434	291	294	585
2435	305	301	606
2436	311	316	627
2437	340	281	621
2438	313	300	613
2439	318	299	617
2440	318	284	602
2441	310	304	614
2442	324	322	646
2443	330	301	631
2444	307	330	637
2445	342	298	640
2446	337	322	659
2447	321	305	626
2448	324	298	622
2449	325	323	648
2450	318	320	638
2451	344	312	656
2452	326	319	645
2453	326	311	637
2454	321	316	637
2455	324	296	620
2456	319	294	613
2457	295	303	598
2458	314	304	618
2459	313	278	591
2460	317	277	594
2461	312	281	593
2462	345	293	638
2463	328	294	622
2464	351	307	658
2465	337	316	653
2466	305	296	601
2467	311	294	605
2468	305	286	591
2469	318	274	592
2470	310	297	607
2471	317	294	611
2472	323	312	635
2473	316	306	622
2474	322	308	630
2475	320	308	628
2476	333	280	613
2477	320	298	618
2478	314	274	588
2479	316	283	599
2480	304	315	619
2481	310	308	618
2482	332	320	652
2483	313	289	602
2484	292	311	603
2485	315	316	631
2486	332	305	637
2487	324	313	637
2488	300	292	592
2489	305	301	606
2490	324	300	624
2491	324	320	644
2492	306	301	607
2493	310	316	626
2494	318	310	628
2495	330	297	627
2496	303	293	596
2497	320	293	613
2498	326	279	605
2499	328	294	622
2500	334	308	642
2501	310	289	599
2502	319	298	617
2503	318	291	609
2504	327	274	601
2505	318	309	627
2506	320	286	606
2507	318	290	608
2508	310	303	613
2509	312	296	608
2510	323	299	622
2511	318	287	605
2512	326	298	624
2513	324	280	604
2514	311	292	603
2515	308	278	586
2516	310	281	591
2517	308	295	603
2518	317	324	641
2519	340	295	635
2520	334	297	631
2521	319	309	628
2522	332	293	625
2523	352	293	645
2524	312	304	616
2525	314	326	640
2526	315	307	622
2527	318	295	613
2528	330	297	627
2529	336	311	647
2530	344	286	630
2531	337	287	624
2532	316	314	630
2533	329	299	628
2534	350	313	663
2535	326	312	638
2536	315	315	630
2537	310	305	615
2538	326	287	613
2539	304	302	606
2540	297	291	588
2541	316	290	606
2542	307	305	612
2543	329	297	626
2544	314	301	615
2545	308	296	604
2546	323	289	612
2547	329	293	622
2548	329	293	622
2549	306	305	611
2550	326	294	620
2551	314	301	615
2552	326	302	628
2553	325	289	614
2554	330	307	637
2555	341	302	643
2556	317	300	617
2557	317	302	619
2558	309	316	625
2559	320	308	628
2560	311	303	614
2561	327	306	633
2562	326	276	602
2563	301	276	577
2564	307	285	592
2565	322	287	609
2566	304	289	593
2567	312	287	599
2568	312	297	609
2569	323	301	624
2570	329	285	614
2571	322	311	633
2572	322	309	631
2573	326	322	648
2574	329	312	641
2575	316	304	620
2576	311	310	621
2577	323	311	634
2578	323	294	617
2579	342	273	615
2580	334	302	636
2581	309	326	635
2582	324	307	631
2583	318	319	637
2584	324	290	614
2585	312	311	623
2586	286	331	617
2587	308	312	620
2588	322	298	620
2589	327	282	609
2590	331	270	601
2591	339	295	634
2592	308	306	614
2593	304	312	616
2594	313	287	600
2595	311	297	608
2596	298	303	601
2597	307	292	599
2598	324	309	633
2599	332	298	630
2600	335	317	652
2601	318	326	644
2602	311	308	619
2603	303	299	602
2604	293	314	607
2605	327	302	629
2606	324	332	656
2607	350	301	651
2608	327	316	643
2609	309	268	577
2610	312	283	595
2611	332	280	612
2612	326	314	640
2613	326	287	613
2614	329	297	626
2615	326	298	624
2616	301	310	611
2617	303	304	607
2618	313	291	604
2619	321	295	616
2620	324	287	611
2621	326	307	633
2622	324	280	604
2623	331	310	641
2624	320	321	641
2625	330	305	635
2626	314	289	603
2627	305	312	617
2628	339	321	660
2629	342	305	647
2630	329	307	636
2631	323	295	618
2632	329	276	605
2633	322	300	622
2634	308	299	607
2635	308	304	612
2636	325	294	619
2637	294	291	585
2638	301	305	606
2639	301	310	611
2640	309	303	612
2641	316	304	620
2642	314	311	625
2643	316	311	627
2644	327	302	629
2645	328	276	604
2646	326	289	615
2647	329	293	622
2648	313	309	622
2649	310	314	624
2650	301	317	618
2651	292	314	606
2652	322	284	606
2653	318	300	618
2654	329	268	597
2655	327	295	622
2656	327	312	639
2657	328	307	635
2658	314	301	615
2659	302	311	613
2660	326	306	632
2661	327	304	631
2662	306	299	605
2663	306	301	607
2664	323	289	612
2665	303	312	615
2666	315	319	634
2667	329	317	646
2668	310	305	615
2669	324	289	613
2670	330	288	618
2671	298	319	617
2672	324	303	627
2673	326	302	628
2674	302	290	592
2675	317	276	593
2676	314	295	609
2677	315	306	621
2678	283	314	597
2679	319	293	612
2680	319	288	607
2681	300	288	588
2682	321	298	619
2683	311	286	597
2684	307	300	607
2685	328	319	647
2686	315	302	617
2687	307	304	611
2688	323	284	607
2689	337	290	627
2690	329	292	621
2691	300	293	593
2692	313	311	624
2693	336	302	638
2694	327	302	629
2695	314	316	630
2696	308	313	621
2697	293	312	605
2698	294	323	617
2699	307	304	611
2700	321	283	604
2701	307	294	601
2702	335	310	645
2703	313	294	607
2704	312	312	624
2705	317	300	617
2706	333	281	614
2707	328	301	629
2708	317	312	629
2709	313	293	606
2710	327	292	619
2711	336	305	641
2712	332	318	650
2713	342	283	625
2714	300	307	607
2715	335	289	624
2716	334	304	638
2717	335	306	641
2718	329	313	642
2719	323	305	628
2720	302	307	609
2721	348	311	659
2722	314	294	608
2723	332	293	625
2724	311	305	616
2725	319	297	616
2726	328	320	648
2727	298	316	614
2728	331	306	637
2729	325	297	622
2730	324	305	629
2731	313	310	623
2732	332	306	638
2733	330	301	631
2734	324	298	622
2735	332	294	626
2736	303	290	593
2737	317	313	630
2738	316	300	616
2739	288	313	601
2740	303	307	610
2741	306	307	613
2742	310	317	627
2743	303	318	621
2744	320	299	619
2745	341	315	656
2746	319	295	614
2747	330	301	631
2748	331	300	631
2749	310	313	623
2750	301	315	616
2751	338	315	653
2752	309	314	623
2753	323	307	630
2754	296	326	622
2755	334	324	658
2756	299	305	604
2757	310	313	623
2758	311	293	604
2759	324	273	597
2760	305	287	592
2761	307	298	605
2762	300	292	592
2763	318	295	613
2764	297	302	599
2765	322	309	631
2766	314	294	608
2767	325	295	620
2768	321	321	642
2769	331	316	647
2770	307	306	613
2771	325	309	634
2772	317	289	606
2773	311	300	611
2774	327	322	649
2775	329	321	650
2776	310	302	612
2777	306	317	623
2778	317	316	633
2779	306	290	596
2780	326	319	645
2781	319	324	643
2782	326	300	626
2783	304	306	610
2784	332	300	632
2785	321	334	655
2786	312	313	625
2787	335	274	609
2788	302	298	600
2789	327	277	604
2790	311	290	601
2791	314	286	600
2792	305	303	608
2793	330	293	623
2794	305	298	603
2795	318	308	626
2796	299	290	589
2797	315	298	613
2798	332	309	641
2799	289	305	594
2800	282	317	599
2801	313	296	609
2802	297	337	634
2803	330	309	639
2804	302	295	597
2805	297	295	592
2806	292	309	601
2807	340	301	641
2808	331	282	613
2809	323	295	618
2810	306	303	609
2811	312	315	627
2812	312	289	601
2813	314	279	593
2814	308	287	595
2815	316	282	598
2816	314	282	596
2817	308	313	621
2818	301	320	621
2819	299	292	591
2820	314	313	627
2821	300	303	603
2822	286	315	601
2823	313	307	620
2824	330	287	617
2825	345	312	657
2826	327	285	612
2827	319	304	623
2828	304	290	594
2829	337	281	618
2830	314	285	599
2831	320	302	622
2832	344	302	646
2833	328	312	640
2834	327	301	628
2835	318	305	623
2836	336	294	630
2837	331	298	629
2838	313	316	629
2839	301	313	614
2840	320	310	630
2841	329	298	627
2842	331	307	638
2843	313	308	621
2844	326	325	651
2845	339	306	645
2846	320	303	623
2847	314	268	582
2848	316	305	621
2849	324	322	646
2850	341	290	631
2851	334	309	643
2852	327	300	627
2853	333	312	645
2854	325	300	625
2855	312	284	596
2856	317	295	612
2857	316	292	608
2858	314	310	624
2859	309	321	630
2860	301	312	613
2861	325	312	637
2862	301	300	601
2863	315	308	623
2864	319	301	620
2865	326	280	606
2866	328	306	634
2867	328	296	624
2868	315	287	602
2869	301	302	603
2870	299	276	575
2871	314	279	593
2872	310	298	608
2873	299	298	597
2874	316	284	600
2875	321	294	615
2876	315	308	623
2877	312	302	614
2878	314	315	629
2879	312	326	638
2880	309	308	617
2881	314	308	622
2882	323	312	635
2883	311	307	618
2884	310	298	608
2885	312	298	610
2886	321	303	624
2887	331	301	632
2888	337	328	665
2889	302	289	591
2890	342	307	649
2891	335	308	643
2892	318	289	607
2893	322	308	630
2894	317	299	616
2895	321	304	625
2896	320	300	620
2897	305	327	632
2898	331	315	646
2899	335	303	638
2900	317	305	622
2901	338	302	640
2902	323	285	608
2903	325	289	614
2904	315	290	605
2905	328	311	639
2906	312	320	632
2907	301	335	636
2908	318	313	631
2909	298	308	606
2910	290	310	600
2911	308	299	607
2912	326	297	623
2913	322	305	627
2914	330	314	644
2915	315	320	635
2916	320	316	636
2917	319	305	624
2918	339	294	633
2919	322	280	602
2920	327	280	607
2921	314	310	624
2922	323	294	617
2923	332	293	625
2924	305	293	598
2925	323	305	628
2926	322	304	626
2927	289	311	600
2928	324	312	636
2929	320	313	633
2930	319	320	639
2931	292	305	597
2932	338	307	645
2933	324	311	635
2934	333	316	649
2935	321	304	625
2936	329	295	624
2937	314	305	619
2938	313	286	599
2939	331	303	634
2940	335	329	664
2941	325	309	634
2942	314	296	610
2943	309	309	618
2944	294	310	604
2945	313	293	606
2946	316	273	589
2947	325	283	608
2948	326	300	626
2949	329	291	620
2950	314	307	621
2951	317	303	620
2952	313	318	631
2953	362	295	657
2954	331	331	662
2955	338	288	626
2956	307	275	582
2957	315	292	607
2958	321	282	603
2959	308	293	601
2960	330	283	613
2961	319	308	627
2962	322	292	614
2963	331	296	627
2964	315	306	621
2965	329	300	629
2966	323	302	625
2967	325	291	616
2968	342	299	641
2969	335	293	628
2970	299	293	592
2971	297	309	606
2972	319	308	627
2973	313	307	620
2974	310	298	608
2975	337	296	633
2976	346	301	647
2977	320	287	607
2978	316	275	591
2979	307	296	603
2980	333	293	626
2981	330	296	626
2982	321	294	615
2983	313	296	609
2984	306	289	595
2985	312	285	597
2986	341	285	626
2987	319	298	617
2988	343	311	654
2989	327	309	636
2990	318	323	641
2991	319	313	632
2992	290	300	590
2993	307	316	623
2994	307	307	614
2995	328	310	638
2996	307	311	618
2997	335	296	631
2998	322	296	618
2999	307	304	611
3000	317	295	612
3001	336	306	642
3002	301	302	603
3003	314	317	631
3004	335	293	628
3005	318	309	627
3006	304	297	601
3007	303	283	586
3008	315	308	623
3009	314	299	613
3010	324	303	627
3011	278	329	607
3012	327	290	617
3013	311	294	605
3014	307	284	591
3015	324	279	603
3016	327	287	614
3017	306	303	609
3018	323	297	620
3019	329	301	630
3020	301	304	605
3021	330	291	621
3022	326	329	655
3023	321	304	625
3024	308	293	601
3025	330	282	612
3026	323	306	629
3027	316	307	623
3028	307	332	639
3029	333	296	629
3030	337	310	647
3031	318	311	629
3032	324	318	642
3033	324	301	625
3034	316	308	624
3035	317	298	615
3036	314	284	598
3037	330	298	628
3038	311	276	587
3039	319	290	609
3040	336	288	624
3041	325	284	609
3042	333	313	646
3043	318	326	644
3044	330	321	651
3045	338	290	628
3046	320	300	620
3047	326	310	636
3048	305	309	614
3049	314	314	628
3050	320	311	631
3051	326	317	643
3052	305	296	601
3053	314	283	597
3054	315	282	597
3055	326	274	600
3056	299	298	597
3057	293	280	573
3058	296	282	578
3059	311	277	588
3060	312	294	606
3061	313	292	605
3062	328	297	625
3063	323	312	635
3064	319	311	630
3065	312	312	624
3066	310	309	619
3067	309	297	606
3068	322	309	631
3069	301	312	613
3070	318	311	629
3071	334	278	612
3072	322	290	612
3073	303	298	601
3074	298	309	607
3075	304	306	610
3076	313	309	622
3077	304	319	623
3078	330	300	630
3079	289	300	589
3080	287	280	567
3081	304	283	587
3082	330	294	624
3083	330	313	643
3084	310	287	597
3085	308	286	594
3086	335	290	625
3087	335	295	630
3088	308	324	632
3089	318	331	649
3090	321	296	617
3091	332	326	658
3092	316	293	609
3093	321	286	607
3094	307	317	624
3095	325	323	648
3096	347	301	648
3097	344	298	642
3098	313	311	624
3099	330	318	648
3100	314	316	630
3101	308	300	608
3102	300	292	592
3103	315	318	633
3104	326	312	638
3105	300	302	602
3106	310	304	614
3107	326	309	635
3108	328	290	618
3109	320	288	608
3110	306	286	592
3111	321	291	612
3112	329	273	602
3113	316	285	601
3114	321	318	639
3115	336	298	634
3116	323	322	645
3117	295	311	606
3118	305	304	609
3119	298	283	581
3120	325	290	615
3121	303	303	606
3122	312	315	627
3123	322	304	626
3124	331	302	633
3125	339	292	631
3126	315	294	609
3127	289	312	601
3128	309	312	621
3129	286	335	621
3130	305	320	625
3131	316	310	626
3132	314	305	619
3133	305	285	590
3134	313	310	623
3135	320	291	611
3136	333	320	653
3137	312	299	611
3138	327	309	636
3139	315	327	642
3140	312	294	606
3141	329	296	625
3142	321	322	643
3143	329	303	632
3144	322	281	603
3145	317	298	615
3146	311	306	617
3147	320	304	624
3148	296	312	608
3149	327	300	627
3150	320	304	624
3151	314	295	609
3152	346	285	631
3153	318	292	610
3154	314	288	602
3155	303	314	617
3156	317	286	603
3157	334	292	626
3158	327	295	622
3159	309	310	619
3160	316	325	641
3161	321	324	645
3162	323	308	631
3163	314	284	598
3164	321	289	610
3165	332	293	625
3166	342	291	633
3167	307	286	593
3168	320	300	620
3169	317	320	637
3170	297	289	586
3171	291	309	600
3172	304	300	604
3173	324	293	617
3174	324	295	619
3175	308	303	611
3176	312	301	613
3177	312	285	597
3178	320	292	612
3179	318	283	601
3180	310	300	610
3181	307	310	617
3182	312	310	622
3183	301	309	610
3184	320	291	611
3185	304	304	608
3186	308	293	601
3187	330	306	636
3188	331	302	633
3189	338	298	636
3190	318	298	616
3191	324	279	603
3192	319	313	632
3193	326	283	609
3194	307	300	607
3195	322	309	631
3196	313	293	606
3197	325	300	625
3198	324	295	619
3199	325	335	660
3200	295	311	606
3201	328	302	630
3202	321	304	625
3203	311	299	610
3204	326	296	622
3205	312	290	602
3206	327	299	626
3207	324	307	631
3208	347	330	677
3209	347	309	656
3210	330	292	622
3211	327	316	643
3212	306	302	608
3213	317	302	619
3214	335	318	653
3215	320	301	621
3216	319	303	622
3217	325	294	619
3218	300	293	593
3219	301	306	607
3220	317	326	643
3221	305	323	628
3222	311	301	612
3223	315	293	608
3224	326	307	633
3225	324	291	615
3226	322	305	627
3227	315	266	581
3228	305	302	607
3229	339	301	640
3230	324	296	620
3231	323	280	603
3232	336	297	633
3233	343	303	646
3234	329	266	595
3235	295	283	578
3236	311	280	591
3237	316	294	610
3238	327	314	641
3239	318	286	604
3240	317	295	612
3241	333	284	617
3242	332	305	637
3243	337	319	656
3244	301	294	595
3245	289	308	597
3246	319	306	625
3247	334	308	642
3248	300	293	593
3249	305	321	626
3250	323	319	642
3251	343	297	640
3252	321	297	618
3253	337	307	644
3254	330	327	657
3255	325	299	624
3256	304	308	612
3257	316	290	606
3258	332	293	625
3259	324	287	611
3260	326	302	628
3261	311	295	606
3262	314	323	637
3263	304	334	638
3264	331	318	649
3265	315	303	618
3266	320	299	619
3267	333	290	623
3268	324	274	598
3269	342	300	642
3270	332	294	626
3271	332	287	619
3272	331	300	631
3273	311	286	597
3274	332	300	632
3275	318	286	604
3276	318	270	588
3277	327	311	638
3278	325	305	630
3279	319	306	625
3280	320	290	610
3281	324	289	613
3282	326	301	627
3283	323	285	608
3284	303	309	612
3285	306	307	613
3286	317	316	633
3287	313	292	605
3288	314	312	626
3289	321	303	624
3290	337	292	629
3291	325	310	635
3292	298	325	623
3293	315	297	612
3294	338	286	624
3295	346	292	638
3296	329	319	648
3297	348	282	630
3298	360	304	664
3299	322	307	629
3300	302	300	602
3301	329	285	614
3302	313	293	606
3303	312	284	596
3304	325	289	614
3305	331	323	654
3306	289	307	596
3307	334	298	632
3308	319	320	639
3309	323	307	630
3310	315	288	603
3311	314	314	628
3312	321	311	632
3313	315	295	610
3314	293	305	598
3315	319	297	616
3316	326	311	637
3317	301	317	618
3318	318	309	627
3319	336	290	626
3320	339	310	649
3321	324	315	639
3322	333	288	621
3323	328	323	651
3324	314	322	636
3325	345	297	642
3326	313	295	608
3327	339	274	613
3328	317	292	609
3329	291	299	590
3330	327	271	598
3331	328	287	615
3332	344	301	645
3333	317	317	634
3334	328	305	633
3335	315	287	602
3336	306	298	604
3337	328	294	622
3338	324	293	617
3339	334	284	618
3340	317	276	593
3341	329	277	606
3342	312	305	617
3343	307	308	615
3344	323	320	643
3345	338	305	643
3346	307	340	647
3347	323	297	620
3348	333	295	628
3349	307	288	595
3350	297	307	604
3351	304	293	597
3352	309	287	596
3353	327	278	605
3354	305	287	592
3355	321	297	618
3356	310	295	605
3357	321	320	641
3358	332	294	626
3359	345	287	632
3360	316	296	612
3361	332	304	636
3362	322	314	636
3363	320	304	624
3364	321	323	644
3365	314	318	632
3366	313	292	605
3367	334	303	637
3368	329	290	619
3369	309	296	605
3370	330	306	636
3371	328	303	631
3372	322	337	659
3373	315	301	616
3374	305	298	603
3375	317	289	606
3376	315	296	611
3377	311	296	607
3378	325	297	622
3379	329	282	611
3380	308	315	623
3381	320	294	614
3382	319	304	623
3383	317	314	631
3384	336	289	625
3385	349	295	644
3386	304	310	614
3387	316	334	650
3388	309	310	619
3389	314	291	605
3390	323	303	626
3391	330	294	624
3392	332	301	633
3393	323	301	624
3394	316	298	614
3395	335	309	644
3396	333	318	651
3397	312	314	626
3398	314	295	609
3399	296	292	588
3400	292	307	599
3401	315	308	623
3402	326	305	631
3403	332	290	622
3404	310	290	600
3405	323	305	628
3406	326	297	623
3407	310	285	595
3408	313	324	637
3409	292	306	598
3410	309	303	612
3411	308	297	605
3412	331	279	610
3413	319	319	638
3414	342	290	632
3415	320	317	637
3416	339	313	652
3417	312	293	605
3418	332	290	622
3419	329	298	627
3420	344	289	633
3421	327	302	629
3422	300	318	618
3423	327	292	619
3424	301	281	582
3425	323	293	616
3426	314	329	643
3427	327	309	636
3428	321	328	649
3429	324	326	650
3430	351	322	673
3431	328	299	627
3432	299	324	623
3433	307	314	621
3434	327	293	620
3435	315	281	596
3436	342	303	645
3437	327	306	633
3438	317	286	603
3439	326	287	613
3440	332	294	626
3441	314	316	630
3442	303	301	604
3443	322	314	636
3444	324	319	643
3445	327	288	615
3446	324	304	628
3447	319	311	630
3448	314	304	618
3449	332	307	639
3450	319	317	636
3451	323	304	627
3452	331	313	644
3453	321	311	632
3454	326	294	620
3455	309	300	609
3456	326	313	639
3457	332	300	632
3458	327	298	625
3459	325	289	614
3460	295	311	606
3461	315	281	596
3462	324	308	632
3463	307	289	596
3464	304	287	591
3465	332	290	622
3466	323	292	615
3467	324	284	608
3468	307	280	587
3469	323	299	622
3470	295	298	593
3471	317	298	615
3472	337	296	633
3473	329	305	634
3474	340	318	658
3475	322	309	631
3476	315	309	624
3477	341	311	652
3478	329	307	636
3479	332	315	647
3480	310	288	598
3481	316	305	621
3482	304	300	604
3483	299	314	613
3484	303	284	587
3485	301	304	605
3486	327	306	633
3487	315	302	617
3488	329	312	641
3489	322	294	616
3490	315	298	613
3491	301	322	623
3492	319	304	623
3493	306	310	616
3494	298	287	585
3495	330	311	641
3496	331	318	649
3497	317	291	608
3498	325	299	624
3499	333	297	630
3500	333	321	654
3501	353	302	655
3502	362	294	656
3503	326	305	631
3504	336	308	644
3505	314	292	606
3506	307	308	615
3507	314	318	632
3508	316	318	634
3509	325	314	639
3510	316	308	624
3511	307	320	627
3512	332	304	636
3513	303	286	589
3514	299	305	604
3515	318	307	625
3516	339	275	614
3517	318	297	615
3518	302	291	593
3519	312	291	603
3520	320	302	622
3521	318	290	608
3522	302	309	611
3523	302	299	601
3524	311	297	608
3525	306	306	612
3526	319	313	632
3527	314	303	617
3528	318	296	614
3529	315	312	627
3530	310	319	629
3531	313	314	627
3532	318	308	626
3533	296	301	597
3534	311	308	619
3535	319	301	620
3536	302	303	605
3537	324	322	646
3538	322	312	634
3539	306	297	603
3540	311	306	617
3541	333	308	641
3542	331	314	645
3543	325	289	614
3544	316	308	624
3545	308	321	629
3546	327	287	614
3547	351	287	638
3548	350	284	634
3549	324	312	636
3550	334	299	633
3551	306	278	584
3552	300	282	582
3553	316	300	616
3554	327	285	612
3555	323	305	628
3556	331	283	614
3557	321	301	622
3558	313	296	609
3559	341	294	635
3560	310	312	622
3561	303	299	602
3562	316	303	619
3563	307	319	626
3564	322	293	615
3565	332	310	642
3566	341	295	636
3567	311	285	596
3568	306	299	605
3569	323	303	626
3570	322	311	633
3571	294	302	596
3572	292	312	604
3573	309	322	631
3574	309	304	613
3575	338	291	629
3576	316	313	629
3577	326	297	623
3578	320	309	629
3579	333	319	652
3580	338	302	640
3581	339	308	647
3582	333	286	619
3583	330	287	617
3584	330	312	642
3585	331	293	624
3586	309	297	606
3587	306	274	580
3588	302	315	617
3589	323	307	630
3590	314	293	607
3591	328	286	614
3592	331	311	642
3593	300	288	588
3594	290	310	600
3595	317	297	614
3596	312	307	619
3597	297	326	623
3598	303	304	607
3599	310	309	619
3600	304	315	619
3601	293	296	589
3602	311	304	615
3603	335	293	628
3604	332	298	630
3605	338	310	648
3606	326	301	627
3607	316	298	614
3608	312	317	629
3609	319	297	616
3610	316	316	632
3611	329	313	642
3612	318	335	653
3613	318	300	618
3614	299	283	582
3615	302	283	585
3616	321	315	636
3617	324	301	625
3618	310	295	605
3619	306	316	622
3620	314	321	635
3621	306	324	630
3622	331	279	610
3623	326	284	610
3624	323	302	625
3625	319	301	620
3626	323	277	600
3627	314	298	612
3628	312	302	614
3629	331	286	617
3630	327	301	628
3631	319	283	602
3632	330	307	637
3633	332	310	642
3634	354	287	641
3635	333	299	632
3636	302	300	602
3637	321	296	617
3638	325	286	611
3639	311	313	624
3640	311	301	612
3641	327	304	631
3642	330	328	658
3643	308	312	620
3644	330	310	640
3645	339	309	648
3646	323	295	618
3647	325	315	640
3648	324	297	621
3649	331	282	613
3650	312	302	614
3651	318	275	593
3652	316	297	613
3653	292	307	599
3654	306	304	610
3655	305	307	612
3656	329	320	649
3657	334	328	662
3658	343	289	632
3659	319	307	626
3660	332	298	630
3661	335	299	634
3662	302	318	620
3663	307	329	636
3664	293	284	577
3665	303	308	611
3666	302	297	599
3667	317	278	595
3668	323	290	613
3669	318	294	612
3670	321	294	615
3671	325	314	639
3672	306	324	630
3673	321	304	625
3674	323	306	629
3675	344	287	631
3676	317	287	604
3677	288	313	601
3678	284	287	571
3679	331	301	632
3680	297	310	607
3681	339	314	653
3682	320	298	618
3683	305	296	601
3684	335	297	632
3685	326	290	616
3686	300	296	596
3687	312	312	624
3688	303	319	622
3689	319	300	619
3690	313	307	620
3691	299	284	583
3692	297	315	612
3693	303	307	610
3694	300	318	618
3695	311	331	642
3696	323	307	630
3697	333	297	630
3698	313	317	630
3699	315	312	627
3700	325	292	617
3701	312	298	610
3702	311	289	600
3703	327	297	624
3704	324	309	633
3705	333	287	620
3706	325	305	630
3707	341	294	635
3708	336	319	655
3709	315	299	614
3710	318	287	605
3711	304	309	613
3712	311	316	627
3713	325	304	629
3714	308	289	597
3715	321	280	601
3716	319	297	616
3717	313	299	612
3718	322	269	591
3719	319	284	603
3720	356	257	613
3721	305	297	602
3722	312	304	616
3723	309	288	597
3724	333	309	642
3725	332	283	615
3726	325	286	611
3727	327	316	643
3728	303	312	615
3729	307	316	623
3730	329	314	643
3731	337	308	645
3732	322	315	637
3733	329	291	620
3734	322	307	629
3735	310	293	603
3736	334	266	600
3737	313	277	590
3738	308	305	613
3739	322	308	630
3740	322	307	629
3741	338	302	640
3742	331	313	644
3743	339	321	660
3744	323	280	603
3745	333	285	618
3746	316	294	610
3747	315	316	631
3748	314	289	603
3749	322	291	613
3750	342	305	647
3751	330	290	620
3752	330	276	606
3753	315	307	622
3754	337	300	637
3755	327	293	620
3756	321	268	589
3757	339	288	627
3758	316	302	618
3759	318	314	632
3760	342	314	656
3761	325	278	603
3762	314	298	612
3763	317	297	614
3764	343	298	641
3765	332	292	624
3766	304	307	611
3767	312	291	603
3768	331	301	632
3769	330	313	643
3770	302	300	602
3771	311	285	596
3772	306	307	613
3773	327	302	629
3774	335	320	655
3775	330	313	643
3776	319	336	655
3777	318	328	646
3778	307	324	631
3779	296	326	622
3780	304	317	621
3781	332	290	622
3782	312	314	626
3783	322	305	627
3784	307	300	607
3785	312	295	607
3786	330	299	629
3787	332	307	639
3788	327	272	599
3789	311	288	599
3790	303	293	596
3791	303	304	607
3792	336	318	654
3793	316	317	633
3794	310	302	612
3795	302	286	588
3796	309	294	603
3797	305	299	604
3798	331	303	634
3799	336	281	617
3800	310	297	607
3801	337	307	644
3802	308	324	632
3803	306	302	608
3804	317	292	609
3805	331	285	616
3806	333	291	624
3807	322	304	626
3808	322	282	604
3809	314	316	630
3810	312	307	619
3811	323	305	628
3812	328	299	627
3813	339	300	639
3814	320	322	642
3815	327	293	620
3816	350	304	654
3817	318	302	620
3818	303	278	581
3819	326	283	609
3820	319	294	613
3821	320	268	588
3822	325	276	601
3823	324	294	618
3824	317	302	619
3825	307	289	596
3826	301	300	601
3827	302	281	583
3828	307	288	595
3829	323	281	604
3830	315	277	592
3831	304	321	625
3832	316	287	603
3833	334	280	614
3834	308	296	604
3835	327	298	625
3836	332	282	614
3837	315	293	608
3838	312	300	612
3839	323	296	619
3840	342	311	653
3841	317	293	610
3842	322	277	599
3843	313	294	607
3844	317	312	629
3845	344	307	651
3846	318	317	635
3847	304	328	632
3848	323	308	631
3849	308	289	597
3850	320	301	621
3851	313	327	640
3852	352	295	647
3853	325	307	632
3854	331	310	641
3855	312	315	627
3856	324	315	639
3857	317	316	633
3858	302	308	610
3859	310	295	605
3860	327	295	622
3861	338	305	643
3862	318	297	615
3863	318	305	623
3864	322	303	625
3865	324	305	629
3866	304	300	604
3867	320	305	625
3868	318	268	586
3869	329	314	643
3870	333	285	618
3871	316	270	586
3872	306	301	607
3873	323	291	614
3874	311	314	625
3875	310	285	595
3876	308	293	601
3877	317	302	619
3878	316	293	609
3879	309	302	611
3880	313	311	624
3881	311	314	625
3882	321	327	648
3883	321	316	637
3884	308	301	609
3885	318	302	620
3886	318	289	607
3887	304	307	611
3888	318	303	621
3889	324	319	643
3890	328	288	616
3891	309	320	629
3892	330	303	633
3893	329	298	627
3894	330	310	640
3895	314	325	639
3896	309	311	620
3897	337	288	625
3898	321	295	616
3899	297	321	618
3900	296	323	619
3901	300	307	607
3902	322	306	628
3903	331	317	648
3904	335	310	645
3905	317	312	629
3906	299	294	593
3907	320	288	608
3908	332	274	606
3909	322	300	622
3910	319	300	619
3911	296	283	579
3912	303	307	610
3913	327	305	632
3914	304	305	609
3915	315	289	604
3916	311	297	608
3917	325	265	590
3918	331	302	633
3919	335	306	641
3920	325	313	638
3921	325	288	613
3922	322	314	636
3923	318	304	622
3924	303	297	600
3925	312	302	614
3926	309	328	637
3927	320	308	628
3928	320	321	641
3929	304	313	617
3930	327	306	633
3931	302	344	646
3932	305	312	617
3933	322	303	625
3934	312	307	619
3935	330	331	661
3936	332	308	640
3937	308	298	606
3938	300	335	635
3939	329	306	635
3940	319	289	608
3941	313	306	619
3942	315	290	605
3943	327	289	616
3944	336	293	629
3945	328	289	617
3946	318	309	627
3947	309	296	605
3948	312	279	591
3949	337	291	628
3950	326	287	613
3951	334	302	636
3952	327	330	657
3953	307	306	613
3954	320	292	612
3955	326	278	604
3956	299	286	585
3957	313	300	613
3958	324	277	601
3959	320	288	608
3960	313	293	606
3961	319	313	632
3962	337	298	635
3963	314	290	604
3964	326	307	633
3965	322	291	613
3966	309	270	579
3967	316	269	585
3968	347	294	641
3969	311	303	614
3970	309	295	604
3971	320	313	633
3972	306	313	619
3973	310	296	606
3974	309	301	610
3975	330	305	635
3976	319	296	615
3977	327	339	666
3978	352	316	668
3979	316	328	644
3980	311	320	631
3981	303	305	608
3982	316	305	621
3983	321	308	629
3984	326	307	633
3985	310	304	614
3986	315	311	626
3987	327	314	641
3988	323	303	626
3989	322	301	623
3990	329	313	642
3991	298	312	610
3992	305	310	615
3993	329	305	634
3994	320	295	615
3995	335	308	643
3996	302	314	616
3997	331	306	637
3998	324	311	635
3999	341	334	675
4000	338	321	659
4001	321	320	641
4002	313	298	611
4003	317	321	638
4004	306	308	614
4005	316	353	669
4006	324	316	640
4007	333	318	651
4008	312	310	622
4009	300	291	591
4010	319	280	599
4011	336	293	629
4012	336	292	628
4013	306	325	631
4014	320	318	638
4015	336	297	633
4016	316	293	609
4017	312	304	616
4018	312	316	628
4019	327	314	641
4020	320	290	610
4021	316	302	618
4022	306	295	601
4023	333	301	634
4024	306	285	591
4025	291	303	594
4026	304	302	606
4027	325	289	614
4028	304	305	609
4029	337	271	608
4030	319	288	607
4031	326	282	608
4032	320	293	613
4033	319	296	615
4034	305	288	593
4035	308	313	621
4036	314	314	628
4037	325	290	615
4038	310	296	606
4039	329	303	632
4040	313	297	610
4041	333	290	623
4042	331	282	613
4043	345	280	625
4044	331	292	623
4045	331	291	622
4046	325	305	630
4047	343	267	610
4048	300	295	595
4049	325	291	616
4050	326	301	627
4051	303	316	619
4052	309	296	605
4053	333	303	636
4054	322	305	627
4055	325	296	621
4056	314	319	633
4057	306	315	621
4058	334	313	647
4059	318	284	602
4060	311	297	608
4061	308	313	621
4062	306	309	615
4063	281	296	577
4064	314	287	601
4065	324	290	614
4066	318	277	595
4067	342	297	639
4068	322	283	605
4069	332	302	634
4070	341	282	623
4071	298	300	598
4072	313	288	601
4073	328	286	614
4074	331	309	640
4075	321	300	621
4076	316	293	609
4077	316	296	612
4078	341	297	638
4079	336	302	638
4080	344	311	655
4081	322	295	617
4082	338	295	633
4083	333	293	626
4084	342	289	631
4085	301	286	587
4086	301	308	609
4087	335	294	629
4088	320	289	609
4089	330	299	629
4090	314	302	616
4091	316	317	633
4092	347	320	667
4093	317	318	635
4094	323	299	622
4095	332	319	651
4096	313	314	627
4097	307	289	596
4098	316	310	626
4099	322	308	630
4100	296	305	601
4101	299	309	608
4102	336	285	621
4103	324	320	644
4104	324	289	613
4105	311	292	603
4106	329	302	631
4107	318	300	618
4108	335	275	610
4109	308	300	608
4110	328	290	618
4111	322	298	620
4112	315	299	614
4113	317	304	621
4114	334	311	645
4115	314	305	619
4116	315	313	628
4117	318	309	627
4118	335	312	647
4119	308	283	591
4120	323	278	601
4121	317	301	618
4122	295	297	592
4123	329	301	630
4124	307	305	612
4125	341	296	637
4126	342	306	648
4127	310	329	639
4128	316	304	620
4129	331	305	636
4130	320	301	621
4131	305	296	601
4132	301	294	595
4133	317	294	611
4134	312	283	595
4135	324	285	609
4136	321	298	619
4137	312	297	609
4138	308	290	598
4139	321	305	626
4140	318	285	603
4141	324	283	607
4142	326	285	611
4143	336	285	621
4144	317	307	624
4145	324	303	627
4146	319	296	615
4147	325	286	611
4148	339	293	632
4149	336	278	614
4150	320	302	622
4151	323	311	634
4152	280	305	585
4153	307	292	599
4154	306	294	600
4155	334	284	618
4156	325	313	638
4157	322	309	631
4158	313	293	606
4159	318	312	630
4160	302	313	615
4161	298	303	601
4162	324	306	630
4163	302	310	612
4164	312	298	610
4165	327	316	643
4166	337	297	634
4167	318	321	639
4168	317	331	648
4169	310	301	611
4170	315	310	625
4171	304	295	599
4172	301	306	607
4173	303	300	603
4174	327	304	631
4175	312	286	598
4176	309	284	593
4177	311	306	617
4178	336	294	630
4179	323	284	607
4180	317	294	611
4181	332	301	633
4182	332	297	629
4183	334	293	627
4184	334	289	623
4185	302	318	620
4186	304	320	624
4187	329	289	618
4188	324	296	620
4189	328	281	609
4190	331	283	614
4191	336	307	643
4192	330	296	626
4193	296	296	592
4194	303	305	608
4195	326	295	621
4196	304	300	604
4197	314	297	611
4198	322	312	634
4199	334	298	632
4200	319	306	625
4201	305	310	615
4202	336	301	637
4203	304	300	604
4204	319	310	629
4205	356	317	673
4206	339	285	624
4207	316	300	616
4208	341	275	616
4209	334	312	646
4210	316	293	609
4211	335	297	632
4212	336	272	608
4213	313	313	626
4214	325	296	621
4215	310	288	598
4216	315	300	615
4217	290	316	606
4218	310	313	623
4219	325	308	633
4220	303	299	602
4221	314	308	622
4222	332	325	657
4223	324	315	639
4224	297	313	610
4225	333	292	625
4226	319	317	636
4227	341	296	637
4228	339	315	654
4229	319	304	623
4230	319	292	611
4231	310	319	629
4232	316	309	625
4233	289	298	587
4234	322	323	645
4235	329	302	631
4236	318	288	606
4237	312	310	622
4238	321	303	624
4239	318	330	648
4240	309	294	603
4241	325	297	622
4242	329	311	640
4243	308	300	608
4244	322	303	625
4245	317	291	608
4246	330	298	628
4247	315	296	611
4248	320	276	596
4249	334	306	640
4250	330	307	637
4251	341	292	633
4252	277	316	593
4253	316	310	626
4254	327	306	633
4255	339	294	633
4256	335	310	645
4257	320	342	662
4258	323	305	628
4259	329	290	619
4260	317	317	634
4261	322	293	615
4262	340	290	630
4263	304	313	617
4264	308	298	606
4265	296	281	577
4266	311	305	616
4267	325	284	609
4268	338	300	638
4269	326	302	628
4270	330	298	628
4271	325	302	627
4272	319	293	612
4273	303	298	601
4274	348	293	641
4275	308	268	576
4276	298	291	589
4277	317	292	609
4278	323	303	626
4279	327	290	617
4280	310	317	627
4281	321	307	628
4282	321	292	613
4283	319	289	608
4284	304	313	617
4285	317	295	612
4286	333	297	630
4287	316	289	605
4288	323	292	615
4289	332	293	625
4290	316	300	616
4291	305	321	626
4292	321	274	595
4293	312	309	621
4294	314	296	610
4295	324	305	629
4296	322	296	618
4297	331	315	646
4298	341	283	624
4299	320	306	626
4300	333	293	626
4301	311	328	639
4302	306	313	619
4303	327	314	641
4304	318	304	622
4305	317	308	625
4306	313	297	610
4307	314	292	606
4308	316	315	631
4309	294	304	598
4310	322	302	624
4311	307	308	615
4312	332	315	647
4313	324	310	634
4314	309	298	607
4315	340	310	650
4316	343	306	649
4317	298	295	593
4318	323	316	639
4319	326	298	624
4320	302	316	618
4321	319	294	613
4322	327	309	636
4323	327	323	650
4324	305	303	608
4325	316	317	633
4326	325	292	617
4327	312	303	615
4328	295	308	603
4329	317	308	625
4330	318	279	597
4331	302	297	599
4332	304	312	616
4333	305	325	630
4334	305	305	610
4335	308	283	591
4336	305	300	605
4337	335	307	642
4338	317	314	631
4339	310	305	615
4340	281	311	592
4341	321	312	633
4342	329	323	652
4343	313	296	609
4344	311	328	639
4345	323	304	627
4346	319	303	622
4347	313	301	614
4348	308	286	594
4349	299	307	606
4350	319	293	612
4351	315	302	617
4352	321	322	643
4353	301	326	627
4354	305	296	601
4355	331	319	650
4356	331	307	638
4357	333	311	644
4358	338	325	663
4359	326	291	617
4360	331	294	625
4361	325	301	626
4362	313	312	625
4363	328	281	609
4364	325	293	618
4365	324	315	639
4366	325	310	635
4367	331	317	648
4368	312	292	604
4369	318	297	615
4370	332	331	663
4371	308	298	606
4372	318	302	620
4373	315	309	624
4374	302	324	626
4375	322	327	649
4376	318	323	641
4377	324	297	621
4378	326	320	646
4379	326	303	629
4380	326	311	637
4381	341	299	640
4382	290	273	563
4383	327	297	624
4384	300	309	609
4385	308	308	616
4386	309	315	624
4387	325	298	623
4388	313	308	621
4389	296	307	603
4390	309	295	604
4391	316	317	633
4392	306	300	606
4393	327	284	611
4394	312	302	614
4395	324	295	619
4396	331	288	619
4397	324	281	605
4398	322	323	645
4399	299	283	582
4400	322	305	627
4401	309	300	609
4402	303	283	586
4403	308	308	616
4404	324	287	611
4405	313	298	611
4406	310	321	631
4407	308	322	630
4408	301	299	600
4409	290	301	591
4410	336	302	638
4411	341	282	623
4412	345	306	651
4413	314	320	634
4414	308	331	639
4415	310	316	626
4416	332	277	609
4417	311	300	611
4418	323	289	612
4419	321	296	617
4420	310	333	643
4421	311	292	603
4422	321	316	637
4423	330	306	636
4424	325	278	603
4425	329	291	620
4426	292	304	596
4427	311	288	599
4428	292	289	581
4429	301	324	625
4430	327	296	623
4431	318	315	633
4432	302	306	608
4433	334	291	625
4434	326	294	620
4435	289	311	600
4436	308	306	614
4437	321	310	631
4438	304	327	631
4439	344	293	637
4440	338	296	634
4441	305	311	616
4442	307	285	592
4443	301	312	613
4444	328	287	615
4445	315	301	616
4446	339	304	643
4447	312	318	630
4448	333	302	635
4449	327	305	632
4450	312	326	638
4451	325	325	650
4452	314	302	616
4453	311	284	595
4454	306	317	623
4455	314	327	641
4456	315	280	595
4457	323	289	612
4458	295	299	594
4459	312	293	605
4460	319	294	613
4461	308	310	618
4462	329	319	648
4463	337	299	636
4464	318	307	625
4465	304	293	597
4466	317	288	605
4467	309	301	610
4468	342	300	642
4469	309	286	595
4470	311	297	608
4471	309	310	619
4472	314	310	624
4473	341	268	609
4474	328	304	632
4475	324	311	635
4476	301	301	602
4477	327	300	627
4478	336	320	656
4479	329	299	628
4480	334	305	639
4481	307	313	620
4482	321	287	608
4483	298	314	612
4484	317	318	635
4485	302	297	599
4486	312	292	604
4487	310	289	599
4488	311	306	617
4489	330	295	625
4490	304	285	589
4491	316	286	602
4492	326	302	628
4493	324	282	606
4494	325	306	631
4495	347	311	658
4496	322	299	621
4497	324	307	631
4498	307	300	607
4499	323	284	607
4500	319	293	612
4501	309	296	605
4502	315	308	623
4503	301	304	605
4504	301	303	604
4505	304	337	641
4506	313	311	624
4507	330	282	612
4508	336	290	626
4509	324	277	601
4510	313	280	593
4511	326	298	624
4512	318	299	617
4513	330	293	623
4514	316	308	624
4515	315	314	629
4516	305	313	618
4517	325	292	617
4518	338	284	622
4519	324	297	621
4520	302	298	600
4521	324	305	629
4522	316	317	633
4523	300	306	606
4524	313	298	611
4525	327	272	599
4526	317	278	595
4527	306	299	605
4528	296	293	589
4529	303	315	618
4530	313	303	616
4531	316	302	618
4532	309	302	611
4533	331	291	622
4534	336	307	643
4535	312	317	629
4536	326	294	620
4537	322	315	637
4538	322	302	624
4539	325	307	632
4540	338	295	633
4541	336	301	637
4542	333	308	641
4543	337	315	652
4544	315	317	632
4545	296	301	597
4546	327	277	604
4547	306	295	601
4548	334	287	621
4549	321	311	632
4550	333	286	619
4551	332	258	590
4552	325	308	633
4553	337	306	643
4554	334	287	621
4555	308	289	597
4556	336	309	645
4557	330	300	630
4558	331	314	645
4559	331	288	619
4560	329	305	634
4561	316	304	620
4562	331	281	612
4563	329	283	612
4564	333	305	638
4565	328	308	636
4566	309	283	592
4567	310	297	607
4568	315	270	585
4569	294	271	565
4570	316	301	617
4571	307	309	616
4572	309	307	616
4573	325	293	618
4574	297	296	593
4575	325	311	636
4576	330	310	640
4577	318	309	627
4578	322	289	611
4579	316	303	619
4580	319	302	621
4581	304	288	592
4582	309	316	625
4583	318	297	615
4584	307	320	627
4585	300	290	590
4586	303	310	613
4587	341	287	628
4588	340	299	639
4589	324	295	619
4590	315	313	628
4591	300	296	596
4592	296	292	588
4593	317	296	613
4594	352	313	665
4595	330	317	647
4596	345	310	655
4597	315	303	618
4598	308	300	608
4599	319	322	641
4600	335	287	622
4601	334	290	624
4602	307	312	619
4603	323	300	623
4604	319	315	634
4605	315	300	615
4606	315	325	640
4607	342	311	653
4608	312	281	593
4609	305	316	621
4610	302	316	618
4611	326	291	617
4612	304	286	590
4613	311	294	605
4614	302	308	610
4615	297	313	610
4616	306	327	633
4617	307	322	629
4618	320	318	638
4619	333	302	635
4620	337	299	636
4621	323	290	613
4622	334	290	624
4623	333	300	633
4624	324	300	624
4625	351	282	633
4626	352	293	645
4627	338	298	636
4628	310	296	606
4629	341	302	643
4630	337	305	642
4631	324	287	611
4632	322	293	615
4633	345	311	656
4634	316	311	627
4635	333	308	641
4636	322	301	623
4637	307	302	609
4638	312	291	603
4639	315	293	608
4640	303	312	615
4641	315	289	604
4642	332	272	604
4643	323	305	628
4644	338	286	624
4645	340	296	636
4646	327	282	609
4647	313	287	600
4648	298	295	593
4649	319	296	615
4650	302	307	609
4651	341	306	647
4652	321	284	605
4653	306	318	624
4654	308	300	608
4655	323	303	626
4656	309	298	607
4657	299	303	602
4658	319	296	615
4659	329	304	633
4660	335	289	624
4661	334	289	623
4662	321	293	614
4663	318	302	620
4664	309	301	610
4665	328	279	607
4666	314	303	617
4667	309	313	622
4668	298	303	601
4669	328	305	633
4670	317	297	614
4671	308	317	625
4672	325	319	644
4673	338	305	643
4674	344	315	659
4675	327	312	639
4676	326	312	638
4677	317	310	627
4678	307	316	623
4679	314	298	612
4680	311	311	622
4681	339	307	646
4682	330	304	634
4683	312	317	629
4684	336	296	632
4685	343	290	633
4686	304	308	612
4687	309	303	612
4688	321	293	614
4689	326	269	595
4690	313	310	623
4691	297	302	599
4692	300	308	608
4693	308	301	609
4694	302	293	595
4695	318	303	621
4696	321	300	621
4697	322	293	615
4698	312	304	616
4699	311	301	612
4700	316	286	602
4701	325	298	623
4702	307	290	597
4703	323	291	614
4704	337	299	636
4705	341	274	615
4706	329	307	636
4707	303	321	624
4708	324	288	612
4709	342	318	660
4710	340	305	645
4711	307	307	614
4712	302	301	603
4713	326	301	627
4714	313	279	592
4715	330	275	605
4716	296	306	602
4717	308	292	600
4718	325	300	625
4719	310	320	630
4720	296	304	600
4721	325	294	619
4722	327	298	625
4723	325	281	606
4724	324	286	610
4725	329	291	620
4726	324	310	634
4727	314	288	602
4728	312	297	609
4729	318	305	623
4730	305	295	600
4731	294	283	577
4732	304	301	605
4733	298	290	588
4734	303	320	623
4735	303	303	606
4736	297	303	600
4737	316	298	614
4738	335	322	657
4739	328	308	636
4740	344	292	636
4741	333	274	607
4742	326	281	607
4743	346	306	652
4744	318	309	627
4745	304	296	600
4746	329	314	643
4747	313	275	588
4748	309	309	618
4749	309	306	615
4750	308	301	609
4751	312	294	606
4752	323	285	608
4753	325	299	624
4754	329	315	644
4755	345	286	631
4756	323	304	627
4757	312	302	614
4758	333	306	639
4759	307	317	624
4760	295	315	610
4761	336	314	650
4762	313	309	622
4763	324	297	621
4764	323	297	620
4765	336	308	644
4766	329	277	606
4767	311	307	618
4768	336	301	637
4769	332	277	609
4770	304	281	585
4771	332	273	605
4772	301	296	597
4773	321	299	620
4774	318	318	636
4775	332	299	631
4776	341	320	661
4777	305	282	587
4778	305	317	622
4779	322	304	626
4780	328	310	638
4781	313	285	598
4782	305	307	612
4783	328	298	626
4784	313	306	619
4785	306	301	607
4786	309	299	608
4787	337	292	629
4788	334	286	620
4789	339	303	642
4790	326	334	660
4791	317	312	629
4792	314	301	615
4793	318	295	613
4794	298	316	614
4795	302	314	616
4796	328	304	632
4797	299	305	604
4798	314	315	629
4799	295	284	579
4800	308	313	621
4801	310	299	609
4802	316	306	622
4803	333	279	612
4804	317	298	615
4805	331	300	631
4806	310	303	613
4807	331	306	637
4808	346	299	645
4809	328	285	613
4810	318	297	615
4811	318	307	625
4812	334	321	655
4813	321	286	607
4814	333	300	633
4815	310	309	619
4816	331	314	645
4817	286	303	589
4818	318	326	644
4819	316	314	630
4820	310	312	622
4821	318	301	619
4822	328	294	622
4823	336	273	609
4824	310	290	600
4825	318	327	645
4826	320	299	619
4827	300	309	609
4828	319	318	637
4829	317	305	622
4830	317	321	638
4831	333	292	625
4832	341	286	627
4833	312	305	617
4834	315	321	636
4835	326	316	642
4836	304	300	604
4837	336	305	641
4838	334	296	630
4839	336	287	623
4840	336	318	654
4841	334	298	632
4842	302	295	597
4843	321	292	613
4844	351	299	650
4845	307	321	628
4846	332	312	644
4847	311	283	594
4848	353	299	652
4849	332	286	618
4850	326	290	616
4851	348	313	661
4852	283	304	587
4853	304	285	589
4854	301	324	625
4855	314	326	640
4856	316	317	633
4857	283	280	563
4858	325	284	609
4859	332	324	656
4860	298	311	609
4861	301	315	616
4862	302	311	613
4863	301	308	609
4864	329	317	646
4865	322	299	621
4866	304	285	589
4867	293	300	593
4868	330	312	642
4869	321	304	625
4870	299	318	617
4871	312	320	632
4872	299	325	624
4873	305	312	617
4874	308	292	600
4875	317	273	590
4876	312	303	615
4877	336	306	642
4878	322	300	622
4879	331	320	651
4880	337	296	633
4881	333	300	633
4882	313	290	603
4883	316	296	612
4884	298	298	596
4885	296	315	611
4886	319	296	615
4887	304	300	604
4888	314	288	602
4889	306	324	630
4890	275	314	589
4891	311	301	612
4892	285	286	571
4893	281	292	573
4894	314	278	592
4895	315	279	594
4896	338	288	626
4897	315	321	636
4898	321	293	614
4899	315	303	618
4900	346	300	646
4901	317	295	612
4902	311	305	616
4903	327	312	639
4904	329	322	651
4905	321	308	629
4906	317	309	626
4907	306	297	603
4908	303	324	627
4909	316	290	606
4910	319	299	618
4911	313	312	625
4912	340	303	643
4913	315	276	591
4914	327	296	623
4915	310	298	608
4916	314	308	622
4917	313	307	620
4918	332	310	642
4919	321	302	623
4920	332	301	633
4921	336	307	643
4922	321	324	645
4923	322	302	624
4924	319	304	623
4925	344	304	648
4926	320	296	616
4927	318	321	639
4928	328	315	643
4929	340	292	632
4930	308	297	605
4931	314	297	611
4932	309	288	597
4933	313	302	615
4934	311	302	613
4935	320	301	621
4936	280	301	581
4937	309	301	610
4938	319	325	644
4939	288	294	582
4940	300	315	615
4941	301	305	606
4942	291	290	581
4943	316	292	608
4944	334	300	634
4945	313	321	634
4946	317	283	600
4947	302	291	593
4948	320	293	613
4949	311	315	626
4950	326	318	644
4951	328	314	642
4952	326	302	628
4953	319	308	627
4954	320	310	630
4955	336	297	633
4956	314	307	621
4957	307	330	637
4958	311	306	617
4959	337	317	654
4960	300	283	583
4961	302	325	627
4962	315	328	643
4963	331	311	642
4964	321	312	633
4965	326	289	615
4966	318	312	630
4967	334	301	635
4968	332	311	643
4969	344	283	627
4970	335	287	622
4971	299	284	583
4972	296	282	578
4973	308	304	612
4974	316	305	621
4975	313	315	628
4976	326	306	632
4977	330	299	629
4978	318	285	603
4979	317	305	622
4980	313	324	637
4981	337	317	654
4982	307	295	602
4983	299	307	606
4984	320	307	627
4985	305	313	618
4986	313	302	615
4987	303	315	618
4988	321	297	618
4989	306	296	602
4990	319	315	634
4991	321	311	632
4992	319	304	623
4993	344	301	645
4994	329	314	643
4995	323	305	628
4996	321	281	602
4997	334	294	628
4998	285	301	586
4999	295	294	589
5000	286	280	566
5001	314	313	627
5002	331	320	651
5003	316	317	633
5004	313	301	614
5005	316	309	625
5006	336	303	639
5007	338	302	640
5008	300	311	611
5009	337	301	638
5010	301	316	617
5011	291	304	595
5012	328	310	638
5013	333	306	639
5014	358	290	648
5015	352	290	642
5016	339	307	646
5017	331	325	656
5018	316	331	647
5019	304	313	617
5020	313	333	646
5021	317	301	618
5022	319	335	654
5023	319	312	631
5024	333	304	637
5025	340	296	636
5026	330	288	618
5027	321	296	617
5028	322	291	613
5029	323	296	619
5030	311	313	624
5031	337	297	634
5032	329	304	633
5033	318	306	624
5034	316	313	629
5035	324	289	613
5036	311	298	609
5037	304	295	599
5038	327	305	632
5039	311	294	605
5040	344	273	617
5041	298	304	602
5042	315	309	624
5043	320	283	603
5044	306	303	609
5045	322	306	628
5046	299	302	601
5047	330	299	629
5048	310	291	601
5049	332	275	607
5050	309	315	624
5051	332	299	631
