11	18	25	31	35	39	40	41	51	55	60	64	67	74	77	78	83	86	88	91	93	96	97	104	105	107	108	114	118	122	124	129	133	135	144	152	157	165	169	178	182	184	187	198	204	207	209	217	241	246	256	258	264	265	267	271	273	277	279	288	289	296	298	304	307	308	315	316	318	337	338	351	353	358	367	369	371	373	380	381	386	389	390	391	392	399	401	402	403	404	405	410	414	420	421	425	426	432	441	442	443	445	452	453	454	464	466	470	477	485	489	493	495	509	175	3	89	85	84	188	212	72	250	254	508	102	22	200	99	335	382	127	423	366	80	98	125	301	511	305	195	378	226	2	481	24	387	142	57	499	26	354	327	501	8	227	17	302	474	259	274	306	
11	25	31	35	40	41	51	64	74	83	86	88	91	104	107	118	133	135	144	152	169	187	198	241	246	264	265	271	307	316	353	358	367	369	373	381	386	392	405	410	414	420	421	425	445	452	454	464	477	493	495	509	84	212	72	254	22	200	511	24	227	17	485	308	122	402	399	67	157	274	217	127	226	443	273	178	2	304	80	339	258	209	423	98	89	296	466	166	327	93	494	102	279	182	66	220	199	85	442	432	23	
11	25	31	35	40	41	51	64	74	86	88	91	107	118	133	152	169	187	198	241	264	265	271	307	316	353	358	367	373	381	386	405	421	425	452	454	464	477	493	495	84	72	22	200	24	485	122	402	399	67	274	443	273	178	339	89	466	327	494	23	509	17	144	93	308	80	413	474	414	217	365	226	410	304	209	65	361	105	55	135	424	392	83	75	
11	25	31	41	51	64	74	86	88	91	107	133	152	169	187	241	264	271	307	316	353	358	373	381	405	421	425	452	454	464	477	493	495	22	200	485	122	402	399	274	89	327	23	509	17	93	80	414	217	226	209	83	256	367	424	466	443	24	151	273	315	84	
11	31	41	51	64	86	88	107	152	169	187	241	264	271	307	316	358	373	381	405	421	452	493	495	22	200	122	402	399	274	89	23	509	17	93	80	414	217	226	209	83	256	151	443	411	84	398	25	24	277	242	72	133	19	425	156	429	
11	31	41	64	86	88	107	152	187	241	264	271	307	316	358	373	381	405	421	452	493	495	200	122	399	274	89	23	509	17	93	80	217	226	209	83	256	151	443	398	22	133	371	94	326	448	414	454	212	277	216	315	486	
11	31	41	64	86	88	107	152	264	271	307	316	358	373	381	405	421	452	493	200	399	274	89	23	509	17	93	217	226	83	256	151	443	22	371	454	216	315	398	66	320	485	450	442	159	187	82	344	183	282	322	241	495	328	456	
11	41	64	86	88	107	152	271	307	316	358	373	405	493	200	399	89	23	509	17	217	83	151	443	22	371	454	216	315	398	66	344	144	270	448	268	486	159	106	421	40	31	338	370	191	264	54	
11	41	64	88	107	152	271	307	316	358	373	405	493	200	399	89	23	509	17	217	83	151	443	22	371	454	216	315	398	66	344	144	270	486	159	421	40	31	370	264	54	495	487	450	338	80	9	470	462	112	326	391	
11	41	64	88	107	152	271	307	316	358	405	493	200	399	89	23	509	17	217	83	151	22	371	216	315	66	344	270	159	421	40	31	370	264	487	338	112	391	462	373	375	82	16	209	263	235	486	80	
41	88	107	152	271	307	316	358	493	399	89	509	17	217	83	151	22	371	216	315	66	344	270	159	421	370	264	338	391	462	373	209	263	80	23	443	82	183	505	455	73	45	31	11	201	105	377	
41	88	107	152	271	307	316	358	493	399	89	509	217	83	151	371	216	66	270	159	264	338	391	373	209	263	80	23	183	73	31	11	201	105	184	342	256	361	175	377	343	491	27	309	
41	88	107	152	271	307	316	358	493	399	89	509	217	151	371	216	66	159	264	391	373	209	80	23	183	31	11	201	105	184	342	377	327	485	295	95	380	326	262	501	29	
88	107	152	271	307	316	358	493	399	89	509	151	371	216	66	159	264	391	209	80	23	183	31	201	105	342	377	485	11	326	481	41	499	184	262	
107	152	271	307	358	493	399	89	509	151	371	216	66	159	264	391	209	80	23	183	31	201	342	485	11	326	481	41	262	499	377	250	291	435	70	270	497	256	45	
107	152	307	358	493	399	89	509	151	371	216	66	159	264	391	209	80	23	183	31	201	342	485	11	326	262	499	377	389	242	435	424	305	30	
107	152	307	358	493	399	89	151	371	216	66	159	264	391	209	80	23	183	31	201	342	326	499	377	242	435	217	424	30	373	262	70	112	11	
107	152	307	358	493	399	89	151	371	216	66	159	264	391	209	23	183	31	201	342	326	377	217	30	424	278	416	154	395	426	203	359	310	268	
107	152	307	358	493	399	89	151	371	216	66	159	264	391	209	23	183	31	201	342	326	217	30	424	278	154	249	191	21	334	425	247	324	233	
107	152	307	358	493	399	89	151	371	216	66	264	391	23	183	31	201	342	326	217	30	424	278	154	249	21	247	324	233	105	223	149	159	136	499	
152	307	358	493	399	89	371	216	66	264	391	23	183	31	201	342	326	217	424	278	324	223	155	21	296	233	274	105	
152	307	358	493	399	89	371	66	264	391	23	183	31	326	217	424	278	324	223	155	21	296	233	274	398	218	55	327	387	121	91	53	
152	307	358	493	399	371	66	264	391	23	183	31	326	217	424	278	324	223	155	21	296	233	398	218	387	89	390	153	209	275	492	305	
152	307	358	493	399	371	66	264	391	23	183	31	326	217	424	278	324	223	155	21	296	233	398	218	387	89	390	332	306	279	407	221	396	397	310	379	
152	307	358	493	399	66	264	391	23	183	31	217	324	223	155	21	296	233	398	218	387	390	332	306	232	499	209	89	371	395	419	300	87	
152	358	493	399	66	264	391	23	183	31	217	324	223	155	21	296	398	218	387	390	306	209	371	87	265	216	300	81	499	291	248	136	290	419	486	393	
152	358	493	399	66	264	391	23	183	31	217	223	155	21	296	398	218	387	390	87	265	216	81	499	290	419	486	24	397	393	297	248	64	298	17	354	153	16	371	
152	358	493	399	66	264	391	23	183	31	217	223	155	21	296	398	387	390	87	265	216	81	290	419	486	24	397	354	48	393	248	144	218	
152	358	493	399	66	264	391	23	183	31	217	223	155	21	296	390	87	216	81	486	24	397	82	387	203	86	419	255	
152	358	493	399	66	264	391	23	183	31	217	223	155	21	296	390	81	486	24	82	86	158	395	209	
152	358	493	399	66	264	391	23	183	31	223	155	296	390	81	486	24	82	86	158	395	247	280	83	149	209	
152	358	493	399	66	264	391	23	183	31	223	155	296	390	81	486	82	158	159	22	427	360	118	190	395	55	
152	358	493	399	66	264	391	23	183	31	223	155	296	390	81	486	82	158	22	427	360	366	488	328	
152	358	493	399	66	264	391	23	183	31	223	155	296	390	81	486	82	158	22	427	360	356	424	425	65	216	30	184	80	
152	358	493	399	66	264	391	183	31	155	296	390	81	486	82	158	427	360	356	424	65	299	484	22	485	142	280	98	
152	358	493	399	66	264	391	183	31	155	296	81	486	82	158	427	356	22	142	280	267	390	360	352	151	259	
152	358	493	399	66	264	391	183	31	155	296	81	486	82	158	356	22	142	390	80	89	209	
152	358	493	399	66	264	391	183	31	296	81	486	82	158	356	22	142	89	209	147	324	320	93	495	182	390	
152	358	493	399	66	264	391	183	31	296	81	486	82	356	22	142	209	147	320	182	217	18	298	292	266	211	312	322	
152	358	493	399	264	391	183	31	296	81	486	82	356	22	142	209	182	217	298	292	167	66	150	145	485	216	174	360	238	431	
152	358	399	264	391	183	31	296	81	486	82	22	142	182	217	298	292	167	66	23	216	151	294	354	356	15	357	54	
152	358	399	264	391	183	31	296	81	486	22	142	182	217	292	167	15	356	151	98	324	29	
152	358	399	264	391	183	31	296	81	486	22	142	182	217	292	167	15	98	487	503	146	294	63	455	301	
152	358	399	264	391	183	31	296	81	486	22	142	292	146	487	96	18	217	98	89	182	140	
152	358	399	264	391	183	31	296	81	486	142	292	146	96	18	98	89	140	2	182	178	190	390	151	
152	358	399	264	391	183	31	296	486	142	292	146	18	89	140	2	362	182	98	80	487	113	423	136	
152	399	264	391	183	31	296	486	292	146	18	89	140	2	362	256	184	260	
399	264	391	183	31	296	486	292	146	18	89	140	362	378	12	256	2	260	390	463	82	63	13	
399	264	391	183	31	296	486	292	18	89	140	362	2	82	308	22	268	
399	264	391	183	31	296	486	292	18	89	140	362	82	308	431	179	95	300	304	495	
399	264	391	183	31	296	486	292	18	89	140	362	308	304	2	93	0	63	
399	264	391	183	31	296	486	292	18	89	140	362	308	304	2	0	63	95	93	265	266	188	395	
399	264	391	183	31	296	486	292	18	89	362	308	304	2	0	63	93	265	191	88	393	281	257	140	392	80	397	425	131	3	
399	264	391	183	31	296	486	292	18	362	308	2	0	63	93	265	191	140	387	385	23	179	298	187	64	395	
399	264	391	183	31	296	292	18	362	308	2	0	63	93	265	140	298	486	389	191	77	372	268	
399	264	183	31	296	292	18	362	308	2	0	63	93	265	298	77	500	468	30	312	
399	264	183	31	296	292	362	308	2	0	93	265	468	398	312	372	19	298	500	373	490	6	
399	264	183	31	296	292	362	308	2	0	93	265	19	500	490	256	414	64	272	298	320	340	280	302	374	151	271	363	491	488	
399	264	183	31	292	362	308	0	93	19	500	490	256	64	272	2	384	501	17	416	388	
399	264	183	31	292	362	308	0	93	19	500	490	64	272	2	72	366	276	96	29	491	
399	183	31	292	362	308	0	490	64	272	2	96	29	3	
399	31	292	362	308	0	490	64	272	2	96	29	3	356	95	
399	31	362	308	64	272	2	96	3	95	35	38	
399	31	362	308	64	272	96	3	95	276	282	27	155	372	336	
399	31	362	308	64	272	96	3	276	282	155	490	400	274	431	309	
399	31	362	308	64	272	96	155	
399	31	362	308	64	272	155	82	80	
31	362	308	64	272	155	
31	362	308	64	272	155	309	363	
31	362	308	64	272	155	336	
31	362	308	64	272	155	139	378	322	336	137	
31	362	308	64	272	155	
31	362	308	64	272	155	95	366	96	59	27	
31	362	308	64	272	155	56	88	95	
31	362	308	64	272	155	330	187	219	328	
31	362	308	64	272	0	354	400	378	
31	362	64	272	96	280	
31	362	64	272	96	
31	362	64	272	96	
31	362	64	272	96	
362	64	272	96	65	
362	64	272	96	304	98	
64	272	96	0	274	
64	272	96	
64	272	96	
64	272	96	
64	272	96	
64	272	96	
64	272	96	273	
64	272	96	465	104	
64	272	96	
64	272	96	
64	272	96	
64	272	96	280	
64	272	96	104	106	224	
64	272	96	104	273	
64	272	96	104	
64	272	96	104	
64	272	96	104	
64	272	96	104	
64	272	96	104	
64	272	96	104	97	72	
64	272	96	104	
64	272	96	104	224	
64	272	96	104	
64	272	96	
64	272	96	72	
64	272	96	
64	272	96	
64	272	96	72	
64	272	96	
64	272	96	
64	272	96	
64	272	96	
64	272	96	
64	272	96	104	
64	272	
64	272	
64	272	400	
64	272	96	336	273	
64	272	96	274	
64	272	
64	272	
64	272	
64	272	273	336	
64	272	
64	272	336	
64	272	274	
64	272	264	256	
64	272	
64	272	276	
64	272	
64	272	0	
64	272	
64	272	
64	272	280	
64	272	72	
64	272	
64	272	280	304	
64	272	0	
64	272	
64	272	
64	272	
64	272	
64	272	
64	272	0	
64	272	
64	272	80	
64	272	
64	272	
64	272	256	
64	272	273	
64	272	80	
64	272	96	
64	272	192	
64	272	
64	272	96	
64	272	96	192	
64	272	96	280	
64	272	96	
64	272	96	112	
64	272	65	
64	272	68	
64	272	96	
64	272	96	
64	272	96	336	
64	272	
64	272	
64	272	
64	272	274	
64	272	
64	272	
64	272	
64	272	280	80	208	408	
64	272	
64	272	
64	272	96	112	
64	272	72	
64	272	
64	272	276	
64	272	
64	272	
64	272	
64	272	256	280	
64	272	
64	272	
64	272	336	280	
64	272	
64	272	
64	272	
64	272	96	304	
64	272	
64	272	
64	272	256	
64	272	
64	272	
64	272	
64	272	276	
64	272	80	
64	272	
64	272	80	68	66	
64	272	
64	272	96	304	
64	272	96	200	
64	272	
64	272	336	
64	272	400	
64	272	
64	272	
64	272	
64	272	276	260	
64	272	
64	272	
64	272	
64	272	66	
64	272	86	
64	272	96	86	
64	272	96	
64	272	96	
64	272	224	98	
64	272	
64	272	
64	272	
64	272	
64	272	
64	272	
64	272	304	
64	272	
64	272	
64	272	280	256	
64	272	
64	272	
64	272	
64	272	96	256	98	
64	272	80	
64	272	
64	272	
64	272	
64	272	304	
64	272	
64	272	
64	272	
64	272	
64	272	
64	272	96	66	
64	272	
64	272	273	66	
64	272	80	66	
64	272	
64	272	
64	272	336	
64	272	65	
64	272	276	192	
64	272	192	
64	272	
64	272	
64	272	96	
64	272	
64	272	273	
64	272	304	
64	272	
64	272	1	
64	272	
64	272	
64	272	336	
64	272	282	
64	272	304	
64	272	
64	272	96	
64	272	65	0	
64	272	65	304	
64	272	192	
64	272	96	
64	272	96	104	
64	272	104	96	
64	272	104	96	100	
64	272	96	
64	272	256	264	
64	272	73	72	
64	272	400	
64	272	
64	272	96	66	
64	272	96	
64	272	96	256	
64	272	96	
64	272	96	274	224	
64	272	96	72	68	
64	272	
64	272	276	
64	272	
64	272	
64	272	
64	272	96	0	
64	272	96	
64	272	96	304	336	
64	272	96	104	
64	272	96	104	
64	272	
64	272	
64	272	276	
64	272	
64	272	
64	272	
64	272	
64	272	256	
64	272	
64	272	
64	272	336	
64	272	400	72	
64	272	
64	272	256	
64	272	80	
64	272	
64	272	
64	272	
64	272	96	
64	272	96	
64	272	4	336	
64	272	68	
64	272	256	
64	272	
64	272	
64	272	276	
64	272	66	
64	272	
64	272	
64	272	276	
64	272	
64	272	274	
64	272	
64	272	82	
64	272	256	
64	272	
64	272	72	
64	272	96	2	
64	272	96	
64	272	96	97	
64	272	96	
64	272	96	100	
64	272	96	104	
64	272	96	104	
64	272	96	104	
64	272	96	104	224	
64	272	104	
64	272	104	280	
64	272	104	
64	272	96	
64	272	96	67	73	
64	272	96	
64	272	
64	272	192	
64	272	
64	272	
64	272	
64	272	
64	272	
64	272	
64	272	
64	272	274	
64	272	
64	272	
64	272	
64	272	68	
64	272	
64	272	
64	272	
64	272	273	
64	272	400	
64	272	72	274	
64	272	
64	272	
64	272	96	104	
64	272	96	
64	272	96	
64	272	96	
64	272	96	
64	272	80	
64	272	273	
64	272	336	
64	272	96	
64	272	96	104	
64	272	
64	272	
64	272	
64	272	
64	272	96	
64	272	
64	272	400	
64	272	464	
64	272	
64	272	
64	272	336	96	
64	272	
64	272	
64	272	96	
64	272	96	
64	272	
64	272	
64	272	68	
64	272	96	
64	272	
64	272	
64	272	
64	272	256	
64	272	276	
64	272	273	
64	272	
64	272	96	
64	272	328	276	344	
64	272	328	344	
64	272	328	0	96	112	
64	272	328	
64	272	328	96	336	
64	272	328	96	332	324	
64	272	328	96	
64	272	328	96	276	
64	272	328	96	68	274	
64	272	328	96	192	
64	272	328	96	360	32	
64	272	328	96	336	
64	272	96	
64	272	96	32	97	
64	272	96	
64	272	96	
64	272	96	278	
64	272	96	224	
64	272	96	104	108	
64	272	104	72	
64	272	104	
64	272	104	96	304	
64	272	96	104	
64	272	
64	272	
64	272	
64	272	400	
64	272	
64	272	
64	272	
64	272	273	
64	272	
64	272	
64	272	336	
64	272	
64	272	
64	272	304	
64	272	96	
64	272	
64	272	
64	272	
64	272	
64	272	
64	272	96	104	274	
64	272	96	104	112	
64	272	104	276	
64	272	104	96	
64	272	104	120	68	
64	272	256	
64	272	
64	272	96	
64	272	96	
64	272	304	368	
64	272	
64	272	400	
64	272	288	256	
64	272	336	
64	272	
64	272	276	
64	272	400	
64	272	
64	272	
64	272	
64	272	96	0	
64	272	0	
64	272	
64	272	280	260	276	
64	272	66	
64	272	273	
64	272	
64	272	
64	272	400	
64	272	336	
64	272	
64	272	96	
64	272	65	338	
64	272	
64	272	0	
64	272	256	
64	272	
64	272	96	
64	272	
64	272	96	280	
64	272	
64	272	
64	272	96	
64	272	96	66	
64	272	96	
64	272	96	276	
64	272	96	336	
64	272	96	72	80	112	
64	272	96	
64	272	96	
64	272	
64	272	194	
64	272	
64	272	
64	272	
64	272	80	
64	272	336	
64	272	65	
64	272	
64	272	276	
64	272	96	
64	272	
64	272	
64	272	65	
64	272	400	
64	272	400	
64	272	192	276	
64	272	
64	272	
64	272	
64	272	65	
64	272	96	256	
64	272	66	
64	272	304	
64	272	
64	272	96	280	
64	272	274	
64	272	96	
64	272	
64	272	280	
64	272	400	
64	272	
64	272	
64	272	
64	272	274	
64	272	96	
64	272	65	
64	272	
64	272	96	192	
64	272	66	
64	272	66	
64	272	96	68	
64	272	
64	272	
64	272	96	336	
64	272	336	
64	272	280	
64	272	80	
64	272	
64	272	
64	272	72	96	
64	272	
64	272	336	
64	272	273	
64	272	
64	272	275	
64	272	
64	272	72	192	
64	272	96	
64	272	96	
64	272	304	273	
64	272	336	
64	272	
64	272	104	96	
64	272	
64	272	
64	272	
64	272	273	
64	272	
64	272	
64	272	
64	272	0	80	
64	272	80	
64	272	72	76	400	
64	272	274	
64	272	304	
64	272	
64	272	
64	272	
64	272	
64	272	96	
64	272	96	72	
64	272	96	
64	272	96	
64	272	
64	272	400	
64	272	80	
64	272	66	
64	272	
64	272	67	
64	272	
64	272	
64	272	
64	272	
64	272	
64	272	96	
64	272	
64	272	
64	272	
64	272	96	
64	272	0	72	
64	272	192	
64	272	80	
64	272	
64	272	
64	272	
64	272	96	
64	272	
64	272	
64	272	
64	272	
64	272	192	
64	272	
64	272	96	
64	272	96	97	276	104	
64	272	96	
64	272	96	
64	272	96	104	120	
64	272	96	
64	272	96	
64	272	65	73	201	
64	272	9	96	104	276	
64	272	9	96	100	304	
64	272	9	280	
64	272	9	
64	272	9	
64	272	9	96	
64	272	9	
64	272	9	
64	272	9	96	
64	272	9	
64	272	9	11	
64	272	9	336	96	
64	272	9	25	1	
64	272	9	
64	272	9	400	41	
64	272	9	
64	272	9	
64	272	9	13	
64	272	9	
64	272	9	273	
64	272	9	276	
64	272	9	256	66	
64	272	9	256	336	273	
64	272	9	256	257	259	
64	272	9	256	13	
64	272	9	
64	272	9	256	
64	272	9	402	
64	272	9	
64	272	9	96	259	
64	272	9	96	259	11	291	
64	272	9	256	
64	272	9	256	274	192	306	
64	272	9	256	
64	272	9	256	257	
64	272	9	256	276	288	
64	272	9	256	96	
64	272	9	256	280	
64	272	9	256	304	68	
64	272	9	256	0	
64	272	9	256	288	257	0	
64	272	9	256	257	
64	272	9	256	260	
64	272	9	256	320	321	
64	272	9	257	384	68	
64	272	9	257	289	323	321	267	
64	272	9	265	329	331	72	
64	272	9	256	336	
64	272	9	
64	272	9	400	96	
64	272	9	
64	272	9	
64	272	9	273	
64	272	9	
64	272	9	25	
64	272	9	
64	272	9	192	
64	272	9	96	11	
64	272	9	256	
64	272	9	368	336	
64	272	9	498	
64	272	9	498	192	
64	272	9	498	434	432	496	
64	272	9	498	434	418	
64	272	9	498	434	418	506	
64	272	9	498	434	418	416	
64	272	9	434	418	498	
64	272	9	418	498	80	502	434	482	
64	272	9	418	498	426	394	
64	272	9	418	498	426	499	
64	272	9	418	498	426	96	256	
64	272	9	418	498	426	98	102	96	
64	272	9	418	498	426	96	97	276	496	
64	272	9	418	426	96	499	498	
64	272	9	418	426	96	499	498	1	137	276	
64	272	9	418	426	96	1	256	
272	9	418	426	96	1	5	442	25	
9	418	426	96	1	25	386	390	129	258	
9	418	426	96	434	430	432	
9	418	426	96	402	
9	418	426	96	
9	426	96	430	
426	96	100	104	490	427	
426	96	
426	96	394	
426	96	224	
426	96	32	
426	96	
426	96	
426	96	298	
426	96	424	
426	96	
426	96	32	
426	96	98	430	
426	96	100	98	
426	96	32	
426	96	424	224	
426	96	100	490	
426	96	
426	96	64	
426	96	97	224	
426	96	
426	96	
426	96	
426	96	
426	96	
426	96	
426	96	
426	96	
426	96	
426	96	298	
426	96	427	
426	96	
426	96	
426	96	34	98	
426	96	
426	96	
426	96	
426	96	
426	96	490	
426	96	
426	96	100	
426	96	100	
426	96	424	
426	96	394	
426	96	98	
426	96	
426	96	
426	96	
426	96	
426	96	104	
426	96	
426	96	
426	96	
426	96	
426	96	
426	96	
426	96	
426	96	64	
426	96	418	
426	96	
426	96	
426	96	
426	96	430	
426	96	
426	96	
426	96	424	
426	96	224	
426	96	100	
426	96	
426	96	32	
426	96	
426	96	
426	96	97	
426	96	
426	96	
426	96	442	427	
426	96	97	
426	96	
426	96	
426	96	112	
426	96	
426	96	
426	96	
426	96	
426	96	
426	96	490	
426	96	418	290	482	
426	96	98	
426	96	97	
426	96	418	
426	96	
426	96	
426	96	
426	96	
426	96	32	
426	96	
426	96	418	
426	96	442	
426	96	
426	96	97	
426	96	32	
426	96	490	
426	96	430	64	
426	96	
426	96	
426	96	
426	96	
426	96	
426	96	
426	96	298	
426	96	
426	96	
426	96	
426	96	424	64	
426	96	
426	96	
426	96	
426	96	112	
426	96	98	430	
426	96	
426	96	97	
426	96	104	
426	96	
426	96	
426	96	
426	96	
426	96	112	
426	96	
426	96	112	
426	96	
426	96	
426	96	418	
426	96	64	
426	96	
426	96	
426	96	
426	96	
426	96	
426	96	
426	96	
426	96	
426	96	490	
426	96	
426	96	
426	96	394	
426	96	
426	96	
426	96	
426	96	
426	96	
426	96	
426	96	
426	96	
426	96	
426	96	100	
426	96	
426	96	430	
426	96	
426	96	32	
426	96	
426	96	
426	96	
426	96	
426	96	
426	96	424	
426	96	394	
426	96	
426	96	
426	96	
426	96	
426	96	
426	96	
426	96	
426	96	
426	96	224	
426	96	
426	96	
426	96	424	440	112	
426	96	
426	96	302	
426	96	
426	96	
426	96	
426	96	
426	96	32	
426	96	
426	96	
426	96	
426	96	
426	96	
426	96	
426	96	
426	96	394	427	424	
426	96	
426	96	
426	96	418	
426	96	
426	96	490	
426	96	
426	96	
426	96	490	98	
426	96	112	
426	96	
426	96	116	
426	96	112	
426	96	98	32	104	
426	96	97	
426	96	
426	96	
426	96	
426	96	427	
426	96	298	
426	96	
426	96	64	427	104	
426	96	
426	96	490	
426	96	
426	96	427	
426	96	64	
426	96	
426	96	
426	96	112	
426	96	394	98	
426	96	
426	96	
426	96	418	
426	96	298	418	
426	96	192	224	
426	96	98	
426	96	
426	96	490	
426	96	98	101	
426	96	
426	96	
426	96	298	224	
426	96	298	362	
426	96	
426	96	298	
426	96	32	
426	96	418	32	
426	96	104	
426	96	
426	96	
426	96	
426	96	442	
426	96	97	
426	96	
426	96	418	
426	96	
426	96	
426	96	394	
426	96	430	
426	96	
426	96	
426	96	
426	96	
426	96	228	
426	96	
426	96	
426	96	97	
426	96	
426	96	100	
426	96	
426	96	
426	96	
426	96	
426	96	
426	96	490	
426	96	
426	96	
426	96	64	430	
426	96	427	
426	96	
426	96	427	
426	96	
426	96	
426	96	298	64	
426	96	494	224	
426	96	394	
426	96	
426	96	100	
426	96	
426	96	
426	96	
426	96	
426	96	
426	96	
426	96	
426	96	
426	96	
426	96	298	
426	96	298	
426	96	
426	96	
426	96	
426	96	
426	96	
426	96	490	
426	96	
426	96	430	
426	96	424	104	
426	96	
426	96	224	
426	96	298	
426	96	427	
426	96	442	
426	96	
426	96	427	
426	96	100	
426	96	
426	96	100	
426	96	224	
426	96	
426	96	
426	96	
426	96	
426	96	
426	96	
426	96	442	
426	96	
426	96	
426	96	
426	96	394	
426	96	
426	96	
426	96	490	
426	96	100	112	
426	96	
426	96	
426	96	
426	96	
426	96	418	64	
426	96	
426	96	112	
426	96	
426	96	
426	96	100	
426	96	430	
426	96	224	
426	96	224	
426	96	
426	96	
426	96	
426	96	
426	96	
426	96	
426	96	
426	96	
426	96	
426	96	418	
426	96	
426	96	
426	96	298	
426	96	
426	96	
426	96	
426	96	98	
426	96	
426	96	427	
426	96	
426	96	224	
426	96	32	
426	96	
426	96	
426	96	
426	96	64	112	
426	96	
426	96	
426	96	224	490	
426	96	
426	96	418	
426	96	
426	96	298	
426	96	418	
426	96	
426	96	424	
426	96	
426	96	424	
426	96	424	
426	96	224	
426	96	
426	96	
426	96	
426	96	
426	96	
426	96	430	
426	96	
426	96	
426	96	
426	96	
426	96	
426	96	
426	96	442	
426	96	
426	96	
426	96	
426	96	
426	96	
426	96	112	
426	96	
426	96	
426	96	298	
426	96	
426	96	394	
426	96	
426	96	
426	96	
426	96	
426	96	
426	96	
426	96	298	
426	96	
426	96	
426	96	
426	96	
426	96	416	298	490	
426	96	
426	96	418	
426	96	97	
426	96	
426	96	
426	96	
426	96	
426	96	224	424	
426	96	224	
426	96	
426	96	298	424	
426	96	
426	96	
426	96	
426	96	442	
426	96	113	
426	96	
426	96	440	
426	96	64	
426	96	112	
426	96	
426	96	100	
426	96	394	
426	96	32	418	
426	96	
426	96	112	
426	96	442	
426	96	
426	96	112	80	
426	96	100	
426	96	442	
426	96	
426	96	
426	96	
426	96	430	
426	96	
426	96	
426	96	442	
426	96	224	
426	96	
426	96	
426	96	424	
426	96	418	
426	96	
426	96	394	
426	96	
426	96	
426	96	
426	96	424	
426	96	97	
426	96	
426	96	224	
426	96	427	
426	96	490	
426	96	
426	96	
426	96	427	
426	96	
426	96	
426	96	
426	96	112	
426	96	296	424	
426	96	104	
426	96	
426	96	
426	96	418	
426	96	
426	96	
426	96	112	
426	96	
426	96	
426	96	298	
426	96	430	
426	96	
426	96	
426	96	
426	96	
426	96	
426	96	48	100	
426	96	
426	96	
426	96	
426	96	
426	96	
426	96	
426	96	430	
426	96	418	
426	96	
426	96	488	
426	96	98	
426	96	
426	96	
426	96	427	
426	96	442	
426	96	
426	96	
426	96	427	
426	96	
426	96	
426	96	443	424	
426	96	
426	96	
426	96	
426	96	418	298	
426	96	98	442	
426	96	298	
426	96	
426	96	430	
426	96	98	102	
426	96	
426	96	
426	96	97	
426	96	
426	96	
426	96	
426	96	
426	96	418	
426	96	440	
426	96	
426	96	298	282	
426	96	98	
426	96	
426	96	490	
426	96	
426	96	98	
426	96	
426	96	101	109	394	
426	96	
426	96	
426	96	
426	96	298	
426	96	
426	96	
426	96	
426	96	394	386	418	104	
426	96	418	
426	96	224	
426	96	
426	96	427	
426	96	
426	96	
426	96	
426	96	
426	96	
426	96	
426	96	298	
426	96	64	
426	96	
426	96	
426	96	
426	96	
426	96	
426	96	
426	96	
426	96	
426	96	
426	96	427	299	
426	96	
426	96	442	
426	96	
426	96	112	
426	96	
426	96	418	64	68	
426	96	
426	96	
426	96	
426	96	
426	96	
426	96	430	32	97	
426	96	298	314	
426	96	64	
426	96	
426	96	
426	96	112	
426	96	
426	96	
426	96	
426	96	298	
426	96	97	112	
426	96	
426	96	
426	96	
426	96	
426	96	98	
426	96	
426	96	298	
426	96	
426	96	
426	96	224	
426	96	32	
426	96	
426	96	
426	96	104	
426	96	
426	96	32	424	
426	96	
426	96	
426	96	98	97	
426	96	98	
426	96	
426	96	
426	96	298	
426	96	
426	96	64	
426	96	100	
426	96	
426	96	64	
426	96	
426	96	224	
426	96	64	
426	96	32	
426	96	100	
426	96	424	392	
426	96	
426	96	64	
426	96	
426	96	
426	96	424	
426	96	
426	96	
426	96	442	
426	96	314	32	
426	96	
426	96	
426	96	
426	96	
426	96	224	
426	96	
426	96	
426	96	
426	96	490	
426	96	
426	96	
426	96	424	
426	96	100	
426	96	
426	96	
426	96	
426	96	
426	96	
426	96	
426	96	418	
426	96	228	
426	96	112	
426	96	
426	96	
426	96	32	430	
426	96	
426	96	
426	96	
426	96	490	
426	96	112	
426	96	
426	96	
426	96	
426	96	
426	96	
426	96	418	
426	96	394	424	
426	96	
426	96	424	
426	96	
426	96	64	
426	96	490	442	
426	96	97	
426	96	48	394	
426	96	
426	96	97	
426	96	
426	96	
426	96	
426	96	
426	96	442	
426	96	98	
426	96	
426	96	
426	96	
426	96	
426	96	32	
426	96	
426	96	418	
426	96	
426	96	418	
426	96	
426	96	112	116	
426	96	
426	96	
426	96	
426	96	490	410	
426	96	299	427	
426	96	
426	96	
426	96	
426	96	490	
426	96	
426	96	32	
426	96	
426	96	430	
426	96	
426	96	442	
426	96	
426	96	
426	96	98	
426	96	
426	96	100	
426	96	442	
426	96	
426	96	
426	96	98	
426	96	
426	96	64	
426	96	
426	96	64	
426	96	
426	96	
426	96	98	
426	96	
426	96	
426	96	
426	96	430	
426	96	
426	96	
426	96	104	
426	96	
426	96	
426	96	418	
426	96	
426	96	
426	96	
426	96	
426	96	
426	96	
426	96	98	
426	96	
426	96	
426	96	490	97	
426	96	97	
426	96	
426	96	
426	96	104	
426	96	
426	96	101	
426	96	298	
426	96	
426	96	
426	96	392	394	450	
426	96	
426	96	
426	96	
426	96	100	
426	96	
426	96	104	
426	96	
426	96	98	
426	96	
426	96	224	192	424	
426	96	32	490	
426	96	266	298	
426	96	
426	96	32	
426	96	
426	96	
426	96	
426	96	
426	96	
426	96	430	
426	96	424	490	
426	96	
426	96	100	
426	96	
426	96	
426	96	424	97	
426	96	97	
426	96	
426	96	
426	96	
426	96	
426	96	430	100	
426	96	
426	96	
426	96	99	
426	96	
426	96	
426	96	
426	96	
426	96	418	
426	96	
426	96	32	
426	96	
426	96	
426	96	
426	96	420	112	
426	96	
426	96	
426	96	
426	96	490	
426	96	
426	96	298	
426	96	431	427	
426	96	
426	96	
426	96	224	
426	96	
426	96	
426	96	
426	96	
426	96	104	
426	96	
426	96	
426	96	
426	96	64	100	
426	96	
426	96	
426	96	
426	96	112	32	
426	96	
426	96	
426	96	394	
426	96	
426	96	
426	96	104	
426	96	430	
426	96	
426	96	
426	96	492	
426	96	
426	96	298	98	
426	96	
426	96	
426	96	
426	96	418	416	
426	96	
426	96	64	
426	96	
426	96	
426	96	442	
426	96	490	430	
426	96	
426	96	
426	96	
426	96	430	
426	96	
426	96	
426	96	
426	96	
426	96	
426	96	
426	96	
426	96	
426	96	442	
426	96	427	
426	96	
426	96	394	
426	96	394	
426	96	
426	96	104	
426	96	424	
426	96	
426	96	
426	96	
426	96	298	
426	96	104	
426	96	
426	96	100	
426	96	
426	96	
426	96	442	
426	96	48	112	490	
426	96	32	
426	96	
426	96	
426	96	
426	96	
426	96	
426	96	430	
426	96	100	
426	96	298	
426	96	
426	96	
426	96	418	442	
426	96	
426	96	
426	96	394	
426	96	
426	96	458	298	
426	96	430	
426	96	
426	96	98	
426	96	
426	96	104	
426	96	100	430	116	
426	96	
426	96	
426	96	
426	96	424	
426	96	427	424	
426	96	442	
426	96	
426	96	112	240	
426	96	112	
426	96	442	
426	96	
426	96	
426	96	298	
426	96	112	394	
426	96	490	506	
426	96	
426	96	
426	96	430	
426	96	224	
426	96	
426	96	
426	96	
426	96	
426	96	424	
426	96	224	
426	96	
426	96	427	
426	96	113	
426	96	
426	96	
426	96	
426	96	490	
426	96	
426	96	
426	96	
426	96	
426	96	
426	96	
426	96	97	
426	96	
426	96	
426	96	
426	96	
426	96	418	
426	96	
426	96	298	
426	96	
426	96	
426	96	114	
426	96	64	
426	96	418	422	423	
426	96	424	
426	96	
426	96	424	
426	96	
426	96	424	
426	96	
426	96	
426	96	394	98	
426	96	
426	96	
426	96	
426	96	424	97	
426	96	112	
426	96	
426	96	
426	96	
426	96	
426	96	427	418	
426	96	
426	96	430	
426	96	
426	96	
426	96	298	
426	96	97	
426	96	394	
426	96	
426	96	
426	96	418	
426	96	427	
426	96	
426	96	442	
426	96	
426	96	
426	96	
426	96	
426	96	
426	96	
426	96	298	
426	96	
426	96	
426	96	
426	96	104	
426	96	113	
426	96	298	
426	96	
426	96	
426	96	
426	96	
426	96	224	
426	96	424	298	
426	96	98	
426	96	
426	96	430	490	
426	96	
426	96	
426	96	
426	96	
426	96	
426	96	224	
426	96	
426	96	
426	96	224	
426	96	98	
426	96	431	
426	96	
426	96	
426	96	
426	96	224	
426	96	490	
426	96	112	
426	96	
426	96	
426	96	442	
426	96	
426	96	
426	96	
426	96	
426	96	
426	96	32	
426	96	
426	96	64	
426	96	
426	96	
426	96	
426	96	490	418	424	
426	96	112	
426	96	64	
426	96	
426	96	97	
426	96	
426	96	
426	96	
426	96	
426	96	394	392	
426	96	
426	96	
426	96	
426	96	
426	96	
426	96	
426	96	
426	96	
426	96	
426	96	427	424	
426	96	
426	96	97	
426	96	
426	96	
426	96	
426	96	224	100	
426	96	
426	96	100	
426	96	
426	96	
426	96	
426	96	
426	96	98	
426	96	
426	96	
426	96	
426	96	
426	96	98	0	
426	96	
426	96	
426	96	394	
426	96	
426	96	418	386	
426	96	104	
426	96	225	
426	96	
426	96	418	108	
426	96	112	
426	96	442	
426	96	442	
426	96	64	
426	96	
426	96	
426	96	
426	96	
426	96	418	224	
426	96	104	
426	96	
426	96	
426	96	
426	96	101	
426	96	
426	96	
426	96	
426	96	
426	96	64	
426	96	
426	96	
426	96	
426	96	
426	96	
426	96	
426	96	
426	96	427	224	
426	96	
426	96	
426	96	
426	96	
426	96	
426	96	424	
426	96	
426	96	
426	96	
426	96	
426	96	112	
426	96	
426	96	
426	96	
426	96	
426	96	
426	96	
426	96	32	
426	96	
426	96	299	298	
426	96	418	
426	96	298	
426	96	
426	96	
426	96	
426	96	298	
426	96	104	232	
426	96	442	
426	96	
426	96	
426	96	240	490	
426	96	
426	96	
426	96	
426	96	
426	96	
426	96	298	
426	96	
426	96	
426	96	224	
426	96	
426	96	
426	96	97	
426	96	
426	96	298	
426	96	32	
426	96	424	
426	96	430	
426	96	430	98	
426	96	
426	96	
426	96	418	
426	96	112	
426	96	
426	96	
426	96	112	442	
426	96	418	490	224	
426	96	
426	96	112	
426	96	
426	96	
426	96	
426	96	112	
426	96	
426	96	
426	96	
426	96	430	
426	96	
426	96	
426	96	424	
426	96	
426	96	
426	96	298	
426	96	
426	96	442	490	100	
426	96	100	
426	96	442	314	
426	96	430	
426	96	
426	96	394	
426	96	97	
426	96	442	100	
426	96	
426	96	
426	96	232	
426	96	112	
426	96	430	
426	96	
426	96	
426	96	
426	96	
426	96	104	
426	96	
426	96	
426	96	442	
426	96	430	100	
426	96	430	
426	96	
426	96	
426	96	
426	96	
426	96	
426	96	298	
426	96	424	
426	96	
426	96	100	
426	96	
426	96	32	
426	96	
426	96	97	
426	96	
426	96	
426	96	418	
426	96	430	
426	96	104	
426	96	
426	96	
426	96	
426	96	
426	96	
426	96	399	32	
426	96	
426	96	
426	96	
426	96	
426	96	
426	96	
426	96	
426	96	100	
426	96	98	104	
426	96	
426	96	394	
426	96	
426	96	314	490	
426	96	314	100	
426	96	314	298	
426	96	
426	96	
426	96	
426	96	
426	96	
426	96	100	
426	96	
426	96	
426	96	
426	96	
426	96	
426	96	64	427	
426	96	
426	96	224	
426	96	
426	96	
426	96	105	490	104	
426	96	97	48	112	
426	96	442	
426	96	
426	96	
426	96	40	
426	96	288	
426	96	
426	96	
426	96	
426	96	100	
426	96	
426	96	
426	96	64	
426	96	
426	96	64	
426	96	
426	96	
426	96	424	
426	96	
426	96	430	
426	96	
426	96	418	
426	96	
426	96	36	
426	96	
426	96	394	
426	96	
426	96	224	
426	96	112	
426	96	418	32	
426	96	
426	96	442	32	
426	96	
426	96	32	
426	96	100	32	
426	96	
426	96	
426	96	
426	96	
426	96	
426	96	
426	96	298	
426	96	419	
426	96	490	
426	96	
426	96	98	112	
426	96	
426	96	
426	96	442	
426	96	490	
426	96	
426	96	298	
426	96	298	
426	96	64	
426	96	
426	96	
426	96	97	32	
426	96	
426	96	
426	96	160	0	32	
426	96	
426	96	418	424	
426	96	
426	96	
426	96	32	
426	96	427	
426	96	314	
426	96	298	394	
426	96	
426	96	
426	96	
426	96	
426	96	
426	96	
426	96	
426	96	
426	96	
426	96	394	
426	96	224	232	
426	96	
426	96	
426	96	
426	96	224	
426	96	394	
426	96	
426	96	
426	96	
426	96	
426	96	427	424	
426	96	394	430	
426	96	
426	96	
426	96	
426	96	
426	96	224	
426	96	104	
426	96	
426	96	97	
426	96	97	
426	96	64	
426	96	442	
426	96	
426	96	
426	96	443	
426	96	298	
426	96	113	
426	96	
426	96	
426	96	442	
426	96	
426	96	458	
426	96	458	427	
426	96	458	418	462	
426	96	
426	96	224	240	
426	96	
426	96	97	
426	96	
426	96	
426	96	
426	96	427	
426	96	
426	96	
426	96	
426	96	296	298	
426	96	101	
426	96	
426	96	
426	96	
426	96	112	
426	96	
426	96	
426	96	
426	96	
426	96	394	
426	96	
426	96	64	104	
426	96	
426	96	
426	96	
426	96	
426	96	
426	96	
426	96	
426	96	
426	96	430	
426	96	442	424	
426	96	
426	96	490	
426	96	98	
426	96	394	
426	96	100	418	
426	96	
426	96	
426	96	
426	96	298	
426	96	
426	96	395	98	
426	96	
426	96	
426	96	
426	96	
426	96	
426	96	112	
426	96	
426	96	442	
426	96	
426	96	
426	96	
426	96	
426	96	112	
426	96	
426	96	
426	96	427	
426	96	
426	96	
426	96	
426	96	
426	96	
426	96	
426	96	
426	96	97	
426	96	
426	96	
426	96	
426	96	
426	96	97	
426	96	
426	96	
426	96	
426	96	410	160	162	
426	96	
426	96	
426	96	112	
426	96	
426	96	
426	96	490	
426	96	
426	96	
426	96	394	112	
426	96	
426	96	392	440	
426	96	
426	96	
426	96	458	
426	96	
426	96	
426	96	394	
426	96	298	
426	96	224	
426	96	
426	96	
426	96	
426	96	
426	96	
426	96	
426	96	
426	96	
426	96	
426	96	
426	96	
426	96	100	
426	96	
426	96	490	
426	96	
426	96	
426	96	
426	96	100	
426	96	
426	96	442	440	
426	96	
426	96	418	104	
426	96	104	
426	96	
426	96	
426	96	
426	96	
426	96	
426	96	
426	96	
426	96	
426	96	
426	96	
426	96	32	
426	96	
426	96	
426	96	100	
426	96	97	490	
426	96	112	
426	96	
426	96	
426	96	97	
426	96	
426	96	
426	96	394	112	
426	96	
426	96	
426	96	
426	96	430	
426	96	
426	96	
426	96	430	
426	96	224	266	
426	96	427	
426	96	32	
426	96	
426	96	
426	96	
426	96	
426	96	
426	96	
426	96	442	
426	96	
426	96	97	298	
426	96	490	
426	96	104	
426	96	424	
426	96	
426	96	
426	96	
426	96	490	
426	96	
426	96	112	
426	96	430	
426	96	
426	96	
426	96	
426	96	
426	96	442	
426	96	
426	96	
426	96	
426	96	
426	96	
426	96	
426	96	
426	96	
426	96	
426	96	104	
426	96	
426	96	104	
426	96	
426	96	
426	96	
426	96	
426	96	394	
426	96	
426	96	427	100	
426	96	
426	96	
426	96	440	490	
426	96	442	
426	96	
426	96	
426	96	
426	96	298	
426	96	224	
426	96	104	
426	96	
426	96	428	430	
426	96	
426	96	
426	96	427	
426	96	
426	96	
426	96	
426	96	
426	96	
426	96	490	
426	96	
426	96	
426	96	104	418	
426	96	
426	96	224	
426	96	
426	96	
426	96	
426	96	
426	96	97	
426	96	
426	96	
426	96	430	398	
426	96	
426	96	490	
426	96	
426	96	98	
426	96	
426	96	97	
426	96	64	
426	96	
426	96	100	
426	96	64	
426	96	
426	96	490	394	
426	96	427	
426	96	
426	96	
426	96	
426	96	72	97	
426	96	
426	96	424	
426	96	418	97	
426	96	104	
426	96	
426	96	104	394	
426	96	
426	96	
426	96	64	
426	96	
426	96	
426	96	
426	96	112	
426	96	
426	96	
426	96	104	
426	96	97	112	
426	96	
426	96	97	
426	96	97	
426	96	
426	96	
426	96	
426	96	430	418	
426	96	
426	96	113	
426	96	430	
426	96	424	
426	96	
426	96	
426	96	
426	96	
426	96	442	
426	96	
426	96	
426	96	
426	96	
426	96	490	
426	96	
426	96	
426	96	32	
426	96	
426	96	
426	96	98	
426	96	
426	96	113	
426	96	100	
426	96	
426	96	
426	96	
426	96	225	
426	96	
426	96	
426	96	430	
426	96	
426	96	
426	96	442	
426	96	
426	96	
426	96	
426	96	
426	96	442	
426	96	
426	96	442	
426	96	
426	96	424	
426	96	100	427	
426	96	
426	96	
426	96	104	
426	96	32	
426	96	97	
426	96	
426	96	100	
426	96	32	
426	96	
426	96	
426	96	
426	96	
426	96	
426	96	424	97	
426	96	
426	96	32	
426	96	506	
426	96	
426	96	
426	96	
426	96	427	102	
426	96	
426	96	97	
426	96	298	
426	96	32	
426	96	
426	96	
426	96	32	
426	96	98	
426	96	442	
426	96	
426	96	98	
426	96	
426	96	97	
426	96	418	
426	96	
426	96	113	121	
426	96	
426	96	
426	96	
426	96	430	64	
426	96	
426	96	418	
426	96	
426	96	64	
426	96	
426	96	418	97	
426	96	
426	96	
426	96	
426	96	418	419	
426	96	
426	96	97	
426	96	
426	96	98	427	
426	96	
426	96	418	443	
426	96	442	
426	96	298	424	
426	96	
426	96	
426	96	
426	96	298	104	
426	96	490	
426	96	
426	96	
426	96	
426	96	
426	96	490	
426	96	428	
426	96	442	
426	96	
426	96	
426	96	
426	96	394	
426	96	
426	96	
426	96	
426	96	430	
426	96	
426	96	
426	96	
426	96	104	
426	96	
426	96	
426	96	394	430	
426	96	
426	96	418	
426	96	
426	96	427	
426	96	394	
426	96	
426	96	
426	96	
426	96	427	
426	96	
426	96	
426	96	
426	96	
426	96	
426	96	
426	96	
426	96	
426	96	266	224	32	
426	96	
426	96	430	
426	96	
426	96	64	
426	96	490	
426	96	418	386	
426	96	
426	96	490	
426	96	
426	96	
426	96	430	
426	96	104	
426	96	97	
426	96	
426	96	
426	96	
426	96	
426	96	
426	96	394	
426	96	
426	96	32	
426	96	
426	96	290	
426	96	
426	96	98	32	
426	96	430	
426	96	
426	96	424	430	
426	96	
426	96	
426	96	
426	96	
426	96	442	
426	96	
426	96	
426	96	298	494	430	442	
426	96	
426	96	
426	96	
426	96	
426	96	
426	96	
426	96	100	
426	96	
426	96	394	
426	96	
426	96	
426	96	
426	96	427	
426	96	
426	96	
426	96	69	418	
426	96	
426	96	
426	96	
426	96	418	228	
426	96	224	
426	96	418	224	
426	96	
426	96	394	
426	96	
426	96	442	
426	96	
426	96	418	
426	96	
426	96	
426	96	32	
426	96	224	
426	96	
426	96	430	
426	96	418	
426	96	
426	96	
426	96	64	
426	96	
426	96	490	
426	96	431	
426	96	
426	96	
426	96	
426	96	
426	96	
426	96	430	
426	96	
426	96	
426	96	32	
426	96	
426	96	
426	96	418	
426	96	100	
426	96	
426	96	
426	96	394	
426	96	
426	96	
426	96	32	490	
426	96	98	100	
426	96	
426	96	442	
426	96	424	97	
426	96	
426	96	
426	96	442	
426	96	418	427	
426	96	
426	96	
426	96	
426	96	
426	96	32	
426	96	427	
426	96	
426	96	
426	96	
426	96	97	100	
426	96	
426	96	
426	96	
426	96	
426	96	442	
426	96	418	
426	96	
426	96	
426	96	
426	96	
426	96	394	298	
426	96	
426	96	442	
426	96	32	
426	96	
426	96	97	
426	96	
426	96	98	
426	96	394	
426	96	
426	96	490	
426	96	490	100	494	
426	96	106	224	
426	96	
426	96	394	
426	96	
426	96	
426	96	
426	96	
426	96	
426	96	
426	96	
426	96	
426	96	
426	96	
426	96	104	
426	96	298	
426	96	
426	96	112	
426	96	104	
426	96	98	
426	96	224	
426	96	
426	96	490	
426	96	
426	96	430	
426	96	
426	96	298	430	394	
426	96	224	
426	96	
426	96	
426	96	
426	96	
426	96	
426	96	100	
426	96	
426	96	
426	96	
426	96	427	98	
426	96	443	
426	96	112	
426	96	
426	96	
426	96	
426	96	
426	96	
426	96	394	
426	96	
426	96	100	
426	96	
426	96	104	427	
426	96	
426	96	64	
426	96	
426	96	
426	96	
426	96	
426	96	97	
426	96	32	
426	96	
426	96	442	
426	96	
426	96	
426	96	
426	96	100	104	
426	96	430	
426	96	
426	96	
426	96	362	
426	96	
426	96	
426	96	
426	96	
426	96	
426	96	
426	96	
426	96	
426	96	490	442	491	410	434	
426	96	
426	96	32	
426	96	
426	96	
426	96	
426	96	
426	96	
426	96	
426	96	424	
426	96	
426	96	
426	96	112	
426	96	
426	96	490	
426	96	
426	96	32	
426	96	
426	96	424	
426	96	
426	96	
426	96	98	
426	96	
426	96	
426	96	32	
426	96	
426	96	
426	96	
426	96	
426	96	
426	96	
426	96	
426	96	
426	96	
426	96	442	
426	96	
426	96	
426	96	427	
426	96	
426	96	104	
426	96	
426	96	
426	96	
426	96	100	
426	96	
426	96	224	
426	96	430	
426	96	
426	96	112	
426	96	394	
426	96	
426	96	64	
426	96	298	
426	96	427	64	112	
426	96	
426	96	
426	96	
426	96	443	
426	96	
426	96	
426	96	224	97	
426	96	
426	96	
426	96	100	
426	96	
426	96	
426	96	
426	96	
426	96	
426	96	
426	96	
426	96	
426	96	
426	96	394	
426	96	112	
426	96	64	
426	96	418	
426	96	
426	96	
426	96	442	394	
426	96	32	
426	96	427	
426	96	
426	96	104	
426	96	442	506	
426	96	
426	96	72	
426	96	394	
426	96	
426	96	
426	96	
426	96	
426	96	
426	96	
426	96	
426	96	
426	96	418	
426	96	314	442	
426	96	430	
426	96	
426	96	97	
426	96	394	458	
426	96	
426	96	298	
426	96	97	
426	96	424	
426	96	104	
426	96	
426	96	
426	96	430	418	
426	96	
426	96	
426	96	298	
426	96	98	
426	96	428	112	
426	96	98	
426	96	
426	96	
426	96	
426	96	
426	96	
426	96	
426	96	
426	96	418	
426	96	422	430	
426	96	
426	96	
426	96	
426	96	
426	96	430	224	
426	96	
426	96	
426	96	
426	96	490	
426	96	
426	96	98	
426	96	
426	96	98	
426	96	
426	96	
426	96	
426	96	
426	96	
426	96	430	418	
426	96	104	
426	96	394	427	
426	96	
426	96	418	442	386	
426	96	98	
426	96	
426	96	
426	96	442	97	100	
426	96	
426	96	
426	96	
426	96	298	
426	96	314	
426	96	
426	96	
426	96	
426	96	
426	96	491	427	
426	96	
426	96	64	
426	96	104	
426	96	224	427	
426	96	424	
426	96	
426	96	97	
426	96	
426	96	442	
426	96	
426	96	100	
426	96	430	
426	96	
426	96	108	
426	96	98	
426	96	
426	96	
426	96	98	
426	96	394	
426	96	
426	96	98	
426	96	424	
426	96	104	
426	96	
426	96	97	418	430	
426	96	
426	96	442	
426	96	
426	96	
426	96	
426	96	
426	96	
426	96	
426	96	434	418	
426	96	
426	96	
426	96	
426	96	
426	96	
426	96	
426	96	
426	96	
426	96	
426	96	80	
426	96	
426	96	424	
426	96	
426	96	
426	96	104	424	
426	96	
426	96	442	
426	96	
426	96	
426	96	100	
426	96	
426	96	
426	96	
426	96	
426	96	442	
426	96	
426	96	224	
426	96	
426	96	
426	96	
426	96	32	
426	96	
426	96	
426	96	
426	96	
426	96	
426	96	
426	96	
426	96	
426	96	
426	96	100	424	
426	96	
426	96	
426	96	
426	96	298	101	
426	96	
426	96	490	
426	96	490	427	
426	96	
426	96	
426	96	394	
426	96	
426	96	112	
426	96	
426	96	
426	96	424	
426	96	
426	96	
426	96	
426	96	427	394	
426	96	
426	96	
426	96	
426	96	
426	96	394	100	
426	96	98	
426	96	
426	96	
426	96	
426	96	
426	96	104	
426	96	298	
426	96	
426	96	104	
426	96	112	
426	96	112	
426	96	
426	96	
426	96	81	
426	96	427	
426	96	440	
426	96	427	
426	96	418	430	
426	96	490	
426	96	506	490	32	
426	96	
426	96	427	
426	96	
426	96	224	64	
426	96	112	
426	96	
426	96	
426	96	
426	96	
426	96	112	
426	96	394	
426	96	
426	96	
426	96	
426	96	458	
426	96	418	
426	96	
426	96	
426	96	394	
426	96	
426	96	
426	96	
426	96	490	
426	96	298	
426	96	427	
426	96	
426	96	
426	96	
426	96	
426	96	
426	96	
426	96	32	
426	96	
426	96	64	
426	96	
426	96	
426	96	160	
426	96	
426	96	
426	96	
426	96	418	416	
426	96	418	
426	96	98	
426	96	
426	96	
426	96	298	299	
426	96	224	
426	96	
426	96	
426	96	
426	96	
426	96	418	
426	96	224	
426	96	442	
426	96	64	
426	96	
426	96	
426	96	
426	96	
426	96	
426	96	
426	96	443	100	
426	96	443	
426	96	418	442	
426	96	427	
426	96	112	
426	96	424	
426	96	298	
426	96	
426	96	98	
426	96	
426	96	
426	96	
426	96	
426	96	490	
426	96	
426	96	
426	96	430	
426	96	
426	96	
426	96	427	100	
426	96	
426	96	418	
426	96	
426	96	
426	96	
426	96	
426	96	
426	96	
426	96	
426	96	
426	96	
426	96	
426	96	394	
426	96	97	
426	96	
426	96	
426	96	
426	96	
426	96	224	97	
426	96	427	
426	96	97	
426	96	100	
426	96	
426	96	64	
426	96	395	299	
426	96	430	
426	96	
426	96	430	
426	96	
426	96	
426	96	40	104	
426	96	
426	96	
426	96	
426	96	100	
426	96	112	418	
426	96	394	
426	96	
426	96	
426	96	
426	96	
426	96	
426	96	
426	96	427	
426	96	
426	96	
426	96	
426	96	
426	96	
426	96	
426	96	
426	96	
426	96	
426	96	
426	96	
426	96	
426	96	394	298	
426	96	
426	96	314	64	224	
426	96	
426	96	
426	96	
426	96	100	
426	96	
426	96	
426	96	97	
426	96	298	
426	96	
426	96	
426	96	
426	96	
426	96	
426	96	224	160	
426	96	418	
426	96	
426	96	418	
426	96	224	
426	96	
426	96	
426	96	
426	96	64	
426	96	
426	96	
426	96	224	
426	96	446	442	
426	96	
426	96	
426	96	
426	96	
426	96	
426	96	
426	96	
426	96	
426	96	
426	96	424	100	
426	96	298	
426	96	
426	96	105	
426	96	
426	96	
426	96	424	488	394	
426	96	394	
426	96	430	
426	96	98	
426	96	64	418	419	
426	96	490	
426	96	
426	96	394	
426	96	
426	96	
426	96	418	
426	96	
426	96	
426	96	32	430	
426	96	
426	96	97	
426	96	
426	96	
426	96	97	
426	96	
426	96	
426	96	418	296	298	
426	96	
426	96	32	430	
426	96	442	
426	96	32	
426	96	224	
426	96	
426	96	224	
426	96	
426	96	
426	96	
426	96	
426	96	
426	96	
426	96	
426	96	418	
426	96	
426	96	
426	96	
426	96	98	224	
426	96	424	
426	96	
426	96	
426	96	430	
426	96	
426	96	112	
426	96	
426	96	
426	96	
426	96	
426	96	427	
426	96	427	
426	96	
426	96	
426	96	
426	96	
426	96	427	64	
426	96	
426	96	430	442	
426	96	442	
426	96	32	
426	96	
426	96	
426	96	
426	96	
426	96	
426	96	
426	96	
426	96	
426	96	
426	96	224	
426	96	424	
426	96	
426	96	
426	96	112	
426	96	104	
426	96	
426	96	298	
426	96	
426	96	
426	96	394	
426	96	
426	96	
426	96	32	
426	96	
426	96	
426	96	76	
426	96	
426	96	490	
426	96	
426	96	
426	96	
426	96	
426	96	394	
426	96	
426	96	32	
426	96	
426	96	97	
426	96	
426	96	490	
426	96	224	
426	96	
426	96	
426	96	
426	96	
426	96	394	
426	96	
426	96	
426	96	494	430	
426	96	394	
426	96	
426	96	
426	96	98	
426	96	442	418	
426	96	
426	96	
426	96	
426	96	
426	96	
426	96	298	
426	96	
426	96	
426	96	
426	96	
426	96	
426	96	
426	96	
426	96	
426	96	100	112	
426	96	108	
426	96	
426	96	
426	96	160	
426	96	
426	96	490	
426	96	298	427	
426	96	
426	96	410	
426	96	224	
426	96	
426	96	394	
426	96	104	
426	96	98	
426	96	
426	96	32	
426	96	104	
426	96	
426	96	418	
426	96	
426	96	418	
426	96	224	
426	96	
426	96	394	
426	96	97	442	
426	96	
426	96	
426	96	
426	96	490	104	362	
426	96	394	
426	96	427	
426	96	
426	96	224	424	
426	96	
426	96	
426	96	
426	96	458	
426	96	
426	96	
426	96	
426	96	
426	96	
426	96	443	
426	96	97	
426	96	
426	96	430	
426	96	
426	96	
426	96	
426	96	100	64	
426	96	
426	96	
426	96	
426	96	427	
426	96	
426	96	
426	96	100	32	
426	96	
426	96	
426	96	
426	96	442	
426	96	430	
426	96	
426	96	
426	96	
426	96	
426	96	
426	96	
426	96	
426	96	
426	96	
426	96	298	
426	96	
426	96	
426	96	490	112	
426	96	
426	96	
426	96	98	
426	96	112	
426	96	
426	96	
426	96	98	
426	96	
426	96	
426	96	98	298	
426	96	
426	96	
426	96	418	
426	96	
426	96	
426	96	
426	96	442	
426	96	32	
426	96	112	100	418	
426	96	
426	96	
426	96	224	
426	96	394	
426	96	
426	96	430	
426	96	64	442	
426	96	
426	96	424	
426	96	
426	96	224	
426	96	
426	96	298	
426	96	
426	96	32	
426	96	
426	96	
426	96	
426	96	
426	96	64	
426	96	
426	96	
426	96	
426	96	427	
426	96	
426	96	
426	96	
426	96	
426	96	
426	96	290	442	298	
426	96	394	
426	96	100	116	494	
426	96	
426	96	298	
426	96	
426	96	
426	96	424	
426	96	
426	96	
426	96	
426	96	
426	96	64	
426	96	
426	96	394	
426	96	
426	96	120	
426	96	
426	96	428	424	314	32	
426	96	
426	96	
426	96	
426	96	
426	96	
426	96	442	
426	96	
426	96	424	442	
426	96	298	
426	96	
426	96	
426	96	394	
426	96	442	
426	96	64	
426	96	
426	96	64	
426	96	418	
426	96	
426	96	298	
426	96	
426	96	104	
426	96	
426	96	427	
426	96	
426	96	97	
426	96	
426	96	
426	96	
426	96	
426	96	490	430	
426	96	
426	96	418	
426	96	427	
426	96	224	228	
426	96	
426	96	430	
426	96	
426	96	
426	96	
426	96	
426	96	430	
426	96	
426	96	442	
426	96	224	104	
426	96	
426	96	298	
426	96	
426	96	
426	96	
426	96	442	
426	96	
426	96	298	98	
426	96	98	
426	96	
426	96	
426	96	
426	96	
426	96	490	64	
426	96	64	
426	96	
426	96	
426	96	
426	96	
426	96	
426	96	
426	96	394	
426	96	424	
426	96	
426	96	
426	96	
426	96	98	
426	96	
426	96	105	
426	96	
426	96	298	431	
426	96	430	
426	96	32	
426	96	
426	96	
426	96	
426	96	97	112	
426	96	98	
426	96	
426	96	418	
426	96	
426	96	
426	96	
426	96	
426	96	100	
426	96	
426	96	
426	96	224	
426	96	
426	96	
426	96	
426	96	113	64	
426	96	430	
426	96	427	
426	96	424	97	65	
426	96	
426	96	
426	96	
426	96	
426	96	104	
426	96	
426	96	
426	96	
426	96	430	32	
426	96	
426	96	104	
426	96	298	
426	96	
426	96	427	
426	96	
426	96	97	224	
426	96	418	
426	96	298	424	
426	96	
426	96	
426	96	
426	96	32	
426	96	443	
426	96	490	
426	96	
426	96	
426	96	418	480	
426	96	
426	96	97	
426	96	
426	96	
426	96	64	430	112	
426	96	
426	96	298	
426	96	
426	96	112	208	
426	96	
426	96	
426	96	
426	96	
426	96	
426	96	
426	96	
426	96	112	
426	96	
426	96	112	
426	96	
426	96	224	
426	96	112	
426	96	
426	96	
426	96	
426	96	
426	96	
426	96	
426	96	
426	96	490	418	424	
426	96	104	
426	96	97	
426	96	224	
426	96	490	
426	96	
426	96	
426	96	
426	96	
426	96	490	
426	96	
426	96	224	
426	96	
426	96	427	
426	96	
426	96	
426	96	
426	96	442	
426	96	
426	96	266	
426	96	424	
426	96	418	
426	96	
426	96	
426	96	
426	96	32	
426	96	
426	96	
426	96	
426	96	
426	96	442	
426	96	
426	96	490	
426	96	
426	96	
426	96	100	
426	96	100	
426	96	
426	96	
426	96	430	490	
426	96	
426	96	
426	96	
426	96	66	224	112	
426	96	
426	96	
426	96	
426	96	
426	96	394	
426	96	
426	96	64	
426	96	
426	96	
426	96	
426	96	
426	96	
426	96	
426	96	
426	96	
426	96	
426	96	
426	96	98	
426	96	104	442	100	
426	96	97	424	
426	96	98	
426	96	64	442	
426	96	
426	96	100	
426	96	
426	96	224	
426	96	443	427	
426	96	
426	96	
426	96	104	
426	96	430	
426	96	427	
426	96	
426	96	
426	96	
426	96	
426	96	
426	96	
426	96	430	
426	96	224	
426	96	298	
426	96	
426	96	64	
426	96	64	
426	96	394	
426	96	
426	96	430	394	32	
426	96	104	
426	96	
426	96	
426	96	104	
426	96	224	
426	96	
426	96	
426	96	424	
426	96	
426	96	
426	96	
426	96	430	
426	96	
426	96	
426	96	
426	96	104	32	
426	96	490	
426	96	490	
426	96	
426	96	
426	96	32	
426	96	
426	96	64	
426	96	490	224	
426	96	64	
426	96	
426	96	
426	96	
426	96	
426	96	64	100	
426	96	298	
426	96	
426	96	427	
426	96	
426	96	
426	96	
426	96	
426	96	
426	96	
426	96	32	36	
426	96	394	
426	96	
426	96	
426	96	
426	96	
426	96	
426	96	
426	96	
426	96	
426	96	
426	96	418	
426	96	
426	96	104	
426	96	97	
426	96	
426	96	65	
426	96	
426	96	
426	96	
426	96	
426	96	
426	96	
426	96	
426	96	
426	96	
426	96	442	
426	96	
426	96	
426	96	
426	96	
426	96	
426	96	32	
426	96	
426	96	394	
426	96	298	
426	96	
426	96	
426	96	418	
426	96	
426	96	
426	96	298	394	266	
426	96	491	
426	96	
426	96	442	443	
426	96	98	
426	96	100	
426	96	
426	96	
426	96	
426	96	
426	96	
426	96	
426	96	
426	96	112	
426	96	458	100	
426	96	
426	96	424	
426	96	
426	96	
426	96	
426	96	
426	96	
426	96	
426	96	
426	96	424	
426	96	101	
426	96	
426	96	
426	96	
426	96	100	
426	96	32	
426	96	
426	96	
426	96	
426	96	
426	96	108	
426	96	394	
426	96	394	
426	96	32	
426	96	97	
426	96	
426	96	424	
426	96	
426	96	104	
426	96	427	
426	96	
426	96	
426	96	
426	96	
426	96	
426	96	
426	96	112	
426	96	
426	96	
426	96	
426	96	418	
426	96	
426	96	458	331	267	
426	96	
426	96	298	
426	96	
426	96	
426	96	97	
426	96	
426	96	64	
426	96	442	
426	96	
426	96	
426	96	
426	96	
426	96	
426	96	
426	96	
426	96	394	
426	96	
426	96	
426	96	424	
426	96	
426	96	
426	96	
426	96	32	64	
426	96	104	424	32	
426	96	
426	96	
426	96	
426	96	32	
426	96	490	
426	96	
426	96	
426	96	
426	96	
426	96	
426	96	
426	96	
426	96	
426	96	
426	96	
426	96	64	
426	96	
426	96	
426	96	
426	96	
426	96	
426	96	
426	96	266	
426	96	224	
426	96	427	
426	96	
426	96	
426	96	
426	96	490	
426	96	
426	96	32	
426	96	224	
426	96	
426	96	
426	96	
426	96	
426	96	
426	96	
426	96	
426	96	
426	96	
426	96	
426	96	
426	96	64	
426	96	
426	96	100	
426	96	
426	96	
426	96	302	
426	96	
426	96	97	
426	96	
426	96	64	
426	96	
426	96	
426	96	
426	96	427	419	224	
426	96	298	427	
426	96	112	
426	96	491	442	
426	96	
426	96	
426	96	490	
426	96	
426	96	
426	96	
426	96	
426	96	104	112	
426	96	
426	96	
426	96	224	
426	96	
426	96	442	
426	96	
426	96	
426	96	
426	96	98	
426	96	
426	96	418	
426	96	
426	96	
426	96	
426	96	490	
426	96	224	
426	96	100	
426	96	32	
426	96	
426	96	430	
426	96	
426	96	418	
426	96	
426	96	
426	96	224	
426	96	442	
426	96	427	
426	96	394	
426	96	424	
426	96	64	
426	96	
426	96	
426	96	224	
426	96	394	112	
426	96	
426	96	
426	96	32	
426	96	64	418	
426	96	98	394	
426	96	
426	96	
426	96	64	
426	96	
426	96	
426	96	
426	96	
426	96	
426	96	394	32	
426	96	
426	96	112	
426	96	298	
426	96	
426	96	
426	96	442	
426	96	
426	96	394	
426	96	430	
426	96	394	
426	96	442	
426	96	
426	96	
426	96	
426	96	
426	96	
426	96	
426	96	
426	96	98	
426	96	
426	96	
426	96	
426	96	
426	96	
426	96	
426	96	427	
426	96	
426	96	394	
426	96	
426	96	298	
426	96	
426	96	424	
426	96	
426	96	490	
426	96	32	
426	96	
426	96	64	
426	96	298	
426	96	104	
426	96	
426	96	
426	96	490	
426	96	97	65	
426	96	72	
426	96	97	
426	96	
426	96	98	
426	96	
426	96	430	
426	96	
426	96	
426	96	104	
426	96	
426	96	
426	96	
426	96	418	64	
426	96	
426	96	
426	96	490	427	
426	96	
426	96	
426	96	
426	96	
426	96	
426	96	64	97	
426	96	
426	96	
426	96	
426	96	418	
426	96	32	
426	96	
426	96	
426	96	424	
426	96	32	
426	96	
426	96	32	
426	96	430	
426	96	
426	96	
426	96	
426	96	
426	96	418	
426	96	
426	96	
426	96	64	
426	96	
426	96	
426	96	
426	96	
426	96	
426	96	
426	96	
426	96	97	100	
426	96	
426	96	
426	96	418	
426	96	394	
426	96	
426	96	424	
426	96	
426	96	427	
426	96	427	298	490	
426	96	33	97	
426	96	
426	96	
426	96	418	32	
426	96	
426	96	98	
426	96	
426	96	
426	96	
426	96	
426	96	
426	96	
426	96	
426	96	
426	96	314	104	
426	96	
426	96	
426	96	
426	96	
426	96	424	
426	96	
426	96	
426	96	
426	96	
426	96	112	
426	96	
426	96	
426	96	
426	96	427	
426	96	
426	96	
426	96	112	
426	96	
426	96	97	
426	96	394	36	
426	96	
426	96	
426	96	
426	96	
426	96	
426	96	224	
426	96	224	
426	96	
426	96	427	392	
426	96	
426	96	
426	96	97	
426	96	
426	96	
426	96	418	
426	96	392	
426	96	
426	96	
426	96	298	
426	96	490	
426	96	418	
426	96	430	
426	96	
426	96	
426	96	64	
426	96	104	
426	96	
426	96	
426	96	
426	96	266	
426	96	
426	96	
426	96	298	
426	96	
426	96	
426	96	
426	96	224	
426	96	
426	96	112	
426	96	224	
426	96	
426	96	
426	96	
426	96	
426	96	
426	96	490	
426	96	
426	96	
426	96	224	
426	96	
426	96	
426	96	
426	96	224	
426	96	64	
426	96	442	
426	96	
426	96	
426	96	
426	96	443	507	
426	96	
426	96	424	
426	96	
426	96	298	
426	96	
426	96	
426	96	64	
426	96	
426	96	314	418	
426	96	
426	96	
426	96	
426	96	
426	96	
426	96	
426	96	
426	96	104	
426	96	104	298	
426	96	
426	96	
426	96	224	
426	96	
426	96	
426	96	
426	96	
426	96	
426	96	
426	96	298	
426	96	104	
426	96	
426	96	
426	96	
426	96	
426	96	
426	96	98	
426	96	98	
426	96	32	
426	96	
426	96	427	
426	96	427	
426	96	
426	96	
426	96	394	
426	96	
426	96	
426	96	418	
426	96	97	
426	96	
426	96	
426	96	112	
426	96	
426	96	
426	96	
426	96	
426	96	490	32	
426	96	
426	96	
426	96	
426	96	
426	96	490	
426	96	
426	96	
426	96	
426	96	298	
426	96	224	
426	96	112	98	
426	96	98	
426	96	
426	96	100	
426	96	
426	96	
426	96	
426	96	
426	96	112	
426	96	298	
426	96	106	
426	96	427	442	112	394	
426	96	298	108	
426	96	
426	96	
426	96	430	
426	96	98	
426	96	
426	96	
426	96	
426	96	
426	96	
426	96	
426	96	
426	96	
426	96	299	
426	96	
426	96	
426	96	
426	96	
426	96	
426	96	
426	96	490	
426	96	
426	96	394	98	
426	96	
426	96	34	98	
426	96	442	
426	96	97	
426	96	
426	96	298	442	32	
426	96	424	
426	96	
426	96	98	
426	96	64	
426	96	
426	96	
426	96	
426	96	112	
426	96	442	
426	96	
426	96	98	490	
426	96	
426	96	424	
426	96	
426	96	
426	96	200	
426	96	
426	96	427	
426	96	97	
426	96	394	
426	96	
426	96	
426	96	
426	96	
426	96	
426	96	394	
426	96	
426	96	
426	96	98	
426	96	32	
426	96	427	
426	96	
426	96	394	
426	96	112	
426	96	32	
426	96	108	76	
426	96	
426	96	98	
426	96	97	
426	96	
426	96	394	
426	96	424	
426	96	32	112	
426	96	
426	96	
426	96	442	
426	96	105	
426	96	362	
426	96	490	
426	96	
426	96	
426	96	442	
426	96	
426	96	
426	96	
426	96	104	
426	96	442	
426	96	224	
426	96	
426	96	266	
426	96	
426	96	418	
426	96	427	
426	96	
426	96	
426	96	
426	96	
426	96	224	
426	96	
426	96	
426	96	
426	96	
426	96	
426	96	104	
426	96	
426	96	
426	96	298	
426	96	394	
426	96	97	
426	96	
426	96	
426	96	97	
426	96	
426	96	32	442	
426	96	
426	96	
426	96	64	
426	96	
426	96	100	
426	96	
426	96	442	
426	96	
426	96	
426	96	
426	96	
426	96	424	100	
426	96	
426	96	
426	96	
426	96	
426	96	
426	96	64	
426	96	
426	96	442	
426	96	106	
426	96	
426	96	
426	96	98	418	
426	96	
426	96	
426	96	32	
426	96	104	
426	96	224	430	
426	96	98	427	
426	96	
426	96	100	
426	96	424	
426	96	112	490	
426	96	427	
426	96	
426	96	
426	96	442	
426	96	
426	96	
426	96	97	32	
426	96	
426	96	
426	96	
426	96	490	112	
426	96	394	
426	96	298	
426	96	427	
426	96	
426	96	394	
426	96	
426	96	33	32	
426	96	100	
426	96	418	
426	96	
426	96	
426	96	64	
426	96	
426	96	
426	96	64	394	
426	96	97	
426	96	
426	96	
426	96	
426	96	
426	96	224	427	298	
426	96	427	
426	96	
426	96	
426	96	442	
426	96	224	490	
426	96	
426	96	424	
426	96	
426	96	
426	96	
426	96	424	97	
426	96	
426	96	
426	96	298	
426	96	224	
426	96	97	
426	96	
426	96	
426	96	
426	96	490	
426	96	224	
426	96	394	
426	96	97	
426	96	427	
426	96	
426	96	
426	96	
426	96	104	
426	96	
426	96	
426	96	
426	96	442	
426	96	
426	96	
426	96	
426	96	
426	96	
426	96	298	
426	96	
426	96	
426	96	
426	96	442	112	
426	96	224	
426	96	427	
426	96	64	
426	96	
426	96	
426	96	
426	96	
426	96	108	
426	96	
426	96	
426	96	64	
426	96	
426	96	418	
426	96	
426	96	
426	96	442	
426	96	
426	96	394	
426	96	
426	96	394	
426	96	314	224	
426	96	314	430	
426	96	
426	96	
426	96	
426	96	
426	96	32	
426	96	
426	96	424	98	
426	96	298	
426	96	
426	96	
426	96	
426	96	
426	96	443	
426	96	
426	96	
426	96	
426	96	
426	96	
426	96	224	
426	96	
426	96	
426	96	112	
426	96	
426	96	97	424	113	
426	96	116	
426	96	32	
426	96	
426	96	427	
426	96	
426	96	
426	96	424	
426	96	
426	96	98	100	
426	96	100	
426	96	
426	96	104	
426	96	
426	96	
426	96	
426	96	418	64	
426	96	442	97	
426	96	98	
426	96	
426	96	
426	96	394	
426	96	394	
426	96	
426	96	394	100	
426	96	
426	96	
426	96	
426	96	430	
426	96	
426	96	
426	96	
426	96	
426	96	
426	96	
426	96	
426	96	
426	96	
426	96	192	
426	96	
426	96	
426	96	
426	96	
426	96	
426	96	
426	96	
426	96	
426	96	
426	96	
426	96	427	
426	96	
426	96	
426	96	104	
426	96	
426	96	
426	96	
426	96	
426	96	424	98	
426	96	
426	96	427	419	
426	96	
426	96	
426	96	100	64	
426	96	100	
426	96	
426	96	
426	96	394	458	
426	96	
426	96	
426	96	
426	96	442	
426	96	
426	96	
426	96	
426	96	104	
426	96	
426	96	
426	96	
426	96	97	
426	96	
426	96	100	98	
426	96	430	
426	96	97	
426	96	
426	96	
426	96	64	
426	96	314	
426	96	442	32	
426	96	100	298	
426	96	
426	96	
426	96	427	419	
426	96	
426	96	
426	96	
426	96	
426	96	442	
426	96	32	40	
426	96	
426	96	
426	96	
426	96	430	
426	96	
426	96	394	418	
426	96	
426	96	394	
426	96	418	
426	96	97	
426	96	112	
426	96	98	
426	96	458	
426	96	
426	96	
426	96	
426	96	
426	96	97	
426	96	298	302	
426	96	424	
426	96	
426	96	490	
426	96	98	108	
426	96	
426	96	224	442	
426	96	
426	96	
426	96	
426	96	
426	96	
426	96	
426	96	
426	96	490	
426	96	
426	96	490	
426	96	112	
426	96	490	
426	96	
426	96	
426	96	224	
426	96	104	
426	96	442	
426	96	112	114	
426	96	
426	96	418	32	
426	96	
426	96	424	
426	96	
426	96	
426	96	32	
426	96	
426	96	97	
426	96	424	
426	96	442	112	
426	96	430	
426	96	427	
426	96	
426	96	
426	96	64	427	
426	96	
426	96	
426	96	
426	96	
426	96	
426	96	
426	96	
426	96	424	
426	96	
426	96	98	
426	96	98	
426	96	
426	96	
426	96	
426	96	
426	96	97	
426	96	427	
426	96	
426	96	
426	96	
426	96	
426	96	427	394	
426	96	
426	96	
426	96	97	
426	96	
426	96	98	
426	96	
426	96	
426	96	424	
426	96	112	97	113	442	
426	96	
426	96	
426	96	36	
426	96	
426	96	
426	96	
426	96	
426	96	
426	96	72	
426	96	
426	96	
426	96	
426	96	430	97	
426	96	
426	96	
426	96	98	
426	96	100	
426	96	64	
426	96	
426	96	
426	96	
426	96	
426	96	
426	96	
426	96	
426	96	
426	96	
426	96	
426	96	
426	96	443	32	
426	96	442	0	32	443	
426	96	
426	96	
426	96	34	98	
426	96	494	462	
426	96	
426	96	
426	96	
426	96	
426	96	
426	96	
426	96	
426	96	
426	96	100	
426	96	97	
426	96	490	298	
426	96	32	418	
426	96	
426	96	486	
426	96	
426	96	
426	96	
426	96	32	
426	96	424	
426	96	
426	96	100	
426	96	
426	96	108	224	
426	96	298	
426	96	419	
426	96	
426	96	427	
426	96	
426	96	418	
426	96	
426	96	
426	96	
426	96	224	
426	96	
426	96	
426	96	
426	96	
426	96	394	
426	96	
426	96	
426	96	97	
426	96	394	490	
426	96	
426	96	428	442	
426	96	
426	96	
426	96	
426	96	32	
426	96	
426	96	98	424	
426	96	298	
426	96	
426	96	
426	96	
426	96	490	
426	96	
426	96	427	430	446	
426	96	418	
426	96	
426	96	
426	96	100	
426	96	424	394	
426	96	
426	96	
426	96	
426	96	
426	96	
426	96	108	442	
426	96	
426	96	
426	96	
426	96	430	
426	96	
426	96	
426	96	98	
426	96	
426	96	
426	96	112	
426	96	
426	96	
426	96	
426	96	
426	96	32	427	
426	96	
426	96	298	
426	96	
426	96	
426	96	424	430	
426	96	298	418	
426	96	
426	96	418	
426	96	98	112	
426	96	490	
426	96	
426	96	
426	96	192	32	
426	96	97	112	
426	96	
426	96	
426	96	
426	96	
426	96	112	
426	96	490	112	
426	96	
426	96	32	
426	96	
426	96	
426	96	394	
426	96	
426	96	424	418	104	
426	96	64	100	
426	96	
426	96	98	100	298	
426	96	
426	96	314	
426	96	100	
426	96	
426	96	
426	96	490	
426	96	
426	96	104	105	108	
426	96	
426	96	32	
426	96	424	
426	96	
426	96	
426	96	
426	96	
426	96	
426	96	32	
426	96	
426	96	112	
426	96	64	
426	96	112	
426	96	100	
426	96	
426	96	
426	96	490	
426	96	418	
426	96	298	
426	96	
426	96	298	
426	96	
426	96	
426	96	48	32	
426	96	
426	96	
426	96	224	490	430	
426	96	
426	96	104	
426	96	418	394	
426	96	
426	96	
426	96	112	113	
426	96	
426	96	97	
426	96	
426	96	
426	96	
426	96	32	
426	96	64	
426	96	
426	96	
426	96	
426	96	224	
426	96	
426	96	
426	96	424	
426	96	
426	96	104	
426	96	
426	96	
426	96	490	
426	96	112	
426	96	
426	96	
426	96	427	394	
426	96	
426	96	97	
426	96	
426	96	112	
426	96	
426	96	112	
426	96	
426	96	
426	96	104	
426	96	64	
426	96	
426	96	
426	96	32	
426	96	394	
426	96	
426	96	
426	96	
426	96	
426	96	98	394	
426	96	
426	96	224	
426	96	98	
426	96	
426	96	224	
426	96	
426	96	
426	96	
426	96	98	
426	96	
426	96	
426	96	
426	96	113	
426	96	418	
426	96	
426	96	32	
426	96	
426	96	
426	96	490	424	
426	96	
426	96	
426	96	
426	96	
426	96	
426	96	
426	96	298	
426	96	
426	96	
426	96	427	
426	96	
426	96	
426	96	
426	96	
426	96	
426	96	
426	96	
426	96	100	427	418	
426	96	
426	96	422	430	
426	96	112	
426	96	224	
426	96	
426	96	
426	96	224	
426	96	
426	96	
426	96	
426	96	394	
426	96	97	
426	96	
426	96	192	394	
426	96	
426	96	34	
426	96	490	
426	96	
426	96	
426	96	
426	96	
426	96	
426	96	
426	96	298	
426	96	
426	96	97	208	144	
426	96	
426	96	
426	96	
426	96	64	
426	96	
426	96	
426	96	
426	96	442	
426	96	
426	96	
426	96	
426	96	
426	96	
426	96	
426	96	430	
426	96	
426	96	
426	96	
426	96	
426	96	
426	96	
426	96	
426	96	
426	96	427	490	
426	96	224	
426	96	
426	96	224	
426	96	
426	96	
426	96	
426	96	
426	96	394	
426	96	
426	96	100	
426	96	
426	96	490	
426	96	
426	96	
426	96	32	
426	96	
426	96	97	
426	96	
426	96	
426	96	
426	96	491	
426	96	
426	96	
426	96	
426	96	
426	96	
426	96	
426	96	442	
426	96	
426	96	
426	96	
426	96	
426	96	
426	96	
426	96	32	428	424	64	
