1	329	345	674
2	316	340	656
3	316	290	606
4	298	304	602
5	322	317	639
6	302	316	618
7	299	328	627
8	328	337	665
9	325	319	644
10	311	331	642
11	325	331	656
12	317	309	626
13	306	308	614
14	325	343	668
15	330	341	671
16	312	361	673
17	338	325	663
18	311	331	642
19	325	338	663
20	333	351	684
21	330	364	694
22	336	334	670
23	325	354	679
24	345	335	680
25	344	342	686
26	358	345	703
27	370	325	695
28	385	338	723
29	388	363	751
30	389	383	772
31	403	366	769
32	446	394	840
33	464	394	858
34	461	422	883
35	489	437	926
36	518	431	949
37	532	479	1011
38	536	508	1044
39	522	566	1088
40	566	573	1139
41	589	561	1150
42	576	575	1151
43	550	578	1128
44	590	580	1170
45	577	559	1136
46	584	573	1157
47	577	562	1139
48	597	582	1179
49	566	571	1137
50	587	566	1153
51	593	557	1150
52	567	570	1137
53	588	556	1144
54	568	552	1120
55	573	563	1136
56	590	575	1165
57	597	562	1159
58	591	562	1153
59	583	561	1144
60	571	583	1154
61	583	587	1170
62	572	593	1165
63	591	562	1153
64	590	561	1151
65	557	550	1107
66	597	576	1173
67	562	567	1129
68	585	571	1156
69	564	566	1130
70	575	591	1166
71	580	573	1153
72	577	586	1163
73	583	556	1139
74	581	566	1147
75	590	593	1183
76	584	554	1138
77	583	559	1142
78	565	587	1152
79	567	583	1150
80	572	576	1148
81	591	581	1172
82	578	591	1169
83	575	570	1145
84	571	570	1141
85	584	579	1163
86	590	572	1162
87	594	576	1170
88	552	559	1111
89	601	560	1161
90	574	559	1133
91	585	573	1158
92	581	585	1166
93	575	559	1134
94	547	582	1129
95	577	551	1128
96	586	565	1151
97	575	554	1129
98	567	578	1145
99	561	582	1143
100	583	573	1156
101	563	567	1130
102	564	585	1149
103	577	566	1143
104	591	541	1132
105	573	567	1140
106	581	573	1154
107	558	560	1118
108	572	575	1147
109	564	595	1159
110	582	560	1142
111	600	581	1181
112	554	574	1128
113	600	565	1165
114	566	563	1129
115	598	586	1184
116	586	569	1155
117	573	598	1171
118	583	575	1158
119	569	562	1131
120	586	564	1150
121	580	551	1131
122	580	578	1158
123	587	587	1174
124	604	565	1169
125	586	584	1170
126	577	552	1129
127	603	563	1166
128	562	560	1122
129	555	583	1138
130	581	563	1144
131	582	568	1150
132	568	562	1130
133	587	581	1168
134	577	594	1171
135	576	580	1156
136	583	573	1156
137	586	569	1155
138	580	570	1150
139	587	567	1154
140	586	559	1145
141	576	598	1174
142	558	568	1126
143	570	579	1149
144	586	554	1140
145	576	599	1175
146	574	547	1121
147	586	577	1163
148	565	574	1139
149	575	584	1159
150	595	561	1156
151	583	566	1149
152	554	553	1107
153	580	564	1144
154	577	577	1154
155	602	573	1175
156	584	555	1139
157	590	573	1163
158	571	580	1151
159	599	564	1163
160	566	553	1119
161	561	582	1143
162	591	577	1168
163	582	583	1165
164	592	561	1153
165	575	591	1166
166	598	555	1153
167	592	559	1151
168	558	567	1125
169	552	563	1115
170	613	566	1179
171	589	581	1170
172	579	585	1164
173	563	554	1117
174	587	572	1159
175	593	565	1158
176	587	571	1158
177	574	602	1176
178	592	580	1172
179	540	556	1096
180	570	575	1145
181	564	580	1144
182	600	562	1162
183	576	593	1169
184	593	572	1165
185	576	572	1148
186	590	560	1150
187	577	573	1150
188	584	569	1153
189	582	589	1171
190	572	567	1139
191	581	584	1165
192	596	543	1139
193	575	574	1149
194	557	585	1142
195	583	585	1168
196	587	558	1145
197	581	553	1134
198	590	557	1147
199	581	569	1150
200	584	554	1138
201	573	592	1165
202	575	565	1140
203	570	576	1146
204	571	565	1136
205	584	593	1177
206	569	590	1159
207	607	545	1152
208	580	574	1154
209	593	562	1155
210	584	573	1157
211	581	573	1154
212	573	578	1151
213	566	565	1131
214	568	599	1167
215	591	578	1169
216	576	550	1126
217	566	594	1160
218	573	567	1140
219	579	579	1158
220	582	587	1169
221	579	574	1153
222	561	570	1131
223	562	591	1153
224	562	567	1129
225	559	569	1128
226	586	586	1172
227	569	565	1134
228	562	580	1142
229	582	575	1157
230	567	582	1149
231	558	582	1140
232	572	579	1151
233	575	584	1159
234	603	571	1174
235	574	564	1138
236	577	572	1149
237	576	560	1136
238	570	565	1135
239	565	564	1129
240	587	568	1155
241	587	567	1154
242	592	561	1153
243	562	568	1130
244	564	564	1128
245	587	578	1165
246	576	587	1163
247	586	571	1157
248	589	565	1154
249	580	560	1140
250	563	591	1154
251	570	562	1132
252	556	560	1116
253	567	589	1156
254	568	558	1126
255	589	560	1149
256	565	569	1134
257	587	551	1138
258	601	572	1173
259	593	567	1160
260	579	572	1151
261	579	573	1152
262	576	567	1143
263	570	544	1114
264	582	548	1130
265	573	572	1145
266	577	567	1144
267	573	580	1153
268	571	570	1141
269	592	575	1167
270	572	572	1144
271	568	580	1148
272	597	586	1183
273	583	584	1167
274	556	569	1125
275	562	588	1150
276	599	563	1162
277	590	555	1145
278	581	579	1160
279	589	582	1171
280	608	569	1177
281	568	571	1139
282	589	583	1172
283	566	542	1108
284	573	554	1127
285	553	580	1133
286	568	597	1165
287	580	570	1150
288	574	570	1144
289	571	547	1118
290	572	586	1158
291	572	574	1146
292	571	572	1143
293	574	570	1144
294	583	581	1164
295	567	576	1143
296	594	569	1163
297	583	576	1159
298	588	561	1149
299	578	557	1135
300	563	557	1120
301	567	567	1134
302	567	565	1132
303	572	540	1112
304	567	548	1115
305	551	576	1127
306	549	579	1128
307	580	555	1135
308	600	569	1169
309	589	596	1185
310	586	570	1156
311	581	586	1167
312	595	582	1177
313	578	562	1140
314	578	580	1158
315	553	590	1143
316	575	569	1144
317	581	549	1130
318	567	549	1116
319	593	589	1182
320	580	592	1172
321	567	577	1144
322	586	574	1160
323	605	600	1205
324	578	577	1155
325	559	559	1118
326	574	561	1135
327	608	572	1180
328	578	565	1143
329	572	580	1152
330	583	589	1172
331	583	577	1160
332	565	586	1151
333	579	591	1170
334	572	555	1127
335	589	575	1164
336	560	589	1149
337	591	546	1137
338	566	575	1141
339	584	579	1163
340	573	558	1131
341	582	571	1153
342	615	582	1197
343	596	571	1167
344	567	563	1130
345	560	576	1136
346	606	584	1190
347	569	593	1162
348	590	566	1156
349	573	601	1174
350	586	587	1173
351	577	560	1137
352	585	573	1158
353	584	571	1155
354	581	584	1165
355	559	562	1121
356	558	587	1145
357	578	544	1122
358	570	578	1148
359	569	592	1161
360	574	577	1151
361	578	582	1160
362	606	569	1175
363	578	567	1145
364	589	570	1159
365	615	561	1176
366	597	553	1150
367	581	563	1144
368	572	578	1150
369	580	574	1154
370	575	573	1148
371	582	567	1149
372	578	579	1157
373	576	543	1119
374	578	571	1149
375	604	568	1172
376	557	541	1098
377	571	582	1153
378	585	578	1163
379	567	562	1129
380	572	559	1131
381	596	571	1167
382	580	540	1120
383	580	567	1147
384	574	551	1125
385	586	568	1154
386	603	597	1200
387	571	565	1136
388	560	571	1131
389	580	589	1169
390	585	545	1130
391	562	600	1162
392	590	581	1171
393	582	578	1160
394	582	562	1144
395	579	580	1159
396	560	581	1141
397	563	571	1134
398	569	582	1151
399	574	593	1167
400	596	580	1176
401	605	553	1158
402	577	571	1148
403	558	577	1135
404	579	566	1145
405	573	566	1139
406	590	585	1175
407	564	576	1140
408	596	579	1175
409	582	591	1173
410	580	590	1170
411	572	575	1147
412	580	571	1151
413	601	578	1179
414	574	555	1129
415	581	592	1173
416	587	572	1159
417	566	569	1135
418	587	591	1178
419	556	570	1126
420	552	563	1115
421	590	553	1143
422	590	568	1158
423	569	566	1135
424	577	583	1160
425	577	576	1153
426	589	551	1140
427	571	585	1156
428	613	562	1175
429	597	552	1149
430	552	568	1120
431	573	550	1123
432	592	583	1175
433	585	583	1168
434	560	566	1126
435	591	564	1155
436	571	567	1138
437	597	574	1171
438	590	563	1153
439	583	573	1156
440	570	560	1130
441	569	572	1141
442	585	579	1164
443	562	577	1139
444	577	596	1173
445	567	589	1156
446	569	569	1138
447	600	583	1183
448	592	586	1178
449	582	561	1143
450	584	552	1136
451	596	579	1175
452	587	571	1158
453	555	601	1156
454	593	576	1169
455	582	576	1158
456	574	569	1143
457	568	573	1141
458	589	553	1142
459	585	563	1148
460	571	565	1136
461	599	552	1151
462	589	547	1136
463	588	550	1138
464	566	576	1142
465	556	578	1134
466	588	556	1144
467	575	552	1127
468	583	586	1169
469	591	557	1148
470	562	572	1134
471	581	572	1153
472	566	561	1127
473	563	596	1159
474	590	570	1160
475	564	587	1151
476	582	577	1159
477	563	585	1148
478	577	590	1167
479	601	561	1162
480	574	585	1159
481	585	568	1153
482	594	570	1164
483	595	579	1174
484	565	553	1118
485	577	578	1155
486	564	580	1144
487	580	566	1146
488	568	573	1141
489	565	583	1148
490	584	556	1140
491	589	560	1149
492	562	569	1131
493	554	577	1131
494	589	566	1155
495	568	592	1160
496	557	565	1122
497	573	562	1135
498	572	584	1156
499	567	566	1133
500	568	577	1145
501	598	573	1171
502	578	569	1147
503	566	583	1149
504	572	585	1157
505	589	574	1163
506	583	563	1146
507	563	567	1130
508	570	567	1137
509	605	576	1181
510	585	547	1132
511	595	576	1171
512	564	545	1109
513	582	570	1152
514	578	563	1141
515	578	574	1152
516	588	580	1168
517	569	566	1135
518	579	549	1128
519	597	575	1172
520	579	577	1156
521	593	549	1142
522	575	580	1155
523	577	574	1151
524	592	556	1148
525	584	560	1144
526	580	565	1145
527	597	580	1177
528	577	576	1153
529	559	576	1135
530	570	563	1133
531	583	573	1156
532	579	568	1147
533	569	563	1132
534	581	547	1128
535	580	579	1159
536	572	579	1151
537	553	564	1117
538	580	566	1146
539	575	588	1163
540	578	544	1122
541	573	554	1127
542	586	565	1151
543	586	572	1158
544	606	559	1165
545	602	564	1166
546	565	578	1143
547	581	570	1151
548	573	602	1175
549	594	568	1162
550	554	570	1124
551	575	575	1150
552	590	569	1159
553	583	560	1143
554	578	574	1152
555	585	569	1154
556	590	554	1144
557	576	566	1142
558	583	574	1157
559	571	576	1147
560	568	581	1149
561	589	568	1157
562	560	562	1122
563	569	596	1165
564	567	563	1130
565	588	559	1147
566	587	571	1158
567	592	555	1147
568	559	575	1134
569	586	570	1156
570	586	582	1168
571	571	564	1135
572	579	556	1135
573	585	578	1163
574	572	554	1126
575	590	562	1152
576	599	590	1189
577	584	560	1144
578	560	558	1118
579	584	557	1141
580	592	567	1159
581	578	566	1144
582	582	589	1171
583	591	582	1173
584	576	570	1146
585	599	564	1163
586	564	568	1132
587	584	573	1157
588	587	574	1161
589	581	576	1157
590	581	577	1158
591	569	565	1134
592	568	596	1164
593	577	570	1147
594	551	562	1113
595	567	566	1133
596	600	570	1170
597	592	556	1148
598	596	566	1162
599	587	557	1144
600	580	556	1136
601	571	576	1147
602	583	580	1163
603	571	574	1145
604	568	562	1130
605	602	563	1165
606	587	572	1159
607	579	565	1144
608	592	570	1162
609	569	589	1158
610	597	565	1162
611	576	561	1137
612	578	555	1133
613	610	572	1182
614	565	585	1150
615	571	585	1156
616	587	593	1180
617	583	561	1144
618	563	594	1157
619	611	580	1191
620	589	561	1150
621	572	566	1138
622	595	579	1174
623	572	588	1160
624	586	571	1157
625	579	562	1141
626	571	585	1156
627	564	572	1136
628	574	580	1154
629	580	552	1132
630	558	604	1162
631	573	603	1176
632	579	568	1147
633	573	570	1143
634	554	582	1136
635	563	567	1130
636	590	570	1160
637	580	563	1143
638	593	565	1158
639	599	543	1142
640	590	569	1159
641	578	575	1153
642	588	571	1159
643	579	594	1173
644	594	549	1143
645	560	568	1128
646	595	575	1170
647	576	574	1150
648	574	561	1135
649	585	580	1165
650	586	559	1145
651	580	586	1166
652	578	571	1149
653	576	594	1170
654	585	569	1154
655	575	591	1166
656	591	550	1141
657	596	578	1174
658	575	568	1143
659	573	562	1135
660	562	573	1135
661	582	589	1171
662	571	582	1153
663	594	572	1166
664	592	580	1172
665	588	573	1161
666	599	556	1155
667	593	562	1155
668	582	566	1148
669	572	571	1143
670	591	571	1162
671	576	589	1165
672	606	575	1181
673	571	554	1125
674	578	572	1150
675	582	574	1156
676	563	560	1123
677	561	593	1154
678	588	572	1160
679	598	564	1162
680	581	560	1141
681	584	586	1170
682	585	570	1155
683	566	591	1157
684	578	564	1142
685	592	574	1166
686	569	585	1154
687	583	568	1151
688	581	558	1139
689	581	580	1161
690	593	612	1205
691	590	556	1146
692	567	576	1143
693	590	559	1149
694	596	554	1150
695	599	555	1154
696	582	547	1129
697	599	564	1163
698	591	572	1163
699	577	567	1144
700	572	586	1158
701	576	577	1153
702	570	578	1148
703	573	588	1161
704	582	551	1133
705	569	573	1142
706	576	577	1153
707	605	567	1172
708	561	567	1128
709	587	566	1153
710	579	575	1154
711	590	570	1160
712	603	571	1174
713	595	574	1169
714	578	591	1169
715	588	570	1158
716	575	581	1156
717	590	543	1133
718	592	570	1162
719	590	565	1155
720	568	573	1141
721	578	566	1144
722	582	564	1146
723	596	573	1169
724	561	570	1131
725	563	571	1134
726	568	575	1143
727	580	548	1128
728	578	553	1131
729	568	555	1123
730	540	557	1097
731	555	573	1128
732	564	576	1140
733	591	581	1172
734	589	556	1145
735	583	567	1150
736	589	555	1144
737	590	553	1143
738	563	564	1127
739	569	565	1134
740	578	573	1151
741	568	589	1157
742	580	578	1158
743	565	575	1140
744	573	555	1128
745	573	567	1140
746	569	571	1140
747	585	560	1145
748	591	576	1167
749	588	587	1175
750	571	592	1163
751	583	558	1141
752	587	564	1151
753	583	585	1168
754	610	581	1191
755	588	542	1130
756	598	572	1170
757	570	569	1139
758	551	565	1116
759	585	580	1165
760	575	559	1134
761	585	564	1149
762	574	568	1142
763	580	562	1142
764	590	567	1157
765	580	568	1148
766	590	573	1163
767	573	590	1163
768	603	549	1152
769	576	580	1156
770	592	563	1155
771	584	568	1152
772	555	546	1101
773	562	585	1147
774	591	576	1167
775	592	582	1174
776	560	564	1124
777	580	586	1166
778	590	558	1148
779	580	569	1149
780	572	581	1153
781	571	570	1141
782	569	558	1127
783	601	567	1168
784	586	561	1147
785	584	575	1159
786	576	548	1124
787	558	562	1120
788	591	565	1156
789	571	564	1135
790	606	576	1182
791	586	577	1163
792	591	576	1167
793	617	566	1183
794	566	578	1144
795	570	577	1147
796	578	567	1145
797	576	560	1136
798	593	582	1175
799	562	592	1154
800	572	584	1156
801	590	566	1156
802	571	565	1136
803	580	559	1139
804	561	559	1120
805	575	592	1167
806	577	553	1130
807	575	561	1136
808	574	579	1153
809	553	567	1120
810	596	565	1161
811	564	567	1131
812	581	572	1153
813	563	564	1127
814	583	561	1144
815	563	560	1123
816	589	571	1160
817	571	575	1146
818	583	583	1166
819	592	565	1157
820	581	553	1134
821	571	567	1138
822	584	577	1161
823	574	569	1143
824	605	563	1168
825	576	544	1120
826	591	583	1174
827	575	563	1138
828	586	565	1151
829	592	592	1184
830	590	554	1144
831	575	583	1158
832	578	559	1137
833	579	573	1152
834	592	556	1148
835	598	581	1179
836	595	572	1167
837	603	592	1195
838	591	569	1160
839	585	587	1172
840	590	563	1153
841	563	569	1132
842	577	587	1164
843	578	559	1137
844	573	591	1164
845	576	562	1138
846	592	546	1138
847	568	567	1135
848	567	577	1144
849	583	572	1155
850	576	567	1143
851	575	572	1147
852	583	574	1157
853	593	558	1151
854	579	540	1119
855	580	575	1155
856	581	575	1156
857	609	565	1174
858	582	565	1147
859	572	553	1125
860	579	576	1155
861	590	561	1151
862	565	588	1153
863	582	553	1135
864	586	569	1155
865	565	568	1133
866	581	589	1170
867	595	570	1165
868	592	591	1183
869	568	565	1133
870	570	569	1139
871	539	568	1107
872	567	555	1122
873	579	575	1154
874	586	568	1154
875	587	547	1134
876	564	574	1138
877	587	552	1139
878	595	545	1140
879	599	585	1184
880	569	589	1158
881	559	563	1122
882	586	576	1162
883	576	576	1152
884	593	573	1166
885	595	572	1167
886	567	579	1146
887	582	565	1147
888	579	589	1168
889	564	558	1122
890	592	579	1171
891	593	578	1171
892	600	579	1179
893	571	553	1124
894	554	570	1124
895	575	572	1147
896	571	581	1152
897	559	589	1148
898	580	579	1159
899	587	573	1160
900	571	556	1127
901	593	551	1144
902	579	578	1157
903	594	578	1172
904	578	584	1162
905	591	567	1158
906	554	574	1128
907	586	571	1157
908	568	583	1151
909	588	571	1159
910	601	572	1173
911	585	553	1138
912	595	571	1166
913	584	546	1130
914	582	569	1151
915	574	552	1126
916	587	583	1170
917	555	564	1119
918	567	582	1149
919	563	567	1130
920	591	590	1181
921	587	554	1141
922	574	562	1136
923	595	571	1166
924	577	594	1171
925	597	592	1189
926	560	562	1122
927	585	583	1168
928	588	572	1160
929	584	583	1167
930	562	530	1092
931	591	567	1158
932	603	581	1184
933	593	572	1165
934	582	581	1163
935	576	564	1140
936	569	582	1151
937	575	546	1121
938	561	588	1149
939	600	575	1175
940	606	583	1189
941	583	575	1158
942	588	583	1171
943	567	567	1134
944	572	581	1153
945	572	579	1151
946	586	587	1173
947	581	567	1148
948	582	570	1152
949	564	554	1118
950	573	562	1135
951	581	599	1180
952	582	570	1152
953	588	575	1163
954	562	563	1125
955	583	585	1168
956	593	572	1165
957	584	565	1149
958	559	557	1116
959	565	565	1130
960	576	593	1169
961	589	569	1158
962	581	573	1154
963	602	545	1147
964	582	563	1145
965	564	555	1119
966	575	547	1122
967	583	582	1165
968	598	544	1142
969	587	565	1152
970	598	590	1188
971	585	580	1165
972	558	573	1131
973	581	570	1151
974	576	572	1148
975	563	564	1127
976	588	589	1177
977	559	571	1130
978	562	585	1147
979	569	566	1135
980	590	552	1142
981	578	568	1146
982	577	578	1155
983	559	576	1135
984	583	562	1145
985	575	550	1125
986	591	575	1166
987	589	554	1143
988	590	568	1158
989	583	577	1160
990	569	572	1141
991	568	559	1127
992	575	577	1152
993	578	561	1139
994	563	581	1144
995	578	580	1158
996	592	573	1165
997	603	569	1172
998	577	573	1150
999	599	551	1150
1000	568	568	1136
1001	583	563	1146
1002	604	577	1181
1003	588	567	1155
1004	577	574	1151
1005	565	597	1162
1006	556	552	1108
1007	586	570	1156
1008	579	578	1157
1009	584	587	1171
1010	587	568	1155
1011	587	545	1132
1012	578	573	1151
1013	581	568	1149
1014	588	563	1151
1015	570	556	1126
1016	602	583	1185
1017	567	577	1144
1018	586	578	1164
1019	575	564	1139
1020	565	578	1143
1021	569	571	1140
1022	579	564	1143
1023	563	564	1127
1024	599	567	1166
1025	580	577	1157
1026	576	566	1142
1027	566	573	1139
1028	580	567	1147
1029	569	570	1139
1030	591	548	1139
1031	574	568	1142
1032	580	568	1148
1033	581	575	1156
1034	581	574	1155
1035	573	565	1138
1036	571	568	1139
1037	570	589	1159
1038	593	573	1166
1039	575	567	1142
1040	568	580	1148
1041	582	568	1150
1042	580	576	1156
1043	579	591	1170
1044	566	573	1139
1045	596	582	1178
1046	580	575	1155
1047	576	558	1134
1048	599	567	1166
1049	580	567	1147
1050	590	581	1171
1051	582	584	1166
1052	585	566	1151
1053	564	563	1127
1054	572	578	1150
1055	580	567	1147
1056	586	559	1145
1057	590	572	1162
1058	596	581	1177
1059	585	567	1152
1060	581	565	1146
1061	603	573	1176
1062	572	562	1134
1063	562	561	1123
1064	591	572	1163
1065	559	572	1131
1066	589	581	1170
1067	569	572	1141
1068	586	569	1155
1069	591	560	1151
1070	571	577	1148
1071	598	563	1161
1072	577	559	1136
1073	557	560	1117
1074	585	562	1147
1075	607	563	1170
1076	587	575	1162
1077	573	567	1140
1078	560	541	1101
1079	582	593	1175
1080	552	574	1126
1081	567	573	1140
1082	564	565	1129
1083	573	588	1161
1084	597	578	1175
1085	576	577	1153
1086	586	557	1143
1087	597	562	1159
1088	587	558	1145
1089	565	567	1132
1090	605	583	1188
1091	587	560	1147
1092	576	575	1151
1093	582	571	1153
1094	587	565	1152
1095	570	567	1137
1096	582	587	1169
1097	604	580	1184
1098	575	571	1146
1099	582	580	1162
1100	563	572	1135
1101	566	560	1126
1102	583	575	1158
1103	584	558	1142
1104	578	550	1128
1105	580	580	1160
1106	580	561	1141
1107	585	576	1161
1108	561	568	1129
1109	591	566	1157
1110	567	578	1145
1111	582	563	1145
1112	586	545	1131
1113	573	574	1147
1114	568	566	1134
1115	580	566	1146
1116	595	581	1176
1117	585	575	1160
1118	595	578	1173
1119	595	566	1161
1120	588	569	1157
1121	579	569	1148
1122	571	572	1143
1123	573	577	1150
1124	578	565	1143
1125	577	564	1141
1126	588	550	1138
1127	594	563	1157
1128	594	569	1163
1129	577	583	1160
1130	569	559	1128
1131	578	582	1160
1132	585	546	1131
1133	589	592	1181
1134	577	577	1154
1135	575	590	1165
1136	544	581	1125
1137	581	566	1147
1138	562	569	1131
1139	584	560	1144
1140	572	571	1143
1141	587	559	1146
1142	575	560	1135
1143	559	583	1142
1144	576	558	1134
1145	585	571	1156
1146	577	573	1150
1147	584	583	1167
1148	563	576	1139
1149	567	554	1121
1150	584	570	1154
1151	578	579	1157
1152	572	557	1129
1153	569	565	1134
1154	584	561	1145
1155	579	571	1150
1156	558	579	1137
1157	592	595	1187
1158	582	573	1155
1159	575	585	1160
1160	568	580	1148
1161	572	561	1133
1162	594	581	1175
1163	590	566	1156
1164	566	585	1151
1165	583	583	1166
1166	586	564	1150
1167	579	574	1153
1168	574	576	1150
1169	572	581	1153
1170	595	553	1148
1171	582	563	1145
1172	574	592	1166
1173	554	569	1123
1174	577	555	1132
1175	595	569	1164
1176	573	578	1151
1177	570	570	1140
1178	567	582	1149
1179	591	592	1183
1180	592	555	1147
1181	583	577	1160
1182	582	558	1140
1183	587	583	1170
1184	603	592	1195
1185	592	571	1163
1186	586	567	1153
1187	607	576	1183
1188	575	560	1135
1189	593	565	1158
1190	587	559	1146
1191	609	565	1174
1192	587	569	1156
1193	586	576	1162
1194	578	572	1150
1195	595	599	1194
1196	575	577	1152
1197	594	582	1176
1198	593	556	1149
1199	575	581	1156
1200	589	552	1141
1201	573	578	1151
1202	595	597	1192
1203	582	567	1149
1204	587	563	1150
1205	585	570	1155
1206	596	558	1154
1207	568	557	1125
1208	556	575	1131
1209	591	561	1152
1210	613	569	1182
1211	572	544	1116
1212	562	552	1114
1213	565	571	1136
1214	562	564	1126
1215	594	574	1168
1216	593	569	1162
1217	585	596	1181
1218	559	577	1136
1219	604	582	1186
1220	577	563	1140
1221	575	558	1133
1222	608	560	1168
1223	580	575	1155
1224	568	552	1120
1225	569	579	1148
1226	595	569	1164
1227	594	589	1183
1228	558	548	1106
1229	581	565	1146
1230	564	588	1152
1231	561	583	1144
1232	593	553	1146
1233	583	571	1154
1234	584	574	1158
1235	585	551	1136
1236	595	581	1176
1237	585	570	1155
1238	582	569	1151
1239	571	558	1129
1240	600	568	1168
1241	564	581	1145
1242	570	559	1129
1243	567	566	1133
1244	586	562	1148
1245	560	592	1152
1246	586	553	1139
1247	595	567	1162
1248	583	566	1149
1249	588	572	1160
1250	568	577	1145
1251	561	553	1114
1252	579	582	1161
1253	580	571	1151
1254	572	573	1145
1255	568	576	1144
1256	546	570	1116
1257	581	585	1166
1258	588	580	1168
1259	598	585	1183
1260	579	584	1163
1261	585	594	1179
1262	594	555	1149
1263	573	567	1140
1264	587	556	1143
1265	579	584	1163
1266	575	571	1146
1267	562	565	1127
1268	567	566	1133
1269	571	556	1127
1270	575	596	1171
1271	553	563	1116
1272	562	565	1127
1273	579	572	1151
1274	573	584	1157
1275	598	568	1166
1276	562	580	1142
1277	575	564	1139
1278	581	559	1140
1279	583	530	1113
1280	552	555	1107
1281	589	558	1147
1282	561	573	1134
1283	565	566	1131
1284	595	566	1161
1285	602	555	1157
1286	587	588	1175
1287	565	601	1166
1288	577	586	1163
1289	579	605	1184
1290	561	573	1134
1291	586	554	1140
1292	572	558	1130
1293	562	562	1124
1294	562	554	1116
1295	571	576	1147
1296	596	563	1159
1297	585	559	1144
1298	576	557	1133
1299	584	569	1153
1300	579	561	1140
1301	580	556	1136
1302	568	564	1132
1303	575	591	1166
1304	571	577	1148
1305	589	558	1147
1306	576	589	1165
1307	542	571	1113
1308	595	570	1165
1309	585	582	1167
1310	578	575	1153
1311	583	574	1157
1312	582	588	1170
1313	567	574	1141
1314	581	585	1166
1315	564	587	1151
1316	577	563	1140
1317	582	567	1149
1318	580	561	1141
1319	582	563	1145
1320	586	567	1153
1321	589	569	1158
1322	562	563	1125
1323	578	539	1117
1324	581	580	1161
1325	576	573	1149
1326	590	574	1164
1327	561	588	1149
1328	581	580	1161
1329	595	553	1148
1330	585	579	1164
1331	581	583	1164
1332	581	560	1141
1333	584	593	1177
1334	582	577	1159
1335	572	549	1121
1336	595	570	1165
1337	578	566	1144
1338	578	566	1144
1339	584	597	1181
1340	579	548	1127
1341	584	547	1131
1342	592	559	1151
1343	573	574	1147
1344	567	574	1141
1345	584	561	1145
1346	584	559	1143
1347	565	555	1120
1348	583	555	1138
1349	568	605	1173
1350	592	575	1167
1351	569	570	1139
1352	541	596	1137
1353	565	557	1122
1354	577	573	1150
1355	591	572	1163
1356	596	575	1171
1357	588	573	1161
1358	595	569	1164
1359	573	574	1147
1360	583	573	1156
1361	581	573	1154
1362	555	583	1138
1363	558	566	1124
1364	587	582	1169
1365	589	566	1155
1366	582	569	1151
1367	562	577	1139
1368	565	566	1131
1369	594	555	1149
1370	564	581	1145
1371	589	580	1169
1372	573	578	1151
1373	570	573	1143
1374	580	551	1131
1375	572	582	1154
1376	568	584	1152
1377	586	572	1158
1378	588	576	1164
1379	588	583	1171
1380	581	559	1140
1381	575	582	1157
1382	579	576	1155
1383	574	556	1130
1384	561	572	1133
1385	584	545	1129
1386	586	561	1147
1387	591	575	1166
1388	571	562	1133
1389	579	583	1162
1390	575	583	1158
1391	601	572	1173
1392	575	586	1161
1393	571	569	1140
1394	565	588	1153
1395	555	581	1136
1396	589	572	1161
1397	569	583	1152
1398	552	567	1119
1399	578	576	1154
1400	567	571	1138
1401	559	561	1120
1402	580	581	1161
1403	587	572	1159
1404	588	580	1168
1405	567	561	1128
1406	596	603	1199
1407	590	575	1165
1408	588	566	1154
1409	566	568	1134
1410	575	572	1147
1411	599	581	1180
1412	604	563	1167
1413	583	569	1152
1414	545	561	1106
1415	574	583	1157
1416	577	578	1155
1417	552	554	1106
1418	586	554	1140
1419	570	567	1137
1420	571	540	1111
1421	578	570	1148
1422	586	579	1165
1423	576	553	1129
1424	577	588	1165
1425	572	576	1148
1426	568	556	1124
1427	591	590	1181
1428	584	562	1146
1429	560	576	1136
1430	602	579	1181
1431	586	582	1168
1432	591	552	1143
1433	581	579	1160
1434	584	576	1160
1435	579	573	1152
1436	586	582	1168
1437	585	573	1158
1438	573	582	1155
1439	565	592	1157
1440	595	590	1185
1441	555	566	1121
1442	579	583	1162
1443	576	547	1123
1444	578	578	1156
1445	594	579	1173
1446	585	588	1173
1447	552	578	1130
1448	580	599	1179
1449	581	558	1139
1450	570	558	1128
1451	590	563	1153
1452	575	578	1153
1453	580	570	1150
1454	575	571	1146
1455	558	568	1126
1456	577	564	1141
1457	575	568	1143
1458	567	555	1122
1459	576	556	1132
1460	588	570	1158
1461	591	565	1156
1462	591	576	1167
1463	580	573	1153
1464	562	553	1115
1465	578	574	1152
1466	553	558	1111
1467	567	569	1136
1468	574	556	1130
1469	560	576	1136
1470	574	565	1139
1471	575	551	1126
1472	580	572	1152
1473	593	557	1150
1474	585	544	1129
1475	571	571	1142
1476	589	579	1168
1477	563	578	1141
1478	582	580	1162
1479	580	576	1156
1480	581	560	1141
1481	566	571	1137
1482	566	593	1159
1483	597	554	1151
1484	560	572	1132
1485	576	605	1181
1486	590	572	1162
1487	582	556	1138
1488	577	565	1142
1489	563	593	1156
1490	578	563	1141
1491	573	540	1113
1492	605	551	1156
1493	591	565	1156
1494	559	585	1144
1495	585	542	1127
1496	583	569	1152
1497	567	573	1140
1498	605	575	1180
1499	578	555	1133
1500	593	586	1179
1501	584	558	1142
1502	577	562	1139
1503	561	573	1134
1504	553	571	1124
1505	566	575	1141
1506	568	589	1157
1507	571	584	1155
1508	587	564	1151
1509	582	554	1136
1510	581	589	1170
1511	588	566	1154
1512	562	572	1134
1513	571	568	1139
1514	581	589	1170
1515	589	590	1179
1516	598	557	1155
1517	578	567	1145
1518	585	582	1167
1519	594	605	1199
1520	570	569	1139
1521	580	557	1137
1522	576	578	1154
1523	583	555	1138
1524	577	574	1151
1525	577	586	1163
1526	576	566	1142
1527	596	575	1171
1528	564	568	1132
1529	568	580	1148
1530	576	570	1146
1531	596	580	1176
1532	591	577	1168
1533	582	573	1155
1534	596	573	1169
1535	566	580	1146
1536	561	587	1148
1537	571	582	1153
1538	580	598	1178
1539	595	577	1172
1540	582	569	1151
1541	578	590	1168
1542	578	573	1151
1543	582	571	1153
1544	576	574	1150
1545	576	572	1148
1546	594	575	1169
1547	555	550	1105
1548	582	569	1151
1549	572	568	1140
1550	583	566	1149
1551	579	561	1140
1552	585	573	1158
1553	575	572	1147
1554	595	573	1168
1555	569	564	1133
1556	575	570	1145
1557	561	570	1131
1558	571	564	1135
1559	557	586	1143
1560	551	567	1118
1561	564	589	1153
1562	556	574	1130
1563	591	573	1164
1564	576	556	1132
1565	588	560	1148
1566	573	566	1139
1567	550	556	1106
1568	577	560	1137
1569	577	585	1162
1570	585	569	1154
1571	580	566	1146
1572	570	573	1143
1573	591	559	1150
1574	575	567	1142
1575	578	593	1171
1576	562	552	1114
1577	592	544	1136
1578	593	550	1143
1579	566	567	1133
1580	589	549	1138
1581	599	561	1160
1582	575	579	1154
1583	606	569	1175
1584	583	567	1150
1585	568	563	1131
1586	587	571	1158
1587	587	562	1149
1588	597	550	1147
1589	571	551	1122
1590	570	550	1120
1591	577	561	1138
1592	585	555	1140
1593	569	578	1147
1594	554	574	1128
1595	563	566	1129
1596	576	560	1136
1597	550	586	1136
1598	599	583	1182
1599	601	563	1164
1600	571	564	1135
1601	572	557	1129
1602	588	596	1184
1603	556	576	1132
1604	570	561	1131
1605	570	578	1148
1606	595	581	1176
1607	584	582	1166
1608	567	590	1157
1609	583	573	1156
1610	587	582	1169
1611	582	590	1172
1612	585	572	1157
1613	605	572	1177
1614	581	573	1154
1615	576	561	1137
1616	574	566	1140
1617	594	571	1165
1618	572	560	1132
1619	591	576	1167
1620	566	556	1122
1621	604	587	1191
1622	552	572	1124
1623	583	572	1155
1624	602	572	1174
1625	584	570	1154
1626	589	562	1151
1627	571	557	1128
1628	553	566	1119
1629	587	571	1158
1630	569	559	1128
1631	573	586	1159
1632	569	569	1138
1633	581	569	1150
1634	590	595	1185
1635	564	573	1137
1636	581	563	1144
1637	561	562	1123
1638	569	569	1138
1639	588	563	1151
1640	578	583	1161
1641	576	585	1161
1642	572	570	1142
1643	589	575	1164
1644	578	585	1163
1645	590	576	1166
1646	581	572	1153
1647	594	578	1172
1648	580	580	1160
1649	575	563	1138
1650	592	568	1160
1651	594	578	1172
1652	557	585	1142
1653	590	565	1155
1654	577	580	1157
1655	589	573	1162
1656	604	549	1153
1657	580	584	1164
1658	563	577	1140
1659	591	572	1163
1660	591	557	1148
1661	580	561	1141
1662	587	586	1173
1663	588	583	1171
1664	579	558	1137
1665	598	565	1163
1666	576	578	1154
1667	589	586	1175
1668	560	585	1145
1669	590	553	1143
1670	582	580	1162
1671	565	571	1136
1672	571	556	1127
1673	601	564	1165
1674	565	577	1142
1675	598	551	1149
1676	566	571	1137
1677	584	585	1169
1678	574	576	1150
1679	575	570	1145
1680	577	557	1134
1681	574	578	1152
1682	570	576	1146
1683	567	588	1155
1684	597	550	1147
1685	588	581	1169
1686	588	574	1162
1687	574	565	1139
1688	590	560	1150
1689	594	576	1170
1690	587	576	1163
1691	565	565	1130
1692	584	581	1165
1693	569	568	1137
1694	571	605	1176
1695	570	570	1140
1696	577	553	1130
1697	565	573	1138
1698	577	558	1135
1699	562	560	1122
1700	574	581	1155
1701	552	554	1106
1702	595	563	1158
1703	574	570	1144
1704	584	576	1160
1705	581	582	1163
1706	586	582	1168
1707	604	576	1180
1708	570	563	1133
1709	561	561	1122
1710	578	582	1160
1711	565	578	1143
1712	575	568	1143
1713	583	605	1188
1714	579	576	1155
1715	580	561	1141
1716	578	568	1146
1717	593	591	1184
1718	558	592	1150
1719	580	571	1151
1720	558	597	1155
1721	584	571	1155
1722	572	577	1149
1723	599	581	1180
1724	586	585	1171
1725	580	568	1148
1726	581	586	1167
1727	591	557	1148
1728	601	552	1153
1729	545	577	1122
1730	599	564	1163
1731	585	573	1158
1732	604	571	1175
1733	575	576	1151
1734	592	569	1161
1735	602	592	1194
1736	581	567	1148
1737	580	567	1147
1738	587	571	1158
1739	576	563	1139
1740	579	564	1143
1741	575	569	1144
1742	590	552	1142
1743	580	565	1145
1744	585	568	1153
1745	562	572	1134
1746	590	578	1168
1747	572	567	1139
1748	573	590	1163
1749	597	560	1157
1750	589	564	1153
1751	584	577	1161
1752	565	562	1127
1753	572	572	1144
1754	576	605	1181
1755	602	567	1169
1756	580	586	1166
1757	551	564	1115
1758	586	586	1172
1759	592	584	1176
1760	595	581	1176
1761	602	575	1177
1762	592	546	1138
1763	572	572	1144
1764	573	582	1155
1765	581	557	1138
1766	574	588	1162
1767	561	572	1133
1768	594	574	1168
1769	573	555	1128
1770	575	576	1151
1771	589	569	1158
1772	545	573	1118
1773	600	561	1161
1774	603	579	1182
1775	562	554	1116
1776	569	572	1141
1777	574	558	1132
1778	592	573	1165
1779	591	542	1133
1780	576	576	1152
1781	579	571	1150
1782	567	568	1135
1783	572	561	1133
1784	596	563	1159
1785	588	578	1166
1786	565	582	1147
1787	561	562	1123
1788	581	564	1145
1789	580	575	1155
1790	579	570	1149
1791	587	604	1191
1792	585	547	1132
1793	589	569	1158
1794	583	567	1150
1795	582	582	1164
1796	572	575	1147
1797	584	554	1138
1798	568	571	1139
1799	568	580	1148
1800	577	550	1127
1801	574	573	1147
1802	584	565	1149
1803	575	558	1133
1804	569	573	1142
1805	557	592	1149
1806	590	576	1166
1807	578	563	1141
1808	586	571	1157
1809	583	554	1137
1810	582	556	1138
1811	594	552	1146
1812	561	565	1126
1813	580	556	1136
1814	585	581	1166
1815	566	573	1139
1816	569	562	1131
1817	547	582	1129
1818	573	581	1154
1819	597	562	1159
1820	599	579	1178
1821	578	559	1137
1822	585	546	1131
1823	580	578	1158
1824	580	548	1128
1825	594	545	1139
1826	590	564	1154
1827	590	561	1151
1828	551	583	1134
1829	569	566	1135
1830	571	544	1115
1831	589	550	1139
1832	575	590	1165
1833	588	585	1173
1834	579	555	1134
1835	566	570	1136
1836	566	563	1129
1837	583	558	1141
1838	590	589	1179
1839	585	598	1183
1840	565	590	1155
1841	590	592	1182
1842	577	574	1151
1843	579	560	1139
1844	577	556	1133
1845	565	578	1143
1846	578	574	1152
1847	606	562	1168
1848	581	557	1138
1849	604	568	1172
1850	566	555	1121
1851	566	589	1155
1852	574	559	1133
1853	574	598	1172
1854	559	574	1133
1855	585	571	1156
1856	574	572	1146
1857	567	574	1141
1858	593	593	1186
1859	556	569	1125
1860	592	572	1164
1861	578	576	1154
1862	564	593	1157
1863	565	585	1150
1864	560	593	1153
1865	585	563	1148
1866	565	568	1133
1867	596	571	1167
1868	581	574	1155
1869	606	577	1183
1870	576	551	1127
1871	558	571	1129
1872	586	584	1170
1873	588	551	1139
1874	591	539	1130
1875	570	542	1112
1876	575	569	1144
1877	585	563	1148
1878	600	573	1173
1879	582	579	1161
1880	580	578	1158
1881	585	547	1132
1882	572	576	1148
1883	564	556	1120
1884	582	566	1148
1885	585	569	1154
1886	593	556	1149
1887	581	584	1165
1888	569	567	1136
1889	587	582	1169
1890	570	573	1143
1891	587	567	1154
1892	572	575	1147
1893	591	552	1143
1894	582	576	1158
1895	582	576	1158
1896	579	570	1149
1897	605	568	1173
1898	586	561	1147
1899	585	566	1151
1900	588	553	1141
1901	579	570	1149
1902	584	557	1141
1903	572	578	1150
1904	569	562	1131
1905	583	590	1173
1906	576	569	1145
1907	576	581	1157
1908	596	549	1145
1909	587	577	1164
1910	580	579	1159
1911	577	587	1164
1912	590	578	1168
1913	584	584	1168
1914	587	575	1162
1915	568	570	1138
1916	572	574	1146
1917	590	593	1183
1918	571	573	1144
1919	564	580	1144
1920	571	596	1167
1921	583	574	1157
1922	581	580	1161
1923	580	576	1156
1924	590	547	1137
1925	592	570	1162
1926	569	576	1145
1927	573	562	1135
1928	556	568	1124
1929	558	578	1136
1930	591	564	1155
1931	578	552	1130
1932	583	584	1167
1933	574	550	1124
1934	591	563	1154
1935	583	544	1127
1936	582	565	1147
1937	560	547	1107
1938	580	587	1167
1939	592	571	1163
1940	571	578	1149
1941	562	564	1126
1942	574	567	1141
1943	576	581	1157
1944	582	561	1143
1945	578	567	1145
1946	578	561	1139
1947	573	557	1130
1948	575	563	1138
1949	582	605	1187
1950	577	561	1138
1951	549	566	1115
1952	576	560	1136
1953	573	592	1165
1954	582	583	1165
1955	591	560	1151
1956	596	571	1167
1957	565	559	1124
1958	573	556	1129
1959	567	570	1137
1960	588	566	1154
1961	572	557	1129
1962	570	565	1135
1963	571	566	1137
1964	580	568	1148
1965	567	553	1120
1966	594	582	1176
1967	578	580	1158
1968	578	583	1161
1969	581	601	1182
1970	590	585	1175
1971	589	575	1164
1972	605	565	1170
1973	551	567	1118
1974	588	578	1166
1975	557	570	1127
1976	555	593	1148
1977	571	555	1126
1978	588	559	1147
1979	573	585	1158
1980	574	577	1151
1981	564	574	1138
1982	589	577	1166
1983	576	582	1158
1984	564	598	1162
1985	586	573	1159
1986	581	580	1161
1987	579	569	1148
1988	585	585	1170
1989	593	560	1153
1990	579	585	1164
1991	575	572	1147
1992	573	565	1138
1993	578	577	1155
1994	573	571	1144
1995	568	576	1144
1996	590	585	1175
1997	574	562	1136
1998	583	567	1150
1999	583	585	1168
2000	572	586	1158
2001	578	555	1133
2002	593	548	1141
2003	569	562	1131
2004	553	580	1133
2005	569	575	1144
2006	552	553	1105
2007	563	587	1150
2008	570	595	1165
2009	584	589	1173
2010	589	584	1173
2011	583	553	1136
2012	562	570	1132
2013	571	558	1129
2014	578	570	1148
2015	577	575	1152
2016	576	566	1142
2017	579	581	1160
2018	557	552	1109
2019	574	553	1127
2020	581	584	1165
2021	587	555	1142
2022	599	567	1166
2023	611	571	1182
2024	587	584	1171
2025	585	551	1136
2026	588	539	1127
2027	576	581	1157
2028	583	563	1146
2029	587	570	1157
2030	592	578	1170
2031	587	566	1153
2032	586	578	1164
2033	585	568	1153
2034	569	570	1139
2035	589	577	1166
2036	592	561	1153
2037	592	569	1161
2038	565	596	1161
2039	561	563	1124
2040	590	564	1154
2041	580	561	1141
2042	567	553	1120
2043	564	586	1150
2044	595	578	1173
2045	588	569	1157
2046	566	573	1139
2047	581	584	1165
2048	604	573	1177
2049	576	578	1154
2050	573	560	1133
2051	586	580	1166
2052	593	571	1164
2053	556	599	1155
2054	548	576	1124
2055	579	568	1147
2056	578	576	1154
2057	604	568	1172
2058	591	572	1163
2059	568	586	1154
2060	577	551	1128
2061	571	571	1142
2062	582	553	1135
2063	586	585	1171
2064	586	591	1177
2065	600	566	1166
2066	567	563	1130
2067	591	569	1160
2068	578	576	1154
2069	570	575	1145
2070	575	594	1169
2071	587	569	1156
2072	592	551	1143
2073	579	586	1165
2074	606	555	1161
2075	551	563	1114
2076	596	564	1160
2077	577	575	1152
2078	599	587	1186
2079	566	574	1140
2080	584	566	1150
2081	569	577	1146
2082	572	567	1139
2083	582	580	1162
2084	587	572	1159
2085	568	575	1143
2086	592	568	1160
2087	566	579	1145
2088	570	583	1153
2089	577	550	1127
2090	600	581	1181
2091	614	579	1193
2092	583	591	1174
2093	598	559	1157
2094	592	544	1136
2095	601	579	1180
2096	558	566	1124
2097	579	594	1173
2098	582	561	1143
2099	599	589	1188
2100	566	565	1131
2101	600	550	1150
2102	590	560	1150
2103	567	564	1131
2104	590	542	1132
2105	576	576	1152
2106	565	570	1135
2107	577	560	1137
2108	571	596	1167
2109	572	576	1148
2110	583	579	1162
2111	583	569	1152
2112	579	577	1156
2113	587	585	1172
2114	575	561	1136
2115	566	558	1124
2116	573	580	1153
2117	575	558	1133
2118	565	578	1143
2119	600	588	1188
2120	578	579	1157
2121	583	562	1145
2122	569	553	1122
2123	564	581	1145
2124	591	573	1164
2125	603	567	1170
2126	589	570	1159
2127	581	570	1151
2128	559	558	1117
2129	572	578	1150
2130	582	558	1140
2131	558	574	1132
2132	574	571	1145
2133	582	561	1143
2134	569	577	1146
2135	589	560	1149
2136	562	565	1127
2137	573	560	1133
2138	578	573	1151
2139	587	560	1147
2140	565	580	1145
2141	571	569	1140
2142	584	570	1154
2143	568	563	1131
2144	597	556	1153
2145	576	568	1144
2146	576	565	1141
2147	574	553	1127
2148	570	582	1152
2149	575	577	1152
2150	572	567	1139
2151	593	579	1172
2152	558	566	1124
2153	562	583	1145
2154	564	579	1143
2155	560	570	1130
2156	571	578	1149
2157	558	573	1131
2158	597	574	1171
2159	587	568	1155
2160	565	572	1137
2161	591	567	1158
2162	581	573	1154
2163	570	559	1129
2164	569	566	1135
2165	596	588	1184
2166	586	567	1153
2167	570	569	1139
2168	559	557	1116
2169	561	572	1133
2170	567	563	1130
2171	558	568	1126
2172	576	579	1155
2173	570	568	1138
2174	590	533	1123
2175	570	550	1120
2176	578	591	1169
2177	575	583	1158
2178	587	558	1145
2179	571	560	1131
2180	565	584	1149
2181	566	581	1147
2182	575	546	1121
2183	568	592	1160
2184	573	567	1140
2185	583	571	1154
2186	591	587	1178
2187	573	548	1121
2188	585	578	1163
2189	570	570	1140
2190	593	545	1138
2191	568	555	1123
2192	576	565	1141
2193	578	579	1157
2194	605	563	1168
2195	583	562	1145
2196	557	591	1148
2197	581	554	1135
2198	564	573	1137
2199	558	564	1122
2200	578	570	1148
2201	567	583	1150
2202	593	570	1163
2203	577	574	1151
2204	555	577	1132
2205	578	569	1147
2206	563	565	1128
2207	581	583	1164
2208	581	578	1159
2209	583	572	1155
2210	562	576	1138
2211	584	574	1158
2212	592	558	1150
2213	544	566	1110
2214	585	576	1161
2215	571	560	1131
2216	574	564	1138
2217	566	548	1114
2218	575	562	1137
2219	568	574	1142
2220	573	557	1130
2221	597	569	1166
2222	576	570	1146
2223	613	562	1175
2224	591	583	1174
2225	575	594	1169
2226	584	572	1156
2227	606	581	1187
2228	579	571	1150
2229	568	559	1127
2230	567	579	1146
2231	569	546	1115
2232	573	561	1134
2233	589	567	1156
2234	590	560	1150
2235	605	577	1182
2236	575	571	1146
2237	580	600	1180
2238	574	566	1140
2239	570	580	1150
2240	589	565	1154
2241	584	573	1157
2242	586	579	1165
2243	573	573	1146
2244	586	564	1150
2245	587	593	1180
2246	588	588	1176
2247	594	570	1164
2248	573	579	1152
2249	586	562	1148
2250	588	585	1173
2251	554	566	1120
2252	578	592	1170
2253	571	572	1143
2254	570	586	1156
2255	587	573	1160
2256	583	596	1179
2257	591	573	1164
2258	564	563	1127
2259	589	606	1195
2260	579	577	1156
2261	601	577	1178
2262	569	588	1157
2263	560	577	1137
2264	572	580	1152
2265	576	567	1143
2266	551	590	1141
2267	594	575	1169
2268	570	564	1134
2269	566	560	1126
2270	570	546	1116
2271	566	574	1140
2272	571	573	1144
2273	596	552	1148
2274	583	584	1167
2275	582	564	1146
2276	571	582	1153
2277	563	565	1128
2278	558	556	1114
2279	582	591	1173
2280	563	566	1129
2281	584	583	1167
2282	578	586	1164
2283	586	568	1154
2284	596	558	1154
2285	581	570	1151
2286	603	575	1178
2287	578	555	1133
2288	585	551	1136
2289	597	581	1178
2290	594	567	1161
2291	574	584	1158
2292	581	588	1169
2293	562	574	1136
2294	598	577	1175
2295	563	565	1128
2296	560	586	1146
2297	594	575	1169
2298	553	559	1112
2299	596	572	1168
2300	558	586	1144
2301	587	569	1156
2302	586	573	1159
2303	596	566	1162
2304	613	567	1180
2305	554	560	1114
2306	577	579	1156
2307	581	553	1134
2308	599	579	1178
2309	602	597	1199
2310	565	565	1130
2311	592	558	1150
2312	573	559	1132
2313	580	546	1126
2314	568	554	1122
2315	569	581	1150
2316	566	552	1118
2317	572	576	1148
2318	604	581	1185
2319	584	578	1162
2320	544	573	1117
2321	572	588	1160
2322	583	591	1174
2323	598	568	1166
2324	582	547	1129
2325	586	554	1140
2326	586	575	1161
2327	585	585	1170
2328	581	563	1144
2329	578	571	1149
2330	593	576	1169
2331	597	586	1183
2332	600	582	1182
2333	589	576	1165
2334	589	575	1164
2335	589	555	1144
2336	569	556	1125
2337	576	579	1155
2338	587	577	1164
2339	579	565	1144
2340	580	578	1158
2341	578	571	1149
2342	590	578	1168
2343	551	577	1128
2344	577	574	1151
2345	583	560	1143
2346	566	563	1129
2347	584	581	1165
2348	580	566	1146
2349	575	568	1143
2350	583	587	1170
2351	576	592	1168
2352	563	593	1156
2353	589	595	1184
2354	586	571	1157
2355	585	573	1158
2356	599	556	1155
2357	602	585	1187
2358	590	570	1160
2359	589	546	1135
2360	552	588	1140
2361	553	590	1143
2362	580	559	1139
2363	573	557	1130
2364	595	563	1158
2365	598	561	1159
2366	570	595	1165
2367	564	579	1143
2368	553	562	1115
2369	583	563	1146
2370	577	601	1178
2371	568	578	1146
2372	588	573	1161
2373	577	570	1147
2374	570	591	1161
2375	568	582	1150
2376	570	576	1146
2377	595	576	1171
2378	577	580	1157
2379	589	561	1150
2380	583	585	1168
2381	590	555	1145
2382	578	547	1125
2383	584	556	1140
2384	561	572	1133
2385	587	560	1147
2386	589	559	1148
2387	589	562	1151
2388	572	578	1150
2389	581	566	1147
2390	565	556	1121
2391	577	581	1158
2392	566	566	1132
2393	575	606	1181
2394	566	581	1147
2395	533	583	1116
2396	554	580	1134
2397	538	562	1100
2398	567	576	1143
2399	546	583	1129
2400	525	566	1091
2401	506	590	1096
2402	520	598	1118
2403	509	582	1091
2404	473	568	1041
2405	475	557	1032
2406	480	558	1038
2407	490	584	1074
2408	495	573	1068
2409	479	562	1041
2410	452	588	1040
2411	452	585	1037
2412	450	579	1029
2413	449	571	1020
2414	465	573	1038
2415	452	597	1049
2416	462	589	1051
2417	456	562	1018
2418	452	563	1015
2419	442	594	1036
2420	447	560	1007
2421	438	556	994
2422	418	583	1001
2423	400	562	962
2424	385	575	960
2425	354	556	910
2426	343	577	920
2427	356	567	923
2428	351	564	915
2429	385	529	914
2430	380	544	924
2431	418	507	925
2432	390	488	878
2433	428	468	896
2434	436	482	918
2435	486	456	942
2436	477	410	887
2437	488	385	873
2438	473	404	877
2439	424	409	833
2440	396	480	876
2441	442	526	968
2442	468	515	983
2443	519	533	1052
2444	571	545	1116
2445	570	578	1148
2446	567	569	1136
2447	553	581	1134
2448	563	576	1139
2449	564	555	1119
2450	534	569	1103
2451	570	561	1131
2452	558	591	1149
2453	560	550	1110
2454	550	557	1107
2455	560	553	1113
2456	559	546	1105
2457	554	560	1114
2458	570	573	1143
2459	579	571	1150
2460	544	566	1110
2461	561	572	1133
2462	542	557	1099
2463	541	568	1109
2464	561	559	1120
2465	538	574	1112
2466	556	572	1128
2467	516	597	1113
2468	522	580	1102
2469	547	581	1128
2470	522	590	1112
2471	558	565	1123
2472	542	570	1112
2473	540	562	1102
2474	542	567	1109
2475	533	575	1108
2476	557	562	1119
2477	544	588	1132
2478	555	600	1155
2479	544	582	1126
2480	533	550	1083
2481	557	565	1122
2482	540	583	1123
2483	554	564	1118
2484	539	590	1129
2485	550	581	1131
2486	536	601	1137
2487	534	584	1118
2488	534	554	1088
2489	554	569	1123
2490	543	577	1120
2491	562	582	1144
2492	539	583	1122
2493	532	572	1104
2494	541	569	1110
2495	553	591	1144
2496	540	496	1036
2497	527	520	1047
2498	555	513	1068
2499	551	516	1067
2500	543	550	1093
2501	547	553	1100
2502	556	570	1126
2503	545	557	1102
2504	539	578	1117
2505	549	559	1108
2506	545	553	1098
2507	544	568	1112
2508	546	590	1136
2509	566	557	1123
2510	560	549	1109
2511	559	553	1112
2512	584	537	1121
2513	561	513	1074
2514	578	492	1070
2515	573	459	1032
2516	557	474	1031
2517	558	420	978
2518	585	425	1010
2519	576	435	1011
2520	579	404	983
2521	565	404	969
2522	548	425	973
2523	549	418	967
2524	525	428	953
2525	483	415	898
2526	458	408	866
2527	443	411	854
2528	404	412	816
2529	378	430	808
2530	424	374	798
2531	442	356	798
2532	427	345	772
2533	438	335	773
2534	442	306	748
2535	436	320	756
2536	468	307	775
2537	452	337	789
2538	422	415	837
2539	385	452	837
2540	426	509	935
2541	440	521	961
2542	438	543	981
2543	439	544	983
2544	453	546	999
2545	420	564	984
2546	434	550	984
2547	442	537	979
2548	466	525	991
2549	464	451	915
2550	464	392	856
2551	476	336	812
2552	457	303	760
2553	473	310	783
2554	439	296	735
2555	459	318	777
2556	418	312	730
2557	397	336	733
2558	367	349	716
2559	342	356	698
2560	345	363	708
2561	346	375	721
2562	365	389	754
2563	360	379	739
2564	372	358	730
2565	397	342	739
2566	403	340	743
2567	410	371	781
2568	410	361	771
2569	405	388	793
2570	384	395	779
2571	387	420	807
2572	403	485	888
2573	455	486	941
2574	442	487	929
2575	497	451	948
2576	520	417	937
2577	535	376	911
2578	532	352	884
2579	545	345	890
2580	542	327	869
2581	545	315	860
2582	512	381	893
2583	420	417	837
2584	400	434	834
2585	397	473	870
2586	414	473	887
2587	386	477	863
2588	413	426	839
2589	404	411	815
2590	393	409	802
2591	400	403	803
2592	418	368	786
2593	427	369	796
2594	424	384	808
2595	424	388	812
2596	410	375	785
2597	445	386	831
2598	418	418	836
2599	420	456	876
2600	419	438	857
2601	393	488	881
2602	393	500	893
2603	409	530	939
2604	406	515	921
2605	417	501	918
2606	412	442	854
2607	431	391	822
2608	412	370	782
2609	413	345	758
2610	394	319	713
2611	387	303	690
2612	367	375	742
2613	320	375	695
2614	320	406	726
2615	310	384	694
2616	346	415	761
2617	339	427	766
2618	360	417	777
2619	385	413	798
2620	370	372	742
2621	369	407	776
2622	379	392	771
2623	400	422	822
2624	411	453	864
2625	417	460	877
2626	440	462	902
2627	449	466	915
2628	439	523	962
2629	460	505	965
2630	456	525	981
2631	441	520	961
2632	464	523	987
2633	466	520	986
2634	464	506	970
2635	444	501	945
2636	464	504	968
2637	446	504	950
2638	462	516	978
2639	472	508	980
2640	477	509	986
2641	470	531	1001
2642	493	514	1007
2643	453	494	947
2644	476	492	968
2645	465	509	974
2646	466	501	967
2647	476	508	984
2648	475	495	970
2649	466	502	968
2650	458	516	974
2651	463	482	945
2652	480	514	994
2653	473	512	985
2654	451	499	950
2655	480	502	982
2656	490	531	1021
2657	476	512	988
2658	465	519	984
2659	474	510	984
2660	464	514	978
2661	461	495	956
2662	463	507	970
2663	447	468	915
2664	458	503	961
2665	455	490	945
2666	472	505	977
2667	474	488	962
2668	449	503	952
2669	470	499	969
2670	465	499	964
2671	473	505	978
2672	460	505	965
2673	455	510	965
2674	471	521	992
2675	474	519	993
2676	475	488	963
2677	473	499	972
2678	485	526	1011
2679	454	509	963
2680	461	510	971
2681	489	481	970
2682	472	486	958
2683	457	515	972
2684	491	479	970
2685	452	509	961
2686	470	498	968
2687	466	527	993
2688	465	486	951
2689	469	521	990
2690	453	491	944
2691	453	497	950
2692	462	514	976
2693	466	514	980
2694	472	495	967
2695	470	503	973
2696	461	523	984
2697	474	511	985
2698	458	507	965
2699	464	534	998
2700	471	494	965
2701	481	517	998
2702	448	504	952
2703	475	533	1008
2704	455	498	953
2705	458	523	981
2706	455	503	958
2707	472	506	978
2708	486	498	984
2709	466	541	1007
2710	460	514	974
2711	464	489	953
2712	463	516	979
2713	459	487	946
2714	467	510	977
2715	452	530	982
2716	457	506	963
2717	477	510	987
2718	473	532	1005
2719	458	470	928
2720	432	520	952
2721	451	527	978
2722	467	523	990
2723	475	495	970
2724	477	492	969
2725	478	511	989
2726	475	477	952
2727	479	521	1000
2728	449	511	960
2729	439	492	931
2730	474	499	973
2731	465	496	961
2732	461	512	973
2733	468	511	979
2734	458	491	949
2735	456	512	968
2736	462	503	965
2737	473	497	970
2738	462	527	989
2739	452	513	965
2740	469	520	989
2741	468	491	959
2742	482	498	980
2743	476	518	994
2744	472	521	993
2745	478	497	975
2746	446	518	964
2747	479	519	998
2748	457	495	952
2749	470	496	966
2750	479	502	981
2751	482	518	1000
2752	476	489	965
2753	480	501	981
2754	457	518	975
2755	472	506	978
2756	463	507	970
2757	472	502	974
2758	457	506	963
2759	467	492	959
2760	485	536	1021
2761	442	514	956
2762	471	496	967
2763	480	484	964
2764	469	501	970
2765	454	509	963
2766	457	504	961
2767	468	504	972
2768	467	498	965
2769	485	528	1013
2770	462	481	943
2771	461	513	974
2772	480	505	985
2773	456	497	953
2774	461	522	983
2775	477	485	962
2776	477	517	994
2777	471	502	973
2778	460	506	966
2779	464	532	996
2780	454	500	954
2781	448	503	951
2782	455	506	961
2783	469	511	980
2784	483	508	991
2785	463	489	952
2786	470	502	972
2787	475	515	990
2788	475	501	976
2789	470	524	994
2790	472	496	968
2791	485	498	983
2792	476	507	983
2793	458	492	950
2794	470	503	973
2795	465	521	986
2796	481	508	989
2797	473	503	976
2798	469	492	961
2799	477	489	966
2800	458	502	960
2801	461	500	961
2802	463	533	996
2803	449	491	940
2804	459	518	977
2805	455	517	972
2806	465	530	995
2807	459	519	978
2808	464	499	963
2809	467	518	985
2810	485	509	994
2811	461	501	962
2812	468	519	987
2813	469	504	973
2814	458	514	972
2815	465	504	969
2816	458	506	964
2817	482	509	991
2818	477	522	999
2819	455	499	954
2820	460	509	969
2821	461	505	966
2822	468	518	986
2823	473	495	968
2824	446	488	934
2825	450	492	942
2826	484	481	965
2827	456	518	974
2828	461	508	969
2829	461	520	981
2830	436	514	950
2831	468	524	992
2832	465	510	975
2833	471	512	983
2834	442	520	962
2835	453	512	965
2836	462	495	957
2837	447	493	940
2838	462	507	969
2839	478	536	1014
2840	461	516	977
2841	466	463	929
2842	480	528	1008
2843	470	492	962
2844	492	494	986
2845	454	518	972
2846	438	518	956
2847	471	489	960
2848	466	512	978
2849	484	527	1011
2850	449	535	984
2851	435	508	943
2852	465	535	1000
2853	469	517	986
2854	488	503	991
2855	460	508	968
2856	459	507	966
2857	499	517	1016
2858	457	533	990
2859	465	522	987
2860	457	497	954
2861	485	491	976
2862	472	493	965
2863	456	515	971
2864	481	527	1008
2865	473	531	1004
2866	458	519	977
2867	481	504	985
2868	453	515	968
2869	458	511	969
2870	487	520	1007
2871	434	520	954
2872	443	485	928
2873	465	509	974
2874	454	501	955
2875	464	520	984
2876	470	520	990
2877	482	517	999
2878	474	521	995
2879	456	507	963
2880	464	513	977
2881	446	508	954
2882	479	506	985
2883	486	526	1012
2884	464	507	971
2885	440	522	962
2886	471	505	976
2887	446	501	947
2888	467	474	941
2889	483	491	974
2890	463	537	1000
2891	470	511	981
2892	465	507	972
2893	494	512	1006
2894	466	494	960
2895	464	510	974
2896	454	526	980
2897	475	510	985
2898	457	524	981
2899	484	504	988
2900	456	495	951
2901	468	519	987
2902	465	504	969
2903	486	502	988
2904	472	486	958
2905	484	498	982
2906	454	508	962
2907	469	515	984
2908	491	501	992
2909	477	493	970
2910	484	504	988
2911	462	510	972
2912	442	506	948
2913	447	513	960
2914	470	514	984
2915	437	510	947
2916	456	499	955
2917	448	487	935
2918	463	518	981
2919	472	516	988
2920	466	508	974
2921	451	505	956
2922	444	497	941
2923	482	503	985
2924	472	509	981
2925	479	510	989
2926	475	496	971
2927	450	503	953
2928	473	509	982
2929	471	510	981
2930	443	504	947
2931	465	524	989
2932	485	524	1009
2933	439	508	947
2934	474	503	977
2935	455	525	980
2936	473	542	1015
2937	478	512	990
2938	476	490	966
2939	462	498	960
2940	450	502	952
2941	467	493	960
2942	467	527	994
2943	519	487	1006
2944	548	428	976
2945	513	375	888
2946	525	301	826
2947	503	299	802
2948	456	351	807
2949	429	360	789
2950	389	362	751
2951	363	428	791
2952	337	506	843
2953	331	475	806
2954	328	476	804
2955	361	455	816
2956	353	443	796
2957	350	434	784
2958	341	431	772
2959	339	379	718
2960	361	397	758
2961	316	398	714
2962	330	362	692
2963	326	341	667
2964	342	339	681
2965	354	337	691
2966	373	360	733
2967	356	384	740
2968	387	430	817
2969	382	509	891
2970	459	526	985
2971	462	526	988
2972	468	541	1009
2973	477	555	1032
2974	465	522	987
2975	458	519	977
2976	450	533	983
2977	475	521	996
2978	473	522	995
2979	477	517	994
2980	461	545	1006
2981	461	553	1014
2982	459	547	1006
2983	478	549	1027
2984	485	563	1048
2985	492	537	1029
2986	502	530	1032
2987	488	553	1041
2988	498	542	1040
2989	505	521	1026
2990	483	568	1051
2991	480	540	1020
2992	475	547	1022
2993	502	536	1038
2994	498	538	1036
2995	498	539	1037
2996	523	555	1078
2997	492	557	1049
2998	476	541	1017
2999	515	560	1075
3000	530	547	1077
3001	527	562	1089
3002	544	535	1079
3003	545	537	1082
3004	542	557	1099
3005	561	551	1112
3006	556	546	1102
3007	546	558	1104
3008	546	543	1089
3009	547	571	1118
3010	509	569	1078
3011	560	551	1111
3012	538	549	1087
3013	536	543	1079
3014	551	544	1095
3015	529	561	1090
3016	544	552	1096
3017	549	574	1123
3018	542	570	1112
3019	563	537	1100
3020	561	538	1099
3021	556	550	1106
3022	563	569	1132
3023	565	557	1122
3024	559	543	1102
3025	537	544	1081
3026	549	564	1113
3027	566	564	1130
3028	561	542	1103
3029	551	566	1117
3030	554	557	1111
3031	537	540	1077
3032	540	557	1097
3033	563	543	1106
3034	551	544	1095
3035	537	558	1095
3036	560	544	1104
3037	551	540	1091
3038	557	551	1108
3039	563	559	1122
3040	564	564	1128
3041	550	554	1104
3042	544	558	1102
3043	558	574	1132
3044	557	564	1121
3045	562	554	1116
3046	547	558	1105
3047	535	540	1075
3048	548	551	1099
3049	525	565	1090
3050	525	548	1073
3051	551	557	1108
3052	552	551	1103
3053	545	534	1079
3054	554	548	1102
3055	544	560	1104
3056	559	546	1105
3057	560	547	1107
3058	555	543	1098
3059	544	542	1086
3060	567	551	1118
3061	527	557	1084
3062	565	551	1116
3063	544	553	1097
3064	545	537	1082
3065	539	560	1099
3066	552	553	1105
3067	562	547	1109
3068	563	544	1107
3069	568	546	1114
3070	545	559	1104
3071	532	525	1057
3072	511	554	1065
3073	541	559	1100
3074	545	549	1094
3075	549	533	1082
3076	543	571	1114
3077	541	532	1073
3078	549	548	1097
3079	547	532	1079
3080	590	539	1129
3081	584	539	1123
3082	544	546	1090
3083	547	576	1123
3084	529	564	1093
3085	547	577	1124
3086	531	560	1091
3087	531	561	1092
3088	571	551	1122
3089	563	557	1120
3090	556	558	1114
3091	562	555	1117
3092	536	573	1109
3093	557	529	1086
3094	533	564	1097
3095	541	579	1120
3096	553	546	1099
3097	557	544	1101
3098	549	544	1093
3099	550	535	1085
3100	551	567	1118
3101	562	561	1123
3102	544	548	1092
3103	563	555	1118
3104	554	553	1107
3105	528	562	1090
3106	561	546	1107
3107	560	560	1120
3108	562	571	1133
3109	580	569	1149
3110	540	558	1098
3111	538	557	1095
3112	547	548	1095
3113	554	539	1093
3114	559	559	1118
3115	562	545	1107
3116	544	545	1089
3117	543	569	1112
3118	550	562	1112
3119	560	568	1128
3120	534	562	1096
3121	542	538	1080
3122	544	550	1094
3123	546	560	1106
3124	545	547	1092
3125	567	530	1097
3126	544	558	1102
3127	535	553	1088
3128	562	552	1114
3129	572	546	1118
3130	556	554	1110
3131	551	543	1094
3132	527	541	1068
3133	547	561	1108
3134	546	537	1083
3135	547	553	1100
3136	546	542	1088
3137	551	550	1101
3138	543	549	1092
3139	559	544	1103
3140	554	555	1109
3141	544	548	1092
3142	528	558	1086
3143	525	531	1056
3144	556	558	1114
3145	537	555	1092
3146	532	541	1073
3147	529	546	1075
3148	548	571	1119
3149	567	584	1151
3150	556	560	1116
3151	528	540	1068
3152	551	534	1085
3153	549	537	1086
3154	553	545	1098
3155	542	519	1061
3156	557	526	1083
3157	554	546	1100
3158	549	550	1099
3159	559	550	1109
3160	539	532	1071
3161	535	555	1090
3162	561	545	1106
3163	559	579	1138
3164	550	576	1126
3165	536	563	1099
3166	551	548	1099
3167	546	567	1113
3168	568	549	1117
3169	561	543	1104
3170	554	550	1104
3171	553	555	1108
3172	558	545	1103
3173	550	549	1099
3174	568	549	1117
3175	555	531	1086
3176	547	545	1092
3177	556	543	1099
3178	550	576	1126
3179	549	565	1114
3180	572	562	1134
3181	565	567	1132
3182	558	561	1119
3183	555	533	1088
3184	535	545	1080
3185	558	567	1125
3186	546	541	1087
3187	569	559	1128
3188	547	546	1093
3189	555	533	1088
3190	538	553	1091
3191	563	559	1122
3192	538	541	1079
3193	548	561	1109
3194	537	558	1095
3195	558	540	1098
3196	549	546	1095
3197	541	545	1086
3198	557	538	1095
3199	544	545	1089
3200	547	543	1090
3201	539	555	1094
3202	554	565	1119
3203	539	547	1086
3204	559	566	1125
3205	563	546	1109
3206	549	537	1086
3207	531	574	1105
3208	570	539	1109
3209	565	558	1123
3210	551	556	1107
3211	543	572	1115
3212	551	549	1100
3213	550	560	1110
3214	553	563	1116
3215	528	554	1082
3216	559	571	1130
3217	542	555	1097
3218	532	529	1061
3219	547	545	1092
3220	567	555	1122
3221	543	565	1108
3222	532	546	1078
3223	534	551	1085
3224	522	550	1072
3225	504	538	1042
3226	503	532	1035
3227	528	548	1076
3228	515	553	1068
3229	530	569	1099
3230	537	539	1076
3231	539	563	1102
3232	521	545	1066
3233	540	555	1095
3234	566	534	1100
3235	548	544	1092
3236	511	550	1061
3237	556	566	1122
3238	547	546	1093
3239	544	550	1094
3240	532	538	1070
3241	539	551	1090
3242	540	552	1092
3243	540	570	1110
3244	546	550	1096
3245	554	551	1105
3246	556	546	1102
3247	535	542	1077
3248	557	546	1103
3249	536	541	1077
3250	542	567	1109
3251	540	556	1096
3252	518	563	1081
3253	562	549	1111
3254	546	547	1093
3255	569	548	1117
3256	548	555	1103
3257	511	569	1080
3258	548	555	1103
3259	566	565	1131
3260	542	534	1076
3261	548	555	1103
3262	568	561	1129
3263	535	572	1107
3264	564	532	1096
3265	570	548	1118
3266	546	573	1119
3267	549	555	1104
3268	556	547	1103
3269	556	543	1099
3270	540	573	1113
3271	569	553	1122
3272	569	554	1123
3273	549	558	1107
3274	558	562	1120
3275	548	547	1095
3276	558	546	1104
3277	538	549	1087
3278	562	540	1102
3279	548	571	1119
3280	542	545	1087
3281	554	545	1099
3282	533	571	1104
3283	548	553	1101
3284	552	544	1096
3285	567	520	1087
3286	550	558	1108
3287	560	555	1115
3288	541	543	1084
3289	527	565	1092
3290	560	546	1106
3291	531	554	1085
3292	542	561	1103
3293	560	549	1109
3294	559	535	1094
3295	543	560	1103
3296	537	544	1081
3297	559	548	1107
3298	538	555	1093
3299	526	556	1082
3300	531	571	1102
3301	553	568	1121
3302	536	550	1086
3303	559	551	1110
3304	580	564	1144
3305	544	553	1097
3306	549	550	1099
3307	562	549	1111
3308	580	583	1163
3309	559	572	1131
3310	538	553	1091
3311	540	567	1107
3312	574	566	1140
3313	533	545	1078
3314	535	546	1081
3315	523	548	1071
3316	525	547	1072
3317	536	537	1073
3318	553	541	1094
3319	534	566	1100
3320	559	554	1113
3321	561	548	1109
3322	529	562	1091
3323	521	573	1094
3324	527	571	1098
3325	540	549	1089
3326	551	544	1095
3327	532	563	1095
3328	540	555	1095
3329	561	546	1107
3330	535	557	1092
3331	561	548	1109
3332	550	551	1101
3333	562	544	1106
3334	567	545	1112
3335	542	546	1088
3336	547	564	1111
3337	535	541	1076
3338	535	540	1075
3339	541	549	1090
3340	543	565	1108
3341	532	544	1076
3342	552	558	1110
3343	562	529	1091
3344	567	552	1119
3345	551	563	1114
3346	561	559	1120
3347	558	528	1086
3348	557	581	1138
3349	547	567	1114
3350	544	548	1092
3351	540	566	1106
3352	561	561	1122
3353	564	533	1097
3354	555	543	1098
3355	541	547	1088
3356	545	556	1101
3357	583	562	1145
3358	571	534	1105
3359	546	566	1112
3360	561	539	1100
3361	547	538	1085
3362	558	538	1096
3363	539	544	1083
3364	538	546	1084
3365	567	552	1119
3366	555	541	1096
3367	551	534	1085
3368	560	557	1117
3369	555	557	1112
3370	548	539	1087
3371	541	585	1126
3372	540	511	1051
3373	536	515	1051
3374	518	551	1069
3375	530	530	1060
3376	535	558	1093
3377	537	553	1090
3378	540	559	1099
3379	564	544	1108
3380	552	566	1118
3381	562	582	1144
3382	560	566	1126
3383	557	551	1108
3384	548	550	1098
3385	539	552	1091
3386	559	552	1111
3387	558	545	1103
3388	544	546	1090
3389	562	562	1124
3390	545	546	1091
3391	559	556	1115
3392	548	573	1121
3393	558	543	1101
3394	566	526	1092
3395	545	551	1096
3396	559	555	1114
3397	546	554	1100
3398	551	565	1116
3399	544	552	1096
3400	546	543	1089
3401	533	568	1101
3402	553	537	1090
3403	583	556	1139
3404	560	559	1119
3405	544	566	1110
3406	560	554	1114
3407	536	556	1092
3408	548	549	1097
3409	560	568	1128
3410	553	553	1106
3411	577	556	1133
3412	567	545	1112
3413	560	529	1089
3414	524	538	1062
3415	565	555	1120
3416	550	593	1143
3417	545	541	1086
3418	550	540	1090
3419	557	567	1124
3420	554	545	1099
3421	553	576	1129
3422	553	562	1115
3423	541	549	1090
3424	537	544	1081
3425	571	553	1124
3426	552	573	1125
3427	545	577	1122
3428	527	568	1095
3429	557	545	1102
3430	580	572	1152
3431	560	571	1131
3432	556	548	1104
3433	543	556	1099
3434	547	560	1107
3435	554	567	1121
3436	569	542	1111
3437	547	560	1107
3438	544	586	1130
3439	560	562	1122
3440	539	533	1072
3441	540	544	1084
3442	557	546	1103
3443	566	568	1134
3444	529	560	1089
3445	545	555	1100
3446	542	559	1101
3447	547	563	1110
3448	562	585	1147
3449	538	544	1082
3450	551	552	1103
3451	541	543	1084
3452	550	554	1104
3453	546	558	1104
3454	550	564	1114
3455	548	555	1103
3456	562	538	1100
3457	530	561	1091
3458	511	556	1067
3459	541	569	1110
3460	551	556	1107
3461	561	557	1118
3462	535	570	1105
3463	570	549	1119
3464	562	532	1094
3465	572	541	1113
3466	551	549	1100
3467	560	550	1110
3468	550	558	1108
3469	553	539	1092
3470	551	555	1106
3471	556	565	1121
3472	541	548	1089
3473	566	570	1136
3474	527	566	1093
3475	552	558	1110
3476	537	576	1113
3477	545	532	1077
3478	549	554	1103
3479	544	560	1104
3480	528	573	1101
3481	544	544	1088
3482	534	566	1100
3483	551	555	1106
3484	556	555	1111
3485	541	548	1089
3486	559	589	1148
3487	561	538	1099
3488	543	549	1092
3489	547	550	1097
3490	551	576	1127
3491	541	554	1095
3492	518	539	1057
3493	570	546	1116
3494	565	541	1106
3495	572	546	1118
3496	560	562	1122
3497	543	545	1088
3498	531	535	1066
3499	560	572	1132
3500	573	564	1137
3501	552	551	1103
3502	546	569	1115
3503	546	553	1099
3504	560	563	1123
3505	547	530	1077
3506	551	552	1103
3507	552	542	1094
3508	543	571	1114
3509	541	543	1084
3510	542	536	1078
3511	560	553	1113
3512	533	572	1105
3513	564	570	1134
3514	562	545	1107
3515	543	565	1108
3516	558	546	1104
3517	555	560	1115
3518	567	552	1119
3519	567	543	1110
3520	560	548	1108
3521	558	546	1104
3522	534	555	1089
3523	538	532	1070
3524	539	544	1083
3525	555	550	1105
3526	573	549	1122
3527	570	557	1127
3528	572	551	1123
3529	542	560	1102
3530	535	565	1100
3531	556	545	1101
3532	547	543	1090
3533	548	560	1108
3534	538	557	1095
3535	551	548	1099
3536	506	552	1058
3537	523	557	1080
3538	550	557	1107
3539	547	562	1109
3540	552	554	1106
3541	560	532	1092
3542	543	562	1105
3543	537	554	1091
3544	555	565	1120
3545	549	547	1096
3546	574	551	1125
3547	572	554	1126
3548	575	541	1116
3549	570	554	1124
3550	561	542	1103
3551	546	575	1121
3552	558	558	1116
3553	534	566	1100
3554	569	547	1116
3555	553	543	1096
3556	553	543	1096
3557	560	545	1105
3558	559	571	1130
3559	554	578	1132
3560	564	555	1119
3561	560	583	1143
3562	544	554	1098
3563	542	550	1092
3564	535	556	1091
3565	551	547	1098
3566	535	567	1102
3567	553	556	1109
3568	544	535	1079
3569	542	559	1101
3570	545	547	1092
3571	549	557	1106
3572	569	554	1123
3573	534	545	1079
3574	541	551	1092
3575	541	520	1061
3576	538	564	1102
3577	560	573	1133
3578	564	564	1128
3579	551	534	1085
3580	550	562	1112
3581	553	560	1113
3582	562	546	1108
3583	544	543	1087
3584	543	565	1108
3585	557	562	1119
3586	544	552	1096
3587	570	550	1120
3588	570	547	1117
3589	555	536	1091
3590	547	556	1103
3591	535	546	1081
3592	558	557	1115
3593	541	537	1078
3594	558	540	1098
3595	553	581	1134
3596	550	549	1099
3597	556	545	1101
3598	559	544	1103
3599	549	535	1084
3600	531	546	1077
3601	541	572	1113
3602	539	556	1095
3603	533	543	1076
3604	568	558	1126
3605	544	569	1113
3606	562	536	1098
3607	576	560	1136
3608	552	560	1112
3609	557	562	1119
3610	550	557	1107
3611	545	572	1117
3612	572	547	1119
3613	541	539	1080
3614	542	534	1076
3615	545	541	1086
3616	533	536	1069
3617	535	539	1074
3618	529	555	1084
3619	547	548	1095
3620	545	573	1118
3621	532	533	1065
3622	537	543	1080
3623	564	550	1114
3624	542	563	1105
3625	549	542	1091
3626	547	550	1097
3627	567	557	1124
3628	539	559	1098
3629	572	551	1123
3630	527	538	1065
3631	554	564	1118
3632	528	551	1079
3633	551	573	1124
3634	547	573	1120
3635	573	552	1125
3636	542	565	1107
3637	536	555	1091
3638	549	545	1094
3639	541	557	1098
3640	552	564	1116
3641	541	558	1099
3642	549	557	1106
3643	542	561	1103
3644	559	538	1097
3645	562	549	1111
3646	545	569	1114
3647	548	548	1096
3648	556	548	1104
3649	564	567	1131
3650	550	575	1125
3651	538	570	1108
3652	552	555	1107
3653	530	562	1092
3654	543	573	1116
3655	558	559	1117
3656	514	561	1075
3657	542	543	1085
3658	534	577	1111
3659	520	561	1081
3660	597	543	1140
3661	533	545	1078
3662	557	553	1110
3663	562	559	1121
3664	550	553	1103
3665	551	556	1107
3666	534	565	1099
3667	564	552	1116
3668	540	559	1099
3669	565	559	1124
3670	535	562	1097
3671	548	562	1110
3672	562	548	1110
3673	562	563	1125
3674	564	576	1140
3675	537	550	1087
3676	552	552	1104
3677	554	568	1122
3678	572	538	1110
3679	578	548	1126
3680	560	547	1107
3681	556	556	1112
3682	568	557	1125
3683	563	572	1135
3684	550	551	1101
3685	551	546	1097
3686	559	560	1119
3687	566	557	1123
3688	554	554	1108
3689	561	545	1106
3690	539	537	1076
3691	559	556	1115
3692	559	543	1102
3693	545	548	1093
3694	533	541	1074
3695	556	530	1086
3696	547	558	1105
3697	543	546	1089
3698	545	568	1113
3699	541	541	1082
3700	562	558	1120
3701	568	533	1101
3702	557	565	1122
3703	550	562	1112
3704	536	573	1109
3705	544	540	1084
3706	531	555	1086
3707	548	556	1104
3708	550	546	1096
3709	564	554	1118
3710	549	543	1092
3711	553	570	1123
3712	557	557	1114
3713	559	556	1115
3714	554	557	1111
3715	561	567	1128
3716	542	560	1102
3717	548	551	1099
3718	573	547	1120
3719	559	544	1103
3720	540	567	1107
3721	559	547	1106
3722	538	545	1083
3723	543	561	1104
3724	531	562	1093
3725	565	549	1114
3726	553	561	1114
3727	551	550	1101
3728	544	548	1092
3729	545	558	1103
3730	549	543	1092
3731	548	540	1088
3732	553	564	1117
3733	545	550	1095
3734	546	549	1095
3735	536	546	1082
3736	544	545	1089
3737	552	559	1111
3738	559	545	1104
3739	558	536	1094
3740	568	548	1116
3741	536	565	1101
3742	557	537	1094
3743	533	549	1082
3744	547	547	1094
3745	565	540	1105
3746	568	542	1110
3747	565	547	1112
3748	532	529	1061
3749	546	570	1116
3750	544	546	1090
3751	532	550	1082
3752	548	545	1093
3753	546	538	1084
3754	556	539	1095
3755	565	532	1097
3756	553	548	1101
3757	540	536	1076
3758	573	554	1127
3759	523	571	1094
3760	545	516	1061
3761	535	546	1081
3762	540	559	1099
3763	530	550	1080
3764	569	558	1127
3765	538	560	1098
3766	538	545	1083
3767	531	550	1081
3768	550	528	1078
3769	558	541	1099
3770	539	560	1099
3771	558	571	1129
3772	565	540	1105
3773	551	545	1096
3774	560	569	1129
3775	532	572	1104
3776	538	540	1078
3777	556	551	1107
3778	571	540	1111
3779	580	565	1145
3780	563	559	1122
3781	544	548	1092
3782	533	555	1088
3783	554	534	1088
3784	553	535	1088
3785	552	571	1123
3786	557	548	1105
3787	564	527	1091
3788	550	557	1107
3789	570	529	1099
3790	547	547	1094
3791	540	546	1086
3792	557	556	1113
3793	549	552	1101
3794	575	560	1135
3795	562	556	1118
3796	542	560	1102
3797	541	555	1096
3798	547	535	1082
3799	544	574	1118
3800	556	568	1124
3801	568	557	1125
3802	565	560	1125
3803	543	559	1102
3804	567	550	1117
3805	556	547	1103
3806	532	555	1087
3807	548	539	1087
3808	543	540	1083
3809	556	563	1119
3810	539	550	1089
3811	548	550	1098
3812	543	556	1099
3813	551	523	1074
3814	534	542	1076
3815	538	560	1098
3816	570	559	1129
3817	555	552	1107
3818	551	567	1118
3819	567	543	1110
3820	567	537	1104
3821	552	548	1100
3822	539	542	1081
3823	558	553	1111
3824	542	553	1095
3825	549	540	1089
3826	551	558	1109
3827	543	579	1122
3828	546	540	1086
3829	544	557	1101
3830	562	559	1121
3831	550	561	1111
3832	557	544	1101
3833	522	553	1075
3834	536	550	1086
3835	541	538	1079
3836	537	550	1087
3837	569	533	1102
3838	541	565	1106
3839	561	572	1133
3840	567	554	1121
3841	552	558	1110
3842	543	560	1103
3843	575	556	1131
3844	540	561	1101
3845	554	550	1104
3846	556	560	1116
3847	557	553	1110
3848	556	558	1114
3849	568	536	1104
3850	573	546	1119
3851	574	560	1134
3852	558	556	1114
3853	552	568	1120
3854	548	555	1103
3855	538	549	1087
3856	555	568	1123
3857	548	550	1098
3858	533	578	1111
3859	561	578	1139
3860	553	560	1113
3861	555	550	1105
3862	543	548	1091
3863	551	569	1120
3864	551	550	1101
3865	512	542	1054
3866	540	525	1065
3867	545	527	1072
3868	570	546	1116
3869	539	563	1102
3870	563	547	1110
3871	556	534	1090
3872	532	561	1093
3873	546	557	1103
3874	537	543	1080
3875	534	552	1086
3876	550	572	1122
3877	535	564	1099
3878	540	535	1075
3879	535	589	1124
3880	542	574	1116
3881	547	571	1118
3882	556	555	1111
3883	548	541	1089
3884	573	542	1115
3885	535	555	1090
3886	565	548	1113
3887	542	572	1114
3888	554	574	1128
3889	543	558	1101
3890	549	530	1079
3891	544	560	1104
3892	574	546	1120
3893	559	560	1119
3894	544	563	1107
3895	563	564	1127
3896	555	554	1109
3897	559	542	1101
3898	543	581	1124
3899	537	527	1064
3900	541	560	1101
3901	528	539	1067
3902	552	558	1110
3903	578	553	1131
3904	540	528	1068
3905	535	568	1103
3906	569	566	1135
3907	545	549	1094
3908	545	553	1098
3909	550	551	1101
3910	557	568	1125
3911	565	562	1127
3912	550	533	1083
3913	557	543	1100
3914	542	533	1075
3915	539	544	1083
3916	551	551	1102
3917	550	565	1115
3918	551	560	1111
3919	553	557	1110
3920	559	553	1112
3921	556	551	1107
3922	539	551	1090
3923	558	543	1101
3924	570	568	1138
3925	567	540	1107
3926	551	561	1112
3927	553	552	1105
3928	556	540	1096
3929	538	534	1072
3930	539	544	1083
3931	540	562	1102
3932	560	551	1111
3933	539	541	1080
3934	553	553	1106
3935	531	550	1081
3936	553	551	1104
3937	560	539	1099
3938	554	554	1108
3939	547	548	1095
3940	556	553	1109
3941	553	549	1102
3942	572	548	1120
3943	558	547	1105
3944	542	539	1081
3945	528	562	1090
3946	539	552	1091
3947	557	562	1119
3948	548	562	1110
3949	552	546	1098
3950	560	542	1102
3951	555	558	1113
3952	570	547	1117
3953	551	551	1102
3954	534	559	1093
3955	536	548	1084
3956	548	566	1114
3957	553	548	1101
3958	541	547	1088
3959	537	563	1100
3960	545	548	1093
3961	539	549	1088
3962	536	562	1098
3963	573	545	1118
3964	518	556	1074
3965	558	564	1122
3966	557	564	1121
3967	555	544	1099
3968	538	586	1124
3969	541	547	1088
3970	537	571	1108
3971	536	549	1085
3972	522	558	1080
3973	571	546	1117
3974	568	546	1114
3975	541	547	1088
3976	564	555	1119
3977	553	555	1108
3978	583	546	1129
3979	539	551	1090
3980	542	538	1080
3981	564	527	1091
3982	585	547	1132
3983	547	534	1081
3984	533	548	1081
3985	558	565	1123
3986	540	534	1074
3987	527	544	1071
3988	532	573	1105
3989	550	571	1121
3990	553	542	1095
3991	549	555	1104
3992	530	549	1079
3993	562	537	1099
3994	555	546	1101
3995	564	556	1120
3996	553	564	1117
3997	565	555	1120
3998	560	538	1098
3999	528	565	1093
4000	559	537	1096
4001	549	556	1105
4002	567	507	1074
4003	537	550	1087
4004	543	559	1102
4005	539	564	1103
4006	540	546	1086
4007	561	547	1108
4008	533	548	1081
4009	543	549	1092
4010	563	545	1108
4011	541	542	1083
4012	557	541	1098
4013	542	521	1063
4014	570	550	1120
4015	546	553	1099
4016	555	575	1130
4017	543	542	1085
4018	558	561	1119
4019	549	523	1072
4020	552	538	1090
4021	550	567	1117
4022	559	581	1140
4023	546	531	1077
4024	561	535	1096
4025	545	570	1115
4026	570	551	1121
4027	568	551	1119
4028	542	539	1081
4029	545	560	1105
4030	527	544	1071
4031	537	552	1089
4032	543	555	1098
4033	556	550	1106
4034	533	550	1083
4035	540	539	1079
4036	527	558	1085
4037	543	559	1102
4038	549	537	1086
4039	555	547	1102
4040	544	551	1095
4041	567	560	1127
4042	552	545	1097
4043	553	553	1106
4044	561	552	1113
4045	543	539	1082
4046	546	547	1093
4047	533	546	1079
4048	548	547	1095
4049	555	545	1100
4050	538	542	1080
4051	564	543	1107
4052	552	566	1118
4053	568	536	1104
4054	551	576	1127
4055	536	542	1078
4056	547	531	1078
4057	563	550	1113
4058	572	563	1135
4059	558	536	1094
4060	548	551	1099
4061	556	547	1103
4062	533	556	1089
4063	553	543	1096
4064	560	539	1099
4065	549	553	1102
4066	554	553	1107
4067	552	560	1112
4068	525	563	1088
4069	537	528	1065
4070	559	563	1122
4071	558	549	1107
4072	562	528	1090
4073	560	549	1109
4074	541	537	1078
4075	557	559	1116
4076	564	532	1096
4077	551	563	1114
4078	554	540	1094
4079	550	558	1108
4080	530	576	1106
4081	560	550	1110
4082	541	533	1074
4083	528	546	1074
4084	552	539	1091
4085	550	559	1109
4086	568	565	1133
4087	532	554	1086
4088	550	547	1097
4089	538	560	1098
4090	567	562	1129
4091	548	544	1092
4092	539	539	1078
4093	566	554	1120
4094	559	540	1099
4095	558	546	1104
4096	528	534	1062
4097	551	551	1102
4098	548	558	1106
4099	538	550	1088
4100	533	535	1068
4101	554	562	1116
4102	551	535	1086
4103	554	558	1112
4104	553	570	1123
4105	566	544	1110
4106	539	560	1099
4107	539	551	1090
4108	571	535	1106
4109	544	555	1099
4110	565	531	1096
4111	531	551	1082
4112	559	563	1122
4113	549	546	1095
4114	542	554	1096
4115	570	539	1109
4116	550	539	1089
4117	564	540	1104
4118	549	547	1096
4119	544	550	1094
4120	569	541	1110
4121	541	554	1095
4122	543	560	1103
4123	567	542	1109
4124	574	562	1136
4125	551	552	1103
4126	575	550	1125
4127	547	553	1100
4128	553	541	1094
4129	558	577	1135
4130	537	562	1099
4131	577	531	1108
4132	529	550	1079
4133	561	563	1124
4134	534	559	1093
4135	543	552	1095
4136	562	547	1109
4137	545	556	1101
4138	562	547	1109
4139	546	553	1099
4140	544	536	1080
4141	532	546	1078
4142	543	548	1091
4143	550	566	1116
4144	559	539	1098
4145	556	567	1123
4146	562	563	1125
4147	551	568	1119
4148	556	543	1099
4149	563	560	1123
4150	556	554	1110
4151	556	541	1097
4152	572	560	1132
4153	549	548	1097
4154	563	541	1104
4155	532	571	1103
4156	537	575	1112
4157	538	536	1074
4158	525	564	1089
4159	547	561	1108
4160	528	567	1095
4161	532	543	1075
4162	563	525	1088
4163	545	555	1100
4164	534	542	1076
4165	544	552	1096
4166	538	570	1108
4167	546	562	1108
4168	566	552	1118
4169	559	561	1120
4170	550	541	1091
4171	557	528	1085
4172	542	543	1085
4173	570	548	1118
4174	561	557	1118
4175	558	536	1094
4176	524	574	1098
4177	541	548	1089
4178	551	564	1115
4179	549	527	1076
4180	555	537	1092
4181	538	556	1094
4182	556	535	1091
4183	565	578	1143
4184	548	530	1078
4185	557	553	1110
4186	533	546	1079
4187	548	550	1098
4188	557	539	1096
4189	529	530	1059
4190	558	544	1102
4191	529	554	1083
4192	547	580	1127
4193	533	557	1090
4194	546	595	1141
4195	521	542	1063
4196	573	552	1125
4197	564	546	1110
4198	546	574	1120
4199	545	560	1105
4200	529	537	1066
4201	560	561	1121
4202	524	550	1074
4203	552	538	1090
4204	557	554	1111
4205	573	570	1143
4206	573	551	1124
4207	558	537	1095
4208	540	566	1106
4209	550	563	1113
4210	537	566	1103
4211	553	563	1116
4212	549	562	1111
4213	523	553	1076
4214	560	566	1126
4215	550	550	1100
4216	559	527	1086
4217	563	545	1108
4218	538	562	1100
4219	545	560	1105
4220	554	566	1120
4221	545	579	1124
4222	543	553	1096
4223	552	574	1126
4224	555	546	1101
4225	578	524	1102
4226	536	548	1084
4227	538	553	1091
4228	561	534	1095
4229	546	530	1076
4230	559	524	1083
4231	547	537	1084
4232	542	551	1093
4233	529	574	1103
4234	538	556	1094
4235	552	569	1121
4236	566	561	1127
4237	551	543	1094
4238	543	525	1068
4239	525	526	1051
4240	579	552	1131
4241	547	560	1107
4242	562	545	1107
4243	568	545	1113
4244	569	563	1132
4245	566	559	1125
4246	544	559	1103
4247	556	561	1117
4248	545	566	1111
4249	570	548	1118
4250	515	543	1058
4251	562	555	1117
4252	541	550	1091
4253	543	554	1097
4254	559	558	1117
4255	546	544	1090
4256	563	579	1142
4257	539	561	1100
4258	551	550	1101
4259	537	538	1075
4260	550	529	1079
4261	537	551	1088
4262	542	538	1080
4263	530	532	1062
4264	520	559	1079
4265	552	546	1098
4266	530	549	1079
4267	530	543	1073
4268	555	562	1117
4269	561	540	1101
4270	543	553	1096
4271	556	572	1128
4272	559	540	1099
4273	567	544	1111
4274	568	553	1121
4275	587	530	1117
4276	541	540	1081
4277	574	554	1128
4278	563	554	1117
4279	565	540	1105
4280	544	551	1095
4281	553	563	1116
4282	553	557	1110
4283	519	564	1083
4284	554	563	1117
4285	552	551	1103
4286	552	572	1124
4287	574	553	1127
4288	559	553	1112
4289	556	571	1127
4290	560	569	1129
4291	562	542	1104
4292	534	543	1077
4293	557	558	1115
4294	573	580	1153
4295	551	558	1109
4296	529	547	1076
4297	551	540	1091
4298	557	556	1113
4299	546	547	1093
4300	556	556	1112
4301	544	558	1102
4302	540	541	1081
4303	566	564	1130
4304	555	543	1098
4305	549	559	1108
4306	551	578	1129
4307	543	558	1101
4308	545	551	1096
4309	555	561	1116
4310	565	538	1103
4311	558	550	1108
4312	573	552	1125
4313	548	558	1106
4314	550	542	1092
4315	569	545	1114
4316	550	561	1111
4317	543	547	1090
4318	550	562	1112
4319	541	549	1090
4320	560	559	1119
4321	552	589	1141
4322	540	545	1085
4323	548	546	1094
4324	558	564	1122
4325	555	554	1109
4326	542	551	1093
4327	566	543	1109
4328	570	546	1116
4329	557	555	1112
4330	538	560	1098
4331	539	562	1101
4332	546	545	1091
4333	550	544	1094
4334	546	546	1092
4335	545	577	1122
4336	552	558	1110
4337	554	540	1094
4338	558	543	1101
4339	557	534	1091
4340	548	566	1114
4341	541	556	1097
4342	556	554	1110
4343	564	560	1124
4344	553	575	1128
4345	557	565	1122
4346	577	543	1120
4347	558	546	1104
4348	562	541	1103
4349	567	566	1133
4350	560	572	1132
4351	541	537	1078
4352	544	545	1089
4353	549	563	1112
4354	553	549	1102
4355	544	562	1106
4356	564	547	1111
4357	542	544	1086
4358	549	565	1114
4359	553	556	1109
4360	565	519	1084
4361	584	553	1137
4362	565	564	1129
4363	550	544	1094
4364	548	559	1107
4365	557	559	1116
4366	546	584	1130
4367	539	547	1086
4368	556	564	1120
4369	554	548	1102
4370	538	553	1091
4371	559	552	1111
4372	561	542	1103
4373	531	556	1087
4374	561	543	1104
4375	558	534	1092
4376	566	552	1118
4377	543	561	1104
4378	552	547	1099
4379	566	572	1138
4380	550	552	1102
4381	568	564	1132
4382	570	553	1123
4383	559	561	1120
4384	550	556	1106
4385	544	548	1092
4386	550	528	1078
4387	533	565	1098
4388	544	552	1096
4389	560	568	1128
4390	566	551	1117
4391	561	541	1102
4392	567	561	1128
4393	552	559	1111
4394	557	549	1106
4395	538	554	1092
4396	547	568	1115
4397	536	554	1090
4398	540	537	1077
4399	559	550	1109
4400	542	591	1133
4401	564	565	1129
4402	539	555	1094
4403	563	563	1126
4404	558	570	1128
4405	564	562	1126
4406	555	544	1099
4407	543	558	1101
4408	547	536	1083
4409	559	567	1126
4410	556	532	1088
4411	553	577	1130
4412	563	531	1094
4413	558	550	1108
4414	561	552	1113
4415	574	552	1126
4416	548	559	1107
4417	566	554	1120
4418	551	558	1109
4419	569	573	1142
4420	549	548	1097
4421	532	569	1101
4422	542	545	1087
4423	552	560	1112
4424	525	553	1078
4425	547	558	1105
4426	560	552	1112
4427	551	553	1104
4428	555	558	1113
4429	537	574	1111
4430	533	542	1075
4431	544	551	1095
4432	568	527	1095
4433	568	532	1100
4434	530	543	1073
4435	523	559	1082
4436	542	539	1081
4437	528	569	1097
4438	525	546	1071
4439	501	551	1052
4440	504	541	1045
4441	531	540	1071
4442	528	545	1073
4443	531	570	1101
4444	548	548	1096
4445	539	591	1130
4446	548	569	1117
4447	549	569	1118
4448	552	568	1120
4449	553	565	1118
4450	554	576	1130
4451	555	557	1112
4452	556	529	1085
4453	561	558	1119
4454	547	572	1119
4455	552	561	1113
4456	568	554	1122
4457	554	542	1096
4458	548	548	1096
4459	544	544	1088
4460	552	569	1121
4461	543	567	1110
4462	548	542	1090
4463	553	561	1114
4464	571	550	1121
4465	549	543	1092
4466	549	559	1108
4467	556	557	1113
4468	540	552	1092
4469	553	553	1106
4470	556	552	1108
4471	560	558	1118
4472	571	564	1135
4473	563	564	1127
4474	560	563	1123
4475	513	552	1065
4476	545	560	1105
4477	553	581	1134
4478	553	554	1107
4479	526	565	1091
4480	552	565	1117
4481	561	550	1111
4482	549	557	1106
4483	547	550	1097
4484	542	548	1090
4485	530	548	1078
4486	559	541	1100
4487	527	528	1055
4488	521	545	1066
4489	558	535	1093
4490	568	572	1140
4491	540	573	1113
4492	540	526	1066
4493	545	559	1104
4494	539	544	1083
4495	563	540	1103
4496	541	565	1106
4497	554	537	1091
4498	558	550	1108
4499	551	552	1103
4500	549	534	1083
4501	561	535	1096
4502	547	532	1079
4503	554	548	1102
4504	538	537	1075
4505	524	534	1058
4506	555	528	1083
4507	532	580	1112
4508	509	551	1060
4509	545	550	1095
4510	524	551	1075
4511	540	573	1113
4512	559	563	1122
4513	555	553	1108
4514	559	540	1099
4515	556	551	1107
4516	525	577	1102
4517	553	549	1102
4518	569	554	1123
4519	538	560	1098
4520	544	568	1112
4521	542	554	1096
4522	528	580	1108
4523	558	548	1106
4524	564	555	1119
4525	555	557	1112
4526	547	554	1101
4527	567	564	1131
4528	532	557	1089
4529	531	527	1058
4530	548	561	1109
4531	537	534	1071
4532	567	533	1100
4533	547	530	1077
4534	564	546	1110
4535	556	569	1125
4536	573	576	1149
4537	563	568	1131
4538	543	554	1097
4539	558	535	1093
4540	559	565	1124
4541	553	575	1128
4542	573	546	1119
4543	550	562	1112
4544	561	566	1127
4545	532	560	1092
4546	560	556	1116
4547	543	537	1080
4548	557	551	1108
4549	545	557	1102
4550	563	543	1106
4551	541	557	1098
4552	536	555	1091
4553	549	561	1110
4554	580	562	1142
4555	545	561	1106
4556	556	547	1103
4557	540	547	1087
4558	551	558	1109
4559	539	561	1100
4560	538	560	1098
4561	559	544	1103
4562	565	554	1119
4563	561	535	1096
4564	555	567	1122
4565	530	552	1082
4566	557	558	1115
4567	583	548	1131
4568	569	552	1121
4569	554	560	1114
4570	564	562	1126
4571	550	556	1106
4572	559	541	1100
4573	544	537	1081
4574	570	538	1108
4575	551	554	1105
4576	547	542	1089
4577	537	543	1080
4578	531	577	1108
4579	557	567	1124
4580	558	562	1120
4581	553	571	1124
4582	563	565	1128
4583	537	563	1100
4584	538	541	1079
4585	560	555	1115
4586	548	563	1111
4587	536	536	1072
4588	530	559	1089
4589	545	543	1088
4590	537	566	1103
4591	537	559	1096
4592	551	566	1117
4593	526	550	1076
4594	552	542	1094
4595	535	571	1106
4596	521	559	1080
4597	536	557	1093
4598	552	551	1103
4599	581	556	1137
4600	558	568	1126
4601	578	558	1136
4602	565	540	1105
4603	560	552	1112
4604	538	552	1090
4605	583	538	1121
4606	540	562	1102
4607	553	544	1097
4608	559	547	1106
4609	540	566	1106
4610	560	547	1107
4611	559	573	1132
4612	545	556	1101
4613	541	547	1088
4614	549	577	1126
4615	545	556	1101
4616	558	533	1091
4617	535	541	1076
4618	530	560	1090
4619	543	557	1100
4620	562	550	1112
4621	554	558	1112
4622	554	550	1104
4623	536	537	1073
4624	559	542	1101
4625	549	541	1090
4626	537	565	1102
4627	553	560	1113
4628	560	566	1126
4629	542	574	1116
4630	566	546	1112
4631	567	537	1104
4632	561	553	1114
4633	536	569	1105
4634	550	574	1124
4635	564	558	1122
4636	566	560	1126
4637	556	551	1107
4638	549	554	1103
4639	548	554	1102
4640	546	549	1095
4641	556	559	1115
4642	556	547	1103
4643	555	547	1102
4644	551	567	1118
4645	548	555	1103
4646	578	548	1126
4647	541	548	1089
4648	551	534	1085
4649	560	558	1118
4650	554	549	1103
4651	528	539	1067
4652	568	550	1118
4653	518	572	1090
4654	545	557	1102
4655	565	548	1113
4656	581	541	1122
4657	557	546	1103
4658	538	552	1090
4659	550	527	1077
4660	554	533	1087
4661	558	537	1095
4662	541	541	1082
4663	543	560	1103
4664	561	542	1103
4665	553	548	1101
4666	564	538	1102
4667	544	552	1096
4668	539	556	1095
4669	556	561	1117
4670	562	558	1120
4671	536	543	1079
4672	532	545	1077
4673	541	539	1080
4674	543	546	1089
4675	564	561	1125
4676	530	545	1075
4677	527	540	1067
4678	554	550	1104
4679	561	559	1120
4680	541	552	1093
4681	562	554	1116
4682	560	566	1126
4683	568	582	1150
4684	534	565	1099
4685	554	575	1129
4686	548	547	1095
4687	547	562	1109
4688	550	564	1114
4689	567	547	1114
4690	558	559	1117
4691	537	552	1089
4692	550	525	1075
4693	569	541	1110
4694	546	536	1082
4695	565	561	1126
4696	531	564	1095
4697	559	541	1100
4698	544	544	1088
4699	564	557	1121
4700	556	558	1114
4701	569	544	1113
4702	552	546	1098
4703	537	561	1098
4704	571	550	1121
4705	551	569	1120
4706	559	546	1105
4707	568	540	1108
4708	529	553	1082
4709	547	542	1089
4710	568	556	1124
4711	543	551	1094
4712	521	535	1056
4713	559	561	1120
4714	558	564	1122
4715	571	559	1130
4716	533	546	1079
4717	558	571	1129
4718	570	547	1117
4719	533	541	1074
4720	558	551	1109
4721	524	540	1064
4722	540	561	1101
4723	561	549	1110
4724	559	554	1113
4725	542	538	1080
4726	578	546	1124
4727	545	575	1120
4728	552	545	1097
4729	566	562	1128
4730	546	564	1110
4731	563	553	1116
4732	571	550	1121
4733	567	552	1119
4734	542	564	1106
4735	565	550	1115
4736	538	548	1086
4737	532	563	1095
4738	541	570	1111
4739	525	564	1089
4740	547	538	1085
4741	544	572	1116
4742	534	579	1113
4743	519	569	1088
4744	546	553	1099
4745	544	557	1101
4746	545	547	1092
4747	570	543	1113
4748	557	565	1122
4749	547	562	1109
4750	562	542	1104
4751	556	539	1095
4752	538	546	1084
4753	531	562	1093
4754	553	551	1104
4755	558	531	1089
4756	533	558	1091
4757	555	547	1102
4758	564	547	1111
4759	529	544	1073
4760	534	541	1075
4761	561	554	1115
4762	544	540	1084
4763	547	581	1128
4764	571	563	1134
4765	538	542	1080
4766	555	551	1106
4767	549	557	1106
4768	564	555	1119
4769	568	567	1135
4770	574	553	1127
4771	562	534	1096
4772	564	561	1125
4773	575	555	1130
4774	540	560	1100
4775	528	557	1085
4776	547	558	1105
4777	550	537	1087
4778	547	544	1091
4779	542	547	1089
4780	561	552	1113
4781	552	530	1082
4782	549	542	1091
4783	537	532	1069
4784	567	536	1103
4785	530	545	1075
4786	549	568	1117
4787	567	567	1134
4788	543	540	1083
4789	521	559	1080
4790	548	547	1095
4791	563	555	1118
4792	558	560	1118
4793	560	547	1107
4794	567	548	1115
4795	541	567	1108
4796	552	531	1083
4797	545	553	1098
4798	550	573	1123
4799	553	555	1108
4800	562	546	1108
4801	543	547	1090
4802	547	562	1109
4803	542	551	1093
4804	570	556	1126
4805	557	525	1082
4806	528	565	1093
4807	531	543	1074
4808	538	534	1072
4809	554	557	1111
4810	555	538	1093
4811	536	584	1120
4812	554	552	1106
4813	568	556	1124
4814	549	554	1103
4815	540	570	1110
4816	554	558	1112
4817	558	554	1112
4818	546	559	1105
4819	549	535	1084
4820	541	555	1096
4821	558	540	1098
4822	523	555	1078
4823	531	558	1089
4824	560	555	1115
4825	534	551	1085
4826	565	565	1130
4827	551	554	1105
4828	560	548	1108
4829	569	534	1103
4830	547	576	1123
4831	544	564	1108
4832	525	573	1098
4833	550	552	1102
4834	555	561	1116
4835	561	568	1129
4836	533	555	1088
4837	546	544	1090
4838	569	546	1115
4839	572	541	1113
4840	543	566	1109
4841	566	540	1106
4842	560	559	1119
4843	551	551	1102
4844	548	549	1097
4845	554	554	1108
4846	549	546	1095
4847	556	553	1109
4848	556	536	1092
4849	563	548	1111
4850	563	531	1094
4851	524	569	1093
4852	547	544	1091
4853	566	556	1122
4854	543	561	1104
4855	551	556	1107
4856	531	538	1069
4857	551	548	1099
4858	553	549	1102
4859	539	570	1109
4860	569	550	1119
4861	543	561	1104
4862	544	555	1099
4863	539	540	1079
4864	559	549	1108
4865	560	561	1121
4866	553	548	1101
4867	553	572	1125
4868	552	558	1110
4869	559	557	1116
4870	543	566	1109
4871	545	547	1092
4872	517	567	1084
4873	562	563	1125
4874	534	545	1079
4875	586	541	1127
4876	540	568	1108
4877	552	563	1115
4878	555	548	1103
4879	537	526	1063
4880	540	553	1093
4881	547	567	1114
4882	554	531	1085
4883	560	558	1118
4884	527	572	1099
4885	545	588	1133
4886	533	563	1096
4887	520	559	1079
4888	528	565	1093
4889	526	547	1073
4890	530	535	1065
4891	523	535	1058
4892	496	542	1038
4893	548	557	1105
4894	514	546	1060
4895	521	543	1064
4896	537	547	1084
4897	529	527	1056
4898	549	554	1103
4899	546	548	1094
4900	553	556	1109
4901	557	564	1121
4902	544	554	1098
4903	544	536	1080
4904	533	572	1105
4905	553	540	1093
4906	549	550	1099
4907	543	553	1096
4908	572	559	1131
4909	544	535	1079
4910	563	553	1116
4911	544	559	1103
4912	529	551	1080
4913	579	537	1116
4914	546	563	1109
4915	552	550	1102
4916	521	552	1073
4917	544	549	1093
4918	555	574	1129
4919	556	551	1107
4920	547	558	1105
4921	546	552	1098
4922	550	573	1123
4923	562	550	1112
4924	542	549	1091
4925	557	569	1126
4926	543	556	1099
4927	542	570	1112
4928	558	561	1119
4929	558	561	1119
4930	563	557	1120
4931	555	540	1095
4932	563	556	1119
4933	535	557	1092
4934	580	556	1136
4935	543	543	1086
4936	559	548	1107
4937	549	536	1085
4938	545	535	1080
4939	551	558	1109
4940	544	539	1083
4941	549	562	1111
4942	557	584	1141
4943	556	565	1121
4944	555	557	1112
4945	553	557	1110
4946	564	550	1114
4947	554	577	1131
4948	544	551	1095
4949	545	548	1093
4950	562	533	1095
4951	542	567	1109
4952	574	560	1134
4953	557	557	1114
4954	568	557	1125
4955	557	563	1120
4956	553	550	1103
4957	550	549	1099
4958	554	552	1106
4959	555	563	1118
4960	535	538	1073
4961	529	558	1087
4962	573	559	1132
4963	536	548	1084
4964	546	555	1101
4965	550	553	1103
4966	578	545	1123
4967	561	566	1127
4968	535	552	1087
4969	538	547	1085
4970	557	548	1105
4971	574	558	1132
4972	549	560	1109
4973	555	544	1099
4974	574	557	1131
4975	557	546	1103
4976	563	543	1106
4977	532	545	1077
4978	527	557	1084
4979	569	540	1109
4980	551	548	1099
4981	547	540	1087
4982	552	549	1101
4983	554	549	1103
4984	545	573	1118
4985	534	558	1092
4986	533	552	1085
4987	544	548	1092
4988	545	537	1082
4989	539	556	1095
4990	562	578	1140
4991	573	563	1136
4992	556	544	1100
4993	541	573	1114
4994	549	533	1082
4995	548	561	1109
4996	533	557	1090
4997	543	560	1103
4998	560	537	1097
4999	547	552	1099
5000	568	561	1129
5001	562	559	1121
5002	558	552	1110
5003	551	553	1104
5004	549	561	1110
5005	549	529	1078
5006	569	548	1117
5007	579	537	1116
5008	546	543	1089
5009	526	553	1079
5010	550	571	1121
5011	534	546	1080
5012	522	553	1075
5013	520	568	1088
5014	523	555	1078
5015	553	564	1117
5016	555	542	1097
5017	538	554	1092
5018	554	553	1107
5019	563	539	1102
5020	555	538	1093
5021	536	545	1081
5022	549	530	1079
5023	553	562	1115
5024	537	552	1089
5025	535	548	1083
5026	553	529	1082
5027	549	535	1084
5028	539	556	1095
5029	551	528	1079
5030	540	577	1117
5031	591	566	1157
5032	569	550	1119
5033	537	544	1081
5034	549	558	1107
5035	537	566	1103
5036	532	550	1082
5037	556	552	1108
5038	540	567	1107
5039	536	559	1095
5040	550	561	1111
5041	554	561	1115
5042	568	555	1123
5043	567	540	1107
5044	566	558	1124
5045	533	554	1087
5046	542	563	1105
5047	552	540	1092
5048	562	552	1114
5049	547	545	1092
5050	556	533	1089
5051	534	558	1092
5052	554	531	1085
5053	539	546	1085
5054	551	551	1102
5055	564	559	1123
5056	550	557	1107
5057	564	549	1113
5058	546	541	1087
5059	536	553	1089
5060	598	548	1146
5061	565	549	1114
5062	536	557	1093
5063	570	554	1124
5064	540	538	1078
5065	556	547	1103
5066	542	541	1083
5067	528	549	1077
5068	507	543	1050
5069	535	554	1089
5070	532	541	1073
5071	531	558	1089
5072	518	537	1055
5073	510	554	1064
5074	517	556	1073
5075	535	548	1083
5076	558	533	1091
5077	564	553	1117
5078	537	545	1082
5079	542	544	1086
5080	565	539	1104
5081	548	551	1099
5082	536	543	1079
5083	534	551	1085
5084	541	563	1104
5085	557	541	1098
5086	551	546	1097
5087	539	545	1084
5088	567	516	1083
5089	541	558	1099
5090	558	557	1115
5091	574	552	1126
5092	525	538	1063
5093	528	536	1064
5094	554	545	1099
5095	554	560	1114
5096	553	543	1096
5097	566	545	1111
5098	565	570	1135
5099	577	563	1140
5100	538	558	1096
5101	534	563	1097
5102	556	563	1119
5103	555	588	1143
5104	545	539	1084
5105	515	556	1071
5106	569	533	1102
5107	549	536	1085
5108	530	536	1066
5109	549	553	1102
5110	551	572	1123
5111	556	559	1115
5112	549	558	1107
5113	530	560	1090
5114	538	573	1111
5115	535	544	1079
5116	564	570	1134
5117	552	563	1115
5118	561	562	1123
5119	552	562	1114
5120	522	542	1064
5121	564	569	1133
5122	540	580	1120
5123	564	557	1121
5124	543	564	1107
5125	553	545	1098
5126	557	530	1087
5127	565	561	1126
5128	542	544	1086
5129	520	553	1073
5130	557	533	1090
5131	554	558	1112
5132	556	575	1131
5133	543	562	1105
5134	551	556	1107
5135	563	558	1121
5136	561	565	1126
5137	566	572	1138
5138	561	556	1117
5139	561	528	1089
5140	554	542	1096
5141	556	553	1109
5142	570	550	1120
5143	553	549	1102
5144	546	550	1096
5145	545	555	1100
5146	552	559	1111
5147	544	574	1118
5148	517	566	1083
5149	514	548	1062
5150	563	555	1118
5151	553	595	1148
5152	540	553	1093
5153	566	555	1121
5154	544	576	1120
5155	531	551	1082
5156	537	565	1102
5157	546	562	1108
5158	578	553	1131
5159	579	553	1132
5160	584	557	1141
5161	564	563	1127
5162	550	556	1106
5163	543	555	1098
5164	550	555	1105
5165	538	566	1104
5166	554	549	1103
5167	556	548	1104
5168	554	545	1099
5169	534	550	1084
5170	554	547	1101
5171	547	547	1094
5172	554	552	1106
5173	550	539	1089
5174	573	549	1122
5175	559	560	1119
5176	556	534	1090
5177	553	531	1084
5178	558	559	1117
5179	559	549	1108
5180	554	558	1112
5181	547	552	1099
5182	556	559	1115
5183	548	562	1110
5184	547	542	1089
5185	568	545	1113
5186	547	571	1118
5187	537	565	1102
5188	555	560	1115
5189	530	534	1064
5190	527	560	1087
5191	545	574	1119
5192	544	551	1095
5193	544	553	1097
5194	551	537	1088
5195	557	566	1123
5196	555	564	1119
5197	567	542	1109
5198	547	550	1097
5199	549	557	1106
5200	542	557	1099
5201	546	553	1099
5202	543	542	1085
5203	579	548	1127
5204	554	558	1112
5205	518	536	1054
5206	547	541	1088
5207	569	571	1140
5208	558	537	1095
5209	529	561	1090
5210	525	537	1062
5211	539	556	1095
5212	545	537	1082
5213	549	559	1108
5214	568	554	1122
5215	552	562	1114
5216	555	557	1112
5217	539	560	1099
5218	556	556	1112
5219	553	543	1096
5220	563	551	1114
5221	536	551	1087
5222	532	550	1082
5223	546	564	1110
5224	542	541	1083
5225	551	562	1113
5226	542	552	1094
5227	559	558	1117
5228	551	532	1083
5229	559	527	1086
5230	506	568	1074
5231	534	556	1090
5232	534	551	1085
5233	559	550	1109
5234	554	553	1107
5235	528	549	1077
5236	552	565	1117
5237	541	557	1098
5238	546	541	1087
5239	569	554	1123
5240	549	572	1121
5241	541	548	1089
5242	535	554	1089
5243	536	553	1089
5244	562	563	1125
5245	548	566	1114
5246	571	557	1128
5247	555	545	1100
5248	551	565	1116
5249	545	558	1103
5250	547	564	1111
5251	543	575	1118
5252	550	539	1089
5253	542	571	1113
5254	530	552	1082
5255	538	549	1087
5256	540	570	1110
5257	539	542	1081
5258	567	522	1089
5259	544	578	1122
5260	553	547	1100
5261	550	544	1094
5262	553	540	1093
5263	560	547	1107
5264	564	569	1133
5265	548	559	1107
5266	571	549	1120
5267	574	534	1108
5268	559	558	1117
5269	551	558	1109
5270	548	558	1106
5271	563	547	1110
5272	560	549	1109
5273	558	588	1146
5274	547	574	1121
5275	550	564	1114
5276	528	557	1085
5277	562	528	1090
5278	545	555	1100
5279	539	530	1069
5280	539	536	1075
5281	539	565	1104
5282	564	545	1109
5283	532	545	1077
5284	561	562	1123
5285	554	538	1092
5286	543	557	1100
5287	526	571	1097
5288	555	556	1111
5289	570	562	1132
5290	553	540	1093
5291	569	547	1116
5292	560	545	1105
5293	564	533	1097
5294	543	571	1114
5295	547	571	1118
5296	541	574	1115
5297	551	552	1103
5298	554	557	1111
5299	543	552	1095
5300	555	568	1123
5301	543	561	1104
5302	559	552	1111
5303	518	579	1097
5304	529	568	1097
5305	544	552	1096
5306	542	565	1107
5307	519	578	1097
5308	539	548	1087
5309	561	552	1113
5310	542	554	1096
5311	527	551	1078
5312	550	541	1091
5313	537	545	1082
5314	542	539	1081
5315	553	582	1135
5316	529	561	1090
5317	539	537	1076
5318	538	543	1081
5319	573	544	1117
5320	565	560	1125
5321	552	527	1079
5322	547	587	1134
5323	533	546	1079
5324	530	572	1102
5325	524	548	1072
5326	539	562	1101
5327	568	543	1111
5328	544	555	1099
5329	555	558	1113
5330	554	544	1098
5331	557	552	1109
5332	558	562	1120
5333	561	559	1120
5334	540	583	1123
5335	551	569	1120
5336	539	548	1087
5337	545	555	1100
5338	548	539	1087
5339	551	545	1096
5340	534	533	1067
5341	554	576	1130
5342	554	546	1100
5343	562	539	1101
5344	541	568	1109
5345	564	562	1126
5346	552	544	1096
5347	550	557	1107
5348	556	545	1101
5349	539	538	1077
5350	558	556	1114
5351	541	545	1086
5352	550	575	1125
5353	528	549	1077
5354	540	547	1087
5355	540	561	1101
5356	560	524	1084
5357	577	552	1129
5358	565	546	1111
5359	552	554	1106
5360	564	552	1116
5361	555	550	1105
5362	554	573	1127
5363	559	555	1114
5364	549	542	1091
5365	550	563	1113
5366	556	537	1093
5367	558	549	1107
5368	546	550	1096
5369	549	569	1118
5370	588	570	1158
5371	547	549	1096
5372	555	573	1128
5373	535	548	1083
5374	556	550	1106
5375	557	545	1102
5376	581	557	1138
5377	554	558	1112
5378	567	529	1096
5379	545	542	1087
5380	558	566	1124
5381	581	566	1147
5382	567	539	1106
5383	555	571	1126
5384	548	552	1100
5385	549	556	1105
5386	553	546	1099
5387	553	554	1107
5388	569	534	1103
5389	538	570	1108
5390	552	558	1110
5391	565	525	1090
5392	545	552	1097
5393	566	562	1128
5394	556	559	1115
5395	539	547	1086
5396	532	547	1079
5397	552	557	1109
5398	563	538	1101
5399	552	550	1102
5400	537	547	1084
5401	553	555	1108
5402	561	548	1109
5403	539	522	1061
5404	536	557	1093
5405	575	545	1120
5406	538	564	1102
5407	554	557	1111
5408	571	565	1136
5409	557	568	1125
5410	539	547	1086
5411	550	571	1121
5412	556	546	1102
5413	545	531	1076
5414	545	527	1072
5415	532	573	1105
5416	548	537	1085
5417	567	570	1137
5418	545	569	1114
5419	546	549	1095
5420	559	540	1099
5421	551	534	1085
5422	562	534	1096
5423	557	525	1082
5424	525	533	1058
5425	546	550	1096
5426	571	554	1125
5427	563	551	1114
5428	555	556	1111
5429	554	557	1111
5430	561	535	1096
5431	547	559	1106
5432	560	556	1116
5433	536	552	1088
5434	548	546	1094
5435	540	538	1078
5436	557	561	1118
5437	554	543	1097
5438	532	556	1088
5439	563	550	1113
5440	555	549	1104
5441	541	556	1097
5442	549	545	1094
5443	559	538	1097
5444	549	549	1098
5445	557	547	1104
5446	548	533	1081
5447	561	557	1118
5448	531	588	1119
5449	570	559	1129
5450	543	544	1087
5451	564	558	1122
5452	534	577	1111
5453	539	559	1098
5454	543	554	1097
5455	574	560	1134
5456	557	550	1107
5457	543	542	1085
5458	553	581	1134
5459	547	535	1082
5460	560	557	1117
5461	575	560	1135
5462	551	557	1108
5463	542	578	1120
5464	552	566	1118
5465	542	563	1105
5466	563	557	1120
5467	570	553	1123
5468	549	551	1100
5469	546	547	1093
5470	539	546	1085
5471	575	550	1125
5472	546	566	1112
5473	553	552	1105
5474	559	553	1112
5475	538	535	1073
5476	539	546	1085
5477	539	529	1068
5478	559	539	1098
5479	556	544	1100
5480	546	547	1093
5481	551	554	1105
5482	541	554	1095
5483	547	567	1114
5484	552	540	1092
5485	549	548	1097
5486	531	561	1092
5487	512	566	1078
5488	523	553	1076
5489	530	552	1082
5490	537	561	1098
5491	548	551	1099
5492	562	562	1124
5493	548	553	1101
5494	532	545	1077
5495	561	544	1105
5496	555	557	1112
5497	553	549	1102
