0	4	9	11	15	28	34	43	56	57	58	70	76	90	91	96	98	101	106	118	122	124	128	129	130	131	136	139	142	149	150	157	160	162	166	174	180	183	186	194	196	198	206	208	209	215	216	218	228	229	231	234	235	241	247	250	252	256	260	272	273	279	280	284	286	287	289	293	297	303	304	308	309	313	317	321	324	336	337	339	343	346	348	351	357	359	360	361	367	368	372	375	377	382	388	390	391	396	400	406	417	419	424	426	429	445	447	453	460	464	468	486	488	500	503	504	509	510	402	261	306	342	77	441	80	137	190	292	433	87	165	67	325	434	95	282	255	249	332	432	444	141	506	146	187	467	102	276	112	119	246	414	47	403	322	435	155	178	438	26	82	362	30	42	305	115	154	364	310	201	
9	11	15	43	56	58	70	76	91	96	98	101	106	122	128	129	130	131	136	142	149	150	160	162	174	183	194	196	206	209	216	218	229	235	241	247	250	252	260	272	273	279	280	286	287	289	297	303	308	309	313	317	321	324	336	339	343	357	359	367	368	375	377	382	388	390	400	417	424	429	445	453	460	464	468	488	500	503	504	509	510	402	261	306	342	77	441	137	190	292	433	87	165	325	95	249	141	102	276	119	403	155	30	115	435	26	508	304	244	228	255	223	166	434	222	161	396	426	467	31	284	362	438	444	124	67	447	25	62	220	203	332	80	151	
9	11	56	58	76	91	96	98	101	122	128	129	131	136	142	149	150	160	174	194	196	206	209	216	218	229	235	241	250	272	279	280	286	287	289	297	308	309	317	321	324	339	343	357	359	367	375	377	388	390	400	417	424	429	445	453	460	464	488	500	509	402	77	292	433	87	165	95	141	403	155	30	435	508	244	228	255	166	222	161	467	284	313	203	444	383	57	204	148	447	432	207	436	396	260	181	108	
9	11	58	76	91	96	101	122	128	129	142	149	150	160	174	194	206	218	229	235	250	272	280	286	287	297	309	317	321	324	339	343	357	359	367	377	390	400	424	429	445	453	460	464	488	500	509	402	77	292	433	87	165	95	141	403	30	435	508	228	255	222	467	444	383	148	432	436	260	204	282	207	312	417	131	396	499	375	374	196	279	136	73	361	388	304	263	313	176	209	440	216	
9	11	58	76	91	96	101	122	128	129	142	149	150	160	174	194	218	229	235	250	272	280	286	287	317	321	324	339	343	357	359	367	377	390	445	453	460	464	500	509	402	77	292	433	87	95	141	30	435	508	228	255	222	444	383	148	432	436	260	204	282	131	396	374	196	279	216	263	206	398	417	428	452	205	400	309	499	139	66	284	158	138	388	165	94	201	373	386	37	496	429	361	107	
9	11	58	76	91	96	101	122	128	129	142	149	150	174	194	218	235	250	272	280	286	287	317	321	343	359	367	377	390	445	453	460	464	500	509	292	433	95	255	222	444	383	148	432	436	260	204	131	396	196	398	428	452	205	400	284	138	388	201	429	496	499	160	374	90	507	77	399	203	357	318	402	59	214	420	461	279	437	157	311	136	421	384	170	139	12	195	
9	58	76	91	96	101	122	128	129	142	149	150	194	218	235	250	272	280	286	287	343	359	367	377	390	445	453	460	464	500	292	433	95	255	222	444	383	148	432	436	204	396	196	398	428	452	205	284	138	388	201	429	496	160	374	90	77	399	203	402	59	461	421	195	311	450	431	57	285	447	448	174	227	219	83	400	270	
9	58	76	96	101	122	129	142	149	150	194	218	235	250	272	280	286	287	343	367	377	390	445	460	500	292	444	383	148	432	436	204	396	196	398	452	284	138	388	201	496	160	374	90	77	203	461	195	311	57	285	448	83	400	485	59	128	270	154	309	67	279	205	131	359	481	412	1	17	428	453	333	413	186	
9	58	76	96	101	122	129	142	149	150	194	218	235	250	272	280	286	287	367	377	445	460	500	292	444	383	148	432	436	204	396	452	284	388	201	496	374	90	77	195	311	57	285	448	400	485	59	270	154	67	279	131	428	333	186	350	206	389	319	397	203	212	273	200	73	447	511	
58	76	96	101	122	129	149	150	194	218	235	250	272	280	286	367	377	445	460	500	292	444	148	432	436	204	396	452	284	388	201	496	374	90	77	195	311	57	448	400	485	59	154	279	131	428	333	186	389	273	447	140	316	361	484	329	121	318	66	314	378	337	
58	76	96	101	122	129	149	150	194	218	235	250	272	280	286	367	445	460	500	292	444	148	436	204	396	452	284	388	201	374	77	311	57	448	400	485	59	154	279	131	428	186	389	273	447	484	61	104	303	121	94	45	234	287	464	329	92	495	
58	76	96	101	122	129	149	150	194	218	235	250	272	280	286	367	460	500	292	444	148	436	204	396	452	284	388	201	374	77	311	57	448	400	485	59	154	279	186	447	484	104	303	234	138	329	222	232	131	120	145	421	318	203	464	285	480	
58	96	122	129	149	150	194	218	235	250	272	286	367	460	500	292	444	148	436	204	396	452	388	201	374	311	57	448	400	485	59	154	279	186	447	484	234	222	318	98	196	280	480	416	495	232	106	488	217	481	77	79	156	137	104	
96	122	129	149	150	194	218	235	250	272	286	460	500	292	444	436	204	396	452	388	201	374	311	57	448	400	485	59	154	279	186	484	234	222	318	98	196	480	416	495	232	106	481	271	487	133	254	270	263	212	148	233	420	200	447	415	220	353	
96	129	149	150	194	218	235	250	272	286	500	444	436	204	396	452	388	311	57	448	400	485	59	154	279	186	484	234	222	318	98	196	480	416	495	232	106	481	487	233	420	102	270	423	161	223	190	105	398	343	18	497	334	236	148	
96	129	149	150	218	250	272	286	500	444	436	204	396	452	388	311	57	448	485	154	279	186	484	222	318	196	480	416	495	232	106	487	270	423	223	158	235	314	493	190	359	409	145	226	401	
96	149	150	218	250	286	500	436	204	396	452	388	311	57	448	485	154	279	186	484	222	318	196	480	416	487	270	423	223	158	235	493	190	226	412	220	98	444	446	106	41	206	391	129	234	390	
96	149	150	218	250	286	500	436	204	396	452	388	311	448	485	279	186	484	222	318	196	416	487	423	223	235	493	190	226	412	444	391	41	255	263	206	422	418	188	198	169	390	468	224	
96	149	150	218	250	286	500	436	204	396	452	388	311	448	485	186	484	222	318	196	416	487	423	223	493	226	412	391	263	418	390	460	450	454	41	76	308	439	432	235	251	486	
96	149	150	218	250	286	500	436	204	396	452	388	311	448	485	186	484	222	318	196	416	223	493	226	412	391	418	460	450	41	308	454	461	356	390	423	419	392	189	464	228	
96	149	150	218	250	286	500	436	204	396	452	311	448	485	186	484	222	318	196	416	226	412	391	418	460	450	308	392	404	356	476	215	414	446	501	
96	149	150	218	250	286	500	204	396	452	311	448	485	186	222	318	196	416	226	412	391	418	460	450	308	392	454	451	157	384	310	263	
149	150	218	250	286	204	396	448	485	186	222	318	416	226	412	391	418	450	308	392	454	470	206	238	456	428	78	
149	150	218	250	286	204	396	448	485	186	222	318	416	226	412	391	450	308	392	454	398	234	309	317	
149	150	218	250	286	204	396	448	485	186	222	318	416	226	412	391	450	308	392	398	317	397	408	454	309	
149	150	218	250	286	204	396	448	485	186	318	416	226	412	450	308	392	454	451	316	58	332	187	206	200	417	483	
149	150	218	250	286	204	396	448	485	186	318	226	412	308	392	454	451	414	452	323	157	58	453	436	76	481	310	
149	150	218	250	286	204	396	448	485	186	318	226	412	308	392	151	270	196	
149	150	218	250	286	204	396	448	485	186	318	226	412	308	392	216	22	493	316	456	
149	218	250	286	204	396	448	485	318	226	412	308	392	150	453	90	
149	218	250	286	204	396	485	318	226	412	308	392	150	146	276	413	408	357	134	
149	218	204	485	226	412	392	150	264	151	414	
218	204	485	226	412	392	150	
218	204	485	412	392	501	206	284	
218	204	485	412	481	
218	204	485	412	481	489	487	
218	204	485	481	487	
218	204	485	481	210	
204	485	481	
204	485	220	
204	485	205	
204	485	76	
204	485	206	
204	485	
204	485	
204	485	206	
204	485	205	
204	485	501	
204	485	
204	485	493	
204	485	140	200	
204	485	
204	485	453	
204	485	
204	485	
204	485	
204	485	487	
204	485	
204	485	
204	485	
204	485	
204	485	
204	485	
204	485	357	
204	485	481	
204	485	501	
204	485	206	
204	485	
204	485	
204	485	
204	485	
204	485	
204	485	
204	485	236	
204	485	493	
204	485	481	200	357	484	
204	485	481	
204	485	
204	485	
204	485	
204	485	
204	485	
204	485	
204	485	
204	485	76	
204	485	
204	485	
204	485	
204	485	
204	485	
204	485	140	
204	485	493	
204	485	
204	485	205	
204	485	205	484	
204	485	493	
204	485	
204	485	484	
204	485	
204	485	
204	485	
204	485	
204	485	357	
204	485	220	252	
204	485	
204	485	205	
204	485	
204	485	
204	485	
204	485	200	
204	485	481	453	
204	485	
204	485	
204	485	200	
204	485	200	206	
204	485	
204	485	
204	485	196	
204	485	
204	485	
204	485	
204	485	
204	485	
204	485	
204	485	481	
204	485	
204	485	487	
204	485	
204	485	493	
204	485	
204	485	
204	485	
204	485	196	
204	485	453	
204	485	484	
204	485	
204	485	
204	485	
204	485	
204	485	196	
204	485	
204	485	
204	485	
204	485	
204	485	140	
204	485	236	484	
204	485	
204	485	
204	485	
204	485	
204	485	
204	485	
204	485	357	
204	485	238	140	
204	485	
204	485	
204	485	
204	485	
204	485	
204	485	
204	485	
204	485	236	
204	485	
204	485	481	
204	485	
204	485	
204	485	
204	485	
204	485	481	
204	485	
204	485	
204	485	
204	485	
204	485	421	
204	485	481	140	
204	485	
204	485	
204	485	
204	485	200	
204	485	140	481	
204	485	
204	485	
204	485	357	
204	485	
204	485	206	
204	485	
204	485	484	
204	485	
204	485	
204	485	
204	485	
204	485	357	487	
204	485	481	
204	485	357	
204	485	493	
204	485	
204	485	
204	485	
204	485	205	
204	485	
204	485	
204	485	206	
204	485	
204	485	
204	485	
204	485	
204	485	
204	485	140	
204	485	220	
204	485	
204	485	
204	485	
204	485	
204	485	
204	485	487	
204	485	
204	485	
204	485	
204	485	481	
204	485	487	
204	485	76	
204	485	200	
204	485	484	
204	485	220	
204	485	
204	485	
204	485	
204	485	
204	485	421	220	
204	485	205	
204	485	
204	485	481	
204	485	
204	485	
204	485	
204	485	
204	485	
204	485	
204	485	481	484	
204	485	
204	485	200	
204	485	
204	485	
204	485	
204	485	
204	485	481	
204	485	484	
204	485	481	
204	485	
204	485	220	
204	485	357	
204	485	
204	485	
204	485	
204	485	206	
204	485	481	
204	485	
204	485	
204	485	
204	485	220	
204	485	
204	485	
204	485	484	
204	485	
204	485	205	
204	485	
204	485	481	200	
204	485	
204	485	
204	485	484	
204	485	484	
204	485	
204	485	
204	485	453	
204	485	206	
204	485	
204	485	
204	485	
204	485	140	196	
204	485	484	421	
204	485	
204	485	
204	485	172	
204	485	
204	485	
204	485	
204	485	
204	485	
204	485	220	493	
204	485	
204	485	
204	485	220	236	196	76	
204	485	
204	485	
204	485	
204	485	220	484	
204	485	
204	485	196	
204	485	
204	485	
204	485	
204	485	236	
204	485	501	
204	485	
204	485	
204	485	
204	485	140	
204	485	
204	485	
204	485	
204	485	
204	485	
204	485	493	
204	485	
204	485	
204	485	
204	485	
204	485	
204	485	
204	485	
204	485	
204	485	501	
204	485	487	
204	485	205	
204	485	484	
204	485	
204	485	
204	485	
204	485	220	
204	485	
204	485	
204	485	
204	485	205	
204	485	
204	485	501	76	
204	485	487	
204	485	
204	485	493	
204	485	484	
204	485	
204	485	
204	485	481	220	
204	485	481	484	
204	485	
204	485	
204	485	421	132	
204	485	
204	485	487	
204	485	
204	485	206	
204	485	
204	485	
204	485	
204	485	
204	485	
204	485	
204	485	
204	485	
204	485	
204	485	
204	485	
204	485	
204	485	
204	485	
204	485	481	
204	485	453	
204	485	
204	485	
204	485	481	353	
204	485	200	
204	485	
204	485	
204	485	
204	485	
204	485	
204	485	
204	485	
204	485	357	
204	485	501	
204	485	
204	485	
204	485	206	
204	485	487	
204	485	
204	485	206	
204	485	
204	485	
204	485	
204	485	
204	485	200	421	
204	485	
204	485	
204	485	
204	485	220	481	
204	485	
204	485	
204	485	
204	485	
204	485	196	
204	485	421	
204	485	
204	485	205	
204	485	
204	485	
204	485	
204	485	
204	485	
204	485	
204	485	77	
204	485	357	
204	485	
204	485	
204	485	
204	485	481	
204	485	
204	485	
204	485	
204	485	481	
204	485	205	
204	485	
204	485	220	156	188	
204	485	
204	485	
204	485	
204	485	
204	485	481	
204	485	421	
204	485	205	
204	485	200	
204	485	
204	485	
204	485	
204	485	
204	485	481	205	216	
204	485	
204	485	
204	485	
204	485	
204	485	
204	485	
204	485	220	
204	485	
204	485	205	
204	485	481	357	
204	485	
204	485	
204	485	
204	485	487	
204	485	
204	485	481	
204	485	
204	485	
204	485	205	
204	485	357	
204	485	
204	485	
204	485	357	
204	485	
204	485	
204	485	493	461	
204	485	
204	485	
204	485	196	501	
204	485	
204	485	
204	485	
204	485	
204	485	
204	485	220	487	
204	485	196	
204	485	
204	485	
204	485	
204	485	
204	485	481	196	
204	485	
204	485	
204	485	
204	485	
204	485	76	
204	485	
204	485	
204	485	481	
204	485	236	
204	485	
204	485	
204	485	
204	485	
204	485	
204	485	
204	485	196	
204	485	
204	485	
204	485	
204	485	
204	485	
204	485	
204	485	
204	485	357	
204	485	
204	485	
204	485	206	
204	485	
204	485	501	
204	485	
204	485	
204	485	
204	485	140	
204	485	
204	485	484	487	200	
204	485	
204	485	
204	485	
204	485	
204	485	
204	485	453	
204	485	421	
204	485	
204	485	481	
204	485	
204	485	220	
204	485	
204	485	
204	485	
204	485	
204	485	
204	485	
204	485	
204	485	
204	485	421	196	
204	485	
204	485	481	206	
204	485	
204	485	
204	485	
204	485	481	449	205	
204	485	196	
204	485	
204	485	
204	485	
204	485	453	
204	485	453	
204	485	
204	485	481	
204	485	
204	485	357	196	
204	485	481	417	
204	485	220	
204	485	481	
204	485	220	221	
204	485	
204	485	
204	485	481	
204	485	
204	485	
204	485	
204	485	481	
204	485	484	
204	485	
204	485	196	
204	485	
204	485	140	
204	485	
204	485	481	453	
204	485	
204	485	
204	485	
204	485	421	481	
204	485	
204	485	
204	485	357	
204	485	
204	485	
204	485	
204	485	140	
204	485	
204	485	481	
204	485	
204	485	
204	485	
204	485	501	
204	485	
204	485	481	
204	485	487	
204	485	
204	485	
204	485	
204	485	
204	485	421	
204	485	
204	485	
204	485	140	
204	485	
204	485	
204	485	
204	485	
204	485	
204	485	481	
204	485	
204	485	205	220	
204	485	
204	485	220	
204	485	481	353	
204	485	
204	485	481	
204	485	493	
204	485	220	
204	485	484	
204	485	236	
204	485	
204	485	
204	485	481	
204	485	481	
204	485	481	236	
204	485	220	
204	485	484	
204	485	
204	485	421	
204	485	205	
204	485	
204	485	205	
204	485	481	
204	485	
204	485	
204	485	493	
204	485	
204	485	
204	485	205	
204	485	481	
204	485	484	
204	485	
204	485	357	
204	485	
204	485	493	
204	485	
204	485	
204	485	
204	485	484	205	
204	485	
204	485	
204	485	
204	485	484	
204	485	206	
204	485	481	
204	485	
204	485	
204	485	
204	485	
204	485	
204	485	501	
204	485	
204	485	140	
204	485	
204	485	205	
204	485	
204	485	
204	485	453	
204	485	
204	485	
204	485	
204	485	220	
204	485	
204	485	205	
204	485	
204	485	
204	485	421	
204	485	484	
204	485	
204	485	
204	485	
204	485	220	222	
204	485	493	484	
204	485	
204	485	
204	485	
204	485	
204	485	453	
204	485	220	
204	485	
204	485	
204	485	
204	485	
204	485	
204	485	
204	485	
204	485	
204	485	
204	485	
204	485	
204	485	
204	485	
204	485	
204	485	421	
204	485	206	76	
204	485	236	
204	485	
204	485	
204	485	236	
204	485	220	484	140	
204	485	
204	485	
204	485	220	196	481	501	
204	485	220	
204	485	
204	485	
204	485	
204	485	
204	485	493	
204	485	
204	485	220	221	
204	485	484	
204	485	
204	485	481	
204	485	
204	485	
204	485	
204	485	
204	485	220	
204	485	
204	485	220	
204	485	
204	485	220	
204	485	
204	485	481	236	487	484	
204	485	
204	485	
204	485	196	
204	485	
204	485	
204	485	481	
204	485	
204	485	
204	485	
204	485	357	
204	485	220	
204	485	487	228	236	
204	485	501	357	
204	485	481	
204	485	
204	485	
204	485	481	
204	485	
204	485	
204	485	
204	485	
204	485	
204	485	
204	485	
204	485	
204	485	220	
204	485	220	
204	485	220	
204	485	
204	485	
204	485	
204	485	
204	485	220	
204	485	
204	485	
204	485	
204	485	140	
204	485	220	
204	485	
204	485	200	
204	485	140	
204	485	
204	485	
204	485	
204	485	220	
204	485	
204	485	
204	485	
204	485	
204	485	220	
204	485	
204	485	493	140	
204	485	
204	485	
204	485	
204	485	
204	485	206	
204	485	
204	485	196	
204	485	
204	485	
204	485	
204	485	
204	485	
204	485	
204	485	
204	485	
204	485	236	
204	485	
204	485	484	
204	485	
204	485	453	
204	485	
204	485	
204	485	236	206	
204	485	
204	485	
204	485	
204	485	
204	485	481	
204	485	
204	485	
204	485	
204	485	481	
204	485	
204	485	
204	485	481	453	
204	485	
204	485	
204	485	
204	485	
204	485	220	
204	485	421	
204	485	
204	485	
204	485	205	
204	485	
204	485	
204	485	
204	485	
204	485	220	501	
204	485	220	
204	485	
204	485	196	
204	485	
204	485	
204	485	140	
204	485	481	493	480	
204	485	220	
204	485	
204	485	493	
204	485	453	
204	485	220	
204	485	
204	485	
204	485	
204	485	207	
204	485	
204	485	
204	485	
204	485	
204	485	196	
204	485	236	
204	485	
204	485	
204	485	481	
204	485	
204	485	
204	485	
204	485	
204	485	
204	485	
204	485	484	
204	485	
204	485	421	
204	485	
204	485	
204	485	481	
204	485	220	
204	485	
204	485	
204	485	481	
204	485	
204	485	
204	485	
204	485	453	156	220	
204	485	481	
204	485	501	
204	485	196	
204	485	220	
204	485	
204	485	
204	485	
204	485	
204	485	
204	485	453	
204	485	
204	485	
204	485	
204	485	220	
204	485	453	
204	485	
204	485	196	206	
204	485	76	
204	485	484	
204	485	481	
204	485	
204	485	481	489	
204	485	493	
204	485	
204	485	236	
204	485	220	
204	485	
204	485	481	
204	485	
204	485	
204	485	
204	485	481	236	
204	485	220	
204	485	220	
204	485	
204	485	
204	485	
204	485	206	
204	485	236	
204	485	200	
204	485	
204	485	
204	485	220	
204	485	
204	485	
204	485	
204	485	481	236	
204	485	
204	485	
204	485	220	
204	485	
204	485	
204	485	
204	485	357	
204	485	212	481	
204	485	
204	485	421	
204	485	
204	485	481	
204	485	487	
204	485	
204	485	481	
204	485	
204	485	
204	485	
204	485	
204	485	
204	485	481	
204	485	
204	485	
204	485	
204	485	
204	485	
204	485	
204	485	
204	485	481	417	
204	485	
204	485	
204	485	
204	485	
204	485	
204	485	
204	485	
204	485	
204	485	
204	485	
204	485	
204	485	
204	485	
204	485	481	
204	485	484	
204	485	
204	485	
204	485	
204	485	
204	485	140	
204	485	481	453	
204	485	481	
204	485	205	
204	485	484	
204	485	
204	485	200	
204	485	
204	485	
204	485	493	
204	485	
204	485	
204	485	453	484	
204	485	
204	485	
204	485	
204	485	
204	485	205	481	487	
204	485	421	
204	485	481	
204	485	481	
204	485	
204	485	481	
204	485	
204	485	
204	485	
204	485	
204	485	481	
204	485	
204	485	220	
204	485	484	
204	485	
204	485	
204	485	481	
204	485	
204	485	484	
204	485	
204	485	
204	485	
204	485	
204	485	
204	485	
204	485	
204	485	76	
204	485	
204	485	76	
204	485	
204	485	
204	485	
204	485	
204	485	220	501	
204	485	
204	485	
204	485	
204	485	481	
204	485	
204	485	
204	485	
204	485	220	484	
204	485	220	
204	485	
204	485	
204	485	
204	485	
204	485	
204	485	
204	485	
204	485	
204	485	200	
204	485	
204	485	501	
204	485	494	486	
204	485	
204	485	
204	485	
204	485	
204	485	
204	485	
204	485	484	
204	485	
204	485	
204	485	196	
204	485	484	
204	485	
204	485	
204	485	357	
204	485	220	
204	485	
204	485	
204	485	
204	485	
204	485	484	
204	485	
204	485	
204	485	481	483	
204	485	
204	485	
204	485	
204	485	
204	485	220	487	
204	485	
204	485	
204	485	220	
204	485	453	
204	485	
204	485	
204	485	236	
204	485	
204	485	
204	485	
204	485	484	453	
204	485	
204	485	484	
204	485	481	
204	485	
204	485	
204	485	
204	485	421	
204	485	481	
204	485	200	
204	485	481	
204	485	220	
204	485	220	212	
204	485	
204	485	
204	485	
204	485	481	
204	485	
204	485	
204	485	
204	485	481	
204	485	
204	485	484	
204	485	
204	485	
204	485	
204	485	501	
204	485	
204	485	
204	485	
204	485	
204	485	196	
204	485	
204	485	
204	485	
204	485	
204	485	
204	485	481	
204	485	
204	485	
204	485	484	
204	485	
204	485	
204	485	
204	485	481	236	
204	485	
204	485	
204	485	
204	485	
204	485	481	487	
204	485	
204	485	
204	485	
204	485	
204	485	
204	485	
204	485	481	76	
204	485	
204	485	
204	485	
204	485	
204	485	
204	485	
204	485	481	357	
204	485	
204	485	
204	485	
204	485	
204	485	
204	485	200	
204	485	501	
204	485	
204	485	
204	485	
204	485	
204	485	357	
204	485	
204	485	
204	485	
204	485	
204	485	
204	485	
204	485	481	
204	485	
204	485	
204	485	
204	485	
204	485	
204	485	
204	485	
204	485	
204	485	
204	485	
204	485	220	
204	485	
204	485	236	
204	485	
204	485	
204	485	
204	485	
204	485	
204	485	
204	485	453	
204	485	236	
204	485	
204	485	484	
204	485	484	
204	485	481	
204	485	236	
204	485	493	
204	485	
204	485	
204	485	206	
204	485	
204	485	481	
204	485	
204	485	357	
204	485	140	
204	485	76	
204	485	
204	485	
204	485	
204	485	
204	485	
204	485	140	200	
204	485	
204	485	481	
204	485	236	
204	485	
204	485	
204	485	196	
204	485	
204	485	
204	485	
204	485	
204	485	
204	485	
204	485	220	196	
204	485	196	
204	485	236	
204	485	
204	485	
204	485	
204	485	
204	485	500	
204	485	
204	485	357	
204	485	
204	485	
204	485	357	
204	485	
204	485	
204	485	481	357	140	
204	485	
204	485	
204	485	421	
204	485	
204	485	
204	485	220	
204	485	205	
204	485	236	
204	485	
204	485	481	
204	485	
204	485	357	
204	485	481	
204	485	
204	485	
204	485	
204	485	481	487	
204	485	196	
204	485	
204	485	205	493	
204	485	484	
204	485	
204	485	
204	485	
204	485	
204	485	200	
204	485	481	501	
204	485	481	
204	485	236	
204	485	
204	485	
204	485	
204	485	
204	485	
204	485	140	
204	485	487	
204	485	
204	485	200	
204	485	501	
204	485	
204	485	484	
204	485	
204	485	
204	485	
204	485	
204	485	481	480	
204	485	
204	485	
204	485	
204	485	
204	485	
204	485	
204	485	
204	485	200	
204	485	
204	485	
204	485	
204	485	
204	485	
204	485	
204	485	
204	485	
204	485	
204	485	
204	485	
204	485	206	
204	485	206	140	
204	485	
204	485	481	
204	485	501	
204	485	
204	485	
204	485	
204	485	220	
204	485	
204	485	
204	485	
204	485	
204	485	453	
204	485	220	
204	485	
204	485	487	
204	485	220	481	
204	485	
204	485	
204	485	
204	485	
204	485	421	
204	485	
204	485	
204	485	
204	485	
204	485	132	
204	485	
204	485	
204	485	
204	485	453	
204	485	484	
204	485	206	
204	485	421	
204	485	
204	485	220	76	
204	485	
204	485	220	
204	485	
204	485	76	
204	485	453	493	
204	485	
204	485	
204	485	
204	485	
204	485	
204	485	
204	485	484	
204	485	
204	485	205	
204	485	481	
204	485	
204	485	205	
204	485	
204	485	
204	485	
204	485	481	
204	485	481	
204	485	220	
204	485	
204	485	
204	485	484	
204	485	
204	485	
204	485	
204	485	
204	485	357	
204	485	
204	485	
204	485	481	
204	485	
204	485	
204	485	
204	485	
204	485	
204	485	484	
204	485	481	
204	485	
204	485	
204	485	205	236	
204	485	
204	485	481	
204	485	
204	485	
204	485	
204	485	
204	485	
204	485	481	489	
204	485	
204	485	
204	485	236	
204	485	220	
204	485	136	
204	485	
204	485	200	
204	485	
204	485	
204	485	481	
204	485	
204	485	
204	485	200	
204	485	
204	485	
204	485	
204	485	
204	485	
204	485	
204	485	
204	485	
204	485	
204	485	481	484	
204	485	140	
204	485	
204	485	
204	485	
204	485	140	
204	485	
204	485	
204	485	
204	485	
204	485	
204	485	
204	485	
204	485	
204	485	
204	485	
204	485	
204	485	
204	485	484	
204	485	421	
204	485	205	
204	485	
204	485	
204	485	220	421	
204	485	
204	485	
204	485	
204	485	
204	485	140	
204	485	
204	485	501	
204	485	
204	485	
204	485	484	
204	485	
204	485	
204	485	421	
204	485	481	
204	485	
204	485	
204	485	
204	485	481	196	
204	485	
204	485	
204	485	220	
204	485	
204	485	
204	485	
204	485	
204	485	
204	485	
204	485	453	
204	485	
204	485	501	
204	485	501	
204	485	481	
204	485	
204	485	
204	485	
204	485	
204	485	
204	485	
204	485	196	
204	485	
204	485	
204	485	493	
204	485	220	196	
204	485	236	220	
204	485	
204	485	421	
204	485	220	
204	485	236	
204	485	202	
204	485	484	
204	485	
204	485	484	
204	485	
204	485	
204	485	
204	485	481	
204	485	220	156	
204	485	
204	485	
204	485	206	
204	485	
204	485	481	
204	485	
204	485	196	
204	485	481	
204	485	
204	485	
204	485	
204	485	
204	485	
204	485	
204	485	
204	485	200	
204	485	
204	485	
204	485	
204	485	
204	485	
204	485	
204	485	
204	485	
204	485	
204	485	481	
204	485	481	
204	485	
204	485	
204	485	
204	485	
204	485	
204	485	
204	485	
204	485	
204	485	
204	485	
204	485	
204	485	
204	485	
204	485	
204	485	481	
204	485	
204	485	
204	485	
204	485	
204	485	493	
204	485	
204	485	
204	485	484	
204	485	484	
204	485	421	
204	485	
204	485	
204	485	
204	485	
204	485	
204	485	
204	485	
204	485	
204	485	
204	485	
204	485	
204	485	
204	485	
204	485	
204	485	481	
204	485	
204	485	
204	485	
204	485	481	
204	485	
204	485	
204	485	
204	485	220	
204	485	
204	485	
204	485	
204	485	
204	485	501	
204	485	220	
204	485	220	
204	485	200	
204	485	357	
204	485	484	
204	485	487	
204	485	200	
204	485	481	
204	485	
204	485	
204	485	481	
204	485	493	
204	485	
204	485	
204	485	
204	485	
204	485	
204	485	481	220	212	92	72	200	
204	485	
204	485	
204	485	
204	485	140	
204	485	481	205	
204	485	487	453	
204	485	
204	485	481	480	
204	485	484	
204	485	481	493	
204	485	481	
204	485	453	
204	485	453	
204	485	501	
204	485	
204	485	
204	485	
204	485	
204	485	220	
204	485	
204	485	
204	485	
204	485	481	
204	485	
204	485	
204	485	421	
204	485	
204	485	
204	485	
204	485	
204	485	
204	485	
204	485	481	487	
204	485	481	
204	485	481	449	
204	485	140	200	
204	485	
204	485	493	
204	485	196	
204	485	453	481	
204	485	
204	485	
204	485	495	
204	485	
204	485	
204	485	
204	485	
204	485	
204	485	
204	485	
204	485	196	
204	485	
204	485	
204	485	
204	485	
204	485	
204	485	
204	485	236	
204	485	
204	485	
204	485	
204	485	481	76	
204	485	
204	485	196	
204	485	
204	485	501	200	
204	485	
204	485	484	
204	485	481	76	196	
204	485	
204	485	
204	485	453	
204	485	140	
204	485	481	
204	485	
204	485	220	
204	485	421	
204	485	
204	485	220	212	
204	485	220	481	
204	485	
204	485	
204	485	
204	485	220	
204	485	
204	485	
204	485	487	156	220	
204	485	205	200	
204	485	
204	485	
204	485	76	
204	485	
204	485	
204	485	487	
204	485	
204	485	481	
204	485	484	
204	485	
204	485	
204	485	236	
204	485	484	
204	485	
204	485	
204	485	
204	485	
204	485	
204	485	493	
204	485	
204	485	
204	485	
204	485	76	
204	485	
204	485	
204	485	
204	485	140	
204	485	206	205	
204	485	481	
204	485	484	357	
204	485	
204	485	
204	485	
204	485	
204	485	357	
204	485	
204	485	
204	485	
204	485	453	
204	485	481	200	
204	485	206	484	
204	485	
204	485	
204	485	
204	485	
204	485	
204	485	
204	485	220	
204	485	
204	485	
204	485	
204	485	
204	485	
204	485	
204	485	357	
204	485	481	
204	485	481	
204	485	
204	485	
204	485	
204	485	140	
204	485	487	
204	485	206	
204	485	205	
204	485	487	
204	485	
204	485	
204	485	
204	485	
204	485	
204	485	220	
204	485	
204	485	
204	485	
204	485	220	
204	485	
204	485	
204	485	481	
204	485	
204	485	220	
204	485	487	206	
204	485	
204	485	484	420	
204	485	206	
204	485	
204	485	
204	485	481	140	206	
204	485	200	
204	485	
204	485	
204	485	
204	485	
204	485	493	
204	485	501	
204	485	
204	485	501	
204	485	
204	485	
204	485	
204	485	
204	485	220	205	
204	485	
204	485	205	220	
204	485	481	140	
204	485	
204	485	
204	485	
204	485	140	
204	485	
204	485	481	220	216	
204	485	357	
204	485	
204	485	
204	485	206	
204	485	
204	485	481	
204	485	
204	485	
204	485	
204	485	
204	485	481	
204	485	
204	485	
204	485	
204	485	
204	485	
204	485	
204	485	196	
204	485	501	
204	485	481	220	421	
204	485	
204	485	
204	485	484	
204	485	421	
204	485	
204	485	206	
204	485	481	
204	485	236	
204	485	
204	485	
204	485	
204	485	
204	485	
204	485	
204	485	
204	485	
204	485	
204	485	481	205	
204	485	
204	485	220	
204	485	
204	485	
204	485	200	
204	485	
204	485	
204	485	481	
204	485	
204	485	200	
204	485	
204	485	236	
204	485	
204	485	220	
204	485	
204	485	
204	485	
204	485	
204	485	220	
204	485	
204	485	
204	485	501	
204	485	76	
204	485	200	
204	485	206	
204	485	481	
204	485	
204	485	484	
204	485	
204	485	
204	485	
204	485	493	
204	485	
204	485	
204	485	205	
204	485	
204	485	
204	485	
204	485	220	
204	485	
204	485	
204	485	220	222	
204	485	
204	485	76	
204	485	
204	485	
204	485	357	501	
204	485	421	
204	485	
204	485	
204	485	
204	485	
204	485	206	
204	485	196	
204	485	
204	485	
204	485	220	
204	485	
204	485	
204	485	
204	485	140	
204	485	
204	485	
204	485	
204	485	220	
204	485	
204	485	
204	485	
204	485	
204	485	
204	485	
204	485	
204	485	
204	485	196	
204	485	
204	485	
204	485	
204	485	484	
204	485	453	
204	485	
204	485	
204	485	196	
204	485	481	
204	485	487	
204	485	
204	485	76	
204	485	220	
204	485	
204	485	206	
204	485	220	
204	485	501	
204	485	
204	485	
204	485	
204	485	
204	485	
204	485	481	
204	485	236	
204	485	220	
204	485	481	
204	485	
204	485	
204	485	220	484	
204	485	493	
204	485	
204	485	220	
204	485	76	
204	485	
204	485	
204	485	
204	485	357	
204	485	
204	485	
204	485	487	
204	485	220	
204	485	
204	485	
204	485	
204	485	
204	485	
204	485	
204	485	
204	485	
204	485	484	
204	485	
204	485	
204	485	
204	485	
204	485	76	
204	485	481	
204	485	76	
204	485	
204	485	
204	485	487	
204	485	
204	485	
204	485	
204	485	487	
204	485	220	481	
204	485	493	
204	485	
204	485	481	
204	485	206	
204	485	
204	485	
204	485	
204	485	206	
204	485	
204	485	
204	485	481	
204	485	220	
204	485	76	
204	485	220	
204	485	
204	485	481	205	
204	485	
204	485	481	501	
204	485	484	
204	485	
204	485	
204	485	481	
204	485	481	
204	485	453	76	
204	485	
204	485	
204	485	481	220	
204	485	501	
204	485	
204	485	501	
204	485	
204	485	
204	485	
204	485	
204	485	
204	485	
204	485	
204	485	
204	485	481	
204	485	
204	485	
204	485	220	
204	485	220	
204	485	
204	485	
204	485	
204	485	220	453	
204	485	493	
204	485	
204	485	
204	485	
204	485	200	
204	485	484	
204	485	
204	485	501	
204	485	
204	485	
204	485	481	
204	485	
204	485	206	
204	485	140	
204	485	
204	485	
204	485	493	
204	485	
204	485	484	
204	485	
204	485	
204	485	
204	485	206	
204	485	
204	485	220	
204	485	
204	485	
204	485	481	
204	485	
204	485	421	
204	485	487	220	
204	485	492	140	
204	485	481	
204	485	
204	485	
204	485	
204	485	
204	485	
204	485	
204	485	
204	485	
204	485	
204	485	
204	485	
204	485	
204	485	357	
204	485	421	
204	485	205	197	
204	485	220	
204	485	
204	485	
204	485	
204	485	
204	485	
204	485	
204	485	
204	485	
204	485	205	
204	485	206	
204	485	
204	485	
204	485	493	
204	485	
204	485	357	220	
204	485	481	417	484	
204	485	
204	485	
204	485	
204	485	
204	485	
204	485	
204	485	
204	485	
204	485	236	
204	485	
204	485	
204	485	236	
204	485	
204	485	252	357	492	
204	485	220	205	493	
204	485	
204	485	
204	485	
204	485	220	
204	485	
204	485	
204	485	
204	485	206	
204	485	484	
204	485	
204	485	
204	485	481	
204	485	
204	485	484	
204	485	481	
204	485	236	480	
204	485	
204	485	
204	485	
204	485	
204	485	236	
204	485	
204	485	
204	485	
204	485	206	421	
204	485	421	
204	485	
204	485	196	200	
204	485	501	
204	485	481	
204	485	
204	485	
204	485	
204	485	481	
204	485	206	
204	485	
204	485	
204	485	
204	485	140	
204	485	
204	485	484	
204	485	
204	485	
204	485	
204	485	
204	485	
204	485	
204	485	196	
204	485	220	
204	485	
204	485	421	
204	485	
204	485	
204	485	
204	485	481	
204	485	501	76	
204	485	
204	485	
204	485	
204	485	453	
204	485	
204	485	481	
204	485	200	484	
204	485	484	
204	485	
204	485	484	453	455	
204	485	
204	485	
204	485	
204	485	
204	485	
204	485	
204	485	481	
204	485	76	
204	485	
204	485	481	
204	485	205	
204	485	
204	485	
204	485	
204	485	
204	485	501	
204	485	
204	485	220	
204	485	
204	485	
204	485	200	
204	485	
204	485	
204	485	
204	485	
204	485	
204	485	
204	485	
204	485	
204	485	
204	485	220	357	453	
204	485	
204	485	
204	485	220	221	
204	485	493	
204	485	
204	485	76	
204	485	
204	485	481	
204	485	
204	485	421	206	196	
204	485	
204	485	484	420	
204	485	
204	485	220	
204	485	
204	485	481	
204	485	192	
204	485	
204	485	220	
204	485	
204	485	220	493	
204	485	
204	485	
204	485	
204	485	481	353	
204	485	236	
204	485	
204	485	481	487	421	
204	485	
204	485	206	
204	485	
204	485	
204	485	
204	485	
204	485	
204	485	
204	485	
204	485	206	453	
204	485	
204	485	
204	485	481	
204	485	481	
204	485	487	
204	485	
204	485	
204	485	220	
204	485	
204	485	236	
204	485	
204	485	481	
204	485	
204	485	357	481	
204	485	206	
204	485	484	
204	485	
204	485	
204	485	
204	485	
204	485	196	
204	485	
204	485	
204	485	
204	485	481	
204	485	
204	485	
204	485	
204	485	493	
204	485	220	
204	485	
204	485	
204	485	205	
204	485	453	481	
204	485	
204	485	
204	485	
204	485	
204	485	
204	485	481	353	417	
204	485	
204	485	
204	485	
204	485	
204	485	
204	485	
204	485	
204	485	487	
204	485	
204	485	481	
204	485	
204	485	
204	485	
204	485	461	
204	485	493	
204	485	
204	485	481	
204	485	453	
204	485	
204	485	
204	485	481	421	484	501	
204	485	
204	485	
204	485	
204	485	
204	485	
204	485	
204	485	
204	485	481	
204	485	
204	485	
204	485	481	
204	485	
204	485	
204	485	
204	485	236	
204	485	
204	485	220	
204	485	
204	485	
204	485	
204	485	76	
204	485	
204	485	
204	485	220	
204	485	484	
204	485	
204	485	481	
204	485	
204	485	220	
204	485	501	
204	485	
204	485	487	
204	485	
204	485	357	
204	485	
204	485	487	
204	485	
204	485	
204	485	
204	485	
204	485	76	501	
204	485	453	
204	485	
204	485	
204	485	
204	485	
204	485	
204	485	220	
204	485	
204	485	
204	485	
204	485	
204	485	
204	485	
204	485	
204	485	
204	485	
204	485	
204	485	
204	485	481	
204	485	
204	485	
204	485	
204	485	200	
204	485	205	
204	485	
204	485	
204	485	
204	485	
204	485	
204	485	
204	485	
204	485	196	
204	485	
204	485	
204	485	
204	485	
204	485	76	
204	485	
204	485	
204	485	
204	485	
204	485	206	
204	485	
204	485	220	
204	485	236	
204	485	
204	485	493	
204	485	421	
204	485	
204	485	76	
204	485	
204	485	
204	485	
204	485	
204	485	
204	485	
204	485	484	481	
204	485	
204	485	
204	485	
204	485	481	
204	485	
204	485	
204	485	
204	485	
204	485	
204	485	
204	485	481	
204	485	
204	485	200	494	
204	485	494	495	220	
204	485	494	
204	485	494	
204	485	494	366	
204	485	494	220	
204	485	494	76	
204	485	494	493	
204	485	494	
204	485	494	
204	485	494	196	220	
204	485	494	
204	485	494	76	
204	485	494	220	140	
204	485	494	220	
204	485	494	
204	485	494	364	
204	485	494	220	
204	485	494	421	206	
204	485	494	
204	485	494	220	
204	485	494	
204	485	494	462	
204	485	494	481	
204	485	494	
204	485	494	490	
204	485	494	140	206	
204	485	494	200	
204	485	494	
204	485	494	
204	485	494	220	221	
204	485	494	220	493	
204	485	494	212	236	
204	485	494	212	196	68	
204	485	494	
204	485	494	220	
204	485	494	220	
204	485	494	220	84	
204	485	494	220	252	
204	485	494	220	222	
204	485	494	220	
204	485	494	220	212	252	
204	485	494	220	85	113	212	200	
204	485	494	220	85	113	92	115	
204	485	494	220	85	113	490	489	
204	485	494	220	85	113	510	484	112	356	
485	494	220	85	113	510	484	503	156	495	492	
494	85	113	510	484	503	213	508	209	117	
494	85	113	510	484	503	446	382	
113	510	484	503	446	
113	510	484	503	446	
113	510	503	446	499	
113	510	503	446	81	
113	510	446	438	49	
113	510	446	
113	510	446	
113	510	446	
113	510	446	49	
113	510	446	414	112	
113	510	446	49	
113	510	446	117	
113	510	446	
113	510	446	
113	510	446	
113	510	446	
113	510	446	
113	510	446	
113	510	446	
113	510	446	
113	510	446	
113	510	446	
113	510	446	508	
113	510	446	
113	510	446	
113	510	446	508	
113	510	446	
113	510	446	97	
113	510	446	
113	446	
113	446	117	414	
113	446	
113	446	510	
113	446	241	80	
113	446	
113	446	
113	446	
113	446	
113	446	
113	446	
113	446	
113	446	
113	446	
113	446	
113	446	
113	446	
113	446	442	
113	446	
113	446	510	
113	446	510	
113	446	
113	446	510	
113	446	
113	446	96	
113	446	96	104	40	
113	446	104	
113	446	104	510	
113	446	104	510	232	511	
113	446	104	510	115	
113	446	104	510	97	506	
113	446	510	
113	446	510	
113	446	510	
113	446	510	
113	446	510	
113	446	510	
113	446	510	
113	446	510	97	
113	446	510	85	
113	446	510	85	97	84	
113	446	85	81	84	
113	446	85	
113	446	85	
113	446	85	
113	446	85	318	
113	446	85	510	93	
113	446	85	93	
113	446	85	
113	446	85	81	
113	446	85	318	
113	446	85	
446	85	438	
446	85	438	
446	85	438	
446	85	438	439	84	
446	85	438	
446	85	438	
446	85	438	
446	85	438	117	84	87	29	
446	85	438	117	245	
446	85	438	117	245	
446	85	438	117	245	181	
85	438	117	245	414	
85	438	117	245	439	229	241	
438	117	245	439	437	119	433	436	
438	117	245	439	433	432	213	
438	117	245	439	436	316	284	
438	117	245	439	316	284	
438	117	245	439	316	284	348	349	
117	316	284	348	344	
117	316	284	348	
117	316	284	348	
117	316	348	
117	316	348	119	101	
117	316	348	119	
117	316	348	119	284	
117	316	348	119	
117	348	119	101	
117	348	119	101	344	229	
117	348	119	101	55	
117	348	119	101	
117	348	119	101	103	
117	348	119	101	340	336	320	372	322	
117	348	119	101	336	321	449	340	
117	348	119	101	336	340	68	337	448	332	333	329	384	325	
348	119	101	336	340	68	337	384	372	416	350	418	
348	119	101	336	340	337	384	418	416	464	369	372	338	368	497	339	
348	119	101	336	340	384	369	338	339	268	377	276	322	
348	119	101	336	340	369	338	45	286	465	55	350	
348	119	101	336	340	369	338	117	370	337	373	
119	101	336	369	338	117	85	87	
119	101	369	338	117	85	
119	101	369	338	117	85	274	121	113	306	272	
119	101	369	338	117	85	274	121	278	113	
119	101	369	338	117	85	274	121	89	497	83	81	
101	369	338	117	85	274	121	89	497	306	272	258	290	386	
369	338	85	274	121	89	306	370	433	373	497	
369	338	85	274	121	89	306	370	272	
338	85	274	121	89	306	370	123	21	
338	85	274	121	89	306	370	88	72	
85	274	121	89	306	370	72	88	354	
121	306	370	72	354	92	94	78	
121	306	370	72	94	
121	306	370	72	94	
121	306	370	72	94	200	192	
121	306	72	94	200	
121	306	72	94	200	
306	72	94	200	370	312	
306	72	94	200	
306	72	94	200	294	370	
306	72	94	200	314	298	
306	72	94	200	442	216	
306	72	94	200	442	201	506	
306	72	94	442	
306	72	94	442	
306	72	94	442	78	314	110	
306	72	94	442	78	
306	72	94	442	78	76	
306	72	442	78	70	
306	72	442	78	73	
306	72	442	78	70	
306	72	442	78	70	
306	72	442	78	70	74	
306	72	442	78	314	79	76	
306	72	442	78	94	90	200	110	
306	72	442	78	94	
306	72	442	78	94	
306	72	442	78	94	90	92	274	
306	72	442	78	94	88	
306	72	442	78	94	426	
306	72	442	78	94	
306	72	442	78	94	110	222	
306	72	442	78	74	110	
306	72	442	78	314	
306	72	442	78	304	
306	72	442	78	
306	72	442	78	
306	72	442	78	
306	72	442	78	
306	72	442	78	
306	72	442	78	504	310	94	
306	72	442	78	310	488	
306	72	442	78	488	
306	72	442	78	488	110	456	108	14	
306	72	442	78	488	14	
306	72	442	78	488	14	46	12	446	
306	72	442	78	488	14	46	370	73	110	
306	72	442	488	14	46	170	274	234	
306	72	442	488	14	46	170	10	
306	72	442	488	14	46	170	168	490	8	314	310	
306	72	442	488	14	46	170	
306	72	442	488	14	46	170	138	
306	72	442	488	14	46	30	
306	72	488	14	46	15	489	314	
306	72	488	14	46	200	
306	488	14	46	504	
488	14	46	
488	14	46	
488	14	46	
488	14	46	
488	14	46	
488	14	46	
488	14	
488	14	
488	14	
488	14	
488	14	456	
488	14	480	
488	14	30	
488	14	504	
488	14	
488	14	
488	14	492	6	
488	14	
488	14	
488	14	
488	14	
488	14	
488	14	10	
488	14	46	
488	14	46	
488	14	
488	14	
488	14	
488	14	
488	14	
488	14	
488	14	
488	14	
488	14	30	
488	14	
488	14	456	
488	14	456	
488	14	46	
488	14	
488	14	12	
488	14	
488	14	
488	14	15	
488	14	7	
488	14	7	
488	14	
488	14	504	
488	14	
488	14	
488	14	
488	14	424	
488	14	
488	14	46	424	
488	14	
488	14	
488	14	480	
488	14	142	
488	14	
488	14	
488	14	
488	14	
488	14	
488	14	492	
488	14	
488	14	
488	14	30	
488	14	
488	14	46	
488	14	
488	14	46	
488	14	
488	14	
488	14	504	
488	14	
488	14	10	
488	14	
488	14	
488	14	
488	14	
488	14	6	
488	14	
488	14	
488	14	504	
488	14	362	
488	14	
488	14	
488	14	
488	14	12	46	
488	14	
488	14	
488	14	
488	14	46	
488	14	46	
488	14	456	
488	14	
488	14	
488	14	62	
488	14	
488	14	
488	14	
488	14	
488	14	
488	14	30	158	
488	14	46	
488	14	
488	14	46	
488	14	
488	14	46	
488	14	
488	14	12	
488	14	
488	14	
488	14	
488	14	12	
488	14	492	30	
488	14	78	480	424	
488	14	
488	14	
488	14	
488	14	
488	14	
488	14	46	
488	14	46	
488	14	142	15	
488	14	
488	14	
488	14	
488	14	480	
488	14	424	492	
488	14	
488	14	6	
488	14	
488	14	46	
488	14	
488	14	6	4	
488	14	
488	14	
488	14	
488	14	456	
488	14	
488	14	
488	14	
488	14	
488	14	46	
488	14	
488	14	480	46	
488	14	
488	14	
488	14	
488	14	
488	14	
488	14	12	
488	14	46	
488	14	10	
488	14	46	
488	14	46	
488	14	
488	14	30	142	
488	14	
488	14	142	
488	14	
488	14	46	
488	14	
488	14	
488	14	
488	14	46	
488	14	504	
488	14	456	
488	14	15	504	
488	14	456	
488	14	46	174	
488	14	
488	14	
488	14	78	
488	14	
488	14	
488	14	
488	14	
488	14	
488	14	30	
488	14	
488	14	
488	14	
488	14	
488	14	
488	14	6	
488	14	504	
488	14	
488	14	
488	14	
488	14	
488	14	30	78	504	
488	14	15	
488	14	
488	14	
488	14	426	
488	14	
488	14	
488	14	504	
488	14	
488	14	30	
488	14	489	
488	14	490	
488	14	15	
488	14	46	
488	14	
488	14	504	
488	14	46	142	
488	14	424	
488	14	
488	14	
488	14	46	
488	14	6	
488	14	12	
488	14	
488	14	46	
488	14	
488	14	424	
488	14	
488	14	
488	14	
488	14	
488	14	
488	14	
488	14	
488	14	456	
488	14	46	
488	14	46	
488	14	
488	14	
488	14	
488	14	328	456	
488	14	46	
488	14	
488	14	
488	14	489	480	
488	14	
488	14	
488	14	490	489	
488	14	
488	14	
488	14	
488	14	
488	14	
488	14	142	
488	14	
488	14	4	30	12	
488	14	
488	14	
488	14	142	
488	14	504	
488	14	489	
488	14	490	
488	14	
488	14	489	
488	14	
488	14	
488	14	22	30	
488	14	490	
488	14	
488	14	
488	14	
488	14	15	
488	14	
488	14	30	490	
488	14	46	
488	14	
488	14	
488	14	456	
488	14	
488	14	12	
488	14	
488	14	
488	14	
488	14	142	
488	14	
488	14	
488	14	
488	14	490	
488	14	
488	14	
488	14	
488	14	
488	14	
488	14	
488	14	456	
488	14	
488	14	
488	14	
488	14	
488	14	
488	14	
488	14	142	
488	14	30	489	
488	14	
488	14	489	
488	14	
488	14	78	
488	14	
488	14	46	
488	14	
488	14	
488	14	
488	14	490	
488	14	456	
488	14	
488	14	
488	14	
488	14	
488	14	
488	14	15	6	
488	14	30	
488	14	7	
488	14	46	
488	14	
488	14	30	
488	14	222	206	
488	14	222	
488	14	222	220	46	221	
488	14	222	220	
488	14	222	220	456	457	424	
488	14	222	456	424	457	449	428	
488	14	222	456	457	330	378	298	473	318	266	
488	14	222	456	457	330	378	460	506	362	
488	14	222	456	378	506	474	346	507	504	
14	222	456	378	506	474	346	496	220	218	30	31	223	
222	456	378	506	474	346	496	220	15	7	12	47	44	
222	456	378	506	474	346	496	220	12	79	213	71	218	217	223	209	78	221	
222	456	378	474	346	496	220	79	213	218	217	249	216	475	500	
222	456	378	474	346	496	220	79	213	218	85	475	212	
222	456	378	474	346	496	79	213	218	
222	456	378	474	346	496	79	213	218	209	250	217	189	78	153	
222	456	378	474	346	496	79	213	218	217	216	220	370	
222	456	378	474	346	496	79	213	218	217	220	212	81	478	
222	378	474	346	496	79	213	218	217	202	81	
222	378	474	346	496	79	213	218	217	497	420	330	379	
222	378	474	346	496	79	213	218	217	154	382	216	350	80	437	366	200	
378	474	346	496	79	213	218	217	154	382	216	374	201	
378	474	346	496	218	217	154	382	216	155	318	89	458	480	153	
378	346	496	218	217	154	382	216	383	155	
378	346	496	218	217	382	216	383	
496	218	217	382	383	367	
496	218	217	383	367	335	
496	217	383	367	335	
496	217	383	367	335	221	382	504	
496	217	383	367	335	
496	217	383	335	
496	217	383	335	351	333	
496	217	383	335	
496	217	383	335	367	
496	217	383	335	89	375	
496	217	383	335	367	
496	217	383	335	367	
217	383	335	382	
217	383	335	
217	383	335	367	
217	383	335	
217	383	335	
217	383	335	511	
217	383	335	
217	383	335	367	
217	383	335	367	
217	383	335	
217	383	335	201	
217	383	335	153	
217	383	335	89	
217	383	335	
217	383	335	271	
217	383	335	367	
217	383	335	367	359	
217	383	335	367	
217	383	335	
217	383	335	
217	383	335	
217	383	335	
217	383	335	
217	335	216	
217	335	
217	335	
217	335	327	455	
217	335	
217	335	
217	335	201	
217	335	
217	335	367	
217	335	333	
217	335	367	363	
217	335	
217	335	383	
217	335	367	
217	335	
217	335	
217	335	367	366	
217	335	
217	335	367	
217	335	
217	335	201	
217	335	
217	335	
217	335	367	
217	335	209	
217	335	
217	335	
217	335	209	
217	335	
217	335	
217	335	367	
217	335	463	
217	335	249	
217	335	
217	335	
217	335	
217	335	
217	335	367	327	
217	335	
217	335	
217	335	89	
217	335	201	
217	335	
217	335	
217	335	333	219	
217	335	383	367	
217	335	383	367	
217	335	383	
217	335	383	367	
217	335	383	
217	335	383	
217	335	
217	335	
217	335	
217	335	
217	335	
217	335	
217	335	367	
217	335	
217	335	
217	335	
217	335	334	
217	335	
217	335	
217	335	
217	335	
217	335	
217	335	
217	335	
217	335	367	
217	335	367	
217	335	
217	335	
217	335	
217	335	
217	335	383	
217	335	
217	335	
217	335	
217	335	89	
217	335	
217	335	333	
217	335	367	
217	335	249	
217	335	334	
217	335	367	
217	335	367	383	216	
217	335	
217	335	
217	335	367	
217	335	216	
217	335	
217	335	
217	335	
217	335	
217	335	219	331	
217	335	216	
217	335	209	
217	335	
217	335	
217	335	
217	335	
217	335	367	209	
217	335	
217	335	
217	335	
217	335	
217	335	
217	335	
217	335	
217	335	
217	335	
217	335	367	383	209	
217	335	
217	335	327	
217	335	221	157	331	
217	335	209	
217	335	367	366	
217	335	367	
217	335	367	383	333	
217	335	383	
217	335	383	
217	335	383	
217	335	
217	335	
217	335	
217	335	
217	335	
217	335	89	
217	335	367	221	
217	335	367	351	
217	335	
217	335	367	
217	335	
217	335	
217	335	
217	335	
217	335	367	
217	335	
217	335	367	
217	335	367	
217	335	221	
217	335	367	209	
217	335	
217	335	201	89	
217	335	
217	335	
217	335	
217	335	463	
217	335	367	
217	335	367	
217	335	367	
217	335	367	
217	335	201	
217	335	
217	335	331	
217	335	219	
217	335	367	
217	335	367	89	
217	335	367	
217	335	334	
217	335	
217	335	
217	335	
217	335	
217	335	
217	335	89	221	
217	335	
217	335	367	
217	335	367	201	
217	335	
217	335	367	
217	335	
217	335	367	209	
217	335	
217	335	
217	335	333	
217	335	
217	335	
217	335	367	89	
217	335	367	
217	335	
217	335	
217	335	221	
217	335	
217	335	
217	335	
217	335	
217	335	
217	335	153	
217	335	
217	335	221	
217	335	
217	335	
217	335	327	
217	335	
217	335	367	463	
217	335	367	
217	335	
217	335	
217	335	219	
217	335	
217	335	
217	335	
217	335	327	331	
217	335	333	
217	335	343	201	
217	335	
217	335	
217	335	
217	335	
217	335	
217	335	
217	335	
217	335	367	333	
217	335	
217	335	
217	335	
217	335	367	
217	335	367	
217	335	367	383	219	271	209	
217	335	367	221	
217	335	367	
217	335	367	
217	335	367	271	363	216	
217	335	367	383	382	
217	335	367	
217	335	367	
217	335	367	383	
217	335	367	383	
217	335	367	
217	335	367	
217	335	
217	335	331	
217	335	367	
217	335	
217	335	367	383	
217	335	383	351	
217	335	383	367	
217	335	367	
217	335	367	89	219	
217	335	216	
217	335	331	
217	335	463	
217	335	
217	335	
217	335	367	
217	335	367	334	
217	335	
217	335	
217	335	
217	335	367	
217	335	
217	335	
217	335	367	
217	335	367	
217	335	
217	335	
217	335	
217	335	
217	335	
217	335	
217	335	367	
217	335	
217	335	
217	335	
217	335	323	
217	335	221	
217	335	
217	335	
217	335	
217	335	271	
217	335	
217	335	219	
217	335	
217	335	
217	335	
217	335	
217	335	
217	335	
217	335	209	
217	335	
217	335	
217	335	367	
217	335	
217	335	
217	335	201	
217	335	271	
217	335	
217	335	
217	335	209	89	
217	335	
217	335	
217	335	
217	335	
217	335	219	
217	335	
217	335	331	
217	335	367	463	
217	335	
217	335	
217	335	
217	335	
217	335	
217	335	463	
217	335	367	
217	335	
217	335	
217	335	367	383	221	
217	335	383	219	
217	335	383	
217	335	383	
217	335	383	375	
217	335	383	
217	335	383	
217	335	383	367	
217	335	383	
217	335	383	
217	335	383	201	375	
217	335	383	367	
217	335	383	
217	335	383	221	
217	335	383	
217	335	383	
217	335	
217	335	
217	335	
217	335	367	
217	335	
217	335	383	333	381	319	511	
217	335	
217	335	216	
217	335	
217	335	367	
217	335	367	
217	335	367	383	216	
217	335	367	
217	335	367	383	
217	335	383	89	
217	335	
217	335	
217	335	
217	335	
217	335	
217	335	
217	335	
217	335	367	334	365	
217	335	
217	335	89	
217	335	367	495	
217	335	367	
217	335	
217	335	
217	335	
217	335	351	
217	335	367	
217	335	367	
217	335	
217	335	216	
217	335	
217	335	89	
217	335	367	363	219	
217	335	367	
217	335	
217	335	153	
217	335	
217	335	383	
217	335	383	367	
217	335	383	367	
217	335	383	
217	335	383	367	
217	335	383	
217	335	383	367	219	
217	335	383	221	
217	335	383	367	
217	335	
217	335	367	
217	335	153	
217	335	
217	335	367	
217	335	327	
217	335	
217	335	249	
217	335	
217	335	
217	335	
217	335	
217	335	
217	335	
217	335	
217	335	
217	335	
217	335	
217	335	
217	335	
217	335	
217	335	
217	335	367	
217	335	
217	335	
217	335	
217	335	
217	335	
217	335	463	
217	335	331	
217	335	219	
217	335	
217	335	249	
217	335	
217	335	
217	335	89	
217	335	
217	335	201	
217	335	367	219	
217	335	
217	335	463	201	249	
217	335	
217	335	367	209	366	
217	335	367	
217	335	
217	335	
217	335	249	
217	335	153	216	351	
217	335	
217	335	
217	335	
217	335	
217	335	
217	335	
217	335	
217	335	
217	335	
217	335	
217	335	367	
217	335	
217	335	
217	335	
217	335	
217	335	
217	335	
217	335	
217	335	249	221	
217	335	
217	335	367	333	
217	335	271	
217	335	
217	335	
217	335	
217	335	
217	335	
217	335	
217	335	219	
217	335	
217	335	367	333	351	
217	335	367	
217	335	367	221	331	
217	335	
217	335	
217	335	
217	335	
217	335	367	
217	335	
217	335	89	
217	335	334	
217	335	
217	335	
217	335	
217	335	
217	335	367	
217	335	
217	335	221	
217	335	
217	335	331	
217	335	
217	335	
217	335	
217	335	
217	335	334	
217	335	
217	335	
217	335	367	209	
217	335	249	
217	335	
217	335	
217	335	219	
217	335	367	
217	335	367	
217	335	
217	335	
217	335	
217	335	
217	335	
217	335	153	333	
217	335	
217	335	367	
217	335	351	
217	335	
217	335	
217	335	
217	335	
217	335	89	
217	335	
217	335	367	334	
217	335	367	
217	335	
217	335	
217	335	
217	335	
217	335	
217	335	
217	335	367	383	
217	335	219	
217	335	201	
217	335	
217	335	209	
217	335	
217	335	
217	335	
217	335	
217	335	367	
217	335	
217	335	
217	335	367	89	
217	335	
217	335	
217	335	367	89	
217	335	
217	335	
217	335	
217	335	
217	335	
217	335	367	495	
217	335	367	383	
217	335	367	
217	335	367	495	
217	335	
217	335	
217	335	
217	335	
217	335	
217	335	209	
217	335	
217	335	
217	335	
217	335	
217	335	
217	335	367	
217	335	367	
217	335	
217	335	89	
217	335	
217	335	351	
217	335	
217	335	
217	335	
217	335	327	
217	335	
217	335	
217	335	
217	335	
217	335	367	
217	335	
217	335	
217	335	
217	335	
217	335	
217	335	367	
217	335	
217	335	
217	335	
217	335	367	
217	335	
217	335	216	327	
217	335	
217	335	
217	335	367	
217	335	219	
217	335	
217	335	
217	335	
217	335	
217	335	363	
217	335	367	383	
217	335	
217	335	
217	335	
217	335	367	463	
217	335	367	
217	335	249	
217	335	153	
217	335	201	
217	335	153	
217	335	334	
217	335	
217	335	249	
217	335	
217	335	
217	335	367	
217	335	
217	335	
217	335	
217	335	221	
217	335	
217	335	
217	335	
217	335	
217	335	
217	335	
217	335	
217	335	351	
217	335	
217	335	
217	335	
217	335	
217	335	367	
217	335	367	383	
217	335	
217	335	
217	335	367	
217	335	
217	335	333	327	
217	335	331	
217	335	271	
217	335	209	
217	335	
217	335	
217	335	367	249	
217	335	331	
217	335	
217	335	
217	335	367	
217	335	
217	335	
217	335	
217	335	367	
217	335	
217	335	249	
217	335	
217	335	367	
217	335	
217	335	
217	335	
217	335	
217	335	249	367	153	
217	335	
217	335	
217	335	367	
217	335	
217	335	367	334	
217	335	
217	335	331	
217	335	
217	335	367	
217	335	367	383	
217	335	367	327	
217	335	216	
217	335	
217	335	
217	335	
217	335	367	463	89	
217	335	
217	335	
217	335	
217	335	
217	335	
217	335	
217	335	
217	335	
217	335	
217	335	
217	335	
217	335	
217	335	
217	335	
217	335	
217	335	271	
217	335	367	
217	335	
217	335	
217	335	
217	335	
217	335	367	
217	335	
217	335	367	
217	335	
217	335	351	
217	335	
217	335	
217	335	
217	335	
217	335	
217	335	89	
217	335	463	
217	335	
217	335	
217	335	
217	335	
217	335	367	
217	335	
217	335	216	
217	335	
217	335	
217	335	334	
217	335	367	
217	335	209	
217	335	
217	335	
217	335	367	325	
217	335	331	
217	335	
217	335	334	
217	335	
217	335	
217	335	209	
217	335	
217	335	
217	335	367	463	
217	335	367	333	
217	335	
217	335	
217	335	
217	335	221	
217	335	334	
217	335	
217	335	
217	335	383	
217	335	
217	335	
217	335	
217	335	327	
217	335	331	
217	335	201	
217	335	
217	335	327	323	
217	335	249	
217	335	
217	335	
217	335	
217	335	209	
217	335	249	
217	335	
217	335	
217	335	
217	335	367	463	
217	335	367	
217	335	221	
217	335	
217	335	201	333	334	
217	335	334	
217	335	209	
217	335	
217	335	249	
217	335	
217	335	
217	335	
217	335	383	
217	335	383	381	
217	335	383	209	
217	335	
217	335	367	
217	335	367	
217	335	
217	335	
217	335	367	89	
217	335	383	382	
217	335	
217	335	
217	335	
217	335	
217	335	
217	335	
217	335	219	367	
217	335	
217	335	
217	335	331	
217	335	
217	335	367	
217	335	271	
217	335	367	
217	335	334	219	
217	335	
217	335	367	
217	335	383	
217	335	
217	335	209	
217	335	333	
217	335	
217	335	219	
217	335	271	
217	335	
217	335	327	
217	335	
217	335	331	
217	335	
217	335	367	
217	335	
217	335	
217	335	201	
217	335	351	
217	335	
217	335	
217	335	
217	335	
217	335	
217	335	
217	335	367	
217	335	367	
217	335	
217	335	
217	335	
217	335	
217	335	
217	335	367	
217	335	89	
217	335	249	
217	335	
217	335	
217	335	367	216	
217	335	
217	335	367	
217	335	
217	335	
217	335	
217	335	249	
217	335	367	
217	335	
217	335	
217	335	
217	335	367	383	
217	335	463	
217	335	
217	335	
217	335	
217	335	
217	335	
217	335	367	
217	335	
217	335	
217	335	
217	335	
217	335	221	89	
217	335	249	
217	335	367	
217	335	
217	335	
217	335	
217	335	
217	335	367	
217	335	
217	335	209	
217	335	351	327	334	
217	335	
217	335	
217	335	
217	335	
217	335	367	216	
217	335	
217	335	
217	335	367	327	
217	335	367	
217	335	367	383	463	
217	335	367	
217	335	367	327	
217	335	
217	335	367	
217	335	
217	335	
217	335	209	
217	335	367	
217	335	367	
217	335	
217	335	
217	335	333	
217	335	
217	335	201	
217	335	
217	335	89	
217	335	
217	335	327	
217	335	367	383	
217	335	
217	335	
217	335	
217	335	153	219	
217	335	249	
217	335	271	
217	335	271	
217	335	
217	335	
217	335	
217	335	
217	335	
217	335	
217	335	
217	335	
217	335	
217	335	367	
217	335	221	
217	335	367	365	
217	335	367	
217	335	201	
217	335	
217	335	367	219	
217	335	
217	335	219	
217	335	
217	335	
217	335	367	
217	335	
217	335	
217	335	249	
217	335	249	
217	335	334	
217	335	351	
217	335	
217	335	367	
217	335	
217	335	
217	335	
217	335	
217	335	
217	335	216	
217	335	
217	335	333	
217	335	327	
217	335	153	
217	335	367	
217	335	367	
217	335	
217	335	89	
217	335	89	
217	335	271	
217	335	
217	335	333	
217	335	
217	335	
217	335	367	
217	335	
217	335	
217	335	
217	335	201	
217	335	
217	335	
217	335	
217	335	221	
217	335	333	
217	335	
217	335	
217	335	
217	335	
217	335	221	
217	335	334	
217	335	201	
217	335	367	
217	335	
217	335	
217	335	
217	335	
217	335	
217	335	201	
217	335	89	
217	335	327	
217	335	
217	335	
217	335	
217	335	
217	335	333	
217	335	
217	335	
217	335	
217	335	
217	335	
217	335	
217	335	
217	335	327	
217	335	
217	335	219	
217	335	
217	335	
217	335	221	219	
217	335	367	383	331	
217	335	383	
217	335	383	
217	335	331	201	
217	335	
217	335	367	
217	335	
217	335	209	
217	335	367	216	218	
217	335	
217	335	
217	335	209	
217	335	367	
217	335	383	
217	335	89	351	
217	335	367	
217	335	367	383	
217	335	383	367	379	
217	335	216	
217	335	351	
217	335	
217	335	383	351	
217	335	383	367	
217	335	367	
217	335	367	363	365	
217	335	
217	335	
217	335	
217	335	
217	335	
217	335	
217	335	
217	335	367	
217	335	
217	335	367	
217	335	
217	335	
217	335	
217	335	
217	335	89	
217	335	
217	335	
217	335	
217	335	
217	335	
217	335	
217	335	
217	335	153	
217	335	367	
217	335	
217	335	367	495	
217	335	367	
217	335	367	383	
217	335	367	383	
217	335	367	219	
217	335	
217	335	
217	335	153	
217	335	
217	335	
217	335	
217	335	
217	335	221	
217	335	
217	335	
217	335	
217	335	
217	335	
217	335	271	
217	335	209	
217	335	
217	335	
217	335	
217	335	
217	335	219	
217	335	
217	335	
217	335	221	
217	335	
217	335	
217	335	
217	335	331	
217	335	
217	335	327	
217	335	
217	335	
217	335	
217	335	
217	335	
217	335	
217	335	201	334	
217	335	
217	335	89	
217	335	201	
217	335	
217	335	367	
217	335	
217	335	367	
217	335	367	366	
217	335	201	
217	335	367	327	
217	335	
217	335	
217	335	
217	335	351	
217	335	367	
217	335	367	221	
217	335	
217	335	
217	335	
217	335	
217	335	367	
217	335	
217	335	367	
217	335	
217	335	367	
217	335	221	367	
217	335	
217	335	216	
217	335	
217	335	
217	335	
217	335	
217	335	367	359	487	
217	335	
217	335	
217	335	
217	335	
217	335	
217	335	216	
217	335	
217	335	
217	335	
217	335	351	
217	335	367	
217	335	
217	335	367	
217	335	
217	335	367	303	249	
217	335	
217	335	
217	335	
217	335	
217	335	
217	335	367	
217	335	
217	335	
217	335	
217	335	
217	335	
217	335	367	271	
217	335	
217	335	367	383	363	
217	335	
217	335	
217	335	
217	335	211	
217	335	367	
217	335	367	
217	335	89	
217	335	367	479	89	334	
217	335	367	
217	335	
217	335	
217	335	
217	335	
217	335	367	
217	335	
217	335	
217	335	
217	335	
217	335	
217	335	216	
217	335	367	
217	335	383	201	
217	335	367	221	
217	335	367	
217	335	
217	335	
217	335	89	
217	335	383	367	351	219	
217	335	
217	335	
217	335	
217	335	
217	335	209	
217	335	327	
217	335	367	
217	335	367	
217	335	367	
217	335	367	333	359	
217	335	
217	335	367	
217	335	327	219	
217	335	
217	335	
217	335	
217	335	
217	335	383	
217	335	
217	335	
217	335	
217	335	
217	335	327	253	
217	335	
217	335	
217	335	219	
217	335	209	
217	335	221	
217	335	463	
217	335	153	
217	335	
217	335	
217	335	
217	335	363	
217	335	367	
217	335	
217	335	367	
217	335	367	
217	335	
217	335	
217	335	249	
217	335	
217	335	153	
217	335	
217	335	
217	335	
217	335	271	
217	335	
217	335	463	153	
217	335	
217	335	333	
217	335	
217	335	216	
217	335	
217	335	
217	335	
217	335	
217	335	
217	335	367	
217	335	
217	335	
217	335	
217	335	
217	335	221	
217	335	
217	335	
217	335	
217	335	367	
217	335	367	359	
217	335	367	463	
217	335	
217	335	351	
217	335	
217	335	
217	335	331	
217	335	
217	335	249	
217	335	
217	335	367	216	
217	335	
217	335	367	
217	335	
217	335	327	
217	335	
217	335	
217	335	334	
217	335	351	271	
217	335	
217	335	
217	335	
217	335	
217	335	
217	335	
217	335	367	219	
217	335	367	
217	335	367	
217	335	367	303	
217	335	367	303	
217	335	367	
217	335	367	
217	335	367	383	153	
217	335	367	
217	335	367	
217	335	367	
217	335	367	
217	335	201	
217	335	
217	335	
217	335	
217	335	
217	335	216	
217	335	
217	335	
217	335	327	
217	335	367	
217	335	
217	335	
217	335	
217	335	
217	335	
217	335	367	
217	335	
217	335	
217	335	331	
217	335	367	
217	335	
217	335	
217	335	367	153	
217	335	367	201	
217	335	367	
217	335	
217	335	351	
217	335	
217	335	
217	335	333	
217	335	367	
217	335	367	
217	335	
217	335	327	
217	335	
217	335	249	219	
217	335	367	
217	335	367	
217	335	153	89	
217	335	
217	335	271	
217	335	367	249	
217	335	
217	335	
217	335	463	
217	335	
217	335	463	
217	335	327	
217	335	
217	335	
217	335	
217	335	367	
217	335	
217	335	
217	335	
217	335	
217	335	331	221	
217	335	
217	335	
217	335	
217	335	
217	335	367	209	
217	335	
217	335	
217	335	219	
217	335	
217	335	
217	335	383	
217	335	
217	335	
217	335	
217	335	
217	335	
217	335	334	
217	335	
217	335	367	
217	335	367	351	
217	335	
217	335	
217	335	327	
217	335	249	
217	335	
217	335	327	
217	335	219	201	
217	335	
217	335	
217	335	
217	335	
217	335	367	
217	335	333	
217	335	367	
217	335	219	
217	335	
217	335	
217	335	
217	335	
217	335	367	327	
217	335	
217	335	
217	335	
217	335	201	
217	335	463	
217	335	331	
217	335	
217	335	
217	335	
217	335	
217	335	
217	335	367	331	89	
217	335	89	
217	335	
217	335	331	
217	335	
217	335	89	463	
217	335	
217	335	
217	335	
217	335	367	
217	335	
217	335	
217	335	
217	335	
217	335	
217	335	
217	335	
217	335	249	
217	335	216	
217	335	249	351	
217	335	367	216	
217	335	367	219	
217	335	331	
217	335	271	
217	335	
217	335	
217	335	
217	335	
217	335	
217	335	
217	335	367	
217	335	331	351	
217	335	
217	335	
217	335	367	
217	335	
217	335	
217	335	367	
217	335	
217	335	
217	335	367	333	
217	335	
217	335	
217	335	219	
217	335	367	
217	335	
217	335	334	
217	335	
217	335	
217	335	
217	335	271	
217	335	249	
217	335	
217	335	271	
217	335	367	383	
217	335	367	463	334	
217	335	367	
217	335	367	
217	335	367	383	
217	335	367	383	
217	335	383	367	365	
217	335	383	
217	335	383	
217	335	383	367	
217	335	383	
217	335	383	367	209	333	
217	335	383	
217	335	383	249	
217	335	
217	335	249	
217	335	
217	335	
217	335	
217	335	367	
217	335	
217	335	
217	335	
217	335	
217	335	
217	335	
217	335	
217	335	271	
217	335	
217	335	
217	335	367	
217	335	
217	335	367	
217	335	
217	335	367	
217	335	
217	335	
217	335	
217	335	367	
217	335	367	
217	335	
217	335	
217	335	
217	335	
217	335	
217	335	
217	335	
217	335	367	
217	335	
217	335	366	
217	335	
217	335	383	367	
217	335	383	367	381	379	511	
217	335	383	
217	335	383	331	
217	335	
217	335	367	
217	335	367	
217	335	
217	335	
217	335	
217	335	
217	335	
217	335	219	
217	335	
217	335	
217	335	
217	335	
217	335	209	
217	335	
217	335	89	
217	335	
217	335	
217	335	367	153	
217	335	367	383	
217	335	367	
217	335	367	
217	335	367	
217	335	367	219	363	
217	335	367	
217	335	367	
217	335	367	
217	335	367	249	
217	335	
217	335	
217	335	
217	335	
217	335	
217	335	
217	335	
217	335	
217	335	
217	335	463	216	
217	335	
217	335	
217	335	367	327	
217	335	201	
217	335	
217	335	
217	335	334	
217	335	327	366	367	
217	335	271	
217	335	
217	335	367	
217	335	367	383	
217	335	
217	335	
217	335	
217	335	
217	335	
217	335	
217	335	
217	335	367	383	89	
217	335	
217	335	331	
217	335	
217	335	
217	335	333	
217	335	
217	335	89	
217	335	
217	335	89	
217	335	
217	335	367	271	
217	335	219	
217	335	
217	335	
217	335	
217	335	89	
217	335	
217	335	
217	335	
217	335	
217	335	
217	335	221	
217	335	
217	335	219	
217	335	
217	335	
217	335	
217	335	367	366	
217	335	209	
217	335	241	249	
217	335	219	
217	335	329	333	367	
217	335	
217	335	367	
217	335	
217	335	
217	335	327	
217	335	
217	335	367	
217	335	
217	335	
217	335	
217	335	367	
217	335	367	383	
217	335	383	
217	335	383	379	
217	335	383	367	
217	335	383	153	463	
217	335	383	455	
217	335	383	
217	335	383	367	
217	335	383	201	
217	335	383	
217	335	383	
217	335	383	209	
217	335	
217	335	367	
217	335	
217	335	367	
217	335	
217	335	
217	335	
217	335	367	
217	335	
217	335	367	
217	335	
217	335	
217	335	
217	335	
217	335	201	
217	335	
217	335	
217	335	367	303	
217	335	327	
217	335	
217	335	
217	335	
217	335	249	
217	335	
217	335	
217	335	
217	335	
217	335	
217	335	351	
217	335	463	
217	335	
217	335	333	
217	335	219	
217	335	209	
217	335	367	
217	335	
217	335	
217	335	216	
217	335	
217	335	327	
217	335	
217	335	
217	335	367	
217	335	383	
217	335	
217	335	
217	335	
217	335	
217	335	201	
217	335	216	
217	335	333	
217	335	
217	335	
217	335	
217	335	367	383	375	
217	335	367	
217	335	
217	335	
217	335	
217	335	
217	335	367	
217	335	
217	335	
217	335	
217	335	367	463	
217	335	271	
217	335	
217	335	
217	335	367	271	366	
217	335	367	366	
217	335	209	
217	335	367	
217	335	367	
217	335	383	
217	335	205	221	
217	335	
217	335	
217	335	
217	335	367	
217	335	
217	335	
217	335	
217	335	219	
217	335	
217	335	334	
217	335	
217	335	
217	335	
217	335	
217	335	327	
217	335	367	
217	335	
217	335	327	
217	335	
217	335	367	
217	335	
217	335	327	
217	335	
217	335	
217	335	
217	335	
217	335	
217	335	
217	335	
217	335	
217	335	
217	335	
217	335	
217	335	153	
217	335	
217	335	
217	335	
217	335	367	365	
217	335	367	
217	335	
217	335	
217	335	153	327	
217	335	
217	335	
217	335	
217	335	153	
217	335	367	
217	335	
217	335	
217	335	
217	335	
217	335	
217	335	
217	335	
217	335	463	
217	335	
217	335	
217	335	
217	335	
217	335	
217	335	367	
217	335	
217	335	367	
217	335	
217	335	
217	335	209	
217	335	
217	335	367	383	219	
217	335	367	
217	335	367	216	
217	335	
217	335	334	
217	335	
217	335	
217	335	367	
217	335	
217	335	
217	335	271	
217	335	367	303	363	
217	335	367	
217	335	367	
217	335	
217	335	
217	335	367	383	
217	335	
217	335	
217	335	
217	335	
217	335	
217	335	
217	335	209	334	216	
217	335	
217	335	331	201	
217	335	
217	335	327	
217	335	
217	335	
217	335	
217	335	
217	335	367	333	
217	335	
217	335	153	
217	335	
217	335	367	
217	335	367	
217	335	
217	335	
217	335	
217	335	
217	335	327	
217	335	271	153	
217	335	367	201	
217	335	
217	335	
217	335	
217	335	367	201	
217	335	
217	335	463	
217	335	
217	335	
217	335	89	
217	335	327	
217	335	
217	335	327	
217	335	367	
217	335	333	
217	335	334	
217	335	209	
217	335	367	
217	335	201	
217	335	
217	335	153	221	334	
217	335	334	
217	335	
217	335	193	334	327	
217	335	333	201	
217	335	333	
217	335	
217	335	
217	335	
217	335	351	
217	335	333	
217	335	
217	335	
217	335	
217	335	
217	335	
217	335	367	
217	335	367	327	331	
217	335	367	
217	335	367	
217	335	367	201	
217	335	89	
217	335	330	334	
217	335	
217	335	351	
217	335	
217	335	333	
217	335	
217	335	
217	335	367	
217	335	
217	335	367	
217	335	
217	335	
217	335	
217	335	367	
217	335	
217	335	367	
217	335	
217	335	
217	335	
217	335	
217	335	
217	335	
217	335	201	
217	335	327	
217	335	89	
217	335	
217	335	
217	335	
217	335	
217	335	
217	335	
217	335	
217	335	351	
217	335	
217	335	327	
217	335	249	
217	335	367	
217	335	
217	335	
217	335	
217	335	333	
217	335	
217	335	
217	335	
217	335	367	153	
217	335	
217	335	
217	335	351	
217	335	
217	335	
217	335	367	
217	335	201	
217	335	
217	335	
217	335	
217	335	89	
217	335	
217	335	
217	335	367	
217	335	367	
217	335	367	383	
217	335	367	383	334	
217	335	367	383	351	
217	335	383	367	303	
217	335	383	
217	335	383	216	
217	335	383	327	
217	335	383	
217	335	383	
217	335	383	
217	335	
217	335	216	463	
217	335	
217	335	
217	335	
217	335	
217	335	
217	335	
217	335	201	219	
217	335	367	
217	335	
217	335	
217	335	201	
217	335	216	
217	335	
217	335	
217	335	367	
217	335	331	
217	335	
217	335	367	365	
217	335	367	
217	335	
217	335	
217	335	334	
217	335	
217	335	216	331	
217	335	367	
217	335	249	327	
217	335	367	
217	335	367	495	
217	335	367	219	
217	335	
217	335	221	201	
217	335	
217	335	
217	335	
217	335	
217	335	
217	335	
217	335	
217	335	
217	335	
217	335	351	
217	335	
217	335	221	
217	335	367	383	
217	335	153	
217	335	367	
217	335	
217	335	
217	335	
217	335	
217	335	
217	335	367	
217	335	
217	335	221	
217	335	219	
217	335	
217	335	
217	335	
217	335	
217	335	
217	335	367	
217	335	
217	335	
217	335	
217	335	
217	335	
217	335	
217	335	
217	335	89	
217	335	327	
217	335	367	
217	335	
217	335	367	
217	335	
217	335	
217	335	
217	335	271	
217	335	221	
217	335	367	
217	335	367	366	153	
217	335	
217	335	
217	335	201	
217	335	271	
217	335	
217	335	221	
217	335	271	
217	335	
217	335	
217	335	271	
217	335	
217	335	334	327	
217	335	463	
217	335	
217	335	209	
217	335	249	271	
217	335	
217	335	216	367	
217	335	367	
217	335	
217	335	
217	335	209	
217	335	
217	335	
217	335	
217	335	
217	335	
217	335	367	383	366	
217	335	
217	335	367	
217	335	367	383	
217	335	367	383	
217	335	367	383	303	511	
217	335	367	359	
217	335	367	383	
217	335	367	
217	335	
217	335	216	
217	335	
217	335	
217	335	
217	335	
217	335	219	
217	335	
217	335	351	
217	335	81	
217	335	
217	335	
217	335	367	
217	335	367	
217	335	331	
217	335	216	
217	335	
217	335	331	
217	335	367	
217	335	271	334	
217	335	367	
217	335	463	
217	335	
217	335	
217	335	
217	335	153	367	
217	335	
217	335	89	
217	335	333	
217	335	
217	335	367	
217	335	
217	335	
217	335	333	
217	335	
217	335	216	
217	335	
217	335	153	
217	335	
217	335	
217	335	153	
217	335	
217	335	201	
217	335	334	
217	335	
217	335	
217	335	
217	335	121	
217	335	367	
217	335	367	
217	335	
217	335	367	
217	335	367	
217	335	367	221	463	
217	335	367	
217	335	367	271	
217	335	367	
217	335	367	271	
217	335	367	463	
217	335	367	
217	335	367	333	
217	335	
217	335	463	
217	335	
217	335	367	
217	335	351	
217	335	367	219	249	
217	335	
217	335	367	
217	335	367	
217	335	201	
217	335	
217	335	
217	335	
217	335	367	
217	335	
217	335	
217	335	
217	335	
217	335	
217	335	
217	335	367	
217	335	
217	335	
217	335	
217	335	
217	335	
217	335	219	
217	335	367	
217	335	
217	335	351	201	
217	335	
217	335	
217	335	367	363	
217	335	
217	335	
217	335	
217	335	367	
217	335	
217	335	209	
217	335	
217	335	
217	335	
217	335	
217	335	367	
217	335	216	
217	335	
217	335	
217	335	
217	335	
217	335	
217	335	
217	335	
217	335	334	
217	335	
217	335	221	
217	335	463	
217	335	
217	335	
217	335	
217	335	
217	335	
217	335	
217	335	
217	335	
217	335	
217	335	249	351	
217	335	367	331	
217	335	
217	335	367	
217	335	
217	335	
217	335	
217	335	
217	335	367	
217	335	
217	335	
217	335	
217	335	334	
217	335	
217	335	216	
217	335	
217	335	
217	335	367	
217	335	
217	335	
217	335	367	383	216	219	223	
217	335	201	
217	335	
217	335	
217	335	271	
217	335	
217	335	
217	335	
217	335	
217	335	367	
217	335	216	
217	335	
217	335	
217	335	383	
217	335	367	
217	335	
217	335	
217	335	461	153	
217	335	221	
217	335	367	
217	335	
217	335	
217	335	
217	335	153	
217	335	221	
217	335	
217	335	383	
217	335	201	216	
217	335	
217	335	333	351	
217	335	367	
217	335	
217	335	
217	335	89	
217	335	
217	335	367	
217	335	
217	335	
217	335	
217	335	
217	335	331	
217	335	
217	335	
217	335	367	
217	335	367	
217	335	367	351	
217	335	
217	335	
217	335	
217	335	367	
217	335	
217	335	153	
217	335	
217	335	
217	335	334	
217	335	
217	335	351	
217	335	
217	335	
217	335	153	
217	335	367	359	
217	335	367	
217	335	
217	335	
217	335	
217	335	
217	335	
217	335	271	201	
217	335	367	383	365	
217	335	367	
217	335	367	
217	335	367	
217	335	
217	335	
217	335	
217	335	367	
217	335	
217	335	
217	335	
217	335	
217	335	
217	335	
217	335	
217	335	
217	335	
217	335	
217	335	
217	335	367	201	
217	335	367	
217	335	
217	335	
217	335	367	303	
217	335	367	
217	335	367	359	
217	335	327	
217	335	
217	335	
217	335	209	
217	335	249	
217	335	
217	335	201	
217	335	
217	335	201	
217	335	
217	335	209	331	
217	335	
217	335	
217	335	216	
217	335	
217	335	
217	335	331	201	
217	335	
217	335	
217	335	
217	335	
217	335	367	327	
217	335	209	
217	335	463	
217	335	
217	335	
217	335	209	334	
217	335	
217	335	367	
217	335	
217	335	221	
217	335	201	209	
217	335	209	
217	335	
217	335	367	
217	335	
217	335	201	
217	335	
217	335	
217	335	
217	335	
217	335	327	
217	335	327	
217	335	
217	335	
217	335	351	
217	335	
217	335	
217	335	
217	335	367	383	
217	335	
217	335	367	363	216	
217	335	367	383	
217	335	367	209	
217	335	367	302	
217	335	367	216	
217	335	
217	335	
217	335	
217	335	271	
217	335	327	
217	335	
217	335	
217	335	
217	335	367	221	
217	335	367	359	
217	335	367	
217	335	367	366	
217	335	
217	335	367	
217	335	367	383	
217	335	367	209	
217	335	153	
217	335	367	
217	335	383	327	
217	335	209	
217	335	
217	335	153	
217	335	
217	335	
217	335	
217	335	
217	335	
217	335	
217	335	367	363	
217	335	
217	335	367	
217	335	367	153	
217	335	
217	335	
217	335	
217	335	
217	335	
217	335	
217	335	334	
217	335	
217	335	
217	335	
217	335	
217	335	
217	335	
217	335	
217	335	
217	335	367	
217	335	327	
217	335	216	
217	335	
217	335	
217	335	463	
217	335	
217	335	
217	335	
217	335	
217	335	367	378	383	
217	335	
217	335	367	
217	335	
217	335	367	219	
217	335	367	
217	335	
217	335	
217	335	
217	335	
217	335	333	
217	335	333	
217	335	365	367	
217	335	
217	335	
217	335	
217	335	
217	335	201	
217	335	
217	335	
217	335	
217	335	
217	335	
217	335	
217	335	
217	335	
217	335	383	319	
217	335	
217	335	221	263	271	
217	335	367	221	333	
217	335	
217	335	
217	335	
217	335	
217	335	
217	335	
217	335	367	
217	335	
217	335	367	334	
217	335	367	
217	335	
217	335	
217	335	
217	335	367	
217	335	
217	335	
217	335	209	
217	335	367	209	
217	335	
217	335	
217	335	
217	335	334	331	367	
217	335	334	
217	335	
217	335	
217	335	209	
217	335	367	
217	335	367	
217	335	
217	335	
217	335	
217	335	
217	335	367	
217	335	367	327	
217	335	
217	335	153	
217	335	201	
217	335	367	
217	335	
217	335	351	
217	335	
217	335	
217	335	
217	335	249	327	367	
217	335	
217	335	
217	335	
217	335	
217	335	
217	335	201	
217	335	
217	335	367	216	
217	335	
217	335	221	
217	335	
217	335	
217	335	
217	335	219	
217	335	367	
217	335	
217	335	
217	335	463	
217	335	367	
217	335	
217	335	
217	335	
217	335	367	
217	335	
217	335	
217	335	367	
217	335	
217	335	367	
217	335	
217	335	
217	335	219	
217	335	249	
217	335	201	
217	335	
217	335	
217	335	
217	335	271	
217	335	
217	335	
217	335	145	
217	335	367	
217	335	367	
217	335	383	367	365	271	
217	335	383	333	
217	335	383	367	
217	335	383	367	
217	335	383	
217	335	383	
217	335	
217	335	
217	335	
217	335	
217	335	209	
217	335	367	
217	335	219	
217	335	
