1	363	339	702
2	304	348	652
3	324	311	635
4	310	314	624
5	324	304	628
6	312	329	641
7	340	308	648
8	335	305	640
9	334	316	650
10	312	341	653
11	319	326	645
12	308	337	645
13	323	316	639
14	335	320	655
15	339	335	674
16	336	331	667
17	354	333	687
18	348	328	676
19	344	328	672
20	342	323	665
21	332	359	691
22	359	343	702
23	326	360	686
24	380	372	752
25	412	393	805
26	446	406	852
27	446	422	868
28	449	439	888
29	427	460	887
30	439	446	885
31	436	425	861
32	479	456	935
33	521	503	1024
34	561	530	1091
35	581	519	1100
36	559	528	1087
37	579	493	1072
38	579	503	1082
39	571	504	1075
40	582	480	1062
41	574	474	1048
42	577	459	1036
43	556	488	1044
44	536	474	1010
45	570	459	1029
46	552	470	1022
47	588	487	1075
48	565	473	1038
49	542	533	1075
50	504	520	1024
51	503	511	1014
52	480	507	987
53	456	546	1002
54	410	547	957
55	416	548	964
56	402	545	947
57	383	538	921
58	373	535	908
59	345	561	906
60	353	553	906
61	343	541	884
62	379	486	865
63	401	446	847
64	397	448	845
65	409	431	840
66	415	426	841
67	437	420	857
68	428	441	869
69	464	424	888
70	431	480	911
71	450	451	901
72	438	435	873
73	435	442	877
74	417	441	858
75	445	434	879
76	432	402	834
77	451	405	856
78	444	415	859
79	469	403	872
80	458	404	862
81	421	404	825
82	436	384	820
83	424	375	799
84	412	394	806
85	397	379	776
86	399	361	760
87	362	382	744
88	346	407	753
89	317	420	737
90	312	441	753
91	311	471	782
92	299	469	768
93	303	468	771
94	332	446	778
95	331	436	767
96	358	402	760
97	348	377	725
98	362	360	722
99	357	334	691
100	353	368	721
101	360	384	744
102	366	373	739
103	384	390	774
104	414	363	777
105	440	351	791
106	439	300	739
107	456	353	809
108	424	308	732
109	384	318	702
110	382	297	679
111	372	342	714
112	361	364	725
113	371	369	740
114	372	355	727
115	395	391	786
116	388	432	820
117	408	473	881
118	445	502	947
119	465	484	949
120	503	481	984
121	483	458	941
122	490	478	968
123	484	484	968
124	504	490	994
125	512	507	1019
126	476	488	964
127	501	486	987
128	512	475	987
129	514	477	991
130	520	508	1028
131	527	516	1043
132	566	507	1073
133	531	500	1031
134	534	513	1047
135	539	502	1041
136	534	530	1064
137	537	523	1060
138	505	528	1033
139	533	517	1050
140	537	497	1034
141	524	510	1034
142	526	507	1033
143	537	504	1041
144	520	533	1053
145	528	491	1019
146	512	501	1013
147	514	503	1017
148	530	511	1041
149	516	515	1031
150	528	514	1042
151	533	515	1048
152	538	505	1043
153	518	492	1010
154	529	509	1038
155	542	491	1033
156	537	514	1051
157	528	523	1051
158	547	495	1042
159	529	529	1058
160	534	518	1052
161	526	518	1044
162	530	531	1061
163	524	526	1050
164	513	518	1031
165	542	509	1051
166	550	525	1075
167	541	526	1067
168	522	526	1048
169	518	493	1011
170	550	502	1052
171	523	498	1021
172	523	519	1042
173	550	502	1052
174	522	520	1042
175	522	521	1043
176	520	510	1030
177	510	501	1011
178	534	493	1027
179	508	504	1012
180	518	511	1029
181	483	537	1020
182	481	524	1005
183	457	519	976
184	455	520	975
185	453	528	981
186	459	507	966
187	435	518	953
188	383	522	905
189	378	513	891
190	347	523	870
191	346	541	887
192	323	520	843
193	331	491	822
194	393	456	849
195	407	389	796
196	454	323	777
197	459	393	852
198	447	460	907
199	329	544	873
200	301	595	896
201	283	573	856
202	358	581	939
203	549	421	970
204	502	428	930
205	506	457	963
206	475	485	960
207	490	527	1017
208	485	520	1005
209	481	551	1032
210	491	526	1017
211	464	520	984
212	479	540	1019
213	485	534	1019
214	473	531	1004
215	464	539	1003
216	478	538	1016
217	483	526	1009
218	472	490	962
219	470	499	969
220	486	520	1006
221	464	527	991
222	488	533	1021
223	498	542	1040
224	456	521	977
225	460	518	978
226	483	518	1001
227	464	525	989
228	475	527	1002
229	455	510	965
230	467	506	973
231	473	525	998
232	463	519	982
233	454	539	993
234	463	539	1002
235	471	545	1016
236	490	524	1014
237	469	534	1003
238	481	535	1016
239	500	516	1016
240	473	536	1009
241	476	528	1004
242	469	510	979
243	454	532	986
244	486	541	1027
245	467	524	991
246	462	533	995
247	478	524	1002
248	483	523	1006
249	461	525	986
250	469	501	970
251	496	505	1001
252	500	523	1023
253	453	536	989
254	493	543	1036
255	470	538	1008
256	477	518	995
257	467	548	1015
258	462	526	988
259	476	524	1000
260	480	523	1003
261	478	511	989
262	460	538	998
263	487	529	1016
264	494	511	1005
265	472	517	989
266	468	546	1014
267	466	510	976
268	491	545	1036
269	457	509	966
270	483	555	1038
271	456	539	995
272	471	531	1002
273	478	526	1004
274	458	537	995
275	464	526	990
276	461	529	990
277	459	536	995
278	479	529	1008
279	486	529	1015
280	463	530	993
281	448	528	976
282	484	546	1030
283	446	524	970
284	465	523	988
285	471	514	985
286	478	555	1033
287	464	533	997
288	477	526	1003
289	465	524	989
290	472	526	998
291	464	529	993
292	468	545	1013
293	450	520	970
294	464	507	971
295	486	535	1021
296	475	525	1000
297	476	526	1002
298	480	528	1008
299	481	525	1006
300	473	556	1029
301	475	532	1007
302	488	545	1033
303	470	536	1006
304	491	530	1021
305	462	535	997
306	478	510	988
307	478	529	1007
308	497	529	1026
309	469	532	1001
310	469	536	1005
311	494	544	1038
312	470	549	1019
313	473	533	1006
314	469	526	995
315	482	542	1024
316	493	517	1010
317	474	530	1004
318	467	536	1003
319	458	533	991
320	480	520	1000
321	469	537	1006
322	466	532	998
323	475	536	1011
324	481	538	1019
325	466	510	976
326	478	506	984
327	480	524	1004
328	484	548	1032
329	469	543	1012
330	483	520	1003
331	465	537	1002
332	473	517	990
333	498	523	1021
334	484	520	1004
335	460	525	985
336	479	523	1002
337	483	520	1003
338	481	526	1007
339	451	528	979
340	460	536	996
341	483	559	1042
342	488	552	1040
343	479	532	1011
344	463	514	977
345	468	540	1008
346	500	517	1017
347	486	538	1024
348	479	541	1020
349	483	540	1023
350	463	526	989
351	484	534	1018
352	486	513	999
353	483	524	1007
354	465	526	991
355	448	517	965
356	496	537	1033
357	489	541	1030
358	456	545	1001
359	476	536	1012
360	448	530	978
361	482	519	1001
362	486	528	1014
363	486	529	1015
364	471	506	977
365	469	507	976
366	452	533	985
367	469	536	1005
368	483	528	1011
369	489	553	1042
370	452	554	1006
371	465	531	996
372	462	522	984
373	477	506	983
374	495	512	1007
375	498	504	1002
376	474	518	992
377	463	527	990
378	471	545	1016
379	481	517	998
380	442	537	979
381	451	530	981
382	475	521	996
383	474	538	1012
384	476	522	998
385	446	533	979
386	488	530	1018
387	465	508	973
388	478	530	1008
389	475	546	1021
390	467	536	1003
391	479	515	994
392	481	527	1008
393	463	536	999
394	477	543	1020
395	495	520	1015
396	499	541	1040
397	484	525	1009
398	467	546	1013
399	455	519	974
400	452	497	949
401	461	515	976
402	483	522	1005
403	482	523	1005
404	464	505	969
405	457	541	998
406	469	542	1011
407	479	564	1043
408	465	531	996
409	485	544	1029
410	482	521	1003
411	464	554	1018
412	485	519	1004
413	464	534	998
414	470	536	1006
415	460	549	1009
416	468	529	997
417	475	535	1010
418	469	527	996
419	494	510	1004
420	482	514	996
421	484	521	1005
422	476	543	1019
423	459	539	998
424	484	521	1005
425	486	539	1025
426	467	510	977
427	478	533	1011
428	469	524	993
429	473	517	990
430	454	529	983
431	488	558	1046
432	459	551	1010
433	483	525	1008
434	452	536	988
435	466	524	990
436	493	535	1028
437	487	513	1000
438	460	534	994
439	475	543	1018
440	480	551	1031
441	471	538	1009
442	476	543	1019
443	461	533	994
444	463	537	1000
445	465	534	999
446	464	558	1022
447	477	530	1007
448	482	517	999
449	490	513	1003
450	485	524	1009
451	468	526	994
452	485	525	1010
453	455	529	984
454	481	552	1033
455	479	535	1014
456	463	538	1001
457	468	514	982
458	477	524	1001
459	476	514	990
460	458	527	985
461	456	514	970
462	474	532	1006
463	470	527	997
464	467	532	999
465	420	510	930
466	471	559	1030
467	459	520	979
468	460	521	981
469	485	516	1001
470	489	524	1013
471	491	528	1019
472	461	539	1000
473	488	543	1031
474	481	536	1017
475	466	539	1005
476	465	539	1004
477	492	535	1027
478	481	533	1014
479	474	559	1033
480	474	538	1012
481	498	542	1040
482	480	543	1023
483	475	539	1014
484	495	538	1033
485	464	520	984
486	471	533	1004
487	476	530	1006
488	476	549	1025
489	455	545	1000
490	475	536	1011
491	479	529	1008
492	464	543	1007
493	483	540	1023
494	463	524	987
495	479	542	1021
496	471	532	1003
497	479	541	1020
498	465	521	986
499	463	515	978
500	494	538	1032
501	487	528	1015
502	463	554	1017
503	470	522	992
504	469	517	986
505	479	527	1006
506	471	549	1020
507	484	533	1017
508	473	535	1008
509	505	512	1017
510	489	515	1004
511	489	537	1026
512	475	518	993
513	477	513	990
514	466	516	982
515	489	523	1012
516	483	544	1027
517	498	529	1027
518	474	522	996
519	474	533	1007
520	485	541	1026
521	467	541	1008
522	456	534	990
523	458	558	1016
524	479	518	997
525	470	535	1005
526	489	554	1043
527	479	553	1032
528	506	520	1026
529	525	524	1049
530	519	553	1072
531	505	535	1040
532	502	552	1054
533	513	532	1045
534	515	531	1046
535	537	517	1054
536	552	541	1093
537	543	521	1064
538	555	545	1100
539	536	515	1051
540	555	537	1092
541	546	531	1077
542	526	543	1069
543	556	533	1089
544	552	541	1093
545	566	533	1099
546	564	505	1069
547	554	531	1085
548	546	538	1084
549	584	524	1108
550	545	522	1067
551	555	524	1079
552	560	491	1051
553	569	532	1101
554	559	521	1080
555	577	572	1149
556	550	542	1092
557	563	568	1131
558	523	574	1097
559	530	556	1086
560	536	560	1096
561	509	537	1046
562	531	573	1104
563	542	551	1093
564	530	560	1090
565	553	556	1109
566	540	564	1104
567	533	601	1134
568	552	590	1142
569	545	583	1128
570	536	586	1122
571	525	595	1120
572	550	568	1118
573	542	565	1107
574	531	574	1105
575	544	578	1122
576	549	565	1114
577	548	570	1118
578	544	568	1112
579	536	595	1131
580	547	590	1137
581	537	593	1130
582	514	603	1117
583	539	585	1124
584	554	578	1132
585	523	580	1103
586	540	597	1137
587	535	578	1113
588	534	577	1111
589	537	575	1112
590	540	562	1102
591	536	580	1116
592	526	591	1117
593	526	576	1102
594	560	583	1143
595	529	585	1114
596	528	577	1105
597	537	583	1120
598	511	588	1099
599	522	605	1127
600	540	587	1127
601	538	552	1090
602	552	551	1103
603	555	586	1141
604	513	582	1095
605	544	583	1127
606	507	588	1095
607	534	585	1119
608	539	565	1104
609	530	578	1108
610	555	566	1121
611	542	583	1125
612	552	561	1113
613	537	586	1123
614	535	603	1138
615	546	583	1129
616	535	590	1125
617	521	576	1097
618	526	589	1115
619	542	582	1124
620	524	563	1087
621	531	589	1120
622	540	571	1111
623	542	581	1123
624	533	587	1120
625	530	563	1093
626	535	571	1106
627	544	576	1120
628	528	566	1094
629	542	579	1121
630	545	593	1138
631	537	560	1097
632	536	580	1116
633	564	579	1143
634	527	572	1099
635	550	558	1108
636	533	567	1100
637	536	586	1122
638	554	575	1129
639	528	578	1106
640	533	591	1124
641	527	578	1105
642	537	581	1118
643	542	570	1112
644	548	558	1106
645	543	590	1133
646	544	569	1113
647	544	603	1147
648	521	589	1110
649	535	579	1114
650	546	585	1131
651	535	575	1110
652	545	575	1120
653	524	594	1118
654	526	576	1102
655	536	570	1106
656	524	570	1094
657	511	573	1084
658	538	591	1129
659	543	577	1120
660	512	593	1105
661	541	575	1116
662	539	585	1124
663	513	565	1078
664	541	582	1123
665	525	595	1120
666	544	600	1144
667	532	570	1102
668	507	586	1093
669	516	598	1114
670	533	580	1113
671	521	585	1106
672	541	570	1111
673	542	576	1118
674	535	574	1109
675	531	578	1109
676	513	603	1116
677	531	568	1099
678	550	590	1140
679	517	578	1095
680	550	566	1116
681	535	555	1090
682	557	581	1138
683	548	597	1145
684	542	583	1125
685	522	574	1096
686	536	583	1119
687	524	578	1102
688	543	569	1112
689	526	582	1108
690	523	592	1115
691	521	579	1100
692	545	568	1113
693	530	577	1107
694	535	568	1103
695	548	573	1121
696	526	568	1094
697	544	579	1123
698	519	577	1096
699	527	566	1093
700	552	569	1121
701	535	593	1128
702	539	586	1125
703	531	599	1130
704	534	558	1092
705	547	585	1132
706	554	571	1125
707	543	584	1127
708	549	567	1116
709	520	571	1091
710	539	569	1108
711	545	586	1131
712	515	590	1105
713	530	573	1103
714	541	563	1104
715	520	586	1106
716	544	583	1127
717	548	593	1141
718	543	582	1125
719	535	585	1120
720	525	592	1117
721	551	594	1145
722	525	579	1104
723	525	564	1089
724	526	570	1096
725	525	581	1106
726	561	576	1137
727	530	582	1112
728	520	573	1093
729	518	569	1087
730	537	593	1130
731	517	592	1109
732	529	588	1117
733	539	573	1112
734	536	575	1111
735	526	596	1122
736	544	593	1137
737	552	566	1118
738	538	573	1111
739	525	572	1097
740	524	605	1129
741	525	584	1109
742	505	588	1093
743	554	570	1124
744	549	571	1120
745	554	599	1153
746	543	580	1123
747	533	590	1123
748	540	573	1113
749	541	558	1099
750	528	584	1112
751	524	585	1109
752	541	599	1140
753	550	572	1122
754	523	583	1106
755	536	559	1095
756	533	586	1119
757	540	585	1125
758	513	554	1067
759	552	579	1131
760	557	577	1134
761	529	570	1099
762	546	580	1126
763	527	574	1101
764	521	582	1103
765	547	602	1149
766	533	558	1091
767	551	568	1119
768	547	587	1134
769	535	591	1126
770	525	600	1125
771	542	581	1123
772	529	578	1107
773	541	572	1113
774	545	567	1112
775	548	583	1131
776	551	567	1118
777	537	576	1113
778	551	570	1121
779	532	592	1124
780	525	575	1100
781	548	571	1119
782	518	575	1093
783	511	559	1070
784	547	588	1135
785	539	559	1098
786	556	587	1143
787	518	565	1083
788	527	613	1140
789	536	575	1111
790	543	571	1114
791	522	604	1126
792	518	591	1109
793	542	599	1141
794	550	566	1116
795	512	585	1097
796	540	581	1121
797	542	598	1140
798	556	576	1132
799	541	571	1112
800	536	570	1106
801	537	588	1125
802	527	565	1092
803	566	599	1165
804	535	574	1109
805	541	585	1126
806	544	562	1106
807	541	580	1121
808	536	584	1120
809	534	562	1096
810	540	572	1112
811	531	589	1120
812	532	570	1102
813	526	573	1099
814	554	581	1135
815	539	573	1112
816	525	592	1117
817	516	579	1095
818	523	604	1127
819	545	569	1114
820	551	563	1114
821	519	584	1103
822	541	595	1136
823	518	577	1095
824	531	589	1120
825	563	586	1149
826	549	583	1132
827	537	583	1120
828	546	557	1103
829	549	588	1137
830	514	581	1095
831	520	592	1112
832	536	568	1104
833	551	587	1138
834	524	576	1100
835	544	591	1135
836	521	588	1109
837	528	575	1103
838	519	584	1103
839	535	554	1089
840	542	548	1090
841	539	591	1130
842	545	576	1121
843	553	580	1133
844	530	588	1118
845	536	588	1124
846	560	576	1136
847	541	561	1102
848	540	584	1124
849	537	573	1110
850	549	581	1130
851	533	569	1102
852	547	585	1132
853	540	613	1153
854	555	589	1144
855	541	580	1121
856	543	579	1122
857	531	577	1108
858	530	578	1108
859	557	575	1132
860	537	597	1134
861	546	593	1139
862	527	568	1095
863	517	595	1112
864	547	584	1131
865	541	564	1105
866	526	584	1110
867	536	560	1096
868	517	599	1116
869	563	586	1149
870	540	567	1107
871	528	584	1112
872	538	584	1122
873	523	567	1090
874	548	594	1142
875	541	579	1120
876	529	580	1109
877	520	576	1096
878	548	576	1124
879	549	577	1126
880	525	585	1110
881	557	572	1129
882	559	551	1110
883	543	561	1104
884	561	591	1152
885	543	605	1148
886	537	573	1110
887	541	601	1142
888	543	582	1125
889	546	574	1120
890	544	569	1113
891	532	572	1104
892	550	578	1128
893	535	579	1114
894	559	571	1130
895	557	582	1139
896	526	561	1087
897	535	592	1127
898	528	598	1126
899	516	569	1085
900	537	576	1113
901	541	568	1109
902	547	554	1101
903	545	559	1104
904	555	567	1122
905	538	552	1090
906	547	580	1127
907	534	578	1112
908	522	593	1115
909	509	617	1126
910	542	618	1160
911	542	598	1140
912	549	574	1123
913	541	591	1132
914	514	599	1113
915	553	572	1125
916	563	577	1140
917	552	591	1143
918	526	597	1123
919	528	576	1104
920	536	580	1116
921	534	577	1111
922	520	589	1109
923	545	569	1114
924	520	590	1110
925	550	579	1129
926	530	582	1112
927	541	566	1107
928	541	579	1120
929	526	559	1085
930	529	593	1122
931	545	586	1131
932	530	593	1123
933	560	574	1134
934	537	590	1127
935	543	562	1105
936	532	602	1134
937	545	582	1127
938	523	588	1111
939	562	576	1138
940	557	585	1142
941	554	570	1124
942	542	589	1131
943	530	616	1146
944	520	583	1103
945	519	593	1112
946	531	562	1093
947	517	604	1121
948	540	589	1129
949	556	568	1124
950	543	590	1133
951	527	575	1102
952	536	570	1106
953	535	574	1109
954	539	583	1122
955	545	570	1115
956	521	569	1090
957	546	588	1134
958	534	595	1129
959	548	585	1133
960	548	562	1110
961	562	568	1130
962	558	553	1111
963	521	577	1098
964	512	573	1085
965	523	586	1109
966	537	571	1108
967	548	588	1136
968	550	554	1104
969	551	574	1125
970	518	578	1096
971	541	604	1145
972	548	586	1134
973	547	560	1107
974	538	592	1130
975	513	605	1118
976	540	578	1118
977	528	570	1098
978	540	566	1106
979	527	586	1113
980	536	584	1120
981	546	581	1127
982	521	568	1089
983	536	580	1116
984	538	593	1131
985	538	575	1113
986	535	601	1136
987	543	559	1102
988	569	570	1139
989	558	582	1140
990	551	549	1100
991	561	581	1142
992	551	598	1149
993	517	595	1112
994	543	567	1110
995	548	567	1115
996	533	596	1129
997	519	586	1105
998	536	571	1107
999	544	554	1098
1000	533	568	1101
1001	551	574	1125
1002	529	575	1104
1003	531	584	1115
1004	532	565	1097
1005	542	585	1127
1006	541	577	1118
1007	526	581	1107
1008	526	587	1113
1009	546	572	1118
1010	529	586	1115
1011	532	591	1123
1012	555	587	1142
1013	539	560	1099
1014	536	589	1125
1015	510	587	1097
1016	543	577	1120
1017	541	559	1100
1018	542	608	1150
1019	536	582	1118
1020	528	601	1129
1021	523	573	1096
1022	531	591	1122
1023	533	566	1099
1024	526	587	1113
1025	531	580	1111
1026	513	585	1098
1027	528	594	1122
1028	547	584	1131
1029	528	586	1114
1030	533	588	1121
1031	548	570	1118
1032	506	610	1116
1033	535	583	1118
1034	535	585	1120
1035	527	598	1125
1036	522	610	1132
1037	533	593	1126
1038	524	588	1112
1039	555	595	1150
1040	531	583	1114
1041	530	587	1117
1042	544	553	1097
1043	531	588	1119
1044	546	582	1128
1045	553	586	1139
1046	506	577	1083
1047	528	555	1083
1048	529	563	1092
1049	539	582	1121
1050	549	565	1114
1051	555	570	1125
1052	538	570	1108
1053	544	587	1131
1054	554	580	1134
1055	541	570	1111
1056	541	574	1115
1057	531	580	1111
1058	544	596	1140
1059	533	584	1117
1060	523	585	1108
1061	555	564	1119
1062	552	573	1125
1063	551	595	1146
1064	522	561	1083
1065	545	573	1118
1066	518	590	1108
1067	529	578	1107
1068	545	576	1121
1069	536	593	1129
1070	541	558	1099
1071	533	558	1091
1072	543	611	1154
1073	531	605	1136
1074	546	597	1143
1075	558	563	1121
1076	541	585	1126
1077	534	594	1128
1078	538	580	1118
1079	550	583	1133
1080	527	592	1119
1081	554	552	1106
1082	536	564	1100
1083	537	591	1128
1084	531	580	1111
1085	550	576	1126
1086	526	584	1110
1087	556	573	1129
1088	523	586	1109
1089	554	594	1148
1090	539	577	1116
1091	538	559	1097
1092	541	587	1128
1093	518	560	1078
1094	535	552	1087
1095	555	566	1121
1096	554	577	1131
1097	548	551	1099
1098	524	593	1117
1099	547	591	1138
1100	544	569	1113
1101	563	575	1138
1102	545	586	1131
1103	540	576	1116
1104	565	570	1135
1105	526	550	1076
1106	526	592	1118
1107	534	570	1104
1108	543	555	1098
1109	512	581	1093
1110	516	571	1087
1111	527	580	1107
1112	538	590	1128
1113	524	579	1103
1114	557	590	1147
1115	497	569	1066
1116	518	568	1086
1117	560	581	1141
1118	535	583	1118
1119	537	561	1098
1120	530	571	1101
1121	535	556	1091
1122	548	576	1124
1123	526	557	1083
1124	534	593	1127
1125	530	567	1097
1126	546	595	1141
1127	515	586	1101
1128	529	582	1111
1129	543	557	1100
1130	534	574	1108
1131	527	596	1123
1132	541	566	1107
1133	550	572	1122
1134	543	564	1107
1135	528	598	1126
1136	534	561	1095
1137	544	572	1116
1138	541	577	1118
1139	550	575	1125
1140	534	607	1141
1141	541	587	1128
1142	550	589	1139
1143	535	602	1137
1144	531	580	1111
1145	536	587	1123
1146	522	595	1117
1147	550	578	1128
1148	528	563	1091
1149	547	565	1112
1150	546	566	1112
1151	508	570	1078
1152	521	587	1108
1153	554	560	1114
1154	523	563	1086
1155	553	563	1116
1156	549	559	1108
1157	539	571	1110
1158	533	583	1116
1159	531	584	1115
1160	521	571	1092
1161	523	587	1110
1162	551	581	1132
1163	525	598	1123
1164	546	605	1151
1165	544	582	1126
1166	532	557	1089
1167	536	562	1098
1168	550	588	1138
1169	538	582	1120
1170	526	573	1099
1171	518	574	1092
1172	539	575	1114
1173	538	571	1109
1174	520	603	1123
1175	542	581	1123
1176	532	569	1101
1177	552	583	1135
1178	539	592	1131
1179	529	592	1121
1180	526	582	1108
1181	535	568	1103
1182	538	570	1108
1183	532	581	1113
1184	509	583	1092
1185	528	583	1111
1186	530	568	1098
1187	536	585	1121
1188	535	577	1112
1189	521	595	1116
1190	548	577	1125
1191	550	581	1131
1192	545	580	1125
1193	537	603	1140
1194	525	568	1093
1195	514	576	1090
1196	537	576	1113
1197	525	589	1114
1198	524	573	1097
1199	530	583	1113
1200	542	556	1098
1201	535	593	1128
1202	514	584	1098
1203	528	596	1124
1204	547	586	1133
1205	539	571	1110
1206	536	587	1123
1207	526	567	1093
1208	536	564	1100
1209	546	606	1152
1210	544	575	1119
1211	557	586	1143
1212	533	557	1090
1213	549	561	1110
1214	542	578	1120
1215	554	569	1123
1216	532	610	1142
1217	547	591	1138
1218	542	587	1129
1219	520	600	1120
1220	540	590	1130
1221	528	583	1111
1222	547	590	1137
1223	542	596	1138
1224	551	575	1126
1225	540	591	1131
1226	540	588	1128
1227	558	575	1133
1228	521	565	1086
1229	557	587	1144
1230	534	576	1110
1231	548	582	1130
1232	546	578	1124
1233	537	581	1118
1234	522	566	1088
1235	545	562	1107
1236	540	580	1120
1237	541	588	1129
1238	533	584	1117
1239	565	583	1148
1240	558	564	1122
1241	543	580	1123
1242	543	580	1123
1243	539	586	1125
1244	557	578	1135
1245	532	558	1090
1246	551	579	1130
1247	528	591	1119
1248	521	593	1114
1249	532	586	1118
1250	534	584	1118
1251	542	586	1128
1252	545	582	1127
1253	531	563	1094
1254	524	547	1071
1255	546	564	1110
1256	562	570	1132
1257	538	568	1106
1258	544	572	1116
1259	542	578	1120
1260	543	574	1117
1261	519	575	1094
1262	539	569	1108
1263	547	560	1107
1264	536	611	1147
1265	528	601	1129
1266	533	582	1115
1267	537	582	1119
1268	531	575	1106
1269	546	588	1134
1270	531	598	1129
1271	517	609	1126
1272	529	578	1107
1273	546	587	1133
1274	539	552	1091
1275	532	573	1105
1276	530	571	1101
1277	510	614	1124
1278	538	585	1123
1279	550	586	1136
1280	526	577	1103
1281	580	566	1146
1282	569	577	1146
1283	560	590	1150
1284	535	569	1104
1285	552	584	1136
1286	555	574	1129
1287	548	569	1117
1288	530	578	1108
1289	557	569	1126
1290	546	571	1117
1291	528	578	1106
1292	531	590	1121
1293	542	568	1110
1294	522	553	1075
1295	569	584	1153
1296	553	592	1145
1297	547	571	1118
1298	536	576	1112
1299	541	567	1108
1300	525	564	1089
1301	536	571	1107
1302	524	602	1126
1303	544	585	1129
1304	561	586	1147
1305	535	561	1096
1306	528	585	1113
1307	528	566	1094
1308	508	584	1092
1309	537	606	1143
1310	555	572	1127
1311	562	571	1133
1312	527	576	1103
1313	539	572	1111
1314	529	604	1133
1315	536	592	1128
1316	553	566	1119
1317	531	573	1104
1318	543	591	1134
1319	543	576	1119
1320	522	579	1101
1321	538	580	1118
1322	535	564	1099
1323	526	583	1109
1324	535	558	1093
1325	518	580	1098
1326	510	565	1075
1327	551	583	1134
1328	558	575	1133
1329	553	560	1113
1330	512	577	1089
1331	544	592	1136
1332	540	595	1135
1333	547	571	1118
1334	526	563	1089
1335	535	565	1100
1336	539	603	1142
1337	550	590	1140
1338	547	593	1140
1339	554	582	1136
1340	537	600	1137
1341	525	572	1097
1342	509	568	1077
1343	522	580	1102
1344	534	580	1114
1345	532	570	1102
1346	537	593	1130
1347	537	563	1100
1348	531	571	1102
1349	525	577	1102
1350	528	578	1106
1351	559	585	1144
1352	541	569	1110
1353	548	592	1140
1354	545	564	1109
1355	540	567	1107
1356	543	576	1119
1357	537	569	1106
1358	535	585	1120
1359	538	586	1124
1360	535	578	1113
1361	549	584	1133
1362	543	564	1107
1363	550	583	1133
1364	564	586	1150
1365	568	587	1155
1366	516	594	1110
1367	539	592	1131
1368	522	599	1121
1369	537	580	1117
1370	550	577	1127
1371	540	575	1115
1372	525	597	1122
1373	555	589	1144
1374	525	586	1111
1375	534	584	1118
1376	541	565	1106
1377	520	564	1084
1378	531	590	1121
1379	562	581	1143
1380	536	596	1132
1381	566	572	1138
1382	529	564	1093
1383	534	567	1101
1384	548	586	1134
1385	536	590	1126
1386	524	580	1104
1387	541	587	1128
1388	540	587	1127
1389	563	578	1141
1390	521	601	1122
1391	542	577	1119
1392	541	582	1123
1393	550	583	1133
1394	528	584	1112
1395	544	587	1131
1396	561	585	1146
1397	555	594	1149
1398	532	600	1132
1399	533	591	1124
1400	511	597	1108
1401	543	565	1108
1402	532	579	1111
1403	533	608	1141
1404	523	564	1087
1405	526	568	1094
1406	548	588	1136
1407	550	591	1141
1408	539	570	1109
1409	533	571	1104
1410	525	566	1091
1411	536	574	1110
1412	546	588	1134
1413	521	566	1087
1414	532	603	1135
1415	546	577	1123
1416	531	590	1121
1417	559	564	1123
1418	517	572	1089
1419	528	564	1092
1420	550	593	1143
1421	543	580	1123
1422	548	562	1110
1423	540	579	1119
1424	525	572	1097
1425	534	564	1098
1426	531	584	1115
1427	543	569	1112
1428	507	581	1088
1429	540	590	1130
1430	539	572	1111
1431	537	586	1123
1432	541	584	1125
1433	525	563	1088
1434	548	560	1108
1435	546	561	1107
1436	543	578	1121
1437	553	592	1145
1438	539	586	1125
1439	520	602	1122
1440	526	565	1091
1441	523	568	1091
1442	528	573	1101
1443	510	595	1105
1444	572	588	1160
1445	533	573	1106
1446	533	584	1117
1447	535	592	1127
1448	533	581	1114
1449	536	579	1115
1450	525	588	1113
1451	527	585	1112
1452	542	598	1140
1453	520	571	1091
1454	553	582	1135
1455	533	555	1088
1456	547	604	1151
1457	545	579	1124
1458	527	576	1103
1459	546	593	1139
1460	516	564	1080
1461	548	597	1145
1462	546	558	1104
1463	543	597	1140
1464	514	584	1098
1465	544	584	1128
1466	516	582	1098
1467	553	574	1127
1468	552	586	1138
1469	544	562	1106
1470	543	592	1135
1471	536	586	1122
1472	557	573	1130
1473	527	580	1107
1474	518	580	1098
1475	538	575	1113
1476	554	604	1158
1477	542	554	1096
1478	522	568	1090
1479	523	570	1093
1480	554	578	1132
1481	532	560	1092
1482	523	569	1092
1483	565	576	1141
1484	526	569	1095
1485	542	560	1102
1486	537	586	1123
1487	551	582	1133
1488	537	587	1124
1489	522	557	1079
1490	544	599	1143
1491	550	566	1116
1492	506	587	1093
1493	541	572	1113
1494	551	569	1120
1495	534	581	1115
1496	544	576	1120
1497	533	577	1110
1498	520	594	1114
1499	527	567	1094
1500	533	570	1103
1501	543	591	1134
1502	521	571	1092
1503	536	580	1116
1504	533	585	1118
1505	537	569	1106
1506	543	580	1123
1507	504	569	1073
1508	514	589	1103
1509	538	584	1122
1510	527	573	1100
1511	550	608	1158
1512	549	576	1125
1513	536	592	1128
1514	561	569	1130
1515	528	575	1103
1516	527	582	1109
1517	558	579	1137
1518	525	574	1099
1519	550	581	1131
1520	515	583	1098
1521	537	588	1125
1522	539	542	1081
1523	533	580	1113
1524	552	581	1133
1525	542	558	1100
1526	549	575	1124
1527	526	591	1117
1528	537	580	1117
1529	560	574	1134
1530	523	561	1084
1531	543	565	1108
1532	529	570	1099
1533	530	580	1110
1534	525	557	1082
1535	535	579	1114
1536	531	576	1107
1537	541	574	1115
1538	541	584	1125
1539	548	601	1149
1540	534	590	1124
1541	521	572	1093
1542	540	579	1119
1543	543	571	1114
1544	528	568	1096
1545	526	589	1115
1546	527	571	1098
1547	531	589	1120
1548	544	583	1127
1549	518	598	1116
1550	547	572	1119
1551	519	565	1084
1552	507	566	1073
1553	559	571	1130
1554	529	544	1073
1555	502	590	1092
1556	540	578	1118
1557	527	578	1105
1558	538	600	1138
1559	526	551	1077
1560	526	590	1116
1561	542	584	1126
1562	532	568	1100
1563	548	553	1101
1564	545	595	1140
1565	544	571	1115
1566	557	576	1133
1567	555	573	1128
1568	547	567	1114
1569	523	575	1098
1570	525	574	1099
1571	532	571	1103
1572	527	580	1107
1573	556	570	1126
1574	522	577	1099
1575	539	575	1114
1576	541	561	1102
1577	547	567	1114
1578	540	600	1140
1579	551	547	1098
1580	517	568	1085
1581	539	604	1143
1582	550	597	1147
1583	542	576	1118
1584	535	583	1118
1585	542	573	1115
1586	568	568	1136
1587	536	574	1110
1588	539	576	1115
1589	530	579	1109
1590	532	593	1125
1591	525	562	1087
1592	563	561	1124
1593	550	575	1125
1594	547	596	1143
1595	533	599	1132
1596	534	574	1108
1597	534	558	1092
1598	536	579	1115
1599	539	596	1135
1600	540	593	1133
1601	555	574	1129
1602	544	596	1140
1603	548	588	1136
1604	565	577	1142
1605	536	588	1124
1606	551	594	1145
1607	531	583	1114
1608	535	597	1132
1609	536	556	1092
1610	536	563	1099
1611	529	572	1101
1612	533	584	1117
1613	547	577	1124
1614	516	583	1099
1615	532	575	1107
1616	532	594	1126
1617	518	592	1110
1618	507	579	1086
1619	546	556	1102
1620	554	595	1149
1621	533	545	1078
1622	554	556	1110
1623	544	572	1116
1624	550	563	1113
1625	526	576	1102
1626	536	569	1105
1627	548	579	1127
1628	551	589	1140
1629	537	580	1117
1630	543	554	1097
1631	528	594	1122
1632	527	579	1106
1633	535	570	1105
1634	536	563	1099
1635	550	574	1124
1636	530	574	1104
1637	548	570	1118
1638	552	605	1157
1639	554	571	1125
1640	520	570	1090
1641	531	580	1111
1642	530	574	1104
1643	533	572	1105
1644	535	589	1124
1645	527	585	1112
1646	545	574	1119
1647	540	584	1124
1648	547	567	1114
1649	527	586	1113
1650	531	600	1131
1651	532	593	1125
1652	545	567	1112
1653	532	582	1114
1654	534	563	1097
1655	535	568	1103
1656	541	573	1114
1657	538	548	1086
1658	534	581	1115
1659	555	574	1129
1660	547	587	1134
1661	540	567	1107
1662	516	571	1087
1663	528	566	1094
1664	511	586	1097
1665	549	564	1113
1666	529	613	1142
1667	529	574	1103
1668	558	578	1136
1669	544	607	1151
1670	534	582	1116
1671	545	591	1136
1672	519	596	1115
1673	541	569	1110
1674	546	575	1121
1675	541	572	1113
1676	528	555	1083
1677	563	596	1159
1678	533	577	1110
1679	548	591	1139
1680	541	585	1126
1681	553	571	1124
1682	557	596	1153
1683	534	575	1109
1684	547	583	1130
1685	543	577	1120
1686	551	582	1133
1687	544	609	1153
1688	563	593	1156
1689	538	581	1119
1690	534	573	1107
1691	527	590	1117
1692	543	582	1125
1693	535	583	1118
1694	532	578	1110
1695	510	589	1099
1696	541	564	1105
1697	539	563	1102
1698	530	585	1115
1699	543	547	1090
1700	534	582	1116
1701	539	567	1106
1702	531	582	1113
1703	535	572	1107
1704	518	558	1076
1705	534	599	1133
1706	542	576	1118
1707	533	570	1103
1708	554	566	1120
1709	519	573	1092
1710	549	587	1136
1711	522	581	1103
1712	531	590	1121
1713	547	575	1122
1714	530	574	1104
1715	538	584	1122
1716	516	585	1101
1717	537	596	1133
1718	511	578	1089
1719	506	580	1086
1720	560	575	1135
1721	530	579	1109
1722	532	555	1087
1723	544	591	1135
1724	566	587	1153
1725	531	601	1132
1726	526	597	1123
1727	548	590	1138
1728	530	580	1110
1729	551	568	1119
1730	545	577	1122
1731	530	586	1116
1732	539	602	1141
1733	537	575	1112
1734	532	577	1109
1735	551	568	1119
1736	541	565	1106
1737	534	574	1108
1738	548	572	1120
1739	536	571	1107
1740	525	569	1094
1741	522	591	1113
1742	526	570	1096
1743	534	597	1131
1744	523	585	1108
1745	551	572	1123
1746	528	583	1111
1747	540	588	1128
1748	532	563	1095
1749	554	588	1142
1750	553	582	1135
1751	528	585	1113
1752	547	563	1110
1753	536	598	1134
1754	512	568	1080
1755	543	572	1115
1756	533	546	1079
1757	530	570	1100
1758	541	589	1130
1759	542	578	1120
1760	538	584	1122
1761	521	584	1105
1762	527	576	1103
1763	532	570	1102
1764	525	588	1113
1765	549	600	1149
1766	509	586	1095
1767	536	588	1124
1768	538	584	1122
1769	517	571	1088
1770	570	599	1169
1771	534	577	1111
1772	558	569	1127
1773	534	578	1112
1774	551	583	1134
1775	550	558	1108
1776	532	592	1124
1777	539	574	1113
1778	545	581	1126
1779	527	594	1121
1780	515	606	1121
1781	529	571	1100
1782	527	580	1107
1783	526	603	1129
1784	536	575	1111
1785	543	587	1130
1786	534	586	1120
1787	540	584	1124
1788	544	560	1104
1789	548	579	1127
1790	539	593	1132
1791	525	588	1113
1792	532	575	1107
1793	542	569	1111
1794	570	559	1129
1795	552	597	1149
1796	540	594	1134
1797	556	597	1153
1798	560	590	1150
1799	528	561	1089
1800	539	568	1107
1801	547	583	1130
1802	559	594	1153
1803	533	584	1117
1804	542	566	1108
1805	520	585	1105
1806	549	584	1133
1807	556	580	1136
1808	522	594	1116
1809	553	579	1132
1810	532	570	1102
1811	544	552	1096
1812	546	579	1125
1813	543	545	1088
1814	514	592	1106
1815	537	585	1122
1816	538	571	1109
1817	525	579	1104
1818	536	577	1113
1819	547	566	1113
1820	520	579	1099
1821	517	568	1085
1822	558	588	1146
1823	528	606	1134
1824	524	593	1117
1825	527	583	1110
1826	545	587	1132
1827	527	596	1123
1828	545	592	1137
1829	541	586	1127
1830	534	589	1123
1831	558	604	1162
1832	544	581	1125
1833	542	588	1130
1834	526	553	1079
1835	537	560	1097
1836	529	556	1085
1837	535	554	1089
1838	519	584	1103
1839	518	570	1088
1840	528	570	1098
1841	554	598	1152
1842	548	563	1111
1843	533	597	1130
1844	548	597	1145
1845	532	573	1105
1846	542	570	1112
1847	517	569	1086
1848	534	597	1131
1849	519	580	1099
1850	553	581	1134
1851	521	573	1094
1852	545	574	1119
1853	523	563	1086
1854	533	577	1110
1855	541	590	1131
1856	514	571	1085
1857	528	562	1090
1858	537	573	1110
1859	540	595	1135
1860	535	570	1105
1861	521	566	1087
1862	537	577	1114
1863	538	580	1118
1864	518	577	1095
1865	557	586	1143
1866	530	570	1100
1867	553	586	1139
1868	530	566	1096
1869	532	595	1127
1870	535	584	1119
1871	512	562	1074
1872	549	590	1139
1873	521	587	1108
1874	521	585	1106
1875	531	585	1116
1876	519	578	1097
1877	528	591	1119
1878	544	577	1121
1879	542	581	1123
1880	551	580	1131
1881	537	588	1125
1882	523	576	1099
1883	523	581	1104
1884	532	595	1127
1885	510	584	1094
1886	528	578	1106
1887	554	594	1148
1888	566	579	1145
1889	537	578	1115
1890	536	568	1104
1891	557	595	1152
1892	553	571	1124
1893	532	579	1111
1894	544	575	1119
1895	566	565	1131
1896	547	572	1119
1897	526	591	1117
1898	521	576	1097
1899	538	584	1122
1900	539	596	1135
1901	519	585	1104
1902	528	567	1095
1903	528	564	1092
1904	538	577	1115
1905	534	585	1119
1906	568	573	1141
1907	557	572	1129
1908	548	586	1134
1909	554	585	1139
1910	536	560	1096
1911	525	582	1107
1912	529	579	1108
1913	540	577	1117
1914	531	609	1140
1915	545	610	1155
1916	536	572	1108
1917	544	577	1121
1918	545	573	1118
1919	550	585	1135
1920	550	562	1112
1921	527	597	1124
1922	540	599	1139
1923	549	573	1122
1924	546	586	1132
1925	545	586	1131
1926	523	586	1109
1927	547	588	1135
1928	548	581	1129
1929	553	582	1135
1930	553	587	1140
1931	514	586	1100
1932	530	580	1110
1933	537	588	1125
1934	547	573	1120
1935	540	564	1104
1936	530	594	1124
1937	531	580	1111
1938	551	580	1131
1939	522	589	1111
1940	530	594	1124
1941	532	583	1115
1942	534	558	1092
1943	545	572	1117
1944	534	583	1117
1945	562	576	1138
1946	546	557	1103
1947	562	563	1125
1948	526	583	1109
1949	516	576	1092
1950	528	581	1109
1951	527	581	1108
1952	538	585	1123
1953	519	579	1098
1954	532	560	1092
1955	558	569	1127
1956	531	581	1112
1957	534	565	1099
1958	529	579	1108
1959	539	598	1137
1960	544	590	1134
1961	535	565	1100
1962	544	571	1115
1963	555	544	1099
1964	536	556	1092
1965	517	562	1079
1966	539	593	1132
1967	533	580	1113
1968	534	584	1118
1969	546	581	1127
1970	549	568	1117
1971	547	587	1134
1972	517	597	1114
1973	538	574	1112
1974	530	563	1093
1975	532	574	1106
1976	527	587	1114
1977	544	566	1110
1978	563	582	1145
1979	526	574	1100
1980	525	576	1101
1981	544	578	1122
1982	541	565	1106
1983	555	581	1136
1984	521	592	1113
1985	537	589	1126
1986	534	598	1132
1987	524	575	1099
1988	544	588	1132
1989	541	562	1103
1990	556	573	1129
1991	547	561	1108
1992	525	596	1121
1993	531	582	1113
1994	536	592	1128
1995	532	571	1103
1996	541	583	1124
1997	539	582	1121
1998	529	582	1111
1999	542	562	1104
2000	524	582	1106
2001	530	571	1101
2002	515	587	1102
2003	535	598	1133
2004	537	563	1100
2005	519	587	1106
2006	553	577	1130
2007	536	582	1118
2008	524	591	1115
2009	549	592	1141
2010	542	566	1108
2011	534	586	1120
2012	546	579	1125
2013	549	580	1129
2014	535	572	1107
2015	532	578	1110
2016	518	589	1107
2017	535	587	1122
2018	542	569	1111
2019	531	588	1119
2020	533	575	1108
2021	555	557	1112
2022	546	591	1137
2023	548	591	1139
2024	546	574	1120
2025	516	608	1124
2026	543	608	1151
2027	532	568	1100
2028	538	570	1108
2029	535	583	1118
2030	521	569	1090
2031	540	575	1115
2032	541	576	1117
2033	532	567	1099
2034	546	586	1132
2035	553	578	1131
2036	533	603	1136
2037	534	585	1119
2038	524	586	1110
2039	536	566	1102
2040	550	565	1115
2041	574	567	1141
2042	548	595	1143
2043	563	576	1139
2044	538	580	1118
2045	515	568	1083
2046	510	565	1075
2047	532	582	1114
2048	552	588	1140
2049	531	584	1115
2050	547	593	1140
2051	512	599	1111
2052	532	566	1098
2053	562	578	1140
2054	529	618	1147
2055	528	598	1126
2056	559	596	1155
2057	535	580	1115
2058	543	552	1095
2059	551	588	1139
2060	542	576	1118
2061	539	571	1110
2062	548	579	1127
2063	553	581	1134
2064	517	577	1094
2065	540	586	1126
2066	529	589	1118
2067	551	573	1124
2068	551	604	1155
2069	525	591	1116
2070	545	591	1136
2071	549	577	1126
2072	546	588	1134
2073	521	583	1104
2074	520	613	1133
2075	554	557	1111
2076	554	593	1147
2077	522	584	1106
2078	562	590	1152
2079	554	580	1134
2080	527	562	1089
2081	548	570	1118
2082	511	568	1079
2083	520	586	1106
2084	553	573	1126
2085	534	568	1102
2086	536	591	1127
2087	534	589	1123
2088	535	577	1112
2089	549	598	1147
2090	522	604	1126
2091	558	562	1120
2092	514	584	1098
2093	538	592	1130
2094	526	587	1113
2095	540	564	1104
2096	545	566	1111
2097	553	580	1133
2098	526	571	1097
2099	555	573	1128
2100	555	564	1119
2101	557	557	1114
2102	540	551	1091
2103	539	601	1140
2104	540	567	1107
2105	525	585	1110
2106	530	584	1114
2107	556	561	1117
2108	518	567	1085
2109	547	585	1132
2110	541	587	1128
2111	558	585	1143
2112	536	588	1124
2113	542	570	1112
2114	545	580	1125
2115	520	579	1099
2116	534	555	1089
2117	539	579	1118
2118	533	589	1122
2119	545	576	1121
2120	530	563	1093
2121	545	569	1114
2122	542	573	1115
2123	532	582	1114
2124	533	574	1107
2125	542	573	1115
2126	531	583	1114
2127	538	584	1122
2128	542	590	1132
2129	520	571	1091
2130	515	575	1090
2131	540	595	1135
2132	553	582	1135
2133	531	600	1131
2134	530	569	1099
2135	540	588	1128
2136	533	567	1100
2137	552	593	1145
2138	547	556	1103
2139	529	577	1106
2140	531	579	1110
2141	547	585	1132
2142	542	561	1103
2143	553	593	1146
2144	546	589	1135
2145	533	590	1123
2146	538	584	1122
2147	552	597	1149
2148	532	583	1115
2149	538	568	1106
2150	536	609	1145
2151	552	578	1130
2152	534	582	1116
2153	522	610	1132
2154	539	567	1106
2155	559	555	1114
2156	528	567	1095
2157	531	574	1105
2158	517	586	1103
2159	533	572	1105
2160	548	586	1134
2161	535	582	1117
2162	540	590	1130
2163	531	573	1104
2164	539	586	1125
2165	543	575	1118
2166	538	596	1134
2167	536	575	1111
2168	546	574	1120
2169	515	592	1107
2170	528	588	1116
2171	519	593	1112
2172	537	578	1115
2173	536	563	1099
2174	528	590	1118
2175	551	560	1111
2176	528	607	1135
2177	558	580	1138
2178	536	590	1126
2179	550	599	1149
2180	539	556	1095
2181	543	580	1123
2182	541	555	1096
2183	546	549	1095
2184	529	568	1097
2185	527	572	1099
2186	524	594	1118
2187	514	595	1109
2188	525	581	1106
2189	527	593	1120
2190	546	604	1150
2191	529	583	1112
2192	513	564	1077
2193	551	587	1138
2194	526	558	1084
2195	543	599	1142
2196	548	578	1126
2197	541	579	1120
2198	540	573	1113
2199	545	589	1134
2200	520	599	1119
2201	523	571	1094
2202	538	567	1105
2203	525	576	1101
2204	548	596	1144
2205	547	571	1118
2206	547	586	1133
2207	523	583	1106
2208	542	596	1138
2209	569	575	1144
2210	548	586	1134
2211	559	569	1128
2212	522	550	1072
2213	550	562	1112
2214	536	577	1113
2215	563	579	1142
2216	535	572	1107
2217	535	578	1113
2218	552	595	1147
2219	543	578	1121
2220	522	583	1105
2221	546	577	1123
2222	547	570	1117
2223	560	581	1141
2224	558	573	1131
2225	542	595	1137
2226	531	576	1107
2227	540	565	1105
2228	537	577	1114
2229	538	574	1112
2230	534	605	1139
2231	537	572	1109
2232	561	567	1128
2233	550	572	1122
2234	550	560	1110
2235	560	583	1143
2236	523	577	1100
2237	521	563	1084
2238	537	575	1112
2239	544	565	1109
2240	519	547	1066
2241	531	584	1115
2242	549	579	1128
2243	530	577	1107
2244	532	573	1105
2245	542	591	1133
2246	538	577	1115
2247	518	579	1097
2248	555	573	1128
2249	544	562	1106
2250	553	607	1160
2251	507	593	1100
2252	536	562	1098
2253	544	575	1119
2254	541	572	1113
2255	532	588	1120
2256	531	578	1109
2257	547	581	1128
2258	549	591	1140
2259	520	582	1102
2260	541	590	1131
2261	532	590	1122
2262	538	590	1128
2263	546	574	1120
2264	558	573	1131
2265	531	568	1099
2266	558	580	1138
2267	517	587	1104
2268	551	595	1146
2269	528	569	1097
2270	529	574	1103
2271	540	579	1119
2272	537	564	1101
2273	555	575	1130
2274	555	590	1145
2275	522	588	1110
2276	546	581	1127
2277	542	576	1118
2278	542	606	1148
2279	554	575	1129
2280	562	581	1143
2281	542	593	1135
2282	545	578	1123
2283	548	606	1154
2284	553	577	1130
2285	561	585	1146
2286	538	577	1115
2287	546	590	1136
2288	528	589	1117
2289	521	590	1111
2290	528	578	1106
2291	519	576	1095
2292	527	572	1099
2293	533	579	1112
2294	529	579	1108
2295	535	566	1101
2296	539	555	1094
2297	538	560	1098
2298	565	574	1139
2299	515	571	1086
2300	537	588	1125
2301	548	584	1132
2302	537	571	1108
2303	550	558	1108
2304	522	576	1098
2305	536	588	1124
2306	533	575	1108
2307	556	584	1140
2308	560	585	1145
2309	541	558	1099
2310	558	584	1142
2311	524	555	1079
2312	552	575	1127
2313	535	577	1112
2314	540	583	1123
2315	549	599	1148
2316	552	581	1133
2317	545	599	1144
2318	537	582	1119
2319	539	560	1099
2320	557	555	1112
2321	544	590	1134
2322	525	593	1118
2323	547	562	1109
2324	550	566	1116
2325	543	574	1117
2326	543	544	1087
2327	544	583	1127
2328	545	573	1118
2329	545	590	1135
2330	512	565	1077
2331	533	569	1102
2332	552	572	1124
2333	548	577	1125
2334	571	586	1157
2335	515	583	1098
2336	527	572	1099
2337	549	569	1118
2338	542	584	1126
2339	571	582	1153
2340	528	586	1114
2341	553	553	1106
2342	540	554	1094
2343	522	583	1105
2344	544	582	1126
2345	543	576	1119
2346	525	573	1098
2347	533	582	1115
2348	554	586	1140
2349	526	577	1103
2350	530	582	1112
2351	527	587	1114
2352	529	585	1114
2353	546	578	1124
2354	531	588	1119
2355	534	596	1130
2356	531	601	1132
2357	547	565	1112
2358	538	598	1136
2359	540	602	1142
2360	548	591	1139
2361	545	587	1132
2362	530	594	1124
2363	516	566	1082
2364	532	589	1121
2365	523	587	1110
2366	518	581	1099
2367	553	566	1119
2368	538	606	1144
2369	539	580	1119
2370	535	578	1113
2371	542	589	1131
2372	532	592	1124
2373	529	570	1099
2374	536	584	1120
2375	533	564	1097
2376	559	564	1123
2377	547	572	1119
2378	551	557	1108
2379	545	575	1120
2380	528	579	1107
2381	532	581	1113
2382	532	578	1110
2383	550	601	1151
2384	541	571	1112
2385	527	573	1100
2386	554	576	1130
2387	531	574	1105
2388	524	565	1089
2389	540	577	1117
2390	552	569	1121
2391	567	566	1133
2392	541	575	1116
2393	531	588	1119
2394	555	583	1138
2395	527	580	1107
2396	549	570	1119
2397	554	578	1132
2398	541	575	1116
2399	519	574	1093
2400	546	578	1124
2401	543	571	1114
2402	570	571	1141
2403	503	578	1081
2404	527	578	1105
2405	514	590	1104
2406	535	579	1114
2407	503	582	1085
2408	531	594	1125
2409	514	589	1103
2410	534	585	1119
2411	535	593	1128
2412	532	560	1092
2413	524	582	1106
2414	534	553	1087
2415	537	586	1123
2416	525	571	1096
2417	528	591	1119
2418	532	581	1113
2419	533	593	1126
2420	546	583	1129
2421	544	559	1103
2422	550	564	1114
2423	532	580	1112
2424	519	569	1088
2425	541	575	1116
2426	537	586	1123
2427	522	587	1109
2428	538	586	1124
2429	537	539	1076
2430	535	584	1119
2431	548	575	1123
2432	508	588	1096
2433	528	591	1119
2434	544	576	1120
2435	532	564	1096
2436	528	579	1107
2437	547	568	1115
2438	552	595	1147
2439	535	580	1115
2440	533	585	1118
2441	532	577	1109
2442	551	584	1135
2443	544	586	1130
2444	548	603	1151
2445	543	562	1105
2446	519	571	1090
2447	547	572	1119
2448	538	583	1121
2449	519	571	1090
2450	537	545	1082
2451	522	569	1091
2452	578	562	1140
2453	552	576	1128
2454	548	561	1109
2455	529	573	1102
2456	542	602	1144
2457	539	560	1099
2458	541	592	1133
2459	577	594	1171
2460	531	572	1103
2461	543	566	1109
2462	555	595	1150
2463	530	589	1119
2464	518	581	1099
2465	523	588	1111
2466	514	574	1088
2467	515	587	1102
2468	535	595	1130
2469	542	568	1110
2470	543	571	1114
2471	533	591	1124
2472	562	587	1149
2473	535	557	1092
2474	540	569	1109
2475	552	587	1139
2476	543	583	1126
2477	520	556	1076
2478	561	572	1133
2479	556	577	1133
2480	528	584	1112
2481	544	604	1148
2482	533	598	1131
2483	541	564	1105
2484	554	568	1122
2485	552	560	1112
2486	519	570	1089
2487	548	570	1118
2488	550	584	1134
2489	536	586	1122
2490	541	559	1100
2491	533	556	1089
2492	535	577	1112
2493	538	587	1125
2494	542	603	1145
2495	523	580	1103
2496	525	577	1102
2497	557	577	1134
2498	531	588	1119
2499	525	592	1117
2500	530	599	1129
2501	527	579	1106
2502	554	588	1142
2503	531	566	1097
2504	544	576	1120
2505	531	571	1102
2506	532	574	1106
2507	558	594	1152
2508	533	598	1131
2509	552	615	1167
2510	549	571	1120
2511	525	561	1086
2512	535	577	1112
2513	529	569	1098
2514	550	567	1117
2515	523	574	1097
2516	534	587	1121
2517	542	575	1117
2518	529	592	1121
2519	550	588	1138
2520	552	580	1132
2521	542	577	1119
2522	539	581	1120
2523	552	569	1121
2524	527	586	1113
2525	531	582	1113
2526	529	561	1090
2527	543	578	1121
2528	536	580	1116
2529	542	573	1115
2530	547	583	1130
2531	537	590	1127
2532	528	596	1124
2533	555	570	1125
2534	530	602	1132
2535	535	600	1135
2536	544	603	1147
2537	517	563	1080
2538	540	573	1113
2539	534	592	1126
2540	543	572	1115
2541	537	553	1090
2542	559	578	1137
2543	508	597	1105
2544	551	577	1128
2545	530	600	1130
2546	533	558	1091
2547	527	583	1110
2548	533	586	1119
2549	535	584	1119
2550	555	574	1129
2551	548	592	1140
2552	538	598	1136
2553	555	574	1129
2554	537	580	1117
2555	565	567	1132
2556	536	578	1114
2557	546	571	1117
2558	552	570	1122
2559	539	597	1136
2560	523	583	1106
2561	556	582	1138
2562	560	579	1139
2563	541	593	1134
2564	543	598	1141
2565	545	575	1120
2566	558	577	1135
2567	543	573	1116
2568	531	558	1089
2569	542	557	1099
2570	540	571	1111
2571	543	585	1128
2572	549	581	1130
2573	532	562	1094
2574	533	579	1112
2575	525	574	1099
2576	521	579	1100
2577	538	584	1122
2578	536	596	1132
2579	544	578	1122
2580	554	577	1131
2581	523	583	1106
2582	535	579	1114
2583	511	605	1116
2584	540	588	1128
2585	529	592	1121
2586	516	593	1109
2587	545	582	1127
2588	542	579	1121
2589	551	579	1130
2590	547	580	1127
2591	562	561	1123
2592	538	593	1131
2593	543	579	1122
2594	539	578	1117
2595	545	583	1128
2596	520	566	1086
2597	563	575	1138
2598	533	547	1080
2599	563	589	1152
2600	535	575	1110
2601	526	580	1106
2602	521	590	1111
2603	541	586	1127
2604	540	556	1096
2605	529	592	1121
2606	536	572	1108
2607	567	587	1154
2608	538	575	1113
2609	520	565	1085
2610	551	584	1135
2611	554	579	1133
2612	518	575	1093
2613	540	579	1119
2614	527	564	1091
2615	567	567	1134
2616	547	568	1115
2617	520	585	1105
2618	516	563	1079
2619	528	584	1112
2620	524	595	1119
2621	524	569	1093
2622	530	584	1114
2623	541	567	1108
2624	501	578	1079
2625	544	554	1098
2626	530	584	1114
2627	540	600	1140
2628	563	557	1120
2629	526	572	1098
2630	543	581	1124
2631	528	577	1105
2632	565	587	1152
2633	534	599	1133
2634	546	584	1130
2635	545	577	1122
2636	524	568	1092
2637	534	557	1091
2638	515	605	1120
2639	555	589	1144
2640	530	578	1108
2641	545	577	1122
2642	554	568	1122
2643	548	562	1110
2644	531	580	1111
2645	543	587	1130
2646	531	580	1111
2647	531	577	1108
2648	541	590	1131
2649	555	569	1124
2650	523	581	1104
2651	546	578	1124
2652	547	567	1114
2653	552	565	1117
2654	548	583	1131
2655	526	575	1101
2656	537	577	1114
2657	528	578	1106
2658	551	584	1135
2659	541	569	1110
2660	530	581	1111
2661	527	562	1089
2662	531	592	1123
2663	518	584	1102
2664	527	582	1109
2665	528	562	1090
2666	542	595	1137
2667	567	578	1145
2668	542	601	1143
2669	527	605	1132
2670	529	575	1104
2671	525	583	1108
2672	510	589	1099
2673	533	571	1104
2674	544	575	1119
2675	555	597	1152
2676	562	577	1139
2677	542	560	1102
2678	541	577	1118
2679	570	570	1140
2680	542	587	1129
2681	539	613	1152
2682	554	581	1135
2683	540	568	1108
2684	560	566	1126
2685	551	570	1121
2686	553	564	1117
2687	535	577	1112
2688	537	583	1120
2689	536	575	1111
2690	535	590	1125
2691	546	574	1120
2692	551	586	1137
2693	553	589	1142
2694	528	590	1118
2695	540	576	1116
2696	549	564	1113
2697	539	572	1111
2698	539	569	1108
2699	513	565	1078
2700	504	589	1093
2701	527	568	1095
2702	525	564	1089
2703	553	585	1138
2704	554	601	1155
2705	523	587	1110
2706	557	573	1130
2707	533	583	1116
2708	543	583	1126
2709	538	598	1136
2710	530	587	1117
2711	537	583	1120
2712	536	583	1119
2713	535	566	1101
2714	548	596	1144
2715	558	586	1144
2716	546	567	1113
2717	544	596	1140
2718	545	575	1120
2719	548	585	1133
2720	520	592	1112
2721	538	565	1103
2722	551	567	1118
2723	543	610	1153
2724	532	581	1113
2725	537	579	1116
2726	544	605	1149
2727	530	556	1086
2728	527	568	1095
2729	537	577	1114
2730	555	573	1128
2731	531	573	1104
2732	539	583	1122
2733	529	576	1105
2734	546	578	1124
2735	518	581	1099
2736	533	589	1122
2737	542	571	1113
2738	544	567	1111
2739	542	577	1119
2740	551	572	1123
2741	522	587	1109
2742	548	593	1141
2743	535	572	1107
2744	521	578	1099
2745	546	582	1128
2746	519	587	1106
2747	526	578	1104
2748	548	563	1111
2749	534	556	1090
2750	547	589	1136
2751	537	582	1119
2752	580	580	1160
2753	558	583	1141
2754	548	559	1107
2755	554	601	1155
2756	544	584	1128
2757	534	577	1111
2758	522	584	1106
2759	540	581	1121
2760	540	584	1124
2761	545	574	1119
2762	554	574	1128
2763	552	572	1124
2764	547	586	1133
2765	540	581	1121
2766	525	596	1121
2767	528	578	1106
2768	544	557	1101
2769	542	572	1114
2770	522	595	1117
2771	545	578	1123
2772	527	590	1117
2773	547	553	1100
2774	536	594	1130
2775	513	599	1112
2776	546	587	1133
2777	539	590	1129
2778	548	559	1107
2779	565	547	1112
2780	525	582	1107
2781	511	588	1099
2782	554	576	1130
2783	521	584	1105
2784	525	606	1131
2785	545	579	1124
2786	515	595	1110
2787	524	564	1088
2788	553	577	1130
2789	530	567	1097
2790	537	584	1121
2791	561	564	1125
2792	536	594	1130
2793	529	593	1122
2794	520	579	1099
2795	517	584	1101
2796	546	557	1103
2797	536	575	1111
2798	541	562	1103
2799	543	564	1107
2800	532	562	1094
2801	537	604	1141
2802	558	578	1136
2803	519	600	1119
2804	534	551	1085
2805	525	572	1097
2806	548	573	1121
2807	549	557	1106
2808	541	568	1109
2809	548	576	1124
2810	554	566	1120
2811	554	582	1136
2812	538	575	1113
2813	547	574	1121
2814	544	594	1138
2815	529	589	1118
2816	519	570	1089
2817	539	587	1126
2818	555	556	1111
2819	547	574	1121
2820	531	589	1120
2821	522	587	1109
2822	515	582	1097
2823	546	583	1129
2824	518	605	1123
2825	550	596	1146
2826	526	596	1122
2827	540	589	1129
2828	524	576	1100
2829	542	584	1126
2830	552	587	1139
2831	525	584	1109
2832	531	581	1112
2833	550	602	1152
2834	531	589	1120
2835	531	585	1116
2836	565	549	1114
2837	542	566	1108
2838	532	578	1110
2839	532	569	1101
2840	561	554	1115
2841	551	585	1136
2842	554	597	1151
2843	555	570	1125
2844	542	597	1139
2845	536	578	1114
2846	541	577	1118
2847	520	585	1105
2848	534	591	1125
2849	520	578	1098
2850	555	586	1141
2851	538	580	1118
2852	519	575	1094
2853	555	595	1150
2854	529	575	1104
2855	545	564	1109
2856	531	572	1103
2857	542	577	1119
2858	525	591	1116
2859	521	574	1095
2860	526	582	1108
2861	529	573	1102
2862	543	541	1084
2863	547	572	1119
2864	549	566	1115
2865	540	584	1124
2866	542	571	1113
2867	541	570	1111
2868	547	583	1130
2869	530	576	1106
2870	555	586	1141
2871	540	570	1110
2872	544	589	1133
2873	533	589	1122
2874	538	583	1121
2875	541	562	1103
2876	545	578	1123
2877	531	605	1136
2878	527	578	1105
2879	532	566	1098
2880	542	562	1104
2881	526	575	1101
2882	527	601	1128
2883	533	578	1111
2884	548	580	1128
2885	547	559	1106
2886	553	570	1123
2887	545	571	1116
2888	539	564	1103
2889	546	557	1103
2890	525	589	1114
2891	505	587	1092
2892	529	603	1132
2893	546	566	1112
2894	533	608	1141
2895	539	598	1137
2896	537	576	1113
2897	543	598	1141
2898	553	595	1148
2899	546	583	1129
2900	529	579	1108
2901	549	599	1148
2902	536	591	1127
2903	537	588	1125
2904	521	600	1121
2905	552	566	1118
2906	555	561	1116
2907	554	574	1128
2908	533	601	1134
2909	522	570	1092
2910	525	579	1104
2911	528	570	1098
2912	522	594	1116
2913	544	574	1118
2914	528	551	1079
2915	539	593	1132
2916	540	573	1113
2917	509	583	1092
2918	511	597	1108
2919	518	559	1077
2920	530	589	1119
2921	519	562	1081
2922	532	564	1096
2923	546	589	1135
2924	527	567	1094
2925	532	579	1111
2926	525	578	1103
2927	504	587	1091
2928	539	577	1116
2929	536	576	1112
2930	563	565	1128
2931	536	578	1114
2932	544	575	1119
2933	534	564	1098
2934	529	586	1115
2935	533	601	1134
2936	513	583	1096
2937	530	592	1122
2938	527	577	1104
2939	547	576	1123
2940	533	586	1119
2941	539	581	1120
2942	512	556	1068
2943	543	566	1109
2944	533	564	1097
2945	532	569	1101
2946	542	582	1124
2947	570	588	1158
2948	543	581	1124
2949	546	561	1107
2950	537	581	1118
2951	534	582	1116
2952	534	576	1110
2953	546	579	1125
2954	544	577	1121
2955	538	567	1105
2956	539	580	1119
2957	545	576	1121
2958	543	584	1127
2959	542	587	1129
2960	530	592	1122
2961	548	595	1143
2962	519	583	1102
2963	544	581	1125
2964	532	568	1100
2965	525	599	1124
2966	532	581	1113
2967	537	579	1116
2968	563	560	1123
2969	557	576	1133
2970	541	584	1125
2971	540	575	1115
2972	539	563	1102
2973	549	564	1113
2974	552	564	1116
2975	534	611	1145
2976	526	574	1100
2977	549	577	1126
2978	541	574	1115
2979	546	580	1126
2980	546	591	1137
2981	555	559	1114
2982	559	595	1154
2983	553	593	1146
2984	558	575	1133
2985	533	571	1104
2986	541	572	1113
2987	540	586	1126
2988	539	589	1128
2989	559	587	1146
2990	529	560	1089
2991	539	599	1138
2992	533	551	1084
2993	514	581	1095
2994	543	577	1120
2995	533	569	1102
2996	545	583	1128
2997	530	562	1092
2998	544	577	1121
2999	554	554	1108
3000	532	581	1113
3001	547	580	1127
3002	553	566	1119
3003	519	581	1100
3004	549	579	1128
3005	561	573	1134
3006	542	571	1113
3007	521	583	1104
3008	530	580	1110
3009	551	581	1132
3010	546	574	1120
3011	541	564	1105
3012	529	578	1107
3013	552	561	1113
3014	538	586	1124
3015	544	577	1121
3016	509	588	1097
3017	547	560	1107
3018	551	563	1114
3019	533	596	1129
3020	525	591	1116
3021	538	577	1115
3022	517	583	1100
3023	547	592	1139
3024	551	567	1118
3025	550	579	1129
3026	537	577	1114
3027	532	574	1106
3028	530	594	1124
3029	538	594	1132
3030	532	582	1114
3031	568	569	1137
3032	558	581	1139
3033	525	572	1097
3034	520	574	1094
3035	535	575	1110
3036	523	543	1066
3037	553	599	1152
3038	524	569	1093
3039	538	591	1129
3040	532	572	1104
3041	538	595	1133
3042	542	588	1130
3043	547	573	1120
3044	546	567	1113
3045	518	599	1117
3046	564	602	1166
3047	521	597	1118
3048	522	567	1089
3049	543	577	1120
3050	555	578	1133
3051	566	575	1141
3052	547	599	1146
3053	544	569	1113
3054	555	576	1131
3055	534	561	1095
3056	551	586	1137
3057	519	577	1096
3058	537	586	1123
3059	542	583	1125
3060	531	585	1116
3061	520	610	1130
3062	533	582	1115
3063	527	563	1090
3064	556	599	1155
3065	543	567	1110
3066	542	564	1106
3067	552	582	1134
3068	554	563	1117
3069	543	586	1129
3070	544	605	1149
3071	525	586	1111
3072	545	571	1116
3073	532	584	1116
3074	549	592	1141
3075	554	589	1143
3076	535	586	1121
3077	535	581	1116
3078	553	594	1147
3079	510	589	1099
3080	523	582	1105
3081	543	578	1121
3082	525	579	1104
3083	527	583	1110
3084	539	577	1116
3085	529	572	1101
3086	537	578	1115
3087	538	576	1114
3088	542	568	1110
3089	549	572	1121
3090	554	567	1121
3091	547	544	1091
3092	554	562	1116
3093	548	584	1132
3094	514	571	1085
3095	525	585	1110
3096	542	571	1113
3097	541	590	1131
3098	527	566	1093
3099	527	582	1109
3100	544	567	1111
3101	548	573	1121
3102	550	582	1132
3103	546	598	1144
3104	538	558	1096
3105	507	586	1093
3106	544	575	1119
3107	532	573	1105
3108	543	573	1116
3109	545	554	1099
3110	534	619	1153
3111	534	572	1106
3112	546	585	1131
3113	544	593	1137
3114	530	580	1110
3115	514	572	1086
3116	535	579	1114
3117	540	582	1122
3118	540	541	1081
3119	537	572	1109
3120	523	577	1100
3121	533	557	1090
3122	527	573	1100
3123	563	574	1137
3124	560	572	1132
3125	525	601	1126
3126	540	589	1129
3127	542	570	1112
3128	548	597	1145
3129	540	553	1093
3130	534	581	1115
3131	537	566	1103
3132	536	575	1111
3133	517	605	1122
3134	521	589	1110
3135	530	585	1115
3136	524	586	1110
3137	534	582	1116
3138	541	564	1105
3139	552	570	1122
3140	528	582	1110
3141	527	596	1123
3142	536	572	1108
3143	538	599	1137
3144	534	582	1116
3145	524	567	1091
3146	538	578	1116
3147	551	571	1122
3148	539	589	1128
3149	550	591	1141
3150	559	575	1134
3151	555	594	1149
3152	538	591	1129
3153	528	586	1114
3154	551	582	1133
3155	541	601	1142
3156	529	582	1111
3157	541	615	1156
3158	530	578	1108
3159	554	570	1124
3160	528	557	1085
3161	523	580	1103
3162	519	602	1121
3163	531	559	1090
3164	527	558	1085
3165	540	561	1101
3166	536	582	1118
3167	533	579	1112
3168	534	581	1115
3169	531	591	1122
3170	532	594	1126
3171	541	587	1128
3172	539	592	1131
3173	533	581	1114
3174	555	574	1129
3175	558	587	1145
3176	556	579	1135
3177	556	591	1147
3178	535	596	1131
3179	534	574	1108
3180	522	585	1107
3181	528	573	1101
3182	537	583	1120
3183	564	554	1118
3184	534	588	1122
3185	539	570	1109
3186	538	595	1133
3187	530	583	1113
3188	536	572	1108
3189	566	592	1158
3190	551	554	1105
3191	561	580	1141
3192	535	578	1113
3193	557	563	1120
3194	533	561	1094
3195	558	577	1135
3196	529	597	1126
3197	546	600	1146
3198	530	589	1119
3199	509	586	1095
3200	535	572	1107
3201	530	590	1120
3202	548	590	1138
3203	521	580	1101
3204	534	578	1112
3205	530	574	1104
3206	545	592	1137
3207	544	612	1156
3208	553	577	1130
3209	528	572	1100
3210	526	559	1085
3211	542	599	1141
3212	530	550	1080
3213	534	592	1126
3214	541	578	1119
3215	536	573	1109
3216	534	607	1141
3217	552	592	1144
3218	521	585	1106
3219	535	572	1107
3220	562	577	1139
3221	553	567	1120
3222	533	578	1111
3223	532	575	1107
3224	521	575	1096
3225	532	587	1119
3226	548	590	1138
3227	525	583	1108
3228	554	571	1125
3229	530	574	1104
3230	544	583	1127
3231	547	577	1124
3232	531	581	1112
3233	536	594	1130
3234	543	597	1140
3235	548	565	1113
3236	534	586	1120
3237	528	567	1095
3238	531	561	1092
3239	511	585	1096
3240	520	580	1100
3241	527	565	1092
3242	539	575	1114
3243	535	603	1138
3244	552	589	1141
3245	559	575	1134
3246	524	593	1117
3247	534	558	1092
3248	540	572	1112
3249	533	592	1125
3250	523	591	1114
3251	538	587	1125
3252	524	557	1081
3253	527	551	1078
3254	536	583	1119
3255	552	559	1111
3256	546	580	1126
3257	539	596	1135
3258	535	570	1105
3259	527	581	1108
3260	525	591	1116
3261	528	567	1095
3262	524	578	1102
3263	531	592	1123
3264	536	611	1147
3265	529	577	1106
3266	540	595	1135
3267	543	566	1109
3268	526	574	1100
3269	543	598	1141
3270	524	590	1114
3271	551	563	1114
3272	564	564	1128
3273	533	581	1114
3274	531	572	1103
3275	534	575	1109
3276	542	598	1140
3277	548	576	1124
3278	525	553	1078
3279	555	567	1122
3280	526	572	1098
3281	559	577	1136
3282	529	589	1118
3283	567	570	1137
3284	545	576	1121
3285	551	574	1125
3286	552	590	1142
3287	538	575	1113
3288	544	581	1125
3289	535	585	1120
3290	527	571	1098
3291	537	595	1132
3292	530	569	1099
3293	555	588	1143
3294	525	574	1099
3295	545	573	1118
3296	539	564	1103
3297	537	585	1122
3298	544	586	1130
3299	542	599	1141
3300	515	584	1099
3301	542	591	1133
3302	526	598	1124
3303	525	581	1106
3304	532	576	1108
3305	542	576	1118
3306	534	582	1116
3307	532	570	1102
3308	548	565	1113
3309	534	573	1107
3310	543	585	1128
3311	525	589	1114
3312	535	578	1113
3313	548	580	1128
3314	533	578	1111
3315	534	579	1113
3316	538	595	1133
3317	527	579	1106
3318	549	565	1114
3319	538	566	1104
3320	520	592	1112
3321	546	576	1122
3322	548	576	1124
3323	548	587	1135
3324	551	568	1119
3325	536	558	1094
3326	530	597	1127
3327	513	573	1086
3328	543	580	1123
3329	551	580	1131
3330	540	589	1129
3331	560	587	1147
3332	549	587	1136
3333	543	570	1113
3334	523	575	1098
3335	535	595	1130
3336	533	570	1103
3337	531	571	1102
3338	535	577	1112
3339	527	591	1118
3340	554	596	1150
3341	537	596	1133
3342	514	589	1103
3343	543	578	1121
3344	548	578	1126
3345	539	587	1126
3346	541	559	1100
3347	513	580	1093
3348	546	571	1117
3349	529	587	1116
3350	528	588	1116
3351	536	574	1110
3352	509	563	1072
3353	545	552	1097
3354	535	586	1121
3355	533	565	1098
3356	514	585	1099
3357	526	562	1088
3358	515	583	1098
3359	528	572	1100
3360	548	584	1132
3361	521	596	1117
3362	548	586	1134
3363	521	596	1117
3364	533	571	1104
3365	527	573	1100
3366	524	572	1096
3367	565	598	1163
3368	549	599	1148
3369	549	593	1142
3370	540	593	1133
3371	543	580	1123
3372	545	573	1118
3373	550	570	1120
3374	530	586	1116
3375	551	584	1135
3376	539	594	1133
3377	539	589	1128
3378	533	576	1109
3379	515	584	1099
3380	530	580	1110
3381	533	557	1090
3382	552	563	1115
3383	558	590	1148
3384	522	611	1133
3385	549	570	1119
3386	532	573	1105
3387	565	567	1132
3388	533	575	1108
3389	543	566	1109
3390	542	576	1118
3391	541	578	1119
3392	552	588	1140
3393	557	577	1134
3394	533	574	1107
3395	557	571	1128
3396	544	560	1104
3397	541	585	1126
3398	542	571	1113
3399	536	569	1105
3400	548	562	1110
3401	553	587	1140
3402	516	586	1102
3403	550	563	1113
3404	533	588	1121
3405	542	592	1134
3406	528	566	1094
3407	538	581	1119
3408	542	561	1103
3409	538	571	1109
3410	537	590	1127
3411	545	583	1128
3412	537	561	1098
3413	532	587	1119
3414	535	568	1103
3415	539	589	1128
3416	509	563	1072
3417	534	561	1095
3418	545	577	1122
3419	534	563	1097
3420	529	583	1112
3421	540	564	1104
3422	539	590	1129
3423	532	579	1111
3424	517	593	1110
3425	520	567	1087
3426	560	558	1118
3427	547	576	1123
3428	537	580	1117
3429	551	568	1119
3430	553	569	1122
3431	546	577	1123
3432	555	592	1147
3433	544	581	1125
3434	542	575	1117
3435	523	590	1113
3436	537	575	1112
3437	535	593	1128
3438	538	569	1107
3439	520	575	1095
3440	538	594	1132
3441	547	580	1127
3442	549	588	1137
3443	529	574	1103
3444	540	582	1122
3445	542	575	1117
3446	546	589	1135
3447	551	585	1136
3448	548	587	1135
3449	535	582	1117
3450	520	571	1091
3451	528	591	1119
3452	530	573	1103
3453	556	580	1136
3454	545	601	1146
3455	547	573	1120
3456	541	562	1103
3457	541	576	1117
3458	532	563	1095
3459	531	589	1120
3460	537	572	1109
3461	516	586	1102
3462	519	582	1101
3463	537	568	1105
3464	524	565	1089
3465	516	565	1081
3466	532	563	1095
3467	530	586	1116
3468	549	570	1119
3469	537	578	1115
3470	562	586	1148
3471	547	590	1137
3472	538	561	1099
3473	513	594	1107
3474	541	590	1131
3475	520	577	1097
3476	541	579	1120
3477	551	593	1144
3478	553	589	1142
3479	546	584	1130
3480	541	571	1112
3481	538	574	1112
3482	521	592	1113
3483	548	551	1099
3484	555	578	1133
3485	532	598	1130
3486	531	580	1111
3487	517	602	1119
3488	538	578	1116
3489	510	571	1081
3490	556	563	1119
3491	547	575	1122
3492	574	583	1157
3493	520	561	1081
3494	526	576	1102
3495	526	565	1091
3496	547	574	1121
3497	522	553	1075
3498	524	569	1093
3499	521	554	1075
3500	532	578	1110
3501	564	564	1128
3502	548	596	1144
3503	541	566	1107
3504	539	561	1100
3505	542	575	1117
3506	552	591	1143
3507	562	559	1121
3508	537	545	1082
3509	544	569	1113
3510	540	567	1107
3511	548	583	1131
3512	562	606	1168
3513	533	609	1142
3514	522	582	1104
3515	519	584	1103
3516	531	564	1095
3517	558	572	1130
3518	543	590	1133
3519	535	573	1108
3520	557	573	1130
3521	547	586	1133
3522	532	587	1119
3523	563	582	1145
3524	549	579	1128
3525	536	577	1113
3526	528	572	1100
3527	541	578	1119
3528	544	584	1128
3529	523	580	1103
3530	551	565	1116
3531	519	574	1093
3532	533	555	1088
3533	538	576	1114
3534	550	550	1100
3535	544	565	1109
3536	537	551	1088
3537	544	585	1129
3538	543	586	1129
3539	548	575	1123
3540	561	575	1136
3541	560	581	1141
3542	552	582	1134
3543	542	597	1139
3544	538	563	1101
3545	546	593	1139
3546	544	602	1146
3547	538	592	1130
3548	539	594	1133
3549	550	561	1111
3550	532	589	1121
3551	524	563	1087
3552	549	578	1127
3553	529	552	1081
3554	540	558	1098
3555	546	569	1115
3556	553	570	1123
3557	528	581	1109
3558	534	572	1106
3559	547	588	1135
3560	556	578	1134
3561	548	567	1115
3562	561	579	1140
3563	531	582	1113
3564	538	592	1130
3565	535	581	1116
3566	530	576	1106
3567	557	566	1123
3568	542	588	1130
3569	536	591	1127
3570	546	566	1112
3571	535	595	1130
3572	543	571	1114
3573	533	600	1133
3574	526	596	1122
3575	530	586	1116
3576	544	592	1136
3577	538	588	1126
3578	558	573	1131
3579	524	563	1087
3580	535	564	1099
3581	538	595	1133
3582	544	578	1122
3583	517	571	1088
3584	540	573	1113
3585	533	583	1116
3586	553	599	1152
3587	548	588	1136
3588	532	600	1132
3589	554	589	1143
3590	555	593	1148
3591	546	578	1124
3592	534	576	1110
3593	546	549	1095
3594	536	580	1116
3595	528	585	1113
3596	552	571	1123
3597	523	566	1089
3598	552	559	1111
3599	544	556	1100
3600	544	578	1122
3601	532	585	1117
3602	527	547	1074
3603	538	596	1134
3604	540	583	1123
3605	533	569	1102
3606	550	584	1134
3607	532	577	1109
3608	532	572	1104
3609	544	568	1112
3610	543	575	1118
3611	532	586	1118
3612	532	558	1090
3613	538	583	1121
3614	537	584	1121
3615	515	566	1081
3616	544	574	1118
3617	552	589	1141
3618	560	579	1139
3619	568	591	1159
3620	516	585	1101
3621	540	564	1104
3622	557	580	1137
3623	542	594	1136
3624	568	565	1133
3625	539	603	1142
3626	549	564	1113
3627	535	560	1095
3628	535	553	1088
3629	544	571	1115
3630	543	585	1128
3631	502	604	1106
3632	556	566	1122
3633	537	580	1117
3634	538	564	1102
3635	543	580	1123
3636	530	618	1148
3637	531	561	1092
3638	541	579	1120
3639	530	575	1105
3640	538	554	1092
3641	541	570	1111
3642	535	580	1115
3643	558	573	1131
3644	546	596	1142
3645	549	566	1115
3646	521	588	1109
3647	539	571	1110
3648	524	580	1104
3649	531	590	1121
3650	526	567	1093
3651	539	583	1122
3652	534	601	1135
3653	551	593	1144
3654	531	584	1115
3655	553	585	1138
3656	551	585	1136
3657	520	595	1115
3658	548	582	1130
3659	549	571	1120
3660	542	566	1108
3661	539	606	1145
3662	530	558	1088
3663	513	597	1110
3664	548	580	1128
3665	547	572	1119
3666	544	556	1100
3667	531	575	1106
3668	526	556	1082
3669	513	592	1105
3670	542	565	1107
3671	544	569	1113
3672	549	591	1140
3673	538	565	1103
3674	547	593	1140
3675	524	580	1104
3676	508	576	1084
3677	531	578	1109
3678	557	584	1141
3679	556	587	1143
3680	523	588	1111
3681	547	573	1120
3682	510	595	1105
3683	527	592	1119
3684	547	575	1122
3685	550	587	1137
3686	543	582	1125
3687	536	587	1123
3688	537	572	1109
3689	532	565	1097
3690	545	574	1119
3691	525	575	1100
3692	535	582	1117
3693	541	573	1114
3694	530	586	1116
3695	538	552	1090
3696	538	582	1120
3697	526	579	1105
3698	542	598	1140
3699	558	574	1132
3700	529	590	1119
3701	550	583	1133
3702	540	562	1102
3703	539	568	1107
3704	547	555	1102
3705	559	570	1129
3706	539	573	1112
3707	543	571	1114
3708	548	595	1143
3709	547	567	1114
3710	530	591	1121
3711	556	584	1140
3712	546	591	1137
3713	563	583	1146
3714	560	577	1137
3715	535	591	1126
3716	527	569	1096
3717	556	582	1138
3718	526	594	1120
3719	515	570	1085
3720	505	588	1093
3721	534	567	1101
3722	538	572	1110
3723	510	583	1093
3724	565	574	1139
3725	545	563	1108
3726	535	584	1119
3727	547	563	1110
3728	529	557	1086
3729	524	594	1118
3730	520	581	1101
3731	539	579	1118
3732	557	568	1125
3733	539	576	1115
3734	539	580	1119
3735	538	566	1104
3736	526	606	1132
3737	524	559	1083
3738	534	580	1114
3739	531	562	1093
3740	533	581	1114
3741	556	587	1143
3742	524	593	1117
3743	518	597	1115
3744	536	580	1116
3745	545	569	1114
3746	538	585	1123
3747	551	574	1125
3748	511	586	1097
3749	553	562	1115
3750	526	590	1116
3751	526	589	1115
3752	537	577	1114
3753	552	596	1148
3754	541	572	1113
3755	540	587	1127
3756	541	563	1104
3757	535	592	1127
3758	531	573	1104
3759	553	574	1127
3760	559	579	1138
3761	534	571	1105
3762	544	572	1116
3763	529	566	1095
3764	531	594	1125
3765	524	588	1112
3766	518	584	1102
3767	532	591	1123
3768	542	573	1115
3769	552	583	1135
3770	556	574	1130
3771	532	590	1122
3772	566	573	1139
3773	527	582	1109
3774	539	592	1131
3775	519	585	1104
3776	549	573	1122
3777	521	577	1098
3778	528	572	1100
3779	532	570	1102
3780	529	567	1096
3781	553	567	1120
3782	523	570	1093
3783	525	578	1103
3784	533	595	1128
3785	535	594	1129
3786	526	585	1111
3787	530	574	1104
3788	534	593	1127
3789	539	597	1136
3790	540	571	1111
3791	522	560	1082
3792	531	595	1126
3793	537	573	1110
3794	543	587	1130
3795	539	563	1102
3796	544	576	1120
3797	526	573	1099
3798	542	582	1124
3799	526	576	1102
3800	540	581	1121
3801	547	567	1114
3802	525	560	1085
3803	530	578	1108
3804	537	592	1129
3805	553	577	1130
3806	540	596	1136
3807	554	584	1138
3808	532	566	1098
3809	525	572	1097
3810	535	576	1111
3811	532	592	1124
3812	572	559	1131
3813	541	585	1126
3814	523	566	1089
3815	545	562	1107
3816	536	579	1115
3817	541	567	1108
3818	560	579	1139
3819	537	562	1099
3820	539	583	1122
3821	540	576	1116
3822	538	577	1115
3823	545	579	1124
3824	542	570	1112
3825	547	569	1116
3826	519	590	1109
3827	543	572	1115
3828	554	582	1136
3829	534	605	1139
3830	545	557	1102
3831	532	577	1109
3832	518	560	1078
3833	544	579	1123
3834	520	570	1090
3835	537	566	1103
3836	536	559	1095
3837	551	579	1130
3838	545	590	1135
3839	517	558	1075
3840	527	588	1115
3841	542	575	1117
3842	555	573	1128
3843	531	584	1115
3844	538	584	1122
3845	535	583	1118
3846	546	568	1114
3847	525	575	1100
3848	543	587	1130
3849	530	591	1121
3850	557	588	1145
3851	512	591	1103
3852	535	580	1115
3853	534	556	1090
3854	534	573	1107
3855	522	579	1101
3856	541	572	1113
3857	532	577	1109
3858	560	596	1156
3859	537	563	1100
3860	537	593	1130
3861	534	588	1122
3862	541	590	1131
3863	559	593	1152
3864	534	568	1102
3865	552	598	1150
3866	551	592	1143
3867	545	599	1144
3868	533	568	1101
3869	540	556	1096
3870	524	575	1099
3871	532	580	1112
3872	550	585	1135
3873	511	595	1106
3874	543	588	1131
3875	528	611	1139
3876	538	582	1120
3877	532	573	1105
3878	541	575	1116
3879	529	574	1103
3880	546	568	1114
3881	542	585	1127
3882	550	576	1126
3883	515	581	1096
3884	549	580	1129
3885	569	578	1147
3886	529	591	1120
3887	571	574	1145
3888	537	568	1105
3889	533	565	1098
3890	533	583	1116
3891	549	580	1129
3892	535	577	1112
3893	522	547	1069
3894	537	574	1111
3895	551	558	1109
3896	536	577	1113
3897	523	573	1096
3898	544	586	1130
3899	503	577	1080
3900	544	590	1134
3901	537	585	1122
3902	554	554	1108
3903	539	577	1116
3904	543	595	1138
3905	547	593	1140
3906	538	573	1111
3907	561	579	1140
3908	537	570	1107
3909	550	583	1133
3910	543	567	1110
3911	537	557	1094
3912	565	588	1153
3913	522	581	1103
3914	545	596	1141
3915	543	586	1129
3916	539	589	1128
3917	526	580	1106
3918	538	581	1119
3919	521	595	1116
3920	559	577	1136
3921	550	575	1125
3922	543	557	1100
3923	545	583	1128
3924	533	556	1089
3925	526	576	1102
3926	537	577	1114
3927	555	584	1139
3928	533	595	1128
3929	527	590	1117
3930	554	596	1150
3931	534	575	1109
3932	535	578	1113
3933	535	579	1114
3934	544	568	1112
3935	531	599	1130
3936	540	586	1126
3937	543	582	1125
3938	518	571	1089
3939	543	585	1128
3940	524	582	1106
3941	545	589	1134
3942	528	590	1118
3943	539	576	1115
3944	544	594	1138
3945	535	595	1130
3946	545	583	1128
3947	525	584	1109
3948	546	574	1120
3949	549	578	1127
3950	518	582	1100
3951	531	587	1118
3952	553	607	1160
3953	540	599	1139
3954	542	576	1118
3955	534	570	1104
3956	535	577	1112
3957	555	585	1140
3958	556	567	1123
3959	532	585	1117
3960	533	574	1107
3961	540	586	1126
3962	541	570	1111
3963	523	602	1125
3964	517	601	1118
3965	533	593	1126
3966	543	581	1124
3967	508	576	1084
3968	559	579	1138
3969	559	565	1124
3970	535	586	1121
3971	536	571	1107
3972	538	567	1105
3973	527	592	1119
3974	540	566	1106
3975	548	582	1130
3976	532	565	1097
3977	529	575	1104
3978	543	580	1123
3979	532	578	1110
3980	524	556	1080
3981	554	601	1155
3982	540	580	1120
3983	531	571	1102
3984	544	562	1106
3985	518	565	1083
3986	534	582	1116
3987	543	560	1103
3988	560	608	1168
3989	552	570	1122
3990	536	584	1120
3991	550	587	1137
3992	525	597	1122
3993	533	607	1140
3994	540	586	1126
3995	549	599	1148
3996	529	580	1109
3997	536	594	1130
3998	556	574	1130
3999	510	582	1092
4000	539	571	1110
4001	528	576	1104
4002	546	540	1086
4003	566	571	1137
4004	526	575	1101
4005	528	579	1107
4006	530	579	1109
4007	537	594	1131
4008	551	594	1145
4009	527	593	1120
4010	533	590	1123
4011	540	587	1127
4012	544	569	1113
4013	548	581	1129
4014	549	578	1127
4015	550	588	1138
4016	535	578	1113
4017	537	584	1121
4018	527	601	1128
4019	536	533	1069
4020	531	571	1102
4021	528	573	1101
4022	541	574	1115
4023	539	574	1113
4024	525	602	1127
4025	524	578	1102
4026	540	574	1114
4027	535	585	1120
4028	538	590	1128
4029	553	610	1163
4030	525	576	1101
4031	560	569	1129
4032	542	591	1133
4033	563	560	1123
4034	536	575	1111
4035	524	583	1107
4036	520	577	1097
4037	534	591	1125
4038	550	575	1125
4039	519	571	1090
4040	522	592	1114
4041	543	587	1130
4042	522	567	1089
4043	523	567	1090
4044	536	589	1125
4045	546	578	1124
4046	553	565	1118
4047	546	596	1142
4048	514	583	1097
4049	535	577	1112
4050	526	557	1083
4051	548	586	1134
4052	513	586	1099
4053	550	564	1114
4054	550	565	1115
4055	528	595	1123
4056	522	575	1097
4057	530	575	1105
4058	556	599	1155
4059	546	576	1122
4060	556	578	1134
4061	552	591	1143
4062	552	576	1128
4063	548	574	1122
4064	559	574	1133
4065	529	593	1122
4066	519	587	1106
4067	535	575	1110
4068	562	570	1132
4069	543	587	1130
4070	514	579	1093
4071	503	575	1078
4072	540	583	1123
4073	545	574	1119
4074	515	573	1088
4075	551	569	1120
4076	556	571	1127
4077	562	573	1135
4078	544	574	1118
4079	564	592	1156
4080	533	580	1113
4081	565	578	1143
4082	555	575	1130
4083	524	587	1111
4084	557	595	1152
4085	536	583	1119
4086	538	580	1118
4087	533	589	1122
4088	550	565	1115
4089	520	581	1101
4090	519	569	1088
4091	522	583	1105
4092	532	580	1112
4093	541	575	1116
4094	542	590	1132
4095	545	591	1136
4096	524	577	1101
4097	538	571	1109
4098	561	572	1133
4099	548	569	1117
4100	547	612	1159
4101	547	566	1113
4102	511	586	1097
4103	512	579	1091
4104	527	572	1099
4105	543	600	1143
4106	555	581	1136
4107	535	590	1125
4108	515	580	1095
4109	537	586	1123
4110	525	539	1064
4111	551	567	1118
4112	517	579	1096
4113	537	571	1108
4114	544	564	1108
4115	526	605	1131
4116	531	591	1122
4117	541	574	1115
4118	527	586	1113
4119	534	575	1109
4120	546	579	1125
4121	547	579	1126
4122	537	573	1110
4123	552	579	1131
4124	536	575	1111
4125	536	557	1093
4126	542	576	1118
4127	539	586	1125
4128	546	582	1128
4129	532	582	1114
4130	534	569	1103
4131	556	561	1117
4132	541	562	1103
4133	543	590	1133
4134	517	568	1085
4135	537	586	1123
4136	539	579	1118
4137	538	573	1111
4138	528	579	1107
4139	546	575	1121
4140	516	610	1126
4141	540	567	1107
4142	524	592	1116
4143	522	570	1092
4144	548	577	1125
4145	522	580	1102
4146	545	582	1127
4147	530	595	1125
4148	535	580	1115
4149	543	567	1110
4150	524	583	1107
4151	545	577	1122
4152	530	578	1108
4153	545	585	1130
4154	529	575	1104
4155	518	541	1059
4156	542	577	1119
4157	542	592	1134
4158	535	583	1118
4159	551	590	1141
4160	541	569	1110
4161	508	580	1088
4162	537	565	1102
4163	535	575	1110
4164	551	565	1116
4165	542	573	1115
4166	556	569	1125
4167	533	564	1097
4168	547	583	1130
4169	528	583	1111
4170	546	578	1124
4171	552	586	1138
4172	551	577	1128
4173	540	600	1140
4174	541	550	1091
4175	535	574	1109
4176	550	557	1107
4177	539	588	1127
4178	532	582	1114
4179	557	575	1132
4180	537	590	1127
4181	531	579	1110
4182	551	587	1138
4183	554	580	1134
4184	539	575	1114
4185	546	593	1139
4186	540	583	1123
4187	524	572	1096
4188	543	589	1132
4189	559	574	1133
4190	552	574	1126
4191	531	591	1122
4192	545	581	1126
4193	513	589	1102
4194	546	570	1116
4195	528	590	1118
4196	539	591	1130
4197	528	575	1103
4198	541	591	1132
4199	543	568	1111
4200	521	588	1109
4201	554	580	1134
4202	536	573	1109
4203	547	562	1109
4204	554	599	1153
4205	551	558	1109
4206	548	587	1135
4207	539	595	1134
4208	539	578	1117
4209	518	595	1113
4210	533	586	1119
4211	525	595	1120
4212	540	597	1137
4213	531	577	1108
4214	555	578	1133
4215	546	583	1129
4216	543	591	1134
4217	544	578	1122
4218	529	578	1107
4219	552	601	1153
4220	518	581	1099
4221	534	577	1111
4222	545	580	1125
4223	546	579	1125
4224	536	583	1119
4225	538	589	1127
4226	538	594	1132
4227	543	563	1106
4228	527	575	1102
4229	535	578	1113
4230	533	573	1106
4231	528	599	1127
4232	544	561	1105
4233	550	581	1131
4234	558	597	1155
4235	534	577	1111
4236	521	575	1096
4237	517	559	1076
4238	534	570	1104
4239	535	549	1084
4240	550	572	1122
4241	521	585	1106
4242	542	585	1127
4243	551	548	1099
4244	543	597	1140
4245	546	577	1123
4246	529	577	1106
4247	543	575	1118
4248	552	588	1140
4249	523	599	1122
4250	536	587	1123
4251	532	586	1118
4252	520	576	1096
4253	530	576	1106
4254	556	569	1125
4255	518	596	1114
4256	533	588	1121
4257	535	598	1133
4258	530	601	1131
4259	527	582	1109
4260	536	589	1125
4261	524	587	1111
4262	548	564	1112
4263	528	568	1096
4264	552	582	1134
4265	544	597	1141
4266	541	592	1133
4267	529	576	1105
4268	543	553	1096
4269	535	565	1100
4270	543	587	1130
4271	518	589	1107
4272	521	572	1093
4273	520	582	1102
4274	562	569	1131
4275	547	562	1109
4276	521	593	1114
4277	547	577	1124
4278	539	582	1121
4279	544	568	1112
4280	539	600	1139
4281	523	591	1114
4282	542	574	1116
4283	544	574	1118
4284	546	575	1121
4285	552	567	1119
4286	556	589	1145
4287	544	584	1128
4288	534	608	1142
4289	511	569	1080
4290	529	575	1104
4291	533	568	1101
4292	553	574	1127
4293	556	586	1142
4294	523	583	1106
4295	531	561	1092
4296	547	594	1141
4297	536	586	1122
4298	547	576	1123
4299	541	585	1126
4300	544	576	1120
4301	540	581	1121
4302	528	588	1116
4303	544	575	1119
4304	539	565	1104
4305	534	570	1104
4306	534	572	1106
4307	521	574	1095
4308	516	580	1096
4309	538	571	1109
4310	548	564	1112
4311	538	576	1114
4312	528	583	1111
4313	512	571	1083
4314	540	561	1101
4315	545	583	1128
4316	540	552	1092
4317	545	572	1117
4318	545	572	1117
4319	520	603	1123
4320	541	576	1117
4321	530	583	1113
4322	532	589	1121
4323	545	583	1128
4324	530	582	1112
4325	542	575	1117
4326	549	585	1134
4327	522	585	1107
4328	538	591	1129
4329	535	575	1110
4330	531	569	1100
4331	530	584	1114
4332	525	588	1113
4333	545	571	1116
4334	542	585	1127
4335	517	584	1101
4336	531	579	1110
4337	562	576	1138
4338	510	561	1071
4339	547	582	1129
4340	561	580	1141
4341	551	571	1122
4342	525	593	1118
4343	523	589	1112
4344	532	593	1125
4345	554	583	1137
4346	544	583	1127
4347	533	585	1118
4348	528	585	1113
4349	557	583	1140
4350	531	565	1096
4351	530	571	1101
4352	541	584	1125
4353	546	577	1123
4354	531	582	1113
4355	535	576	1111
4356	519	608	1127
4357	533	590	1123
4358	524	576	1100
4359	542	583	1125
4360	526	586	1112
4361	541	587	1128
4362	541	571	1112
4363	554	585	1139
4364	532	610	1142
4365	524	550	1074
4366	540	577	1117
4367	531	568	1099
4368	529	589	1118
4369	554	573	1127
4370	549	595	1144
4371	555	564	1119
4372	526	571	1097
4373	506	580	1086
4374	552	589	1141
4375	556	575	1131
4376	554	585	1139
4377	542	584	1126
4378	547	584	1131
4379	528	569	1097
4380	534	561	1095
4381	545	566	1111
4382	541	593	1134
4383	526	565	1091
4384	530	578	1108
4385	551	575	1126
4386	530	573	1103
4387	535	593	1128
4388	520	572	1092
4389	547	572	1119
4390	528	583	1111
4391	535	571	1106
4392	535	600	1135
4393	527	603	1130
4394	540	569	1109
4395	541	555	1096
4396	517	567	1084
4397	556	589	1145
4398	530	579	1109
4399	538	574	1112
4400	532	571	1103
4401	556	576	1132
4402	528	564	1092
4403	555	553	1108
4404	537	597	1134
4405	543	582	1125
4406	544	582	1126
4407	541	569	1110
4408	545	578	1123
4409	539	578	1117
4410	527	598	1125
4411	536	575	1111
4412	541	577	1118
4413	537	592	1129
4414	551	586	1137
4415	542	588	1130
4416	524	587	1111
4417	541	593	1134
4418	521	561	1082
4419	556	565	1121
4420	547	569	1116
4421	530	599	1129
4422	540	581	1121
4423	540	591	1131
4424	520	568	1088
4425	522	606	1128
4426	531	585	1116
4427	530	584	1114
4428	552	591	1143
4429	554	581	1135
4430	533	579	1112
4431	549	579	1128
4432	538	588	1126
4433	507	570	1077
4434	557	582	1139
4435	540	595	1135
4436	546	564	1110
4437	546	568	1114
4438	539	568	1107
4439	550	582	1132
4440	549	592	1141
4441	540	594	1134
4442	525	603	1128
4443	523	581	1104
4444	526	547	1073
4445	537	574	1111
4446	537	563	1100
4447	530	591	1121
4448	537	576	1113
4449	553	559	1112
4450	547	586	1133
4451	528	567	1095
4452	536	564	1100
4453	565	579	1144
4454	529	574	1103
4455	534	571	1105
4456	540	587	1127
4457	562	579	1141
4458	557	591	1148
4459	555	563	1118
4460	543	575	1118
4461	537	587	1124
4462	555	570	1125
4463	535	597	1132
4464	535	571	1106
4465	535	583	1118
4466	538	565	1103
4467	537	577	1114
4468	542	566	1108
4469	520	572	1092
4470	556	583	1139
4471	531	570	1101
4472	538	580	1118
4473	546	574	1120
4474	545	570	1115
4475	549	584	1133
4476	527	573	1100
4477	562	558	1120
4478	537	596	1133
4479	548	572	1120
4480	526	564	1090
4481	538	557	1095
4482	542	583	1125
4483	545	562	1107
4484	550	573	1123
4485	523	597	1120
4486	552	587	1139
4487	539	566	1105
4488	526	576	1102
4489	526	590	1116
4490	556	573	1129
4491	544	559	1103
4492	549	584	1133
4493	544	585	1129
4494	539	570	1109
4495	524	576	1100
4496	533	578	1111
4497	562	595	1157
4498	544	559	1103
4499	539	577	1116
4500	524	563	1087
4501	523	593	1116
4502	518	582	1100
4503	510	583	1093
4504	548	593	1141
4505	545	584	1129
4506	555	576	1131
4507	540	573	1113
4508	566	610	1176
4509	540	555	1095
4510	531	577	1108
4511	532	598	1130
4512	529	578	1107
4513	556	581	1137
4514	534	598	1132
4515	510	586	1096
4516	522	569	1091
4517	532	579	1111
4518	556	597	1153
4519	542	575	1117
4520	535	589	1124
4521	528	579	1107
4522	518	583	1101
4523	535	572	1107
4524	527	565	1092
4525	533	576	1109
4526	535	557	1092
4527	533	579	1112
4528	549	595	1144
4529	535	590	1125
4530	553	600	1153
4531	563	584	1147
4532	528	574	1102
4533	531	598	1129
4534	525	578	1103
4535	526	574	1100
4536	538	557	1095
4537	530	587	1117
4538	534	589	1123
4539	554	592	1146
4540	525	585	1110
4541	520	571	1091
4542	545	576	1121
4543	522	581	1103
4544	557	572	1129
4545	544	581	1125
4546	537	585	1122
4547	535	574	1109
4548	532	579	1111
4549	544	565	1109
4550	559	559	1118
4551	530	569	1099
4552	521	574	1095
4553	547	558	1105
4554	519	565	1084
4555	531	583	1114
4556	550	587	1137
4557	531	605	1136
4558	550	596	1146
4559	540	606	1146
4560	544	592	1136
4561	535	586	1121
4562	539	587	1126
4563	545	572	1117
4564	527	545	1072
4565	527	569	1096
4566	553	580	1133
4567	538	596	1134
4568	552	567	1119
4569	536	594	1130
4570	564	565	1129
4571	542	567	1109
4572	537	574	1111
4573	541	594	1135
4574	529	592	1121
4575	538	575	1113
4576	531	579	1110
4577	527	576	1103
4578	536	583	1119
4579	548	556	1104
4580	536	555	1091
4581	561	524	1085
4582	563	501	1064
4583	552	455	1007
4584	551	458	1009
4585	541	424	965
4586	564	439	1003
4587	539	439	978
4588	573	413	986
4589	570	364	934
4590	572	355	927
4591	574	349	923
4592	559	339	898
4593	561	302	863
4594	542	309	851
4595	515	386	901
4596	471	463	934
4597	426	542	968
4598	408	551	959
4599	422	572	994
4600	436	572	1008
4601	410	549	959
4602	439	529	968
4603	444	544	988
4604	438	543	981
4605	424	527	951
4606	420	533	953
4607	433	522	955
4608	440	536	976
4609	430	534	964
4610	452	523	975
4611	443	533	976
4612	411	524	935
4613	423	523	946
4614	388	527	915
4615	440	513	953
4616	409	516	925
4617	408	512	920
4618	395	489	884
4619	401	503	904
4620	407	509	916
4621	451	452	903
4622	458	459	917
4623	432	475	907
4624	422	462	884
4625	453	447	900
4626	454	479	933
4627	438	476	914
4628	433	474	907
4629	439	481	920
4630	430	471	901
4631	429	464	893
4632	443	484	927
4633	426	468	894
4634	421	458	879
4635	420	475	895
4636	388	469	857
4637	361	476	837
4638	382	471	853
4639	372	452	824
4640	364	441	805
4641	372	433	805
4642	373	400	773
4643	365	390	755
4644	378	382	760
4645	385	373	758
4646	362	390	752
4647	370	368	738
4648	394	359	753
4649	386	374	760
4650	373	374	747
4651	397	373	770
4652	371	373	744
4653	400	389	789
4654	374	402	776
4655	368	391	759
4656	384	402	786
4657	384	387	771
4658	361	417	778
4659	378	398	776
4660	400	398	798
4661	417	405	822
4662	413	420	833
4663	439	424	863
4664	444	412	856
4665	419	398	817
4666	436	391	827
4667	441	365	806
4668	416	388	804
4669	377	394	771
4670	370	387	757
4671	351	394	745
4672	362	372	734
4673	336	366	702
4674	366	395	761
4675	364	400	764
4676	392	407	799
4677	392	409	801
4678	359	421	780
4679	322	427	749
4680	349	400	749
4681	364	415	779
4682	377	399	776
4683	426	399	825
4684	444	403	847
4685	447	368	815
4686	445	380	825
4687	427	371	798
4688	410	358	768
4689	377	400	777
4690	314	431	745
4691	313	465	778
4692	327	454	781
4693	313	413	726
4694	311	391	702
4695	321	368	689
4696	311	363	674
4697	318	338	656
4698	360	327	687
4699	347	317	664
4700	358	325	683
4701	361	339	700
4702	431	385	816
4703	438	444	882
4704	476	466	942
4705	478	487	965
4706	472	465	937
4707	479	444	923
4708	484	471	955
4709	475	440	915
4710	475	409	884
4711	488	418	906
4712	478	406	884
4713	496	411	907
4714	503	402	905
4715	478	410	888
4716	503	409	912
4717	481	404	885
4718	482	418	900
4719	495	454	949
4720	497	413	910
4721	506	415	921
4722	480	398	878
4723	493	393	886
4724	496	421	917
4725	500	410	910
4726	492	418	910
4727	489	442	931
4728	464	404	868
4729	458	420	878
4730	484	412	896
4731	495	384	879
4732	494	417	911
4733	469	405	874
4734	491	402	893
4735	501	410	911
4736	505	397	902
4737	454	494	948
4738	425	486	911
4739	403	522	925
4740	388	523	911
4741	358	575	933
4742	380	538	918
4743	456	527	983
4744	483	475	958
4745	476	499	975
4746	453	534	987
4747	427	540	967
4748	384	520	904
4749	384	527	911
4750	389	497	886
4751	393	492	885
4752	421	454	875
4753	433	413	846
4754	404	413	817
4755	429	379	808
4756	432	345	777
4757	455	337	792
4758	421	337	758
4759	378	381	759
4760	353	373	726
4761	364	401	765
4762	340	418	758
4763	330	403	733
4764	309	393	702
4765	337	423	760
4766	371	384	755
4767	393	345	738
4768	393	323	716
4769	401	319	720
4770	422	318	740
4771	429	343	772
4772	400	348	748
4773	358	364	722
4774	345	373	718
4775	340	348	688
4776	351	356	707
4777	360	361	721
4778	370	369	739
4779	404	400	804
4780	519	458	977
4781	562	502	1064
4782	592	532	1124
4783	601	541	1142
4784	576	530	1106
4785	597	544	1141
4786	591	517	1108
4787	601	560	1161
4788	572	541	1113
4789	590	523	1113
4790	580	542	1122
4791	588	513	1101
4792	611	543	1154
4793	591	540	1131
4794	571	535	1106
4795	582	522	1104
4796	558	522	1080
4797	568	528	1096
4798	603	498	1101
4799	593	516	1109
4800	576	516	1092
4801	612	523	1135
4802	595	526	1121
4803	598	525	1123
4804	576	512	1088
4805	598	517	1115
4806	591	512	1103
4807	583	516	1099
4808	574	525	1099
4809	582	522	1104
4810	598	521	1119
4811	560	512	1072
4812	597	515	1112
4813	595	519	1114
4814	583	516	1099
4815	598	507	1105
4816	593	528	1121
4817	592	500	1092
4818	584	527	1111
4819	560	519	1079
4820	595	509	1104
4821	610	525	1135
4822	579	528	1107
4823	590	530	1120
4824	581	513	1094
4825	594	511	1105
4826	588	507	1095
4827	555	511	1066
4828	582	513	1095
4829	586	528	1114
4830	589	524	1113
4831	579	508	1087
4832	578	513	1091
4833	595	521	1116
4834	587	510	1097
4835	582	521	1103
4836	566	532	1098
4837	578	540	1118
4838	576	528	1104
4839	582	501	1083
4840	584	529	1113
4841	578	520	1098
4842	584	516	1100
4843	564	527	1091
4844	587	510	1097
4845	597	535	1132
4846	589	506	1095
4847	583	507	1090
4848	580	506	1086
4849	588	519	1107
4850	578	509	1087
4851	570	518	1088
4852	599	521	1120
4853	581	518	1099
4854	579	522	1101
4855	564	497	1061
4856	599	505	1104
4857	587	536	1123
4858	604	518	1122
4859	603	518	1121
4860	610	522	1132
4861	590	510	1100
4862	608	523	1131
4863	568	524	1092
4864	598	520	1118
4865	592	516	1108
4866	585	519	1104
4867	604	508	1112
4868	607	494	1101
4869	578	517	1095
4870	621	502	1123
4871	597	508	1105
4872	587	535	1122
4873	603	513	1116
4874	590	538	1128
4875	581	506	1087
4876	580	548	1128
4877	560	512	1072
4878	542	515	1057
4879	525	525	1050
4880	571	523	1094
4881	530	508	1038
4882	517	538	1055
4883	538	501	1039
4884	569	517	1086
4885	576	507	1083
4886	580	521	1101
4887	582	525	1107
4888	585	528	1113
4889	594	501	1095
4890	570	526	1096
4891	582	523	1105
4892	565	506	1071
4893	558	510	1068
4894	571	523	1094
4895	563	526	1089
4896	588	534	1122
4897	586	529	1115
4898	579	508	1087
4899	612	514	1126
4900	596	513	1109
4901	589	519	1108
4902	590	505	1095
4903	591	497	1088
4904	588	491	1079
4905	592	528	1120
4906	591	516	1107
4907	578	513	1091
4908	587	512	1099
4909	611	506	1117
4910	590	528	1118
4911	570	542	1112
4912	592	506	1098
4913	596	509	1105
4914	575	497	1072
4915	598	526	1124
4916	594	504	1098
4917	567	514	1081
4918	596	518	1114
4919	572	538	1110
4920	588	512	1100
4921	592	506	1098
4922	590	517	1107
4923	583	529	1112
4924	572	534	1106
4925	585	491	1076
4926	588	511	1099
4927	583	522	1105
4928	561	536	1097
4929	607	515	1122
4930	590	492	1082
4931	606	503	1109
4932	568	497	1065
4933	575	514	1089
4934	582	520	1102
4935	605	502	1107
4936	606	524	1130
4937	585	520	1105
4938	590	509	1099
4939	596	540	1136
4940	603	511	1114
4941	587	495	1082
4942	566	491	1057
4943	589	523	1112
4944	619	510	1129
4945	611	486	1097
4946	576	507	1083
4947	604	504	1108
4948	588	527	1115
4949	591	504	1095
4950	565	513	1078
4951	591	500	1091
4952	570	522	1092
4953	593	519	1112
4954	587	514	1101
4955	564	508	1072
4956	607	503	1110
4957	606	513	1119
4958	605	510	1115
4959	580	492	1072
4960	581	507	1088
4961	599	511	1110
4962	573	506	1079
4963	582	514	1096
4964	573	514	1087
4965	590	518	1108
4966	604	499	1103
4967	582	521	1103
4968	587	534	1121
4969	596	547	1143
4970	567	543	1110
4971	585	498	1083
4972	570	523	1093
4973	584	510	1094
4974	570	516	1086
4975	566	507	1073
4976	583	512	1095
4977	579	502	1081
4978	581	478	1059
4979	594	515	1109
4980	593	504	1097
4981	588	519	1107
4982	599	521	1120
4983	601	537	1138
4984	585	492	1077
4985	589	516	1105
4986	580	506	1086
4987	601	517	1118
4988	595	538	1133
4989	591	517	1108
4990	590	528	1118
4991	577	525	1102
4992	589	508	1097
4993	570	506	1076
4994	587	533	1120
4995	564	502	1066
4996	575	515	1090
4997	594	507	1101
4998	580	515	1095
4999	554	512	1066
5000	578	533	1111
5001	590	503	1093
5002	590	504	1094
5003	576	502	1078
5004	591	517	1108
5005	595	518	1113
5006	591	504	1095
5007	584	499	1083
5008	615	531	1146
5009	585	535	1120
5010	575	507	1082
5011	592	505	1097
5012	591	535	1126
5013	582	515	1097
5014	563	514	1077
5015	591	515	1106
5016	581	503	1084
5017	571	492	1063
5018	588	511	1099
5019	612	516	1128
5020	591	530	1121
5021	584	511	1095
5022	579	537	1116
5023	569	535	1104
5024	566	505	1071
5025	562	506	1068
5026	587	527	1114
5027	606	527	1133
5028	609	510	1119
5029	592	523	1115
5030	608	526	1134
5031	581	522	1103
5032	599	524	1123
5033	579	534	1113
5034	570	496	1066
5035	578	506	1084
5036	577	495	1072
5037	571	516	1087
5038	579	521	1100
5039	604	514	1118
5040	600	502	1102
5041	587	527	1114
5042	598	509	1107
5043	577	521	1098
5044	584	519	1103
5045	590	518	1108
5046	584	529	1113
5047	614	506	1120
5048	574	525	1099
5049	571	521	1092
5050	585	498	1083
5051	581	515	1096
5052	564	499	1063
5053	577	513	1090
5054	577	502	1079
5055	615	502	1117
5056	564	527	1091
5057	570	513	1083
5058	590	528	1118
5059	589	516	1105
5060	567	502	1069
5061	597	510	1107
5062	587	514	1101
5063	597	505	1102
5064	577	512	1089
5065	574	534	1108
5066	587	517	1104
5067	588	505	1093
5068	578	516	1094
5069	565	508	1073
5070	583	514	1097
5071	584	518	1102
5072	587	497	1084
