4	7	9	10	21	24	28	34	40	43	48	51	58	62	63	64	66	70	71	73	77	78	81	83	84	93	104	105	106	111	112	115	119	122	124	130	133	135	139	142	151	157	161	162	171	178	182	183	185	192	193	194	196	202	206	209	224	227	237	238	240	241	244	246	251	257	260	265	266	268	274	276	277	279	285	287	288	291	293	294	296	297	298	302	307	314	318	321	322	326	339	342	345	350	351	352	354	356	359	362	365	366	376	379	385	387	395	396	401	405	414	419	421	423	429	435	436	447	462	463	464	478	479	482	483	486	489	490	498	499	256	136	374	370	278	114	328	108	311	61	82	410	65	125	109	249	363	6	50	210	413	402	220	31	153	59	91	172	250	229	181	179	208	30	22	426	469	25	320	407	173	383	198	155	94	97	398	117	334	492	377	312	99	329	412	409	13	199	121	503	100	146	195	275	378	147	480	357	
9	28	40	58	62	64	70	78	81	93	104	111	112	122	130	135	139	142	161	162	171	178	183	185	192	194	206	209	227	237	238	240	241	246	251	266	274	276	279	287	288	291	296	297	298	302	307	314	318	322	326	350	351	354	356	365	366	376	379	385	387	395	396	401	405	414	419	421	423	429	462	463	464	478	483	486	490	370	278	114	328	108	311	61	410	109	413	31	91	229	181	208	426	383	97	334	99	13	275	147	357	398	407	50	25	503	89	345	48	479	193	117	202	115	213	94	118	363	7	125	250	153	337	34	195	447	20	471	329	243	325	352	277	498	176	342	124	85	175	10	75	445	49	63	217	256	
9	28	40	58	62	64	70	78	81	93	104	111	112	122	135	139	142	161	178	183	192	194	206	209	237	238	240	241	246	274	276	279	287	288	291	296	297	302	307	318	322	326	350	351	354	356	365	379	385	387	395	414	419	421	429	463	464	478	483	486	490	370	278	328	108	311	61	181	426	13	147	357	407	50	25	503	48	479	193	117	94	118	7	125	153	337	195	124	175	256	396	171	52	498	10	116	393	266	91	275	15	487	130	413	97	376	208	405	250	271	471	170	114	251	185	53	366	347	245	11	267	477	
9	28	40	62	64	70	78	93	104	112	135	139	142	178	183	192	194	206	237	240	241	274	276	279	287	288	291	297	302	307	318	326	351	354	356	365	379	385	395	414	419	421	463	464	478	483	486	490	370	278	328	311	181	147	407	50	25	503	48	479	193	117	94	118	125	153	52	498	10	116	91	487	130	97	376	114	251	185	366	347	426	122	467	357	396	504	33	387	111	198	422	502	427	108	81	44	138	36	405	196	54	246	171	131	275	161	239	225	77	
9	28	40	62	78	93	104	112	135	139	142	178	183	192	194	206	237	240	241	276	279	287	288	291	297	302	307	318	326	351	354	356	365	379	385	414	421	463	478	483	486	490	370	278	328	311	147	407	25	48	479	117	94	118	125	153	52	498	10	116	91	487	130	114	185	366	426	396	504	33	44	131	171	193	36	50	64	57	97	81	503	59	58	84	37	333	26	332	
9	28	40	62	93	104	112	135	139	178	183	192	206	237	240	241	276	279	288	291	297	302	307	318	351	354	356	365	379	385	414	421	478	483	370	278	328	311	147	407	25	479	117	94	118	125	153	52	116	91	130	114	185	366	426	396	504	193	36	50	57	97	58	326	482	131	319	194	44	17	490	27	51	272	145	232	314	55	49	313	487	
9	40	62	93	104	112	135	139	178	183	237	240	241	276	279	291	297	307	318	351	356	365	379	385	414	421	478	483	370	278	328	311	147	407	479	94	118	125	153	52	116	114	426	396	193	36	50	57	97	58	131	17	490	51	314	487	44	229	272	239	61	493	205	232	397	310	253	185	164	319	127	54	288	352	
9	40	62	93	104	135	139	178	237	240	241	276	279	291	297	307	318	351	356	365	379	385	414	483	328	311	147	479	94	118	125	153	116	114	396	36	50	97	490	314	487	229	239	127	183	255	406	419	46	137	205	289	96	509	421	446	85	352	122	257	402	32	
9	40	93	104	135	139	237	240	241	276	279	297	307	318	351	356	365	379	385	414	483	328	311	147	479	94	118	125	114	396	36	50	97	490	314	487	229	239	127	406	419	46	205	96	25	32	293	1	131	17	101	361	298	178	255	386	362	291	287	383	315	62	30	
9	93	104	135	139	237	240	276	279	297	307	318	351	356	365	379	385	414	483	328	311	147	479	94	118	114	396	36	50	97	490	314	487	229	239	127	406	419	205	25	32	1	131	101	315	264	96	382	435	33	343	235	398	
9	93	104	135	139	237	240	276	279	297	307	318	351	356	365	379	385	414	483	328	311	147	479	94	118	114	396	50	97	490	314	487	239	127	406	419	205	1	131	315	264	382	33	343	32	126	124	37	41	229	36	392	478	73	263	105	235	106	
9	93	104	135	139	237	240	276	279	297	307	318	356	365	379	414	483	328	311	479	94	114	396	50	97	490	239	127	406	419	205	264	33	343	126	37	41	36	111	438	289	124	118	103	231	344	221	49	241	101	
9	93	104	135	139	237	240	276	279	297	307	318	356	365	414	483	328	311	479	94	114	396	97	239	406	419	205	264	33	343	37	41	111	101	124	126	127	119	355	207	106	463	171	260	175	54	169	45	
9	104	135	139	237	240	276	279	297	307	318	356	365	414	483	328	311	479	94	114	396	97	239	406	419	205	264	33	343	41	111	101	126	127	119	355	171	175	45	207	50	47	199	397	169	71	263	296	
9	104	135	139	237	240	276	279	297	356	414	483	328	311	479	94	114	396	97	239	406	419	205	264	33	343	41	111	101	127	119	47	199	397	263	296	207	126	285	277	392	393	295	319	105	308	40	265	408	50	375	
9	104	135	139	237	240	276	279	297	356	414	483	328	311	479	94	114	396	239	406	419	205	264	33	343	111	127	119	47	397	263	207	277	392	281	423	295	351	45	97	203	446	175	262	143	63	
104	135	139	237	276	279	297	356	414	483	328	311	479	114	396	239	406	419	205	264	33	343	111	119	47	397	207	277	392	45	97	203	63	202	481	32	509	48	423	108	173	427	
104	135	139	237	276	279	297	356	483	311	479	114	396	239	406	419	264	33	343	111	119	397	277	392	97	63	32	319	425	131	154	273	280	127	275	499	372	155	
104	135	139	237	276	279	297	356	483	311	479	114	396	239	406	419	264	33	343	111	119	397	392	97	63	319	425	171	295	309	269	127	272	447	137	387	
104	135	139	237	276	279	297	356	483	114	396	239	406	419	264	343	111	119	392	97	63	319	171	127	311	387	439	229	33	327	163	235	191	138	269	155	491	233	287	131	437	
104	135	139	237	279	297	356	483	114	396	239	419	264	343	111	119	97	63	319	171	127	311	439	50	287	61	72	398	40	151	
104	135	139	237	279	297	356	483	114	396	419	264	343	111	119	97	63	311	439	287	61	72	398	40	235	243	127	430	62	191	183	187	110	351	
104	135	139	279	297	356	483	114	419	343	119	97	311	439	287	72	398	40	127	193	235	225	
104	135	139	279	114	419	343	119	97	439	287	398	40	225	127	
104	139	279	114	419	343	119	97	439	287	40	225	72	311	227	
139	279	114	419	119	439	287	40	225	351	418	224	171	161	
139	279	114	419	119	439	287	40	225	418	104	115	
139	279	419	119	439	287	40	225	418	438	482	
139	419	119	439	287	40	225	418	423	
139	419	119	287	40	225	418	
139	419	287	225	418	
139	287	225	290	286	138	
287	225	290	138	
287	225	138	415	
287	225	138	170	
287	225	138	154	
287	225	138	170	
287	225	138	
287	225	138	
287	225	138	241	
287	225	138	
287	225	138	136	
287	225	138	271	154	335	202	
287	225	138	
287	225	138	
287	138	271	225	
287	138	271	351	
287	138	271	269	
287	138	271	269	268	332	300	265	
287	138	271	269	332	300	268	333	
287	138	271	269	332	300	261	270	
287	138	271	269	332	300	268	
138	271	332	300	268	
138	271	332	300	
138	271	332	300	303	
138	271	332	300	268	296	260	
138	271	332	300	268	269	154	174	
138	271	332	300	268	
138	271	332	300	268	
138	332	300	170	
138	332	300	136	10	26	
138	332	300	26	58	50	42	
138	332	300	26	58	
138	332	300	26	58	
138	332	300	26	58	296	
138	332	300	26	58	
138	332	300	26	58	364	
138	332	300	26	
138	332	300	26	333	130	
138	332	300	26	202	
138	332	300	26	24	
138	332	300	26	
138	332	300	26	154	
138	332	300	26	268	328	
138	332	300	26	202	328	
138	332	300	26	58	50	
138	332	300	26	
138	332	300	26	
138	332	300	26	18	
138	332	300	26	
138	332	300	26	269	10	
138	332	300	26	269	
138	332	300	26	142	364	
138	332	300	26	136	130	
138	332	300	26	296	58	62	
138	332	300	26	296	58	
138	332	300	26	296	58	308	424	425	
138	332	300	26	296	58	308	425	489	
332	300	26	296	58	308	425	489	
26	296	58	308	425	489	
26	296	58	308	425	42	
26	58	308	425	42	24	50	18	429	114	276	
26	58	308	425	24	50	40	57	88	
26	58	308	425	24	50	57	122	56	89	59	276	126	
26	308	425	50	57	122	62	154	126	90	
26	308	425	57	122	250	56	54	232	
26	308	425	57	122	54	50	118	120	
26	308	425	57	122	54	309	27	50	
26	308	425	57	122	54	309	106	373	491	58	277	
308	425	57	122	54	309	381	509	372	477	
308	425	57	122	54	309	381	509	123	56	445	121	
57	122	54	309	381	509	123	56	383	48	
57	54	309	381	509	123	56	61	437	121	293	
57	54	309	381	509	123	56	121	24	
54	309	381	509	123	56	121	57	
54	309	381	123	56	121	115	24	
54	309	381	123	56	121	433	249	
54	309	381	123	56	121	383	
54	309	381	123	56	121	383	
54	309	381	123	56	121	383	120	359	351	89	
54	309	381	123	56	121	383	349	351	287	120	348	380	
309	381	123	56	121	383	349	287	348	508	120	284	285	
309	381	123	56	121	383	349	287	508	285	382	89	
381	123	56	121	349	287	508	285	413	60	477	
381	123	56	121	349	287	508	285	492	
381	123	56	121	349	287	508	285	333	
56	121	349	287	508	285	
56	121	349	287	285	277	
121	349	287	285	309	281	
121	349	287	285	125	
121	349	287	285	279	
121	349	287	285	57	
121	349	287	285	
121	349	287	285	
121	349	287	285	57	
121	349	287	285	
121	349	287	285	
121	349	287	285	
121	349	285	351	
121	349	285	
121	349	
121	349	
121	349	
121	349	
121	349	57	
121	349	285	249	
121	349	
121	349	
121	349	
121	349	
121	349	
121	349	105	233	
121	349	
121	349	285	
121	349	
121	349	89	
121	349	
121	349	285	413	
121	349	
121	349	
121	349	
121	349	
121	349	
121	349	285	277	
121	349	351	
121	349	123	
121	349	
121	349	
121	349	123	
121	349	
121	349	
121	349	
121	349	
121	349	
121	349	
121	349	285	
121	349	345	
121	349	
121	349	
121	349	
121	349	285	
121	349	285	
121	349	285	277	
121	349	345	
121	349	
121	349	123	
121	349	
121	349	
121	349	
121	349	479	
121	349	479	
121	349	479	351	
121	349	479	
121	349	479	381	329	89	
121	349	479	123	
121	349	479	
121	349	479	
121	349	479	
121	349	479	249	
121	349	479	
121	349	479	471	
121	349	479	125	
121	349	479	125	113	112	
121	349	479	125	113	243	242	49	285	
121	349	479	113	243	97	
121	349	479	243	381	
349	479	243	381	377	317	361	
349	243	381	377	376	313	
243	377	381	
243	377	
243	377	
243	377	227	163	139	167	35	
243	377	163	171	
377	163	171	505	
377	163	505	
163	505	
163	505	
163	505	131	489	
163	505	
163	505	35	
163	505	
163	505	
163	505	
163	505	
163	505	
163	505	
163	505	
163	505	
163	505	
163	505	
163	505	
163	505	
163	505	
163	505	
163	505	
163	505	
163	505	167	
163	505	
163	505	
163	505	
163	505	35	
163	505	
163	505	507	
163	505	162	
163	505	
163	505	
163	505	167	
163	505	504	
163	505	
163	505	497	
163	505	
163	505	489	
163	505	
163	505	
163	505	
163	505	489	507	
163	505	
163	505	
163	505	
163	505	
163	505	
163	505	
163	505	
163	505	
163	505	
163	505	
163	505	
163	505	
163	505	
163	505	
163	505	
163	505	
163	505	
163	505	
163	505	
163	505	
163	505	
163	505	
163	505	
163	505	509	
163	505	
163	505	
163	505	377	
163	505	
163	505	507	
163	505	
163	505	
163	505	509	
163	505	
163	505	35	
163	505	
163	505	
163	505	
163	505	
163	505	507	
163	505	
163	505	507	
163	505	
163	505	
163	505	
163	505	
163	505	
163	505	507	
163	505	
163	505	
163	505	
163	505	473	
163	505	
163	505	
163	505	161	
163	505	
163	505	171	131	
163	505	179	
163	505	
163	505	
163	505	
163	505	
163	505	
163	505	473	
163	505	
163	505	
163	505	507	
163	505	227	
163	505	
163	505	
163	505	
163	505	
163	505	35	
163	505	
163	505	
163	505	
163	505	
163	505	167	
163	505	509	
163	505	
163	505	171	
163	505	
163	505	473	
163	505	
163	505	
163	505	
163	505	
163	505	377	441	
163	505	
163	505	
163	505	
163	505	
163	505	489	
163	505	
163	505	
163	505	
163	505	
163	505	
163	505	473	
163	505	377	
163	505	
163	505	509	
163	505	167	
163	505	
163	505	
163	505	509	
163	505	
163	505	497	
163	505	
163	505	131	
163	505	
163	505	377	
163	505	
163	505	
163	505	
163	505	
163	505	167	
163	505	
163	505	179	
163	505	
163	505	167	
163	505	
163	505	
163	505	
163	505	
163	505	
163	505	
163	505	
163	505	
163	505	
163	505	
163	505	
163	505	162	
163	505	
163	505	377	
163	505	
163	505	
163	505	
163	505	
163	505	
163	505	377	
163	505	
163	505	377	
163	505	
163	505	377	
163	505	
163	505	
163	505	
163	505	
163	505	167	
163	505	
163	505	
163	505	377	227	
163	505	
163	505	
163	505	504	
163	505	
163	505	
163	505	
163	505	
163	505	
163	505	131	
163	505	
163	505	227	
163	505	
163	505	509	
163	505	
163	505	
163	505	
163	505	
163	505	
163	505	
163	505	
163	505	162	
163	505	
163	505	497	
163	505	161	177	
163	505	
163	505	472	
163	505	
163	505	35	
163	505	35	162	
163	505	
163	505	
163	505	509	
163	505	
163	505	
163	505	
163	505	227	497	
163	505	
163	505	497	
163	505	
163	505	
163	505	
163	505	
163	505	
163	505	
163	505	
163	505	
163	505	
163	505	179	
163	505	
163	505	227	
163	505	
163	505	
163	505	
163	505	441	
163	505	509	497	
163	505	457	473	
163	505	
163	505	
163	505	
163	505	473	
163	505	
163	505	
163	505	35	
163	505	
163	505	167	
163	505	
163	505	509	
163	505	509	227	
163	505	
163	505	
163	505	
163	505	
163	505	
163	505	
163	505	473	
163	505	
163	505	
163	505	
163	505	
163	505	
163	505	
163	505	162	
163	505	
163	505	161	377	
163	505	
163	505	377	
163	505	
163	505	497	465	
163	505	
163	505	497	
163	505	
163	505	
163	505	
163	505	
163	505	509	
163	505	
163	505	
163	505	489	
163	505	377	
163	505	161	507	
163	505	
163	505	
163	505	
163	505	
163	505	
163	505	
163	505	
163	505	
163	505	
163	505	
163	505	
163	505	
163	505	
163	505	
163	505	
163	505	
163	505	
163	505	
163	505	
163	505	
163	505	
163	505	
163	505	
163	505	
163	505	
163	505	
163	505	
163	505	507	
163	505	224	
163	505	224	
163	505	224	
163	505	224	
163	505	224	
163	505	224	
163	505	224	507	
505	224	473	160	
505	224	
505	224	
505	224	226	225	
505	224	507	
505	224	
505	224	
505	224	
505	224	507	
505	224	
505	224	497	
505	224	
505	224	
505	224	
505	224	226	
505	224	
505	224	
505	224	
505	224	
505	224	
505	224	
505	224	369	473	489	
505	224	369	
505	224	369	
505	224	369	
505	224	369	
505	224	369	497	
505	224	369	
505	224	369	226	
505	224	369	232	
505	224	369	371	
505	224	369	
505	224	369	
224	369	
224	369	
224	369	497	
224	369	
224	369	240	
224	369	
224	369	
224	369	
224	369	353	
224	369	96	
224	369	377	
224	369	377	
224	369	
224	369	240	
224	369	
224	369	
224	369	497	
224	369	
224	369	
224	369	
224	369	
224	369	96	
224	369	
224	369	
224	369	305	
224	369	240	
224	369	
224	369	
224	369	96	228	
224	369	
224	369	373	
224	369	
224	369	160	
224	369	
224	369	337	353	
224	369	
224	369	
224	369	232	
224	369	
224	369	
224	369	160	
224	369	
224	369	
224	369	
224	369	
224	369	
224	369	160	
224	369	
224	369	497	
224	369	
224	369	
224	369	
224	369	
224	369	160	
224	369	337	
224	369	
224	369	
224	369	497	368	
224	369	
224	369	
224	369	
224	369	
224	369	371	
224	369	
224	369	
224	369	371	497	
224	369	232	
224	369	
224	369	
224	369	373	
224	369	
224	369	240	
224	369	305	
224	369	
224	369	192	497	
224	369	
224	369	371	497	
224	369	
224	369	
224	369	228	
224	369	
224	369	
224	369	
224	369	
224	369	
224	369	
224	369	
224	369	
224	369	225	
224	369	
224	369	
224	369	
224	369	
224	369	192	377	
224	369	
224	369	497	
224	369	
224	369	96	
224	369	
224	369	353	
224	369	
224	369	
224	369	
224	369	
224	369	
224	369	
224	369	
224	369	
224	369	192	
224	369	
224	369	
224	369	353	
224	369	
224	369	160	
224	369	
224	369	
224	369	
224	369	368	
224	369	
224	369	371	
224	369	
224	369	
224	369	
224	369	
224	369	368	
224	369	
224	369	
224	369	228	
224	369	
224	369	
224	369	305	
224	369	
224	369	232	
224	369	371	
224	369	373	
224	369	
224	369	
224	369	192	
224	369	
224	369	240	
224	369	497	
224	369	228	
224	369	
224	369	192	
224	369	
224	369	
224	369	
224	369	
224	369	
224	369	
224	369	
224	369	
224	369	
224	369	
224	369	
224	369	
224	369	228	
224	369	192	
224	369	
224	369	
224	369	
224	369	
224	369	228	
224	369	
224	369	228	
224	369	
224	369	
224	369	
224	369	228	
224	369	
224	369	
224	369	240	371	353	
224	369	
224	369	377	
224	369	
224	369	
224	369	228	
224	369	
224	369	
224	369	
224	369	
224	369	
224	369	353	
224	369	337	
224	369	
224	369	
224	369	225	368	
224	369	96	
224	369	337	
224	369	
224	369	232	
224	369	
224	369	192	
224	369	
224	369	
224	369	232	
224	369	
224	369	208	
224	369	373	
224	369	
224	369	96	368	
224	369	368	
224	369	
224	369	
224	369	
224	369	353	
224	369	
224	369	192	232	
224	369	
224	369	
224	369	
224	369	
224	369	377	
224	369	
224	369	
224	369	
224	369	
224	369	
224	369	
224	369	
224	369	
224	369	
224	369	225	
224	369	
224	369	240	
224	369	
224	369	228	226	
224	369	192	371	228	
224	369	228	96	225	
224	369	
224	369	232	
224	369	
224	369	
224	369	
224	369	337	
224	369	305	
224	369	
224	369	192	
224	369	
224	369	
224	369	
224	369	
224	369	
224	369	225	
224	369	
224	369	
224	369	373	
224	369	368	
224	369	160	
224	369	226	
224	369	
224	369	
224	369	
224	369	368	
224	369	
224	369	
224	369	
224	369	240	
224	369	
224	369	96	
224	369	497	
224	369	228	
224	369	
224	369	
224	369	
224	369	
224	369	228	
224	369	
224	369	
224	369	
224	369	337	232	
224	369	
224	369	226	
224	369	
224	369	
224	369	192	
224	369	228	
224	369	
224	369	
224	369	
224	369	
224	369	
224	369	
224	369	
224	369	232	
224	369	
224	369	
224	369	368	
224	369	112	
224	369	368	
224	369	192	
224	369	353	
224	369	
224	369	
224	369	
224	369	
224	369	
224	369	225	
224	369	
224	369	192	
224	369	
224	369	96	
224	369	
224	369	
224	369	
224	369	368	
224	369	
224	369	
224	369	
224	369	371	
224	369	
224	369	
224	369	
224	369	305	
224	369	305	192	
224	369	497	
224	369	
224	369	
224	369	
224	369	160	
224	369	
224	369	228	
224	369	
224	369	
224	369	373	
224	369	377	
224	369	
224	369	
224	369	
224	369	
224	369	
224	369	353	
224	369	
224	369	96	
224	369	
224	369	353	
224	369	
224	369	240	
224	369	96	
224	369	
224	369	377	
224	369	
224	369	
224	369	228	
224	369	
224	369	
224	369	
224	369	
224	369	
224	369	
224	369	
224	369	225	
224	369	232	
224	369	
224	369	
224	369	
224	369	371	
224	369	
224	369	192	228	
224	369	
224	369	
224	369	373	
224	369	
224	369	
224	369	240	
224	369	
224	369	240	305	
224	369	
224	369	
224	369	
224	369	
224	369	
224	369	
224	369	226	
224	369	305	225	
224	369	
224	369	
224	369	244	228	
224	369	160	
224	369	
224	369	
224	369	192	194	
224	369	
224	369	
224	369	
224	369	
224	369	371	
224	369	
224	369	
224	369	
224	369	
224	369	371	
224	369	
224	369	
224	369	192	
224	369	
224	369	
224	369	
224	369	
224	369	
224	369	368	
224	369	
224	369	
224	369	
224	369	
224	369	240	
224	369	
224	369	160	
224	369	371	
224	369	192	240	
224	369	
224	369	160	
224	369	
224	369	
224	369	228	
224	369	192	
224	369	
224	369	
224	369	
224	369	497	228	
224	369	225	
224	369	371	
224	369	497	
224	369	
224	369	337	
224	369	
224	369	240	
224	369	
224	369	
224	369	232	
224	369	
224	369	
224	369	
224	369	
224	369	
224	369	96	225	
224	369	
224	369	225	
224	369	226	
224	369	192	
224	369	
224	369	
224	369	
224	369	
224	369	
224	369	
224	369	
224	369	
224	369	
224	369	226	
224	369	
224	369	
224	369	
224	369	371	
224	369	192	377	
224	369	
224	369	
224	369	377	
224	369	
224	369	497	
224	369	
224	369	
224	369	232	240	
224	369	
224	369	
224	369	
224	369	
224	369	
224	369	
224	369	
224	369	
224	369	
224	369	225	96	368	
224	369	
224	369	
224	369	
224	369	
224	369	
224	369	
224	369	232	
224	369	373	
224	369	
224	369	337	305	309	
224	369	
224	369	226	
224	369	228	
224	369	
224	369	
224	369	
224	369	232	
224	369	497	
224	369	
224	369	
224	369	
224	369	
224	369	
224	369	
224	369	353	
224	369	225	
224	369	
224	369	
224	369	
224	369	
224	369	
224	369	226	
224	369	228	
224	369	
224	369	353	
224	369	
224	369	
224	369	232	
224	369	
224	369	
224	369	
224	369	371	497	377	
224	369	497	
224	369	
224	369	
224	369	
224	369	
224	369	
224	369	
224	369	
224	369	371	
224	369	240	
224	369	
224	369	368	
224	369	
224	369	373	
224	369	192	
224	369	497	
224	369	
224	369	
224	369	377	
224	369	228	305	
224	369	
224	369	
224	369	
224	369	
224	369	
224	369	
224	369	
224	369	225	
224	369	
224	369	373	
224	369	353	
224	369	
224	369	
224	369	
224	369	
224	369	
224	369	305	
224	369	
224	369	
224	369	
224	369	
224	369	
224	369	
224	369	
224	369	240	
224	369	337	
224	369	192	
224	369	96	
224	369	
224	369	96	
224	369	353	
224	369	
224	369	
224	369	
224	369	
224	369	373	
224	369	192	
224	369	
224	369	96	
224	369	
224	369	
224	369	
224	369	232	228	
224	369	305	
224	369	
224	369	228	497	
224	369	
224	369	
224	369	226	
224	369	
224	369	373	
224	369	368	
224	369	
224	369	192	373	
224	369	
224	369	
224	369	225	
224	369	371	
224	369	
224	369	
224	369	
224	369	
224	369	
224	369	
224	369	373	337	
224	369	
224	369	
224	369	
224	369	
224	369	
224	369	
224	369	
224	369	
224	369	
224	369	226	
224	369	
224	369	96	
224	369	497	228	
224	369	
224	369	
224	369	373	
224	369	
224	369	
224	369	
224	369	
224	369	
224	369	
224	369	
224	369	371	
224	369	
224	369	96	
224	369	
224	369	
224	369	
224	369	192	368	
224	369	
224	369	240	
224	369	
224	369	305	
224	369	232	
224	369	
224	369	
224	369	
224	369	353	371	
224	369	
224	369	
224	369	
224	369	
224	369	
224	369	
224	369	
224	369	371	192	
224	369	
224	369	368	
224	369	
224	369	
224	369	
224	369	
224	369	
224	369	
224	369	
224	369	
224	369	
224	369	196	
224	369	
224	369	337	
224	369	
224	369	
224	369	
224	369	305	
224	369	
224	369	96	
224	369	
224	369	
224	369	
224	369	232	
224	369	
224	369	
224	369	
224	369	
224	369	
224	369	
224	369	
224	369	
224	369	192	
224	369	
224	369	
224	369	232	
224	369	
224	369	96	
224	369	
224	369	
224	369	373	371	
224	369	
224	369	
224	369	
224	369	226	
224	369	373	
224	369	
224	369	
224	369	192	
224	369	
224	369	337	
224	369	192	
224	369	
224	369	
224	369	
224	369	
224	369	
224	369	
224	369	
224	369	
224	369	337	
224	369	
224	369	
224	369	
224	369	
224	369	228	
224	369	
224	369	232	
224	369	
224	369	337	
224	369	
224	369	
224	369	
224	369	
224	369	232	
224	369	
224	369	
224	369	
224	369	160	
224	369	
224	369	
224	369	226	
224	369	
224	369	
224	369	
224	369	497	
224	369	505	
224	369	
224	369	
224	369	192	240	
224	369	
224	369	
224	369	353	
224	369	337	
224	369	
224	369	337	
224	369	
224	369	
224	369	240	
224	369	
224	369	
224	369	
224	369	
224	369	
224	369	
224	369	96	160	
224	369	
224	369	
224	369	
224	369	228	
224	369	
224	369	
224	369	
224	369	
224	369	
224	369	371	192	
224	369	192	
224	369	160	
224	369	
224	369	
224	369	
224	369	
224	369	160	
224	369	
224	369	
224	369	
224	369	240	
224	369	
224	369	
224	369	
224	369	377	
224	369	
224	369	
224	369	240	
224	369	
224	369	
224	369	
224	369	
224	369	
224	369	353	
224	369	
224	369	
224	369	373	
224	369	
224	369	
224	369	192	
224	369	
224	369	305	
224	369	
224	369	
224	369	
224	369	
224	369	
224	369	497	
224	369	
224	369	
224	369	
224	369	
224	369	
224	369	
224	369	
224	369	
224	369	
224	369	
224	369	
224	369	
224	369	
224	369	
224	369	192	
224	369	
224	369	96	
224	369	
224	369	192	371	
224	369	
224	369	232	
224	369	
224	369	
224	369	
224	369	228	
224	369	193	192	
224	369	232	
224	369	225	
224	369	
224	369	232	
224	369	497	
224	369	
224	369	96	
224	369	
224	369	
224	369	
224	369	
224	369	373	
224	369	
224	369	
224	369	
224	369	
224	369	353	
224	369	
224	369	
224	369	
224	369	
224	369	
224	369	
224	369	192	
224	369	226	
224	369	
224	369	228	226	
224	369	497	
224	369	192	
224	369	
224	369	
224	369	
224	369	
224	369	
224	369	
224	369	
224	369	371	
224	369	
224	369	
224	369	
224	369	
224	369	497	
224	369	
224	369	
224	369	
224	369	160	
224	369	
224	369	
224	369	
224	369	225	337	368	
224	369	373	
224	369	
224	369	
224	369	192	
224	369	
224	369	
224	369	
224	369	
224	369	
224	369	240	
224	369	
224	369	497	
224	369	
224	369	160	353	
224	369	
224	369	240	
224	369	228	
224	369	
224	369	371	
224	369	
224	369	
224	369	225	
224	369	228	
224	369	
224	369	
224	369	373	
224	369	
224	369	
224	369	
224	369	
224	369	
224	369	
224	369	
224	369	
224	369	368	
224	369	
224	369	
224	369	
224	369	
224	369	
224	369	
224	369	
224	369	240	
224	369	
224	369	
224	369	
224	369	
224	369	353	
224	369	
224	369	497	
224	369	
224	369	192	
224	369	
224	369	
224	369	
224	369	289	
224	369	
224	369	192	
224	369	
224	369	
224	369	
224	369	
224	369	321	
224	369	
224	369	
224	369	225	
224	369	353	
224	369	228	
224	369	
224	369	371	228	164	
224	369	228	
224	369	96	373	226	
224	369	
224	369	240	
224	369	
224	369	
224	369	228	
224	369	
224	369	368	
224	369	225	240	
224	369	
224	369	
224	369	
224	369	
224	369	
224	369	
224	369	
224	369	228	
224	369	
224	369	305	
224	369	
224	369	
224	369	
224	369	
224	369	368	337	
224	369	
224	369	
224	369	
224	369	
224	369	
224	369	228	497	
224	369	
224	369	
224	369	
224	369	228	
224	369	
224	369	192	337	
224	369	373	
224	369	226	
224	369	
224	369	
224	369	
224	369	
224	369	
224	369	368	
224	369	
224	369	
224	369	
224	369	
224	369	371	
224	369	96	355	371	
224	369	
224	369	
224	369	
224	369	226	
224	369	377	
224	369	
224	369	228	
224	369	499	
224	369	
224	369	225	
224	369	96	
224	369	
224	369	
224	369	226	
224	369	
224	369	
224	369	368	
224	369	465	
224	369	
224	369	192	
224	369	371	
224	369	
224	369	373	
224	369	
224	369	227	
224	369	
224	369	
224	369	240	371	
224	369	
224	369	
224	369	
224	369	
224	369	
224	369	
224	369	240	
224	369	
224	369	
224	369	
224	369	373	192	
224	369	377	
224	369	
224	369	305	
224	369	
224	369	
224	369	96	
224	369	226	
224	369	96	
224	369	
224	369	
224	369	
224	369	
224	369	
224	369	
224	369	
224	369	
224	369	307	371	
224	369	
224	369	
224	369	
224	369	
224	369	
224	369	
224	369	
224	369	
224	369	373	
224	369	337	
224	369	
224	369	
224	369	337	240	
224	369	
224	369	226	
224	369	
224	369	228	160	
224	369	
224	369	228	
224	369	
224	369	
224	369	192	
224	369	
224	369	497	
224	369	
224	369	
224	369	
224	369	
224	369	
224	369	
224	369	
224	369	
224	369	
224	369	
224	369	
224	369	
224	369	
224	369	
224	369	377	
224	369	
224	369	
224	369	
224	369	
224	369	228	
224	369	
224	369	
224	369	368	337	
224	369	353	
224	369	
224	369	371	
224	369	232	
224	369	
224	369	226	
224	369	
224	369	
224	369	
224	369	
224	369	
224	369	
224	369	96	
224	369	371	497	
224	369	160	
224	369	
224	369	
224	369	232	
224	369	
224	369	
224	369	225	377	
224	369	
224	369	
224	369	
224	369	
224	369	
224	369	
224	369	
224	369	
224	369	
224	369	
224	369	192	
224	369	
224	369	305	
224	369	
224	369	96	228	
224	369	368	
224	369	
224	369	
224	369	
224	369	
224	369	
224	369	
224	369	
224	369	
224	369	
224	369	
224	369	
224	369	
224	369	228	
224	369	
224	369	
224	369	
224	369	225	
224	369	
224	369	228	
224	369	
224	369	
224	369	225	
224	369	
224	369	
224	369	
224	369	305	
224	369	192	
224	369	
224	369	
224	369	
224	369	368	
224	369	
224	369	
224	369	
224	369	
224	369	353	
224	369	
224	369	
224	369	497	
224	369	192	
224	369	232	
224	369	
224	369	373	
224	369	
224	369	
224	369	
224	369	
224	369	
224	369	
224	369	240	
224	369	
224	369	
224	369	497	
224	369	
224	369	
224	369	232	
224	369	
224	369	
224	369	
224	369	
224	369	
224	369	
224	369	
224	369	
224	369	
224	369	
224	369	
224	369	
224	369	
224	369	337	
224	369	
224	369	
224	369	
224	369	
224	369	
224	369	240	
224	369	
224	369	353	
224	369	
224	369	
224	369	
224	369	
224	369	240	
224	369	
224	369	228	
224	369	
224	369	
224	369	
224	369	228	
224	369	371	
224	369	
224	369	
224	369	192	
224	369	
224	369	240	
224	369	
224	369	
224	369	
224	369	
224	369	
224	369	
224	369	
224	369	353	
224	369	353	
224	369	
224	369	
224	369	
224	369	
224	369	
224	369	353	128	
224	369	
224	369	
224	369	
224	369	
224	369	
224	369	
224	369	
224	369	
224	369	
224	369	
224	369	
224	369	371	
224	369	
224	369	
224	369	
224	369	
224	369	
224	369	96	
224	369	313	
224	369	
224	369	
224	369	
224	369	
224	369	
224	369	
224	369	
224	369	
224	369	192	208	
224	369	
224	369	
224	369	
224	369	
224	369	
224	369	
224	369	
224	369	
224	369	
224	369	240	
224	369	192	
224	369	
224	369	
224	369	
224	369	
224	369	
224	369	
224	369	
224	369	
224	369	
224	369	
224	369	353	
224	369	
224	369	
224	369	
224	369	
224	369	
224	369	305	
224	369	377	
224	369	240	
224	369	
224	369	
224	369	192	
224	369	353	377	
224	369	
224	369	
224	369	
224	369	373	
224	369	
224	369	
224	369	
224	369	
224	369	
224	369	
224	369	373	192	
224	369	
224	369	
224	369	377	
224	369	
224	369	228	
224	369	
224	369	
224	369	
224	369	
224	369	377	
224	369	192	368	225	
224	369	
224	369	337	
224	369	
224	369	225	
224	369	
224	369	305	
224	369	
224	369	
224	369	
224	369	160	
224	369	226	
224	369	
224	369	368	
224	369	
224	369	
224	369	160	228	
224	369	
224	369	305	
224	369	228	
224	369	
224	369	353	
224	369	
224	369	497	
224	369	
224	369	192	
224	369	
224	369	
224	369	
224	369	
224	369	
224	369	
224	369	192	
224	369	
224	369	497	
224	369	353	
224	369	192	
224	369	
224	369	
224	369	
224	369	192	
224	369	
224	369	228	100	
224	369	
224	369	371	225	
224	369	192	
224	369	
224	369	
224	369	
224	369	
224	369	
224	369	
224	369	192	
224	369	
224	369	
224	369	
224	369	
224	369	
224	369	
224	369	
224	369	228	
224	369	373	
224	369	
224	369	
224	369	225	
224	369	160	
224	369	
224	369	192	
224	369	337	
224	369	
224	369	
224	369	192	
224	369	
224	369	
224	369	
224	369	
224	369	96	
224	369	337	
224	369	96	
224	369	
224	369	
224	369	
224	369	
224	369	
224	369	160	
224	369	226	
224	369	240	
224	369	
224	369	
224	369	368	
224	369	
224	369	
224	369	192	193	
224	369	
224	369	
224	369	228	
224	369	
224	369	
224	369	
224	369	377	
224	369	228	
224	369	
224	369	
224	369	
224	369	
224	369	
224	369	
224	369	497	
224	369	96	371	
224	369	
224	369	228	
224	369	371	
224	369	
224	369	
224	369	353	226	
224	369	
224	369	
224	369	
224	369	
224	369	
224	369	371	
224	369	
224	369	240	
224	369	
224	369	
224	369	
224	369	
224	369	226	
224	369	
224	369	192	226	
224	369	228	
224	369	192	
224	369	
224	369	226	
224	369	
224	369	
224	369	
224	369	192	
224	369	
224	369	
224	369	
224	369	
224	369	
224	369	
224	369	
224	369	
224	369	481	
224	369	240	
224	369	
224	369	
224	369	226	
224	369	
224	369	
224	369	
224	369	
224	369	
224	369	228	
224	369	
224	369	
224	369	
224	369	
224	369	
224	369	337	353	
224	369	
224	369	
224	369	
224	369	
224	369	337	
224	369	
224	369	
224	369	
224	369	
224	369	
224	369	
224	369	368	
224	369	
224	369	
224	369	
224	369	240	
224	369	
224	369	
224	369	
224	369	228	368	
224	369	160	
224	369	353	
224	369	232	
224	369	
224	369	
224	369	
224	369	
224	369	
224	369	
224	369	353	
224	369	226	
224	369	
224	369	192	
224	369	192	
224	369	
224	369	353	321	
224	369	
224	369	
224	369	497	
224	369	240	
224	369	225	
224	369	
224	369	
224	369	373	
224	369	
224	369	
224	369	
224	369	
224	369	225	
224	369	
224	369	
224	369	
224	369	
224	369	
224	369	
224	369	
224	369	
224	369	
224	369	
224	369	
224	369	
224	369	
224	369	371	
224	369	353	
224	369	
224	369	375	
224	369	
224	369	
224	369	
224	369	
224	369	232	
224	369	
224	369	
224	369	
224	369	96	
224	369	
224	369	
224	369	
224	369	
224	369	
224	369	
224	369	
224	369	
224	369	
224	369	
224	369	
224	369	
224	369	
224	369	
224	369	232	
224	369	
224	369	
224	369	232	
224	369	305	
224	369	
224	369	
224	369	
224	369	
224	369	232	240	
224	369	
224	369	192	
224	369	
224	369	
224	369	
224	369	
224	369	
224	369	307	
224	369	
224	369	
224	369	
224	369	228	
224	369	
224	369	371	
224	369	192	
224	369	
224	369	
224	369	
224	369	
224	369	
224	369	353	
224	369	
224	369	228	
224	369	
224	369	
224	369	
224	369	
224	369	
224	369	96	
224	369	377	
224	369	
224	369	
224	369	192	
224	369	192	
224	369	
224	369	160	
224	369	
224	369	
224	369	
224	369	225	241	
224	369	
224	369	
224	369	228	
224	369	
224	369	
224	369	
224	369	368	160	
224	369	
224	369	
224	369	497	228	
224	369	
224	369	168	
224	369	
224	369	
224	369	
224	369	
224	369	373	240	
224	369	193	
224	369	368	
224	369	
224	369	
224	369	
224	369	
224	369	
224	369	
224	369	371	
224	369	
224	369	
224	369	377	
224	369	
224	369	
224	369	
224	369	192	
224	369	192	240	
224	369	305	
224	369	234	226	
224	369	228	
224	369	160	
224	369	
224	369	
224	369	
224	369	
224	369	353	
224	369	377	
224	369	
224	369	
224	369	192	160	
224	369	
224	369	
224	369	
224	369	
224	369	
224	369	
224	369	
224	369	160	
224	369	228	
224	369	
224	369	
224	369	307	
224	369	
224	369	337	
224	369	
224	369	
224	369	
224	369	305	
224	369	228	
224	369	226	
224	369	160	225	
224	369	
224	369	305	
224	369	337	
224	369	160	
224	369	
224	369	
224	369	
224	369	
224	369	
224	369	240	
224	369	228	
224	369	368	
224	369	
224	369	232	
224	369	226	373	
224	369	
224	369	
224	369	
224	369	305	
224	369	
224	369	240	
224	369	
224	369	
224	369	
224	369	
224	369	
224	369	
224	369	
224	369	192	
224	369	
224	369	
224	369	228	
224	369	
224	369	228	96	
224	369	
224	369	
224	369	226	
224	369	
224	369	
224	369	
224	369	
224	369	
224	369	
224	369	497	
224	369	
224	369	
224	369	96	
224	369	192	
224	369	96	
224	369	
224	369	
224	369	
224	369	
224	369	
224	369	
224	369	
224	369	
224	369	
224	369	377	
224	369	497	
224	369	
224	369	228	
224	369	
224	369	240	225	
224	369	
224	369	192	
224	369	
224	369	
224	369	305	226	
224	369	
224	369	
224	369	232	
224	369	
224	369	
224	369	
224	369	
224	369	
224	369	228	
224	369	
224	369	
224	369	240	
224	369	
224	369	228	
224	369	226	
224	369	
224	369	
224	369	
224	369	192	194	
224	369	
224	369	
224	369	240	
224	369	232	248	
224	369	226	
224	369	
224	369	
224	369	305	
224	369	
224	369	353	
224	369	
224	369	
224	369	
224	369	
224	369	
224	369	337	
224	369	225	
224	369	228	
224	369	
224	369	368	
224	369	
224	369	
224	369	
224	369	
224	369	
224	369	
224	369	373	192	
224	369	
224	369	
224	369	
224	369	
224	369	240	
224	369	
224	369	353	371	
224	369	
224	369	
224	369	228	
224	369	
224	369	
224	369	
224	369	
224	369	
224	369	192	
224	369	
224	369	
224	369	
224	369	228	
224	369	
224	369	96	
224	369	96	232	373	
224	369	
224	369	
224	369	
224	369	
224	369	
224	369	
224	369	
224	369	232	
224	369	
224	369	
224	369	
224	369	192	
224	369	
224	369	
224	369	
224	369	368	
224	369	
224	369	
224	369	
224	369	
224	369	192	
224	369	
224	369	
224	369	226	
224	369	
224	369	
224	369	
224	369	
224	369	
224	369	373	
224	369	
224	369	
224	369	
224	369	
224	369	96	
224	369	
224	369	
224	369	
224	369	305	
224	369	
224	369	192	
224	369	
224	369	
224	369	
224	369	96	371	
224	369	
224	369	
224	369	
224	369	371	
224	369	373	
224	369	226	
224	369	
224	369	353	
224	369	
224	369	
224	369	
224	369	226	
224	369	192	
224	369	
224	369	305	226	
224	369	
224	369	
224	369	
224	369	
224	369	192	
224	369	
224	369	
224	369	
224	369	
224	369	226	192	
224	369	
224	369	
224	369	
224	369	
224	369	305	
224	369	
224	369	128	232	
224	369	368	
224	369	
224	369	
224	369	
224	369	160	
224	369	497	
224	369	
224	369	
224	369	
224	369	
224	369	192	
224	369	
224	369	305	
224	369	
224	369	
224	369	
224	369	
224	369	
224	369	
224	369	
224	369	
224	369	497	
224	369	228	
224	369	
224	369	
224	369	
224	369	228	
224	369	371	
224	369	
224	369	228	
224	369	497	371	339	
224	369	
224	369	
224	369	
224	369	
224	369	225	497	
224	369	
224	369	
224	369	
224	369	
224	369	
224	369	160	228	
224	369	
224	369	
224	369	228	
224	369	160	
224	369	225	377	
224	369	
224	369	
224	369	
224	369	
224	369	
224	369	
224	369	228	
224	369	96	240	
224	369	
224	369	
224	369	
224	369	
224	369	
224	369	
224	369	
224	369	
224	369	228	
224	369	
224	369	
224	369	
224	369	
224	369	
224	369	226	
224	369	
224	369	228	
224	369	
224	369	
224	369	
224	369	
224	369	371	
224	369	
224	369	232	
224	369	
224	369	337	
224	369	
224	369	
224	369	371	
224	369	
224	369	160	
224	369	
224	369	
224	369	
224	369	
224	369	
224	369	96	
224	369	
224	369	192	
224	369	226	353	
224	369	337	226	
224	369	
224	369	228	
224	369	
224	369	497	
224	369	497	
224	369	
224	369	
224	369	
224	369	
224	369	232	377	
224	369	371	
224	369	
224	369	337	
224	369	
224	369	
224	369	
224	369	
224	369	
224	369	232	
224	369	
224	369	228	
224	369	
224	369	
224	369	
224	369	
224	369	
224	369	377	
224	369	
224	369	225	
224	369	
224	369	
224	369	
224	369	371	
224	369	
224	369	
224	369	
224	369	160	
224	369	
224	369	
224	369	
224	369	
224	369	497	
224	369	192	
224	369	226	
224	369	
224	369	
224	369	160	228	
224	369	228	
224	369	
224	369	
224	369	
224	369	353	
224	369	
224	369	
224	369	
224	369	
224	369	228	236	
224	369	
224	369	353	
224	369	353	
224	369	
224	369	
224	369	228	
224	369	226	96	
224	369	240	
224	369	
224	369	228	
224	369	
224	369	497	
224	369	225	
224	369	
224	369	
224	369	200	232	
224	369	368	
224	369	337	
224	369	228	
224	369	
224	369	
224	369	
224	369	
224	369	
224	369	192	
224	369	
224	369	
224	369	240	305	
224	369	
224	369	339	
224	369	
224	369	96	353	
224	369	
224	369	
224	369	
224	369	
224	369	
224	369	353	
224	369	225	
224	369	
224	369	
224	369	
224	369	
224	369	
224	369	228	
224	369	
224	369	
224	369	
224	369	225	
224	369	
224	369	240	
224	369	
224	369	
224	369	
224	369	
224	369	368	373	371	
224	369	
224	369	
224	369	337	
224	369	
224	369	
224	369	
224	369	
224	369	228	
224	369	371	375	
224	369	
224	369	
224	369	160	
224	369	160	228	
224	369	
224	369	
224	369	
224	369	
224	369	
224	369	
224	369	
224	369	
224	369	248	
224	369	192	
224	369	305	
224	369	
224	369	
224	369	
224	369	
224	369	
224	369	228	
224	369	
224	369	
224	369	192	
224	369	
224	369	
224	369	
224	369	
224	369	
224	369	
224	369	
224	369	
224	369	305	
224	369	225	
224	369	
224	369	
224	369	
224	369	373	
224	369	192	
224	369	
224	369	
224	369	
224	369	
224	369	
224	369	
224	369	
224	369	
224	369	497	
224	369	225	
224	369	
224	369	
224	369	
224	369	337	96	
224	369	96	
224	369	
224	369	
224	369	228	373	
224	369	
224	369	192	
224	369	
224	369	
224	369	
224	369	192	
224	369	232	
224	369	
224	369	160	
224	369	
224	369	226	
224	369	
224	369	232	
224	369	
224	369	228	
224	369	373	
224	369	
224	369	
224	369	225	
224	369	228	
224	369	
224	369	
224	369	
224	369	
224	369	
224	369	176	
224	369	
224	369	
224	369	
224	369	
224	369	337	
224	369	371	
224	369	
224	369	
224	369	371	
224	369	
224	369	240	
224	369	305	
224	369	
224	369	
224	369	
224	369	
224	369	
224	369	
224	369	
224	369	192	
224	369	
224	369	
224	369	226	
224	369	
224	369	192	
224	369	368	96	192	
224	369	
224	369	
224	369	
224	369	
224	369	
224	369	
224	369	
224	369	
224	369	
224	369	232	
224	369	192	337	
224	369	
224	369	
224	369	
224	369	
224	369	232	
224	369	96	
224	369	
224	369	337	
224	369	226	371	
224	369	
224	369	377	
224	369	
224	369	
224	369	373	
224	369	497	
224	369	225	
224	369	
224	369	226	
224	369	
224	369	
224	369	96	
224	369	
224	369	192	
224	369	
224	369	
224	369	
224	369	228	
224	369	
224	369	
224	369	
224	369	228	
224	369	
224	369	
224	369	
224	369	
224	369	371	
224	369	
224	369	
224	369	
224	369	337	
224	369	
224	369	
224	369	
224	369	96	
224	369	228	
224	369	
224	369	
224	369	
224	369	
224	369	
224	369	305	226	168	232	
224	369	
224	369	305	
224	369	
224	369	
224	369	
224	369	
224	369	
224	369	225	228	
224	369	228	
224	369	96	
224	369	353	
224	369	
224	369	
224	369	
224	369	
224	369	
224	369	
224	369	
224	369	305	
224	369	377	96	
224	369	232	
224	369	
224	369	226	
224	369	
224	369	228	
224	369	
224	369	192	
224	369	497	
224	369	228	
224	369	
224	369	
224	369	
224	369	
224	369	
224	369	
224	369	
224	369	
224	369	225	
224	369	
224	369	
224	369	371	
224	369	
224	369	
224	369	
224	369	
224	369	226	
224	369	
224	369	
224	369	
224	369	368	
224	369	96	373	
224	369	240	
224	369	
224	369	
224	369	377	
224	369	
224	369	
224	369	
224	369	
224	369	
224	369	
224	369	
224	369	
224	369	
224	369	
224	369	377	
224	369	
224	369	
224	369	
224	369	
224	369	232	
224	369	497	
224	369	228	
224	369	
224	369	497	
224	369	
224	369	104	
224	369	
224	369	
224	369	64	
224	369	
224	369	
224	369	192	
224	369	371	
224	369	
224	369	228	229	
224	369	
224	369	377	
224	369	
224	369	
224	369	
224	369	
224	369	
224	369	
224	369	377	
224	369	228	
224	369	
224	369	
224	369	373	
224	369	
224	369	96	
224	369	192	
224	369	
224	369	353	
224	369	
224	369	
224	369	
224	369	
224	369	
224	369	
224	369	
224	369	
224	369	
224	369	
224	369	
224	369	
224	369	
224	369	192	
224	369	
224	369	
224	369	
224	369	
224	369	228	
224	369	
224	369	
224	369	
224	369	
224	369	
224	369	
224	369	
224	369	
224	369	
224	369	192	
224	369	
224	369	
224	369	377	
224	369	
224	369	377	
224	369	497	
224	369	
224	369	305	
224	369	305	
224	369	
224	369	
224	369	
224	369	
224	369	
224	369	192	
224	369	
224	369	
224	369	
224	369	225	
224	369	
224	369	
224	369	
224	369	
224	369	
224	369	
224	369	
224	369	
224	369	
224	369	
224	369	
224	369	
224	369	96	
224	369	
224	369	228	
224	369	
224	369	
224	369	371	228	
224	369	
224	369	
224	369	337	
224	369	
224	369	192	
224	369	371	
224	369	497	232	371	
224	369	
224	369	
224	369	240	
224	369	
224	369	
224	369	
224	369	
224	369	228	
224	369	
224	369	226	
224	369	
224	369	192	353	
224	369	
224	369	
224	369	
224	369	
224	369	228	
224	369	
224	369	
224	369	
224	369	
224	369	
224	369	337	
224	369	228	377	
224	369	240	
224	369	
224	369	
224	369	
224	369	
224	369	
224	369	240	
224	369	497	
224	369	
224	369	
224	369	
224	369	
224	369	353	225	226	
224	369	
224	369	
224	369	228	100	371	
224	369	
224	369	
224	369	192	226	
224	369	
224	369	
224	369	198	
224	369	
224	369	353	
224	369	228	
224	369	
224	369	
224	369	232	96	
224	369	377	
224	369	
224	369	
224	369	
224	369	
224	369	
224	369	377	
224	369	
224	369	377	
224	369	
224	369	
224	369	
224	369	
224	369	
224	369	104	
224	369	
224	369	
224	369	96	
224	369	373	
224	369	371	
224	369	
224	369	368	
224	369	
224	369	
224	369	
224	369	
224	369	
224	369	
224	369	228	
224	369	
224	369	
224	369	232	
224	369	
224	369	
224	369	373	
224	369	
224	369	
224	369	
224	369	
224	369	
224	369	377	
224	369	
224	369	
224	369	
224	369	96	
224	369	
224	369	
224	369	377	
224	369	
224	369	337	
224	369	
224	369	
224	369	228	
224	369	
224	369	
224	369	232	
224	369	
224	369	368	
224	369	
224	369	
224	369	192	
224	369	
224	369	
224	369	
224	369	228	
224	369	
224	369	
224	369	
224	369	192	
224	369	
224	369	
224	369	
224	369	
224	369	
224	369	96	
224	369	
224	369	
224	369	
224	369	377	
224	369	
224	369	
224	369	
224	369	
224	369	371	
224	369	
224	369	
224	369	
224	369	
224	369	
224	369	
224	369	
224	369	373	
224	369	
224	369	
224	369	305	
224	369	305	
224	369	160	
224	369	
224	369	371	
224	369	
224	369	497	225	
224	369	
224	369	
224	369	
224	369	373	
224	369	
224	369	160	225	
224	369	
224	369	
224	369	
224	369	192	232	371	
224	369	
224	369	192	
224	369	497	
224	369	
224	369	
224	369	232	
224	369	
224	369	
224	369	
224	369	
224	369	
224	369	192	
224	369	373	
224	369	
224	369	
224	369	160	
224	369	
224	369	
224	369	
224	369	
224	369	
224	369	232	
224	369	
224	369	
224	369	
224	369	96	
224	369	
224	369	
224	369	
224	369	
224	369	
224	369	
224	369	
224	369	
224	369	
224	369	
224	369	
224	369	
224	369	226	225	
224	369	
224	369	
224	369	
224	369	368	
224	369	228	
224	369	307	
224	369	353	
224	369	353	
224	369	337	
224	369	
224	369	228	305	353	
224	369	228	
224	369	
224	369	371	
224	369	305	337	
224	369	
224	369	
224	369	
224	369	
224	369	
224	369	
224	369	96	
224	369	305	
224	369	353	
224	369	
224	369	228	
224	369	
224	369	228	353	497	
224	369	
224	369	371	
224	369	
224	369	192	
224	369	371	
224	369	
224	369	
224	369	
224	369	232	
224	369	
224	369	
224	369	
224	369	
224	369	
224	369	
224	369	371	
224	369	
224	369	226	
224	369	
224	369	
224	369	
224	369	
224	369	
224	369	305	
224	369	228	
224	369	
224	369	
224	369	
224	369	497	
224	369	
224	369	497	
224	369	
224	369	373	
224	369	
224	369	
224	369	
224	369	
224	369	160	
224	369	
224	369	
224	369	
224	369	
224	369	
224	369	
224	369	377	
224	369	
224	369	240	
224	369	353	
224	369	
224	369	
224	369	
224	369	
224	369	
224	369	228	
224	369	228	
224	369	
224	369	
224	369	
224	369	
224	369	
224	369	
224	369	
224	369	305	
224	369	
224	369	
224	369	
224	369	192	
224	369	
224	369	
224	369	
224	369	
224	369	
224	369	
224	369	
224	369	
224	369	
224	369	
224	369	
224	369	
224	369	
224	369	
224	369	371	
224	369	225	
224	369	192	
224	369	
224	369	
224	369	
224	369	
224	369	
224	369	
224	369	
224	369	
224	369	
224	369	
224	369	
224	369	
224	369	
224	369	240	
224	369	
224	369	
224	369	
224	369	
224	369	
224	369	
224	369	
224	369	
224	369	
224	369	
224	369	
224	369	373	
224	369	
224	369	
224	369	
224	369	240	
224	369	
224	369	232	
224	369	497	377	
224	369	
224	369	
224	369	497	193	
224	369	368	
224	369	
224	369	
224	369	
224	369	
224	369	
224	369	
224	369	
224	369	192	
224	369	
224	369	
224	369	
224	369	
224	369	232	
224	369	
224	369	
224	369	
224	369	
224	369	371	377	
224	369	
224	369	
224	369	337	377	497	
224	369	371	
224	369	
224	369	232	
224	369	
224	369	192	232	
224	369	
224	369	
224	369	
224	369	
224	369	
224	369	
224	369	371	
224	369	377	
224	369	
224	369	
224	369	
224	369	
224	369	
224	369	
224	369	
224	369	
224	369	
224	369	371	
224	369	
224	369	
224	369	192	
224	369	
224	369	
224	369	
224	369	
224	369	
224	369	
224	369	
224	369	337	
224	369	
224	369	
224	369	228	
224	369	
224	369	
224	369	225	337	
224	369	192	
224	369	
224	369	
224	369	
224	369	
224	369	
224	369	371	
224	369	
224	369	
224	369	
224	369	
224	369	
224	369	
224	369	192	96	
224	369	240	
224	369	
224	369	337	
224	369	
224	369	
224	369	232	
224	369	
224	369	
224	369	304	
224	369	
224	369	
224	369	
224	369	96	
224	369	
224	369	
224	369	377	
224	369	
224	369	
224	369	
224	369	
224	369	
224	369	
224	369	
224	369	
224	369	226	
224	369	
224	369	
224	369	
224	369	
224	369	
224	369	
224	369	
224	369	
224	369	
224	369	226	
224	369	
224	369	
224	369	
224	369	
224	369	
224	369	
224	369	
224	369	
224	369	
224	369	
224	369	
224	369	
224	369	
224	369	
224	369	
224	369	
224	369	
224	369	
224	369	377	
224	369	
224	369	
224	369	225	
224	369	
224	369	
224	369	
224	369	
224	369	
224	369	228	
224	369	228	
224	369	228	373	
224	369	
224	369	228	
224	369	
224	369	192	228	
224	369	192	
224	369	
224	369	192	
224	369	305	
224	369	
224	369	
224	369	228	
224	369	
224	369	305	
224	369	
224	369	
224	369	
224	369	
224	369	
224	369	
224	369	
224	369	
224	369	
224	369	
224	369	
224	369	225	
224	369	
224	369	
224	369	232	
224	369	377	
224	369	
224	369	
224	369	192	
224	369	
224	369	
224	369	
224	369	
224	369	
224	369	
224	369	497	
224	369	
224	369	
224	369	
224	369	
224	369	
224	369	
224	369	192	
224	369	
224	369	373	
224	369	
224	369	240	
224	369	
224	369	
224	369	
224	369	
224	369	
224	369	
224	369	497	
224	369	
224	369	228	
224	369	
224	369	497	
224	369	
224	369	
224	369	371	
224	369	
224	369	228	192	
224	369	
224	369	
224	369	
224	369	
224	369	
224	369	
224	369	
224	369	
224	369	
224	369	
224	369	
224	369	
224	369	373	
224	369	96	
224	369	381	377	
224	369	192	96	
224	369	
224	369	
224	369	
224	369	
224	369	225	
224	369	
224	369	96	
224	369	232	
224	369	160	
224	369	
224	369	
224	369	
224	369	371	
224	369	
224	369	
224	369	226	
224	369	
224	369	
224	369	
224	369	
224	369	
224	369	
224	369	
224	369	
224	369	
224	369	
224	369	
224	369	
224	369	
224	369	371	
224	369	240	
224	369	497	
224	369	
224	369	
224	369	
224	369	353	
224	369	225	228	
224	369	
224	369	232	
224	369	
224	369	373	
224	369	
224	369	353	
224	369	
224	369	
224	369	
224	369	353	
224	369	305	
224	369	
224	369	
224	369	
224	369	353	192	
224	369	
224	369	227	
224	369	
224	369	96	305	
224	369	
224	369	
224	369	
224	369	368	
224	369	
224	369	
224	369	
224	369	
224	369	
224	369	240	
224	369	
224	369	
224	369	161	
224	369	
224	369	
224	369	
224	369	
224	369	192	
224	369	
224	369	
224	369	368	
224	369	371	
224	369	
224	369	
224	369	
224	369	
224	369	
224	369	
224	369	
224	369	
224	369	
224	369	
224	369	368	
224	369	305	
224	369	240	
224	369	225	
224	369	
224	369	
224	369	225	228	
224	369	232	225	
224	369	
224	369	
224	369	
224	369	
224	369	
224	369	
224	369	
224	369	
224	369	
224	369	225	96	
224	369	
224	369	
224	369	
224	369	
224	369	
224	369	
224	369	96	
224	369	240	
224	369	
224	369	
224	369	
224	369	
224	369	232	
224	369	160	
224	369	226	
224	369	
224	369	
224	369	228	
224	369	
224	369	
224	369	
224	369	192	
224	369	
224	369	
224	369	96	
224	369	
224	369	
224	369	
224	369	
224	369	
224	369	373	
224	369	
224	369	
224	369	497	
224	369	371	
224	369	226	
224	369	
224	369	
224	369	
224	369	373	
224	369	
224	369	226	
224	369	
224	369	
224	369	228	232	368	
224	369	
224	369	
224	369	377	
224	369	
224	369	
224	369	
224	369	
224	369	232	
224	369	
224	369	
224	369	497	
224	369	368	
224	369	
224	369	
224	369	
224	369	
224	369	226	
224	369	
224	369	
224	369	192	
224	369	377	
224	369	196	128	192	
224	369	160	
224	369	
224	369	
224	369	
224	369	
224	369	
224	369	
224	369	
224	369	
224	369	
224	369	226	
224	369	228	
224	369	
224	369	
224	369	
224	369	
224	369	
224	369	
224	369	337	
224	369	
224	369	
224	369	
224	369	
224	369	225	
224	369	
224	369	
224	369	
224	369	
224	369	225	240	
224	369	371	
224	369	
224	369	
224	369	
224	369	225	
224	369	
224	369	
224	369	228	
224	369	
224	369	225	
224	369	
224	369	
224	369	
224	369	
224	369	240	226	
224	369	
224	369	
224	369	
224	369	226	
224	369	
224	369	
224	369	
224	369	
224	369	
224	369	
224	369	
224	369	
224	369	
224	369	
224	369	
224	369	
224	369	
224	369	
224	369	
224	369	
224	369	
224	369	
224	369	96	232	
224	369	228	
224	369	
224	369	
224	369	
224	369	
224	369	
224	369	
224	369	
224	369	
224	369	
224	369	160	
224	369	
224	369	
224	369	
224	369	
224	369	
224	369	
224	369	
224	369	
224	369	353	192	
224	369	
224	369	
224	369	
224	369	
224	369	
224	369	192	
224	369	
224	369	337	
224	369	
224	369	
224	369	
224	369	96	
224	369	
224	369	
224	369	
224	369	
224	369	
224	369	
224	369	192	
224	369	371	
224	369	
224	369	
224	369	
224	369	337	
224	369	
224	369	228	
224	369	371	
224	369	
224	369	
224	369	96	
224	369	228	
224	369	
224	369	
224	369	228	
224	369	
224	369	497	
224	369	
224	369	
224	369	
224	369	225	
224	369	
224	369	
224	369	
224	369	
224	369	
224	369	
224	369	192	
224	369	
224	369	353	
224	369	
224	369	232	228	
224	369	
224	369	305	
224	369	
224	369	
224	369	
224	369	228	
224	369	
224	369	
224	369	96	
224	369	371	
224	369	225	
224	369	377	371	
224	369	368	
224	369	
224	369	
224	369	
224	369	
224	369	
224	369	377	371	
224	369	497	
224	369	192	
224	369	
224	369	
224	369	
224	369	368	
224	369	
224	369	
224	369	
224	369	228	
224	369	
224	369	
224	369	
224	369	368	
224	369	
224	369	
224	369	497	
224	369	160	
224	369	96	
224	369	225	100	96	
224	369	
224	369	
224	369	160	
224	369	
224	369	
224	369	
224	369	
224	369	
224	369	
224	369	227	371	
224	369	192	
224	369	
224	369	226	
224	369	
224	369	
224	369	
224	369	192	
224	369	192	208	
224	369	
224	369	
224	369	
224	369	
224	369	
224	369	
224	369	
224	369	
224	369	226	
224	369	
224	369	
224	369	
224	369	
224	369	
224	369	
224	369	
224	369	
224	369	
224	369	
224	369	
224	369	
224	369	377	
224	369	
224	369	
224	369	377	
224	369	
224	369	
224	369	
224	369	
224	369	228	
224	369	192	
224	369	377	
224	369	
224	369	
224	369	
224	369	373	
224	369	
224	369	228	
224	369	
224	369	192	
224	369	337	
224	369	
224	369	305	
224	369	192	
224	369	
224	369	
224	369	
224	369	353	232	
224	369	232	
224	369	
224	369	
224	369	
224	369	371	
224	369	160	376	
224	369	
224	369	371	
224	369	
224	369	
224	369	
224	369	
224	369	
224	369	226	
224	369	
224	369	
224	369	
224	369	240	
224	369	
224	369	
224	369	228	128	
224	369	
224	369	
224	369	192	
224	369	
224	369	337	
224	369	
224	369	
224	369	
224	369	
224	369	
224	369	353	
224	369	
224	369	305	228	
224	369	
224	369	230	
224	369	
224	369	
224	369	
224	369	
224	369	
224	369	
224	369	
224	369	
224	369	
224	369	
224	369	240	192	
224	369	
224	369	
224	369	192	
224	369	
224	369	
224	369	368	
224	369	232	353	
224	369	
224	369	
224	369	
224	369	
224	369	
224	369	
224	369	
224	369	228	
224	369	353	
224	369	
224	369	
224	369	
224	369	
224	369	
224	369	
224	369	160	
224	369	497	
224	369	
224	369	228	192	
224	369	377	
224	369	353	
224	369	192	
224	369	
224	369	
224	369	
224	369	352	
224	369	
224	369	
224	369	
224	369	373	501	
224	369	
224	369	
224	369	
224	369	
224	369	228	229	
224	369	
224	369	
224	369	
224	369	
224	369	
224	369	226	
224	369	226	
224	369	
224	369	
224	369	
224	369	
224	369	240	
224	369	
224	369	
224	369	368	
224	369	305	
224	369	
224	369	
224	369	
224	369	228	
224	369	
224	369	
224	369	96	226	
224	369	
224	369	
224	369	
224	369	
224	369	336	353	
224	369	240	
224	369	96	228	
224	369	
224	369	
224	369	
224	369	
224	369	
224	369	
224	369	
224	369	226	
224	369	
224	369	192	160	
224	369	
224	369	
224	369	
224	369	
224	369	
224	369	
224	369	
224	369	
224	369	
224	369	
224	369	
224	369	232	
224	369	225	
224	369	
224	369	
224	369	192	
224	369	
224	369	
224	369	
224	369	
224	369	
224	369	
224	369	
224	369	228	
224	369	371	
224	369	339	
224	369	
224	369	
224	369	
224	369	
224	369	
224	369	
224	369	226	
224	369	353	240	
224	369	
224	369	
224	369	
224	369	
224	369	
224	369	
224	369	
224	369	
224	369	
224	369	
224	369	
224	369	
224	369	
224	369	162	
224	369	
224	369	
224	369	
224	369	
224	369	
224	369	228	353	
224	369	
224	369	225	
224	369	
224	369	
224	369	228	236	353	
224	369	
224	369	240	
224	369	97	
224	369	
224	369	
224	369	
224	369	
224	369	497	
224	369	192	
224	369	
224	369	192	193	
224	369	
224	369	353	96	
224	369	
224	369	
224	369	
224	369	
224	369	
224	369	
224	369	
224	369	228	
224	369	353	
224	369	
224	369	373	226	
224	369	228	
224	369	
224	369	305	
224	369	497	
224	369	
224	369	
224	369	
224	369	
224	369	228	
224	369	192	
224	369	
224	369	368	
224	369	
224	369	192	
224	369	377	
224	369	
224	369	305	
224	369	
224	369	
224	369	368	
224	369	
224	369	
224	369	
224	369	
224	369	226	
224	369	
224	369	
224	369	
224	369	
224	369	
224	369	
224	369	
224	369	192	
224	369	
224	369	337	
224	369	
224	369	
224	369	
224	369	96	
224	369	
224	369	
224	369	371	
224	369	
224	369	
224	369	240	
224	369	
224	369	
224	369	
224	369	
224	369	305	
224	369	225	
224	369	
224	369	
224	369	
224	369	96	497	
224	369	
224	369	
224	369	228	
224	369	
224	369	
224	369	
224	369	
224	369	377	
224	369	160	353	
224	369	
224	369	
224	369	
224	369	
224	369	240	
224	369	240	
224	369	
224	369	
224	369	353	
224	369	
224	369	228	
224	369	
224	369	
224	369	96	
224	369	192	
224	369	
224	369	
224	369	
224	369	
224	369	
224	369	228	
224	369	
224	369	
224	369	
224	369	
224	369	
224	369	
224	369	
224	369	368	
224	369	
224	369	
224	369	
224	369	
224	369	337	
224	369	
224	369	
224	369	
224	369	
224	369	
224	369	
224	369	
224	369	96	
224	369	
224	369	
224	369	
224	369	
224	369	
224	369	225	
224	369	497	
224	369	
224	369	
224	369	
224	369	373	
224	369	
224	369	
224	369	373	
224	369	371	
224	369	
224	369	192	232	225	
224	369	232	
224	369	368	
224	369	
224	369	
224	369	
224	369	
224	369	
224	369	96	
224	369	
224	369	
224	369	
224	369	226	
224	369	
224	369	
224	369	
224	369	
224	369	
224	369	
224	369	
224	369	
224	369	
224	369	192	
224	369	
224	369	226	
224	369	226	
224	369	
224	369	
224	369	
224	369	
224	369	
224	369	
224	369	
224	369	
224	369	
224	369	368	
224	369	
224	369	
224	369	192	
224	369	
224	369	228	
224	369	
224	369	
224	369	
224	369	377	
224	369	
224	369	373	
224	369	337	
224	369	353	96	501	
224	369	232	
224	369	96	
224	369	
224	369	
224	369	
224	369	228	377	192	
224	369	
224	369	
224	369	
224	369	
224	369	96	
224	369	
224	369	
224	369	
224	369	
224	369	
224	369	96	
224	369	228	
224	369	192	337	
224	369	
224	369	
224	369	
224	369	
224	369	
224	369	
224	369	
224	369	377	
224	369	
224	369	
224	369	192	226	
224	369	228	
224	369	353	
224	369	
224	369	
224	369	
224	369	
224	369	
224	369	
224	369	
224	369	192	
224	369	
224	369	
224	369	225	
224	369	192	
224	369	
224	369	
224	369	
224	369	240	
224	369	
224	369	
224	369	
224	369	497	
224	369	
224	369	
224	369	
224	369	
224	369	
224	369	
224	369	
224	369	305	
224	369	
224	369	
224	369	
224	369	
224	369	371	
224	369	
224	369	337	
224	369	228	
224	369	373	
224	369	228	225	
224	369	497	
224	369	373	
224	369	305	
224	369	
224	369	
224	369	337	
224	369	228	
224	369	
224	369	
224	369	
224	369	
224	369	305	
224	369	
224	369	
224	369	
224	369	
224	369	
224	369	
224	369	
224	369	
224	369	
224	369	
224	369	353	
224	369	
224	369	
224	369	
224	369	
224	369	244	
224	369	
224	369	
224	369	
224	369	
224	369	
224	369	
224	369	353	
224	369	226	
224	369	
224	369	
224	369	
224	369	
224	369	232	
224	369	
224	369	
224	369	240	
224	369	337	
224	369	192	
224	369	
224	369	
224	369	240	
224	369	373	
224	369	
224	369	
224	369	
224	369	
224	369	
224	369	
224	369	
224	369	
224	369	
224	369	
224	369	
224	369	
224	369	240	
224	369	
224	369	373	
224	369	497	
224	369	
224	369	
224	369	
224	369	
224	369	497	
224	369	
224	369	
224	369	
224	369	193	
224	369	192	
224	369	373	
224	369	
224	369	97	
224	369	
224	369	226	
224	369	305	
224	369	
224	369	
224	369	
224	369	
224	369	
224	369	
224	369	497	
224	369	209	160	
224	369	209	81	
224	369	209	
224	369	209	241	193	
224	369	209	228	
224	369	209	339	
224	369	209	232	
224	369	209	145	
224	369	209	240	
224	369	209	217	192	368	
224	369	209	
224	369	209	
224	369	209	208	
224	369	209	305	
369	209	315	275	
369	209	315	319	447	213	
369	209	447	
209	447	217	
209	447	241	
209	447	
209	447	208	431	
209	447	208	
209	447	208	241	
209	447	208	
209	447	208	
209	447	208	
209	447	208	319	
209	447	208	
209	447	208	216	248	
209	447	208	
209	447	208	
209	447	208	
209	447	208	399	
209	447	208	399	192	
209	447	208	399	216	391	
209	447	208	399	216	
209	447	208	399	216	88	
209	447	208	399	216	213	
209	447	208	399	216	
209	447	208	399	216	212	
209	447	208	399	216	
209	447	208	216	
209	447	208	216	
209	447	208	216	
209	447	208	216	
209	447	208	216	211	431	495	80	
209	447	208	216	
209	447	208	216	
209	447	208	216	
209	447	208	216	88	
209	447	208	216	
209	447	208	216	
209	447	208	216	
209	447	208	216	240	
209	447	208	216	443	
209	447	208	216	443	
209	447	208	216	443	217	
209	447	208	216	443	
209	447	208	216	443	88	248	144	193	415	315	
209	447	208	216	443	399	212	210	491	
209	447	208	216	443	193	442	217	241	431	
209	447	208	216	443	212	248	411	
209	447	208	216	443	212	427	495	407	
209	447	208	216	443	212	
209	447	216	443	212	89	
209	447	216	443	212	89	120	427	
209	447	216	443	212	89	445	
209	447	216	443	212	89	438	213	217	
209	447	216	443	212	89	442	213	506	
209	447	216	443	212	441	89	
209	447	216	443	217	
209	447	216	443	248	208	
209	447	216	443	
209	447	216	443	446	444	428	
209	447	216	443	
209	447	216	443	427	446	
209	447	216	443	248	
209	447	216	443	248	193	
209	447	216	443	248	249	193	
209	447	216	443	248	208	
209	447	216	443	81	241	
209	447	216	217	443	
209	447	216	208	241	212	
209	447	216	208	431	
209	447	216	208	511	
209	447	216	208	
209	447	216	208	
209	447	216	208	
209	447	216	208	443	
209	447	216	208	443	441	
209	447	216	208	443	446	80	
209	447	216	208	443	427	80	
209	447	216	443	248	240	
209	447	216	443	248	184	
209	447	216	443	248	217	
209	447	216	443	248	219	81	193	
209	447	216	443	248	431	
209	447	216	443	248	431	232	217	253	249	152	
209	447	443	248	431	145	241	232	213	
209	447	443	248	431	232	
209	447	443	248	431	240	208	193	430	
209	447	443	248	431	240	208	399	193	446	80	
209	447	248	431	240	208	216	446	124	241	
209	447	208	216	242	
209	447	208	216	242	439	
209	447	208	216	242	
209	447	208	242	439	
209	447	208	242	439	
209	447	242	439	145	247	243	
209	447	242	439	295	226	
209	447	242	439	295	
209	242	439	295	246	195	
209	242	439	295	246	81	217	201	
209	242	439	295	246	205	19	247	196	245	81	
209	242	439	295	246	205	19	247	147	23	
209	242	439	295	246	247	231	77	229	211	219	
209	242	439	295	246	247	77	229	211	471	205	223	13	12	503	218	219	118	
209	242	439	295	246	247	205	219	225	471	165	208	97	91	164	228	231	
209	242	439	295	246	205	219	225	165	97	164	99	207	33	
209	242	439	295	246	219	225	165	97	164	99	253	163	115	173	103	
209	439	295	246	225	97	99	253	
209	439	295	246	225	97	99	105	423	
439	246	225	97	99	33	227	243	
439	225	97	99	
439	97	99	407	
439	97	99	
439	97	99	107	
439	97	99	
439	97	99	
439	97	99	
439	99	
439	99	
439	99	
439	99	67	
439	99	
439	99	503	
439	99	407	
439	99	
439	99	
439	99	
439	99	435	
439	99	
439	99	
439	99	97	
439	99	
439	99	
439	99	
439	99	
439	99	98	
439	99	97	435	
439	99	163	
439	99	
439	99	
439	99	
439	99	
439	99	
439	99	35	98	
439	99	310	
439	99	310	286	
439	99	310	438	
99	310	35	3	107	
99	310	
99	310	111	
99	310	111	63	
99	310	63	107	
310	63	318	55	
310	63	318	314	302	
310	63	318	314	
310	63	318	314	
63	318	314	47	
63	318	314	47	127	111	
63	318	314	47	127	55	119	
63	318	314	47	127	55	183	
63	314	47	127	55	
63	314	47	127	55	
63	314	47	127	55	
314	47	127	55	183	378	376	306	
314	47	127	55	378	498	466	470	434	
314	47	127	55	498	470	438	370	63	
314	127	55	498	438	342	482	370	378	111	
314	127	55	498	438	482	370	450	
314	127	55	498	438	482	370	448	456	123	63	
314	127	55	498	438	482	370	448	123	322	122	266	
314	127	55	438	482	370	448	123	322	122	90	
127	55	482	448	123	322	90	122	250	59	114	
127	55	482	448	123	322	90	122	226	183	167	230	
127	55	482	448	123	322	90	226	183	194	240	208	227	211	114	247	215	202	210	230	
55	482	448	123	90	226	183	240	208	114	247	243	98	179	
55	482	448	123	90	226	183	240	114	247	243	450	231	122	119	
55	482	448	123	90	183	240	114	247	243	450	480	115	
482	448	123	183	240	114	247	243	450	480	483	50	487	
482	448	123	183	240	114	247	243	450	480	483	490	416	119	384	107	
448	123	183	240	114	247	243	450	483	490	452	480	179	491	458	
448	123	183	240	114	247	243	450	483	490	452	31	362	394	266	
448	123	183	240	114	247	243	450	483	490	452	362	167	360	458	
448	123	183	240	114	247	450	483	490	452	362	242	99	179	355	50	488	
448	123	240	247	450	483	490	452	362	242	179	121	241	55	105	366	243	468	122	458	
123	240	247	450	483	490	452	362	242	121	366	241	460	
123	240	247	450	490	452	362	242	366	460	114	458	
123	240	450	490	452	242	366	482	244	
240	490	242	366	
240	490	242	
240	490	242	224	
240	490	242	
240	490	242	482	
240	490	242	
240	490	242	
240	490	242	491	
240	490	242	
240	490	242	
240	490	242	
240	490	242	494	
240	490	242	
240	490	242	
240	490	242	
240	490	242	458	
240	490	242	
240	490	242	
240	490	242	
240	490	242	
490	242	
490	242	240	
490	242	
490	242	243	
490	242	
490	242	
490	242	
490	242	
490	242	488	
490	242	240	
490	242	
490	242	
490	242	
490	242	240	
490	242	
490	242	
490	242	
490	242	
490	242	
490	242	
490	242	
490	242	178	
490	242	
490	242	
490	242	
490	242	240	
490	242	
490	242	
490	242	
490	242	240	
490	242	246	
490	242	
490	242	
490	242	
490	242	
490	242	
490	242	240	
490	242	240	
490	242	240	
490	242	240	
490	242	240	114	
490	242	240	
490	242	240	
490	242	
490	242	
490	242	
490	242	240	424	
490	242	
490	242	
490	242	
490	242	482	
490	242	
490	242	
490	242	
490	242	
490	242	
490	242	
490	242	
490	242	
490	242	240	176	
490	242	
490	242	
490	242	
490	242	482	458	
490	242	240	
490	242	
490	242	
490	242	
490	242	458	
490	242	
490	242	
490	242	
490	242	
490	242	
490	242	240	112	
490	242	491	
490	242	
490	242	298	
490	242	298	290	362	
490	242	298	491	
490	242	298	
490	242	298	
490	242	298	240	
490	242	298	240	
490	242	240	298	226	
490	242	240	
490	242	240	
490	242	240	506	
490	242	240	
490	242	240	250	
490	242	240	241	
490	242	240	
490	242	240	
490	242	240	
490	242	240	494	
490	242	
490	242	
490	242	250	
490	242	
490	242	482	
490	242	
490	242	240	458	
490	242	
490	242	482	
490	242	
490	242	
490	242	
490	242	
490	242	
490	242	240	
490	242	114	488	
490	242	
490	242	
490	242	
490	242	
490	242	240	
490	242	240	
490	242	240	
490	242	240	
490	242	
490	242	506	210	
490	242	
490	242	494	
490	242	240	
490	242	
490	242	250	
490	242	250	
490	242	226	
490	242	
490	242	494	
490	242	
490	242	
490	242	240	
490	242	240	
490	242	210	
490	242	
490	242	
490	242	488	
490	242	
490	242	
490	242	482	
490	242	
490	242	458	210	
490	242	240	
490	242	
490	242	
490	242	
490	242	
490	242	
490	242	494	
490	242	482	
490	242	
490	242	
490	242	240	114	
490	242	210	
490	242	240	
490	242	243	
490	242	
490	242	426	
490	242	482	
490	242	488	492	
490	242	
490	242	
490	242	491	
490	242	
490	242	
490	242	
490	242	
490	242	
490	242	240	
490	242	362	
490	242	240	
490	242	
490	242	226	
490	242	506	
490	242	
490	242	
490	242	
490	242	458	243	
490	242	
490	242	
490	242	482	
490	242	
490	242	240	246	
490	242	
490	242	
490	242	178	
490	242	488	
490	242	
490	242	
490	242	240	
490	242	
490	242	488	
490	242	240	
490	242	
490	242	240	
490	242	240	
490	242	240	
490	242	
490	242	
490	242	250	
490	242	
490	242	
490	242	
490	242	
490	242	243	
490	242	240	
490	242	
490	242	
490	242	250	
490	242	
490	242	210	
490	242	
490	242	
490	242	250	
490	242	240	
490	242	240	
490	242	240	
490	242	240	
490	242	240	
490	242	
490	242	426	
490	242	240	226	
490	242	240	
490	242	240	226	
490	242	240	426	458	
490	242	240	
490	242	240	
490	242	240	
490	242	
490	242	
490	242	
490	242	458	
490	242	
490	242	
490	242	495	488	506	
490	242	240	
490	242	
490	242	
490	242	
490	242	
490	242	210	
490	242	114	
490	242	458	
490	242	
490	242	
490	242	482	
490	242	240	250	178	
490	242	
490	242	362	
490	242	
490	242	
490	242	
490	242	240	
490	242	240	
490	242	240	210	
490	242	
490	242	504	
490	242	458	
490	242	240	491	
490	242	
490	242	491	
490	242	
490	242	
490	242	240	
490	242	
490	242	
490	242	
490	242	
490	242	210	
490	242	494	
490	242	240	
490	242	240	241	114	
