1	425	384	809
2	445	432	877
3	456	451	907
4	471	468	939
5	436	455	891
6	456	465	921
7	454	466	920
8	470	465	935
9	488	492	980
10	472	479	951
11	448	466	914
12	478	456	934
13	455	477	932
14	481	466	947
15	468	459	927
16	470	463	933
17	453	463	916
18	434	479	913
19	444	492	936
20	443	460	903
21	449	443	892
22	458	451	909
23	468	453	921
24	448	430	878
25	475	458	933
26	443	451	894
27	456	437	893
28	441	443	884
29	462	434	896
30	461	437	898
31	471	442	913
32	455	468	923
33	458	464	922
34	464	445	909
35	477	472	949
36	462	461	923
37	457	446	903
38	461	460	921
39	504	472	976
40	482	466	948
41	438	459	897
42	458	438	896
43	451	451	902
44	478	459	937
45	453	455	908
46	458	430	888
47	473	456	929
48	454	461	915
49	482	480	962
50	458	438	896
51	471	477	948
52	459	470	929
53	478	458	936
54	468	451	919
55	460	469	929
56	450	453	903
57	454	465	919
58	474	458	932
59	457	470	927
60	464	463	927
61	462	462	924
62	457	450	907
63	442	439	881
64	479	438	917
65	454	451	905
66	457	470	927
67	452	470	922
68	466	485	951
69	467	466	933
70	435	466	901
71	467	475	942
72	460	485	945
73	441	481	922
74	478	478	956
75	435	470	905
76	463	475	938
77	455	460	915
78	471	474	945
79	469	473	942
80	461	471	932
81	466	466	932
82	459	477	936
83	457	472	929
84	456	472	928
85	460	478	938
86	461	463	924
87	456	471	927
88	446	467	913
89	440	434	874
90	450	460	910
91	459	484	943
92	459	458	917
93	453	455	908
94	440	485	925
95	467	485	952
96	451	464	915
97	431	492	923
98	461	459	920
99	452	482	934
100	465	469	934
101	457	461	918
102	452	455	907
103	460	466	926
104	452	485	937
105	443	455	898
106	453	477	930
107	456	464	920
108	460	466	926
109	457	456	913
110	454	472	926
111	468	469	937
112	464	461	925
113	455	486	941
114	457	483	940
115	451	465	916
116	459	478	937
117	472	491	963
118	443	503	946
119	469	507	976
120	462	485	947
121	468	470	938
122	466	473	939
123	457	455	912
124	442	469	911
125	466	506	972
126	453	499	952
127	477	494	971
128	459	497	956
129	449	490	939
130	468	481	949
131	462	500	962
132	443	488	931
133	460	493	953
134	458	497	955
135	479	500	979
136	479	482	961
137	444	480	924
138	475	480	955
139	484	490	974
140	444	495	939
141	453	475	928
142	441	498	939
143	464	488	952
144	454	484	938
145	466	491	957
146	456	491	947
147	440	464	904
148	464	486	950
149	444	492	936
150	453	513	966
151	458	508	966
152	455	511	966
153	429	509	938
154	442	508	950
155	435	502	937
156	454	509	963
157	474	502	976
158	483	491	974
159	446	499	945
160	458	492	950
161	466	479	945
162	454	535	989
163	458	513	971
164	466	507	973
165	446	508	954
166	462	492	954
167	464	508	972
168	477	506	983
169	456	511	967
170	470	504	974
171	458	520	978
172	465	517	982
173	456	501	957
174	458	515	973
175	446	510	956
176	447	501	948
177	442	520	962
178	463	510	973
179	445	496	941
180	442	508	950
181	459	504	963
182	450	497	947
183	445	517	962
184	459	531	990
185	437	501	938
186	464	515	979
187	463	510	973
188	471	509	980
189	456	517	973
190	456	514	970
191	467	509	976
192	451	505	956
193	484	523	1007
194	462	507	969
195	447	520	967
196	443	522	965
197	447	520	967
198	449	510	959
199	456	505	961
200	468	508	976
201	468	522	990
202	458	520	978
203	458	531	989
204	444	499	943
205	444	488	932
206	462	490	952
207	470	504	974
208	470	527	997
209	439	527	966
210	453	514	967
211	447	535	982
212	458	501	959
213	468	516	984
214	473	521	994
215	482	500	982
216	450	530	980
217	463	486	949
218	461	520	981
219	455	507	962
220	461	526	987
221	451	501	952
222	498	485	983
223	451	486	937
224	463	516	979
225	438	503	941
226	483	508	991
227	452	519	971
228	481	510	991
229	432	522	954
230	467	505	972
231	478	514	992
232	470	508	978
233	442	520	962
234	460	487	947
235	462	507	969
236	457	494	951
237	462	502	964
238	452	498	950
239	473	511	984
240	444	510	954
241	487	489	976
242	445	483	928
243	468	483	951
244	443	491	934
245	463	472	935
246	446	495	941
247	477	493	970
248	498	492	990
249	447	500	947
250	447	502	949
251	453	490	943
252	469	492	961
253	494	487	981
254	470	467	937
255	468	514	982
256	466	507	973
257	463	477	940
258	477	480	957
259	464	482	946
260	453	494	947
261	452	499	951
262	470	472	942
263	468	482	950
264	463	475	938
265	467	483	950
266	453	501	954
267	460	463	923
268	452	478	930
269	467	456	923
270	464	473	937
271	460	486	946
272	450	488	938
273	471	495	966
274	474	497	971
275	459	471	930
276	461	491	952
277	449	481	930
278	469	514	983
279	470	492	962
280	471	503	974
281	451	513	964
282	443	504	947
283	477	503	980
284	478	498	976
285	468	503	971
286	453	525	978
287	426	519	945
288	454	512	966
289	463	483	946
290	450	486	936
291	452	506	958
292	472	486	958
293	468	491	959
294	473	490	963
295	457	487	944
296	460	508	968
297	439	495	934
298	463	503	966
299	459	485	944
300	473	479	952
301	473	487	960
302	466	504	970
303	453	483	936
304	459	494	953
305	476	483	959
306	460	509	969
307	469	510	979
308	465	487	952
309	454	507	961
310	451	496	947
311	458	508	966
312	436	515	951
313	473	505	978
314	465	522	987
315	462	490	952
316	463	501	964
317	458	512	970
318	444	512	956
319	461	511	972
320	463	528	991
321	456	507	963
322	479	521	1000
323	470	516	986
324	456	494	950
325	433	514	947
326	456	487	943
327	449	502	951
328	458	516	974
329	462	486	948
330	464	506	970
331	478	480	958
332	454	522	976
333	473	533	1006
334	458	496	954
335	463	506	969
336	445	525	970
337	464	509	973
338	475	498	973
339	460	524	984
340	453	496	949
341	454	521	975
342	455	513	968
343	449	517	966
344	450	511	961
345	464	518	982
346	456	507	963
347	469	490	959
348	472	495	967
349	453	519	972
350	460	516	976
351	455	519	974
352	475	506	981
353	466	525	991
354	451	511	962
355	461	525	986
356	454	519	973
357	445	514	959
358	443	503	946
359	448	506	954
360	437	500	937
361	483	502	985
362	460	542	1002
363	486	513	999
364	471	490	961
365	470	517	987
366	446	520	966
367	464	501	965
368	478	512	990
369	437	509	946
370	485	481	966
371	460	510	970
372	446	491	937
373	472	504	976
374	472	491	963
375	459	473	932
376	439	492	931
377	462	489	951
378	452	497	949
379	465	497	962
380	454	491	945
381	453	487	940
382	450	482	932
383	463	461	924
384	467	461	928
385	459	483	942
386	452	473	925
387	450	491	941
388	449	477	926
389	462	478	940
390	454	504	958
391	471	481	952
392	461	497	958
393	436	501	937
394	441	481	922
395	456	509	965
396	446	502	948
397	479	486	965
398	452	508	960
399	462	512	974
400	450	515	965
401	450	500	950
402	460	497	957
403	473	519	992
404	464	512	976
405	445	501	946
406	456	525	981
407	451	506	957
408	472	498	970
409	451	522	973
410	448	497	945
411	448	513	961
412	432	506	938
413	470	490	960
414	439	504	943
415	455	520	975
416	454	504	958
417	464	504	968
418	455	501	956
419	488	508	996
420	461	497	958
421	461	517	978
422	465	512	977
423	461	492	953
424	481	525	1006
425	469	517	986
426	469	504	973
427	480	517	997
428	446	538	984
429	445	543	988
430	451	512	963
431	438	512	950
432	460	508	968
433	429	485	914
434	456	510	966
435	448	505	953
436	461	489	950
437	450	526	976
438	467	524	991
439	445	503	948
440	449	502	951
441	442	494	936
442	471	531	1002
443	445	527	972
444	464	504	968
445	469	504	973
446	483	513	996
447	459	514	973
448	452	508	960
449	460	505	965
450	461	506	967
451	436	535	971
452	467	538	1005
453	473	516	989
454	464	508	972
455	460	535	995
456	461	522	983
457	463	496	959
458	473	510	983
459	455	499	954
460	464	515	979
461	466	528	994
462	467	510	977
463	454	520	974
464	457	523	980
465	465	519	984
466	460	525	985
467	457	515	972
468	454	508	962
469	471	526	997
470	460	508	968
471	447	534	981
472	441	512	953
473	472	510	982
474	442	494	936
475	454	497	951
476	465	514	979
477	441	544	985
478	469	513	982
479	470	522	992
480	439	517	956
481	467	491	958
482	455	508	963
483	466	512	978
484	475	498	973
485	463	506	969
486	461	509	970
487	466	521	987
488	452	524	976
489	454	499	953
490	459	492	951
491	434	488	922
492	427	516	943
493	450	504	954
494	463	521	984
495	470	513	983
496	454	517	971
497	464	539	1003
498	462	545	1007
499	463	531	994
500	465	494	959
501	455	523	978
502	476	507	983
503	469	528	997
504	477	517	994
505	479	509	988
506	459	519	978
507	456	522	978
508	459	519	978
509	459	509	968
510	458	507	965
511	457	506	963
512	456	514	970
513	459	510	969
514	475	515	990
515	464	516	980
516	452	529	981
517	461	543	1004
518	464	522	986
519	458	527	985
520	459	534	993
521	452	517	969
522	456	512	968
523	465	504	969
524	474	515	989
525	477	506	983
526	460	515	975
527	465	537	1002
528	452	515	967
529	457	523	980
530	449	507	956
531	466	515	981
532	476	546	1022
533	460	507	967
534	462	513	975
535	443	527	970
536	467	513	980
537	438	506	944
538	465	523	988
539	468	530	998
540	462	498	960
541	466	523	989
542	466	525	991
543	463	490	953
544	473	501	974
545	438	514	952
546	454	517	971
547	465	516	981
548	476	515	991
549	468	475	943
550	430	482	912
551	449	498	947
552	447	510	957
553	459	519	978
554	464	509	973
555	448	500	948
556	448	501	949
557	444	497	941
558	462	497	959
559	450	510	960
560	437	511	948
561	472	516	988
562	463	497	960
563	452	519	971
564	433	522	955
565	447	507	954
566	452	511	963
567	457	512	969
568	462	515	977
569	455	535	990
570	449	507	956
571	450	513	963
572	466	499	965
573	465	496	961
574	483	523	1006
575	486	510	996
576	466	522	988
577	472	529	1001
578	460	514	974
579	491	495	986
580	449	515	964
581	488	506	994
582	454	518	972
583	455	503	958
584	443	509	952
585	479	503	982
586	465	540	1005
587	452	524	976
588	447	521	968
589	434	524	958
590	448	524	972
591	451	515	966
592	464	499	963
593	465	508	973
594	475	520	995
595	459	520	979
596	451	535	986
597	460	506	966
598	460	525	985
599	456	484	940
600	476	498	974
601	473	499	972
602	465	500	965
603	461	500	961
604	462	537	999
605	456	519	975
606	459	508	967
607	459	504	963
608	452	517	969
609	450	514	964
610	460	529	989
611	454	526	980
612	468	527	995
613	452	511	963
614	458	507	965
615	466	508	974
616	441	503	944
617	461	506	967
618	438	527	965
619	447	489	936
620	476	519	995
621	444	530	974
622	467	511	978
623	456	482	938
624	457	495	952
625	449	499	948
626	455	483	938
627	469	506	975
628	451	535	986
629	437	524	961
630	464	500	964
631	443	519	962
632	450	509	959
633	462	524	986
634	468	525	993
635	463	498	961
636	469	515	984
637	460	513	973
638	464	519	983
639	442	512	954
640	451	527	978
641	464	523	987
642	462	494	956
643	472	505	977
644	459	496	955
645	472	489	961
646	468	513	981
647	458	524	982
648	466	526	992
649	464	511	975
650	471	544	1015
651	468	515	983
652	454	512	966
653	461	502	963
654	446	474	920
655	442	507	949
656	445	511	956
657	468	518	986
658	427	521	948
659	443	511	954
660	433	509	942
661	462	525	987
662	446	516	962
663	480	531	1011
664	471	503	974
665	450	515	965
666	476	503	979
667	466	521	987
668	456	522	978
669	450	513	963
670	448	543	991
671	464	501	965
672	444	512	956
673	466	515	981
674	470	528	998
675	464	525	989
676	466	495	961
677	432	523	955
678	462	531	993
679	455	505	960
680	464	513	977
681	448	514	962
682	448	531	979
683	448	507	955
684	497	500	997
685	467	504	971
686	456	504	960
687	461	523	984
688	490	501	991
689	428	502	930
690	473	501	974
691	456	498	954
692	450	504	954
693	432	515	947
694	459	520	979
695	456	522	978
696	449	513	962
697	458	532	990
698	471	496	967
699	468	511	979
700	461	505	966
701	467	528	995
702	441	514	955
703	462	502	964
704	443	517	960
705	450	521	971
706	456	503	959
707	462	517	979
708	461	514	975
709	464	525	989
710	471	499	970
711	470	522	992
712	450	492	942
713	453	495	948
714	474	521	995
715	463	520	983
716	464	534	998
717	466	510	976
718	455	505	960
719	462	516	978
720	467	519	986
721	458	531	989
722	460	486	946
723	477	519	996
724	480	518	998
725	473	502	975
726	466	524	990
727	456	513	969
728	457	519	976
729	450	518	968
730	452	511	963
731	466	507	973
732	452	525	977
733	477	512	989
734	455	519	974
735	478	502	980
736	445	494	939
737	444	490	934
738	462	516	978
739	487	501	988
740	473	481	954
741	457	485	942
742	447	465	912
743	458	504	962
744	448	509	957
745	464	496	960
746	484	513	997
747	469	526	995
748	483	494	977
749	469	511	980
750	449	521	970
751	460	515	975
752	473	515	988
753	467	511	978
754	474	509	983
755	451	528	979
756	467	507	974
757	473	518	991
758	464	502	966
759	450	494	944
760	451	502	953
761	444	500	944
762	450	509	959
763	463	509	972
764	458	521	979
765	462	488	950
766	468	527	995
767	464	507	971
768	471	517	988
769	471	507	978
770	467	507	974
771	460	521	981
772	446	483	929
773	450	491	941
774	418	502	920
775	449	523	972
776	477	533	1010
777	470	504	974
778	461	526	987
779	453	507	960
780	471	499	970
781	470	518	988
782	464	518	982
783	447	502	949
784	443	511	954
785	449	524	973
786	458	535	993
787	471	517	988
788	462	511	973
789	452	526	978
790	464	517	981
791	453	511	964
792	478	517	995
793	453	511	964
794	469	523	992
795	461	495	956
796	473	483	956
797	459	515	974
798	457	500	957
799	440	501	941
800	485	511	996
801	449	497	946
802	468	513	981
803	472	522	994
804	464	516	980
805	474	511	985
806	451	507	958
807	465	512	977
808	470	492	962
809	465	484	949
810	454	499	953
811	446	500	946
812	457	478	935
813	456	483	939
814	441	499	940
815	454	507	961
816	465	488	953
817	459	477	936
818	457	492	949
819	469	500	969
820	452	498	950
821	452	510	962
822	464	488	952
823	455	479	934
824	454	481	935
825	466	479	945
826	477	484	961
827	443	497	940
828	467	465	932
829	470	473	943
830	456	454	910
831	452	481	933
832	450	484	934
833	460	468	928
834	472	509	981
835	465	491	956
836	472	478	950
837	456	478	934
838	454	458	912
839	456	475	931
840	436	461	897
841	446	472	918
842	455	493	948
843	467	491	958
844	447	488	935
845	453	505	958
846	447	532	979
847	463	515	978
848	460	481	941
849	458	484	942
850	461	494	955
851	458	487	945
852	451	484	935
853	473	472	945
854	453	457	910
855	488	463	951
856	462	461	923
857	467	480	947
858	468	481	949
859	464	482	946
860	433	491	924
861	489	484	973
862	445	492	937
863	463	488	951
864	442	484	926
865	453	493	946
866	457	489	946
867	437	466	903
868	456	488	944
869	434	475	909
870	440	486	926
871	467	482	949
872	480	486	966
873	464	488	952
874	467	481	948
875	489	490	979
876	437	506	943
877	460	513	973
878	464	505	969
879	484	495	979
880	464	500	964
881	450	478	928
882	480	500	980
883	475	483	958
884	481	486	967
885	449	507	956
886	452	495	947
887	460	497	957
888	465	511	976
889	454	518	972
890	454	520	974
891	467	497	964
892	469	505	974
893	448	508	956
894	442	518	960
895	465	502	967
896	460	508	968
897	454	500	954
898	457	492	949
899	436	499	935
900	422	485	907
901	457	504	961
902	466	511	977
903	458	501	959
904	454	493	947
905	464	491	955
906	437	516	953
907	483	527	1010
908	466	511	977
909	444	505	949
910	456	503	959
911	460	490	950
912	433	491	924
913	459	507	966
914	456	494	950
915	462	525	987
916	459	519	978
917	474	510	984
918	451	510	961
919	481	519	1000
920	472	529	1001
921	468	512	980
922	442	513	955
923	456	525	981
924	456	495	951
925	456	515	971
926	466	508	974
927	444	517	961
928	466	514	980
929	450	507	957
930	479	492	971
931	458	523	981
932	456	512	968
933	475	521	996
934	460	504	964
935	479	493	972
936	478	509	987
937	439	518	957
938	435	474	909
939	446	496	942
940	465	500	965
941	460	499	959
942	457	500	957
943	466	483	949
944	460	508	968
945	465	506	971
946	463	473	936
947	467	508	975
948	457	498	955
949	455	497	952
950	431	495	926
951	479	494	973
952	449	502	951
953	473	484	957
954	473	489	962
955	442	491	933
956	467	494	961
957	462	506	968
958	468	481	949
959	453	482	935
960	452	507	959
961	456	513	969
962	464	502	966
963	473	529	1002
964	461	487	948
965	453	487	940
966	456	502	958
967	479	516	995
968	442	508	950
969	464	530	994
970	452	530	982
971	473	509	982
972	471	494	965
973	466	508	974
974	452	512	964
975	462	496	958
976	489	519	1008
977	459	511	970
978	442	504	946
979	452	511	963
980	441	493	934
981	457	489	946
982	464	524	988
983	437	507	944
984	461	500	961
985	439	517	956
986	461	517	978
987	459	517	976
988	436	494	930
989	448	511	959
990	467	509	976
991	472	486	958
992	460	518	978
993	450	515	965
994	493	528	1021
995	467	524	991
996	466	522	988
997	451	519	970
998	450	524	974
999	470	507	977
1000	461	488	949
1001	470	517	987
1002	421	522	943
1003	440	505	945
1004	461	512	973
1005	467	517	984
1006	439	520	959
1007	455	520	975
1008	441	497	938
1009	457	506	963
1010	476	520	996
1011	455	521	976
1012	451	492	943
1013	472	506	978
1014	472	506	978
1015	465	518	983
1016	479	539	1018
1017	461	539	1000
1018	474	531	1005
1019	459	519	978
1020	450	499	949
1021	441	514	955
1022	454	511	965
1023	462	506	968
1024	473	487	960
1025	456	495	951
1026	466	496	962
1027	442	503	945
1028	475	516	991
1029	465	508	973
1030	468	495	963
1031	466	511	977
1032	482	523	1005
1033	452	512	964
1034	462	497	959
1035	449	515	964
1036	445	515	960
1037	467	506	973
1038	467	507	974
1039	478	500	978
1040	452	499	951
1041	447	525	972
1042	467	519	986
1043	464	488	952
1044	453	507	960
1045	463	531	994
1046	451	516	967
1047	460	513	973
1048	453	510	963
1049	446	506	952
1050	459	520	979
1051	443	531	974
1052	442	518	960
1053	458	513	971
1054	459	536	995
1055	466	506	972
1056	467	495	962
1057	455	519	974
1058	462	487	949
1059	461	507	968
1060	451	507	958
1061	443	510	953
1062	459	515	974
1063	456	510	966
1064	454	500	954
1065	454	542	996
1066	472	501	973
1067	456	503	959
1068	468	514	982
1069	479	517	996
1070	464	514	978
1071	447	511	958
1072	451	497	948
1073	455	508	963
1074	465	531	996
1075	479	518	997
1076	442	519	961
1077	461	502	963
1078	458	481	939
1079	469	500	969
1080	446	514	960
1081	459	528	987
1082	452	514	966
1083	458	523	981
1084	461	504	965
1085	438	504	942
1086	471	515	986
1087	456	504	960
1088	460	504	964
1089	473	527	1000
1090	446	506	952
1091	449	515	964
1092	465	529	994
1093	461	526	987
1094	477	496	973
1095	468	506	974
1096	476	510	986
1097	472	471	943
1098	455	509	964
1099	446	493	939
1100	436	483	919
1101	473	487	960
1102	449	491	940
1103	435	487	922
1104	451	477	928
1105	454	479	933
1106	456	456	912
1107	460	463	923
1108	483	480	963
1109	444	480	924
1110	440	477	917
1111	444	455	899
1112	486	452	938
1113	453	465	918
1114	448	473	921
1115	464	468	932
1116	452	473	925
1117	461	459	920
1118	455	461	916
1119	443	488	931
1120	454	466	920
1121	455	448	903
1122	485	464	949
1123	457	471	928
1124	460	473	933
1125	466	468	934
1126	459	478	937
1127	445	487	932
1128	460	500	960
1129	461	489	950
1130	449	485	934
1131	463	470	933
1132	456	490	946
1133	457	491	948
1134	477	497	974
1135	454	505	959
1136	466	491	957
1137	464	486	950
1138	467	499	966
1139	475	522	997
1140	453	493	946
1141	473	467	940
1142	465	489	954
1143	443	512	955
1144	468	499	967
1145	462	482	944
1146	465	507	972
1147	441	490	931
1148	458	524	982
1149	455	507	962
1150	448	528	976
1151	438	523	961
1152	448	518	966
1153	453	513	966
1154	466	523	989
1155	481	519	1000
1156	465	512	977
1157	438	518	956
1158	482	505	987
1159	441	505	946
1160	458	525	983
1161	468	496	964
1162	489	485	974
1163	442	522	964
1164	481	510	991
1165	447	514	961
1166	458	522	980
1167	447	509	956
1168	488	507	995
1169	472	504	976
1170	452	511	963
1171	458	516	974
1172	450	493	943
1173	472	534	1006
1174	452	516	968
1175	453	513	966
1176	451	527	978
1177	459	545	1004
1178	462	529	991
1179	471	510	981
1180	457	509	966
1181	455	514	969
1182	472	522	994
1183	453	531	984
1184	458	498	956
1185	448	492	940
1186	466	508	974
1187	457	525	982
1188	481	505	986
1189	441	514	955
1190	451	523	974
1191	472	505	977
1192	457	497	954
1193	462	527	989
1194	455	499	954
1195	451	520	971
1196	440	522	962
1197	464	508	972
1198	444	518	962
1199	479	503	982
1200	463	507	970
1201	472	489	961
1202	459	558	1017
1203	452	519	971
1204	455	503	958
1205	467	532	999
1206	444	524	968
1207	463	527	990
1208	466	526	992
1209	442	491	933
1210	458	530	988
1211	433	527	960
1212	457	507	964
1213	477	494	971
1214	474	522	996
1215	445	526	971
1216	459	522	981
1217	460	522	982
1218	454	525	979
1219	448	503	951
1220	466	523	989
1221	465	512	977
1222	461	517	978
1223	456	499	955
1224	465	515	980
1225	460	510	970
1226	466	508	974
1227	467	494	961
1228	453	494	947
1229	469	516	985
1230	481	508	989
1231	469	507	976
1232	466	489	955
1233	445	504	949
1234	449	512	961
1235	474	494	968
1236	457	516	973
1237	454	499	953
1238	460	504	964
1239	448	522	970
1240	450	529	979
1241	461	520	981
1242	461	517	978
1243	473	522	995
1244	504	483	987
1245	449	519	968
1246	441	498	939
1247	478	517	995
1248	468	506	974
1249	449	532	981
1250	444	507	951
1251	464	521	985
1252	446	534	980
1253	451	500	951
1254	464	519	983
1255	466	513	979
1256	472	524	996
1257	427	518	945
1258	466	502	968
1259	450	508	958
1260	468	502	970
1261	448	514	962
1262	449	512	961
1263	474	509	983
1264	470	522	992
1265	446	501	947
1266	446	512	958
1267	477	502	979
1268	454	511	965
1269	447	503	950
1270	435	500	935
1271	447	511	958
1272	464	514	978
1273	448	482	930
1274	453	492	945
1275	448	498	946
1276	465	542	1007
1277	448	521	969
1278	447	523	970
1279	457	508	965
1280	453	532	985
1281	455	530	985
1282	467	517	984
1283	448	522	970
1284	453	501	954
1285	468	508	976
1286	464	532	996
1287	473	545	1018
1288	448	533	981
1289	467	523	990
1290	445	502	947
1291	471	511	982
1292	461	520	981
1293	474	507	981
1294	472	521	993
1295	437	532	969
1296	441	506	947
1297	448	500	948
1298	458	514	972
1299	441	527	968
1300	433	502	935
1301	467	496	963
1302	458	524	982
1303	437	521	958
1304	456	501	957
1305	454	493	947
1306	470	519	989
1307	454	502	956
1308	458	511	969
1309	474	533	1007
1310	462	523	985
1311	472	513	985
1312	466	523	989
1313	468	505	973
1314	470	503	973
1315	473	517	990
1316	462	534	996
1317	443	524	967
1318	466	498	964
1319	460	523	983
1320	453	511	964
1321	466	483	949
1322	451	507	958
1323	465	513	978
1324	475	512	987
1325	470	502	972
1326	468	506	974
1327	466	504	970
1328	491	502	993
1329	460	485	945
1330	460	484	944
1331	472	503	975
1332	448	485	933
1333	460	502	962
1334	445	486	931
1335	441	503	944
1336	449	496	945
1337	472	501	973
1338	462	517	979
1339	469	485	954
1340	484	482	966
1341	455	483	938
1342	456	535	991
1343	450	504	954
1344	454	523	977
1345	462	495	957
1346	472	491	963
1347	444	493	937
1348	469	501	970
1349	461	512	973
1350	452	506	958
1351	448	511	959
1352	455	505	960
1353	470	510	980
1354	457	501	958
1355	466	484	950
1356	461	505	966
1357	471	517	988
1358	463	517	980
1359	450	508	958
1360	462	518	980
1361	457	512	969
1362	469	513	982
1363	453	515	968
1364	461	495	956
1365	479	496	975
1366	447	527	974
1367	458	524	982
1368	454	505	959
1369	477	492	969
1370	439	500	939
1371	437	502	939
1372	463	493	956
1373	469	507	976
1374	454	499	953
1375	446	486	932
1376	451	485	936
1377	485	508	993
1378	457	492	949
1379	461	503	964
1380	443	481	924
1381	433	512	945
1382	455	510	965
1383	451	497	948
1384	466	480	946
1385	460	491	951
1386	452	521	973
1387	460	533	993
1388	454	523	977
1389	458	507	965
1390	465	491	956
1391	451	510	961
1392	481	535	1016
1393	459	510	969
1394	463	527	990
1395	457	483	940
1396	466	525	991
1397	458	531	989
1398	460	515	975
1399	466	487	953
1400	471	495	966
1401	430	513	943
1402	472	524	996
1403	461	499	960
1404	453	524	977
1405	466	530	996
1406	448	514	962
1407	458	521	979
1408	473	505	978
1409	442	526	968
1410	446	514	960
1411	458	497	955
1412	477	494	971
1413	457	492	949
1414	459	525	984
1415	465	515	980
1416	464	513	977
1417	459	513	972
1418	465	502	967
1419	457	535	992
1420	440	512	952
1421	451	536	987
1422	467	513	980
1423	469	524	993
1424	463	516	979
1425	459	499	958
1426	470	514	984
1427	464	514	978
1428	459	505	964
1429	451	523	974
1430	460	467	927
1431	449	506	955
1432	460	502	962
1433	463	511	974
1434	440	516	956
1435	457	502	959
1436	426	484	910
1437	470	482	952
1438	459	495	954
1439	465	514	979
1440	457	513	970
1441	456	504	960
1442	473	529	1002
1443	477	540	1017
1444	463	516	979
1445	459	495	954
1446	460	512	972
1447	474	502	976
1448	458	493	951
1449	465	494	959
1450	455	498	953
1451	469	496	965
1452	459	527	986
1453	455	523	978
1454	447	509	956
1455	455	510	965
1456	444	494	938
1457	457	502	959
1458	452	497	949
1459	461	493	954
1460	461	499	960
1461	475	494	969
1462	460	503	963
1463	459	515	974
1464	454	525	979
1465	461	508	969
1466	474	534	1008
1467	433	516	949
1468	467	501	968
1469	441	520	961
1470	454	508	962
1471	455	533	988
1472	472	509	981
1473	450	495	945
1474	468	530	998
1475	477	522	999
1476	471	521	992
1477	462	510	972
1478	438	519	957
1479	470	503	973
1480	477	512	989
1481	489	508	997
1482	458	504	962
1483	463	518	981
1484	459	532	991
1485	483	512	995
1486	429	513	942
1487	456	528	984
1488	470	517	987
1489	466	513	979
1490	459	498	957
1491	467	523	990
1492	460	499	959
1493	452	527	979
1494	471	516	987
1495	466	512	978
1496	469	503	972
1497	455	484	939
1498	459	531	990
1499	465	514	979
1500	475	520	995
1501	468	522	990
1502	460	511	971
1503	444	512	956
1504	461	524	985
1505	467	498	965
1506	456	506	962
1507	474	507	981
1508	456	496	952
1509	452	530	982
1510	445	508	953
1511	465	502	967
1512	464	505	969
1513	481	504	985
1514	462	509	971
1515	469	500	969
1516	477	517	994
1517	477	491	968
1518	461	512	973
1519	466	510	976
1520	470	497	967
1521	440	520	960
1522	456	526	982
1523	447	514	961
1524	468	533	1001
1525	464	513	977
1526	462	511	973
1527	449	524	973
1528	446	499	945
1529	480	501	981
1530	432	505	937
1531	462	514	976
1532	444	517	961
1533	483	519	1002
1534	458	510	968
1535	460	517	977
1536	437	500	937
1537	473	503	976
1538	457	524	981
1539	459	515	974
1540	456	541	997
1541	468	495	963
1542	491	493	984
1543	472	497	969
1544	458	511	969
1545	460	529	989
1546	478	515	993
1547	467	510	977
1548	451	494	945
1549	431	503	934
1550	460	518	978
1551	448	491	939
1552	462	518	980
1553	471	520	991
1554	453	520	973
1555	468	509	977
1556	449	492	941
1557	468	530	998
1558	453	527	980
1559	471	506	977
1560	452	514	966
1561	463	534	997
1562	445	545	990
1563	464	517	981
1564	440	499	939
1565	473	504	977
1566	468	495	963
1567	449	525	974
1568	439	517	956
1569	455	522	977
1570	470	517	987
1571	487	484	971
1572	469	519	988
1573	481	524	1005
1574	459	512	971
1575	476	486	962
1576	468	498	966
1577	487	501	988
1578	465	516	981
1579	467	520	987
1580	464	524	988
1581	458	546	1004
1582	449	519	968
1583	456	524	980
1584	459	523	982
1585	465	512	977
1586	465	523	988
1587	453	515	968
1588	461	518	979
1589	462	512	974
1590	464	502	966
1591	469	509	978
1592	470	484	954
1593	486	510	996
1594	453	502	955
1595	452	518	970
1596	453	495	948
1597	470	517	987
1598	451	479	930
1599	458	506	964
1600	465	498	963
1601	479	504	983
1602	446	536	982
1603	466	507	973
1604	459	519	978
1605	464	520	984
1606	455	507	962
1607	465	516	981
1608	473	536	1009
1609	457	518	975
1610	455	498	953
1611	436	511	947
1612	455	521	976
1613	464	527	991
1614	431	514	945
1615	454	515	969
1616	473	515	988
1617	473	509	982
1618	443	531	974
1619	452	511	963
1620	455	506	961
1621	457	516	973
1622	478	521	999
1623	444	511	955
1624	436	514	950
1625	455	536	991
1626	455	520	975
1627	469	516	985
1628	478	512	990
1629	472	503	975
1630	474	505	979
1631	465	498	963
1632	469	514	983
1633	456	514	970
1634	478	497	975
1635	459	518	977
1636	452	502	954
1637	454	517	971
1638	478	488	966
1639	460	500	960
1640	472	520	992
1641	444	505	949
1642	465	473	938
1643	451	508	959
1644	472	528	1000
1645	472	514	986
1646	460	527	987
1647	456	526	982
1648	427	530	957
1649	446	498	944
1650	476	516	992
1651	456	514	970
1652	461	523	984
1653	460	509	969
1654	448	515	963
1655	452	526	978
1656	456	527	983
1657	478	505	983
1658	434	521	955
1659	467	527	994
1660	452	517	969
1661	452	506	958
1662	453	514	967
1663	463	511	974
1664	453	504	957
1665	480	514	994
1666	461	517	978
1667	468	507	975
1668	454	513	967
1669	442	522	964
1670	462	496	958
1671	454	515	969
1672	453	522	975
1673	465	530	995
1674	459	495	954
1675	468	516	984
1676	468	534	1002
1677	462	530	992
1678	439	498	937
1679	440	490	930
1680	457	509	966
1681	460	499	959
1682	447	508	955
1683	462	506	968
1684	468	523	991
1685	467	504	971
1686	463	523	986
1687	472	504	976
1688	466	494	960
1689	470	516	986
1690	461	514	975
1691	453	511	964
1692	443	529	972
1693	467	508	975
1694	454	531	985
1695	452	504	956
1696	459	509	968
1697	477	501	978
1698	441	509	950
1699	465	482	947
1700	465	509	974
1701	454	487	941
1702	459	515	974
1703	448	528	976
1704	458	526	984
1705	458	521	979
1706	460	508	968
1707	457	537	994
1708	472	516	988
1709	449	517	966
1710	454	528	982
1711	464	503	967
1712	440	514	954
1713	477	513	990
1714	461	518	979
1715	490	501	991
1716	461	505	966
1717	446	507	953
1718	451	507	958
1719	447	525	972
1720	458	515	973
1721	470	500	970
1722	466	516	982
1723	442	489	931
1724	450	502	952
1725	460	495	955
1726	468	512	980
1727	457	527	984
1728	472	501	973
1729	441	494	935
1730	455	540	995
1731	434	532	966
1732	456	529	985
1733	446	508	954
1734	432	534	966
1735	461	523	984
1736	462	515	977
1737	475	499	974
1738	456	511	967
1739	458	496	954
1740	478	503	981
1741	469	515	984
1742	462	477	939
1743	475	475	950
1744	453	497	950
1745	470	494	964
1746	462	509	971
1747	454	534	988
1748	463	522	985
1749	472	516	988
1750	450	510	960
1751	449	497	946
1752	468	516	984
1753	440	535	975
1754	453	511	964
1755	461	491	952
1756	453	503	956
1757	470	496	966
1758	439	489	928
1759	437	526	963
1760	481	512	993
1761	444	507	951
1762	462	512	974
1763	478	523	1001
1764	433	511	944
1765	456	503	959
1766	435	495	930
1767	470	502	972
1768	454	509	963
1769	452	530	982
1770	469	502	971
1771	457	512	969
1772	452	512	964
1773	463	508	971
1774	455	503	958
1775	462	508	970
1776	447	507	954
1777	456	504	960
1778	459	501	960
1779	469	490	959
1780	453	507	960
1781	466	510	976
1782	476	490	966
1783	461	534	995
1784	463	505	968
1785	480	495	975
1786	450	526	976
1787	472	517	989
1788	465	505	970
1789	463	495	958
1790	464	499	963
1791	461	498	959
1792	459	493	952
1793	446	501	947
1794	483	514	997
1795	462	506	968
1796	445	508	953
1797	459	516	975
1798	449	537	986
1799	458	516	974
1800	460	487	947
1801	443	514	957
1802	458	525	983
1803	465	498	963
1804	437	511	948
1805	454	502	956
1806	474	516	990
1807	458	543	1001
1808	443	535	978
1809	458	502	960
1810	468	526	994
1811	462	476	938
1812	457	528	985
1813	454	511	965
1814	463	518	981
1815	463	508	971
1816	468	526	994
1817	464	513	977
1818	448	495	943
1819	458	521	979
1820	461	510	971
1821	464	503	967
1822	466	519	985
1823	457	510	967
1824	463	490	953
1825	442	496	938
1826	475	505	980
1827	458	509	967
1828	441	501	942
1829	467	520	987
1830	468	484	952
1831	446	519	965
1832	477	502	979
1833	469	503	972
1834	478	492	970
1835	448	495	943
1836	454	488	942
1837	448	507	955
1838	455	513	968
1839	483	512	995
1840	455	512	967
1841	448	499	947
1842	457	496	953
1843	428	479	907
1844	470	491	961
1845	456	493	949
1846	455	492	947
1847	445	505	950
1848	452	497	949
1849	457	483	940
1850	475	503	978
1851	444	488	932
1852	448	492	940
1853	474	487	961
1854	461	502	963
1855	456	503	959
1856	445	491	936
1857	433	502	935
1858	442	509	951
1859	452	495	947
1860	467	505	972
1861	451	523	974
1862	459	501	960
1863	463	501	964
1864	463	508	971
1865	448	508	956
1866	469	534	1003
1867	461	535	996
1868	467	519	986
1869	460	517	977
1870	455	504	959
1871	445	512	957
1872	449	509	958
1873	461	497	958
1874	471	504	975
1875	467	532	999
1876	447	502	949
1877	458	502	960
1878	463	515	978
1879	479	499	978
1880	459	508	967
1881	462	524	986
1882	478	510	988
1883	463	513	976
1884	437	514	951
1885	456	511	967
1886	452	525	977
1887	469	529	998
1888	464	527	991
1889	453	497	950
1890	465	500	965
1891	482	520	1002
1892	461	516	977
1893	457	497	954
1894	472	504	976
1895	478	507	985
1896	468	517	985
1897	427	512	939
1898	441	502	943
1899	486	523	1009
1900	461	512	973
1901	465	533	998
1902	460	522	982
1903	451	513	964
1904	456	507	963
1905	449	523	972
1906	478	511	989
1907	425	511	936
1908	471	522	993
1909	487	514	1001
1910	461	502	963
1911	464	505	969
1912	460	523	983
1913	462	516	978
1914	444	500	944
1915	472	512	984
1916	453	473	926
1917	461	511	972
1918	460	501	961
1919	439	515	954
1920	444	501	945
1921	441	524	965
1922	463	510	973
1923	460	505	965
1924	466	506	972
1925	473	498	971
1926	463	531	994
1927	475	512	987
1928	441	505	946
1929	474	530	1004
1930	455	504	959
1931	467	509	976
1932	458	511	969
1933	464	499	963
1934	441	496	937
1935	435	511	946
1936	453	513	966
1937	478	498	976
1938	448	520	968
1939	460	527	987
1940	469	526	995
1941	462	512	974
1942	470	494	964
1943	447	514	961
1944	464	493	957
1945	465	523	988
1946	476	513	989
1947	478	498	976
1948	469	499	968
1949	469	528	997
1950	466	528	994
1951	458	506	964
1952	460	524	984
1953	462	511	973
1954	473	508	981
1955	473	510	983
1956	464	514	978
1957	449	506	955
1958	458	506	964
1959	458	524	982
1960	466	505	971
1961	474	523	997
1962	457	512	969
1963	464	529	993
1964	447	506	953
1965	452	511	963
1966	474	511	985
1967	461	506	967
1968	464	502	966
1969	466	508	974
1970	477	512	989
1971	441	528	969
1972	441	524	965
1973	457	522	979
1974	440	514	954
1975	472	500	972
1976	462	523	985
1977	447	523	970
1978	453	514	967
1979	462	515	977
1980	440	532	972
1981	470	521	991
1982	481	528	1009
1983	449	540	989
1984	479	530	1009
1985	467	511	978
1986	473	510	983
1987	459	503	962
1988	456	506	962
1989	452	527	979
1990	460	515	975
1991	440	523	963
1992	436	510	946
1993	459	520	979
1994	461	508	969
1995	460	501	961
1996	466	523	989
1997	453	536	989
1998	448	525	973
1999	456	494	950
2000	461	506	967
2001	471	506	977
2002	444	526	970
2003	450	523	973
2004	468	502	970
2005	459	520	979
2006	453	518	971
2007	468	522	990
2008	435	503	938
2009	434	502	936
2010	466	512	978
2011	462	519	981
2012	452	516	968
2013	469	514	983
2014	463	519	982
2015	457	496	953
2016	440	507	947
2017	471	509	980
2018	470	545	1015
2019	452	501	953
2020	469	507	976
2021	465	521	986
2022	448	544	992
2023	455	530	985
2024	483	518	1001
2025	470	504	974
2026	454	522	976
2027	476	500	976
2028	462	508	970
2029	466	523	989
2030	471	526	997
2031	458	519	977
2032	445	518	963
2033	483	515	998
2034	459	521	980
2035	441	516	957
2036	463	527	990
2037	448	524	972
2038	463	527	990
2039	466	520	986
2040	461	517	978
2041	445	517	962
2042	458	529	987
2043	456	516	972
2044	464	533	997
2045	484	516	1000
2046	462	514	976
2047	460	520	980
2048	476	511	987
2049	457	497	954
2050	456	508	964
2051	463	497	960
2052	460	503	963
2053	448	514	962
2054	467	490	957
2055	450	504	954
2056	459	518	977
2057	462	498	960
2058	464	512	976
2059	484	500	984
2060	470	539	1009
2061	461	536	997
2062	443	504	947
2063	489	515	1004
2064	454	515	969
2065	465	525	990
2066	448	514	962
2067	442	507	949
2068	452	511	963
2069	455	492	947
2070	449	515	964
2071	468	494	962
2072	452	498	950
2073	464	504	968
2074	448	517	965
2075	442	539	981
2076	469	505	974
2077	453	511	964
2078	463	510	973
2079	458	502	960
2080	492	515	1007
2081	448	526	974
2082	464	513	977
2083	453	499	952
2084	456	505	961
2085	455	522	977
2086	460	511	971
2087	464	534	998
2088	463	526	989
2089	462	521	983
2090	469	521	990
2091	472	512	984
2092	438	529	967
2093	481	516	997
2094	449	523	972
2095	458	513	971
2096	480	500	980
2097	443	529	972
2098	453	520	973
2099	462	482	944
2100	458	518	976
2101	461	516	977
2102	462	498	960
2103	445	521	966
2104	440	492	932
2105	475	506	981
2106	455	513	968
2107	455	485	940
2108	449	519	968
2109	463	480	943
2110	478	505	983
2111	446	494	940
2112	436	483	919
2113	458	523	981
2114	443	510	953
2115	450	475	925
2116	462	474	936
2117	469	464	933
2118	471	492	963
2119	451	501	952
2120	462	511	973
2121	466	498	964
2122	454	489	943
2123	463	494	957
2124	460	474	934
2125	461	518	979
2126	452	500	952
2127	471	524	995
2128	471	489	960
2129	471	480	951
2130	463	486	949
2131	443	523	966
2132	461	490	951
2133	449	508	957
2134	443	496	939
2135	456	501	957
2136	453	486	939
2137	452	481	933
2138	478	476	954
2139	483	499	982
2140	450	483	933
2141	459	507	966
2142	460	490	950
2143	482	502	984
2144	466	517	983
2145	472	493	965
2146	454	506	960
2147	476	525	1001
2148	453	505	958
2149	470	511	981
2150	439	491	930
2151	453	507	960
2152	452	497	949
2153	459	507	966
2154	441	476	917
2155	475	479	954
2156	459	498	957
2157	452	498	950
2158	457	492	949
2159	465	509	974
2160	465	506	971
2161	474	513	987
2162	460	530	990
2163	463	521	984
2164	474	501	975
2165	469	501	970
2166	450	516	966
2167	452	500	952
2168	467	492	959
2169	454	509	963
2170	467	521	988
2171	462	510	972
2172	453	510	963
2173	455	504	959
2174	471	499	970
2175	469	489	958
2176	446	506	952
2177	465	518	983
2178	468	535	1003
2179	473	507	980
2180	432	512	944
2181	459	515	974
2182	478	508	986
2183	444	499	943
2184	448	486	934
2185	470	532	1002
2186	454	505	959
2187	485	519	1004
2188	458	504	962
2189	475	511	986
2190	474	510	984
2191	476	510	986
2192	446	522	968
2193	469	486	955
2194	459	528	987
2195	446	516	962
2196	444	506	950
2197	447	513	960
2198	448	514	962
2199	475	509	984
2200	462	502	964
2201	441	502	943
2202	447	527	974
2203	459	519	978
2204	460	492	952
2205	458	497	955
2206	465	504	969
2207	458	499	957
2208	464	505	969
2209	461	497	958
2210	471	483	954
2211	452	477	929
2212	488	500	988
2213	479	497	976
2214	470	499	969
2215	452	485	937
2216	466	478	944
2217	472	483	955
2218	459	476	935
2219	434	498	932
2220	455	492	947
2221	460	493	953
2222	463	470	933
2223	454	511	965
2224	452	507	959
2225	458	504	962
2226	441	511	952
2227	455	495	950
2228	464	502	966
2229	455	489	944
2230	450	481	931
2231	450	499	949
2232	472	492	964
2233	473	511	984
2234	465	499	964
2235	441	477	918
2236	443	479	922
2237	442	517	959
2238	464	502	966
2239	469	498	967
2240	455	509	964
2241	464	514	978
2242	459	510	969
2243	465	487	952
2244	451	497	948
2245	444	501	945
2246	467	496	963
2247	454	498	952
2248	453	488	941
2249	453	479	932
2250	442	491	933
2251	482	490	972
2252	446	491	937
2253	458	510	968
2254	477	469	946
2255	443	477	920
2256	454	463	917
2257	450	461	911
2258	463	479	942
2259	441	456	897
2260	453	454	907
2261	470	466	936
2262	449	479	928
2263	439	459	898
2264	466	462	928
2265	462	475	937
2266	457	447	904
2267	471	453	924
2268	466	487	953
2269	440	489	929
2270	470	495	965
2271	464	480	944
2272	455	497	952
2273	458	492	950
2274	452	488	940
2275	456	488	944
2276	466	497	963
2277	462	496	958
2278	456	489	945
2279	475	474	949
2280	472	485	957
2281	444	476	920
2282	451	507	958
2283	466	473	939
2284	437	496	933
2285	462	493	955
2286	445	493	938
2287	477	508	985
2288	460	480	940
2289	461	508	969
2290	460	515	975
2291	480	516	996
2292	447	515	962
2293	463	503	966
2294	473	515	988
2295	469	514	983
2296	457	518	975
2297	457	480	937
2298	468	502	970
2299	455	506	961
2300	466	495	961
2301	440	529	969
2302	433	520	953
2303	459	507	966
2304	449	533	982
2305	460	496	956
2306	441	511	952
2307	423	513	936
2308	474	492	966
2309	463	523	986
2310	456	521	977
2311	460	502	962
2312	453	530	983
2313	467	503	970
2314	444	522	966
2315	475	509	984
2316	446	523	969
2317	442	521	963
2318	455	518	973
2319	484	503	987
2320	471	505	976
2321	481	530	1011
2322	431	518	949
2323	453	523	976
2324	463	508	971
2325	472	514	986
2326	458	509	967
2327	474	524	998
2328	462	508	970
2329	462	511	973
2330	456	504	960
2331	468	530	998
2332	459	508	967
2333	466	501	967
2334	457	519	976
2335	463	509	972
2336	441	508	949
2337	474	508	982
2338	473	499	972
2339	482	526	1008
2340	456	501	957
2341	464	510	974
2342	442	519	961
2343	442	517	959
2344	451	516	967
2345	448	525	973
2346	436	508	944
2347	479	497	976
2348	467	523	990
2349	448	518	966
2350	462	517	979
2351	436	513	949
2352	462	490	952
2353	460	506	966
2354	453	497	950
2355	459	507	966
2356	500	511	1011
2357	462	525	987
2358	462	498	960
2359	469	496	965
2360	463	499	962
2361	470	484	954
2362	467	505	972
2363	462	493	955
2364	470	493	963
2365	444	499	943
2366	466	502	968
2367	482	506	988
2368	455	506	961
2369	474	495	969
2370	474	493	967
2371	474	510	984
2372	456	480	936
2373	458	480	938
2374	461	476	937
2375	453	484	937
2376	453	465	918
2377	441	478	919
2378	470	473	943
2379	441	472	913
2380	467	478	945
2381	458	464	922
2382	456	478	934
2383	469	508	977
2384	471	486	957
2385	467	470	937
2386	465	503	968
2387	459	482	941
2388	454	490	944
2389	470	487	957
2390	451	509	960
2391	455	512	967
2392	446	500	946
2393	469	497	966
2394	470	503	973
2395	462	506	968
2396	465	497	962
2397	455	514	969
2398	458	496	954
2399	456	505	961
2400	433	513	946
2401	455	510	965
2402	454	488	942
2403	471	499	970
2404	432	511	943
2405	449	498	947
2406	472	489	961
2407	451	527	978
2408	460	525	985
2409	478	519	997
2410	462	523	985
2411	448	521	969
2412	454	498	952
2413	466	522	988
2414	456	526	982
2415	470	512	982
2416	456	505	961
2417	467	509	976
2418	450	509	959
2419	444	514	958
2420	456	517	973
2421	442	521	963
2422	453	509	962
2423	452	498	950
2424	468	513	981
2425	459	509	968
2426	437	483	920
2427	458	528	986
2428	448	534	982
2429	466	524	990
2430	455	517	972
2431	474	523	997
2432	474	508	982
2433	468	517	985
2434	454	489	943
2435	456	498	954
2436	455	501	956
2437	464	518	982
2438	454	521	975
2439	461	505	966
2440	476	494	970
2441	461	505	966
2442	469	513	982
2443	455	510	965
2444	483	508	991
2445	445	501	946
2446	479	512	991
2447	465	516	981
2448	465	525	990
2449	454	519	973
2450	458	492	950
2451	447	500	947
2452	460	509	969
2453	436	487	923
2454	469	503	972
2455	465	506	971
2456	470	487	957
2457	462	473	935
2458	476	504	980
2459	442	501	943
2460	455	479	934
2461	449	503	952
2462	450	488	938
2463	465	483	948
2464	458	492	950
2465	436	523	959
2466	445	500	945
2467	456	471	927
2468	449	500	949
2469	443	504	947
2470	446	526	972
2471	480	501	981
2472	479	500	979
2473	449	533	982
2474	453	518	971
2475	458	511	969
2476	464	509	973
2477	458	522	980
2478	442	518	960
2479	456	519	975
2480	481	530	1011
2481	449	501	950
2482	452	500	952
2483	457	479	936
2484	443	500	943
2485	445	529	974
2486	469	521	990
2487	451	493	944
2488	440	519	959
2489	466	484	950
2490	468	497	965
2491	476	497	973
2492	463	521	984
2493	461	499	960
2494	465	500	965
2495	472	541	1013
2496	455	526	981
2497	477	519	996
2498	459	501	960
2499	439	535	974
2500	438	511	949
2501	457	526	983
2502	484	514	998
2503	462	509	971
2504	469	516	985
2505	447	518	965
2506	462	514	976
2507	457	522	979
2508	464	501	965
2509	473	513	986
2510	475	507	982
2511	464	529	993
2512	462	493	955
2513	467	543	1010
2514	461	519	980
2515	444	515	959
2516	443	501	944
2517	461	519	980
2518	472	517	989
2519	450	526	976
2520	454	510	964
2521	462	517	979
2522	428	511	939
2523	465	508	973
2524	455	499	954
2525	451	522	973
2526	456	520	976
2527	468	504	972
2528	462	498	960
2529	441	521	962
2530	507	535	1042
2531	456	509	965
2532	460	519	979
2533	452	516	968
2534	465	514	979
2535	462	535	997
2536	457	502	959
2537	470	526	996
2538	458	498	956
2539	456	514	970
2540	464	501	965
2541	459	509	968
2542	455	518	973
2543	455	524	979
2544	455	514	969
2545	453	516	969
2546	465	504	969
2547	451	504	955
2548	466	507	973
2549	484	493	977
2550	463	535	998
2551	450	520	970
2552	447	509	956
2553	466	489	955
2554	474	521	995
2555	464	529	993
2556	460	513	973
2557	452	535	987
2558	454	494	948
2559	454	529	983
2560	456	499	955
2561	459	487	946
2562	460	503	963
2563	469	502	971
2564	476	496	972
2565	466	484	950
2566	465	525	990
2567	476	492	968
2568	492	532	1024
2569	464	483	947
2570	446	533	979
2571	452	511	963
2572	453	494	947
2573	459	503	962
2574	456	506	962
2575	434	516	950
2576	434	525	959
2577	460	506	966
2578	442	505	947
2579	442	513	955
2580	421	517	938
2581	472	493	965
2582	442	522	964
2583	444	519	963
2584	473	516	989
2585	476	524	1000
2586	478	513	991
2587	463	504	967
2588	455	508	963
2589	459	499	958
2590	465	515	980
2591	459	518	977
2592	448	522	970
2593	449	507	956
2594	454	506	960
2595	461	526	987
2596	458	528	986
2597	467	518	985
2598	469	518	987
2599	449	529	978
2600	457	520	977
2601	447	525	972
2602	454	531	985
2603	473	514	987
2604	466	513	979
2605	476	505	981
2606	459	534	993
2607	461	525	986
2608	419	513	932
2609	461	515	976
2610	465	521	986
2611	444	502	946
2612	459	506	965
2613	426	500	926
2614	459	496	955
2615	453	509	962
2616	459	503	962
2617	444	517	961
2618	436	524	960
2619	447	511	958
2620	460	517	977
2621	487	514	1001
2622	468	524	992
2623	457	520	977
2624	478	514	992
2625	450	519	969
2626	441	528	969
2627	452	506	958
2628	452	508	960
2629	454	488	942
2630	461	513	974
2631	455	501	956
2632	481	507	988
2633	454	506	960
2634	459	503	962
2635	447	527	974
2636	469	495	964
2637	446	528	974
2638	483	521	1004
2639	446	531	977
2640	454	485	939
2641	454	531	985
2642	461	495	956
2643	455	503	958
2644	448	507	955
2645	454	509	963
2646	421	521	942
2647	475	506	981
2648	476	519	995
2649	434	501	935
2650	472	510	982
2651	467	509	976
2652	469	516	985
2653	468	518	986
2654	449	511	960
2655	466	521	987
2656	484	526	1010
2657	446	506	952
2658	437	511	948
2659	460	507	967
2660	462	533	995
2661	462	516	978
2662	472	538	1010
2663	468	523	991
2664	466	513	979
2665	466	545	1011
2666	466	520	986
2667	452	523	975
2668	474	522	996
2669	480	510	990
2670	472	503	975
2671	457	511	968
2672	478	520	998
2673	446	517	963
2674	457	505	962
2675	466	499	965
2676	471	519	990
2677	471	494	965
2678	473	527	1000
2679	467	511	978
2680	451	507	958
2681	447	498	945
2682	458	491	949
2683	484	510	994
2684	493	496	989
2685	442	500	942
2686	465	502	967
2687	457	479	936
2688	464	494	958
2689	435	501	936
2690	441	490	931
2691	446	497	943
2692	484	503	987
2693	472	499	971
2694	458	513	971
2695	481	524	1005
2696	471	509	980
2697	450	503	953
2698	453	498	951
2699	439	486	925
2700	462	495	957
2701	461	520	981
2702	460	507	967
2703	457	502	959
2704	439	521	960
2705	444	489	933
2706	451	512	963
2707	482	520	1002
2708	466	482	948
2709	447	488	935
2710	437	498	935
2711	482	481	963
2712	470	495	965
2713	466	501	967
2714	452	497	949
2715	444	503	947
2716	451	495	946
2717	435	507	942
2718	447	499	946
2719	461	500	961
2720	490	503	993
2721	451	507	958
2722	468	501	969
2723	469	507	976
2724	470	515	985
2725	463	526	989
2726	465	484	949
2727	448	510	958
2728	475	508	983
2729	450	505	955
2730	443	518	961
2731	447	530	977
2732	448	510	958
2733	436	521	957
2734	471	525	996
2735	470	508	978
2736	441	519	960
2737	460	533	993
2738	452	534	986
2739	449	497	946
2740	478	510	988
2741	455	517	972
2742	474	494	968
2743	455	493	948
2744	472	508	980
2745	461	488	949
2746	464	488	952
2747	439	517	956
2748	435	506	941
2749	441	498	939
2750	479	491	970
2751	446	507	953
2752	449	509	958
2753	442	502	944
2754	444	517	961
2755	458	516	974
2756	456	506	962
2757	469	498	967
2758	462	493	955
2759	483	503	986
2760	458	515	973
2761	463	509	972
2762	442	485	927
2763	452	483	935
2764	433	491	924
2765	472	493	965
2766	462	510	972
2767	454	497	951
2768	462	497	959
2769	464	499	963
2770	475	490	965
2771	462	505	967
2772	471	500	971
2773	472	499	971
2774	463	477	940
2775	470	499	969
2776	470	499	969
2777	459	511	970
2778	442	536	978
2779	430	537	967
2780	458	522	980
2781	456	496	952
2782	445	485	930
2783	469	483	952
2784	460	523	983
2785	443	522	965
2786	478	495	973
2787	461	533	994
2788	474	493	967
2789	447	507	954
2790	465	527	992
2791	448	499	947
2792	458	510	968
2793	468	519	987
2794	465	522	987
2795	452	529	981
2796	477	510	987
2797	450	510	960
2798	446	519	965
2799	464	487	951
2800	434	520	954
2801	442	520	962
2802	455	485	940
2803	470	500	970
2804	459	504	963
2805	447	504	951
2806	460	509	969
2807	460	504	964
2808	448	517	965
2809	450	515	965
2810	453	507	960
2811	474	506	980
2812	464	525	989
2813	466	505	971
2814	474	508	982
2815	469	512	981
2816	470	509	979
2817	457	504	961
2818	468	514	982
2819	430	503	933
2820	476	513	989
2821	462	505	967
2822	467	497	964
2823	476	508	984
2824	437	515	952
2825	470	492	962
2826	474	500	974
2827	484	535	1019
2828	474	510	984
2829	476	499	975
2830	446	501	947
2831	463	535	998
2832	455	508	963
2833	450	524	974
2834	457	495	952
2835	468	511	979
2836	445	528	973
2837	450	499	949
2838	456	521	977
2839	456	496	952
2840	449	516	965
2841	471	514	985
2842	462	509	971
2843	471	510	981
2844	465	532	997
2845	465	497	962
2846	470	500	970
2847	464	523	987
2848	471	523	994
2849	466	505	971
2850	464	511	975
2851	468	518	986
2852	448	507	955
2853	463	524	987
2854	458	496	954
2855	444	523	967
2856	453	518	971
2857	462	497	959
2858	472	498	970
2859	450	506	956
2860	474	535	1009
2861	442	526	968
2862	430	518	948
2863	470	522	992
2864	464	510	974
2865	470	505	975
2866	466	499	965
2867	459	503	962
2868	465	520	985
2869	454	507	961
2870	438	513	951
2871	476	504	980
2872	461	491	952
2873	468	498	966
2874	466	511	977
2875	478	519	997
2876	451	510	961
2877	452	516	968
2878	468	514	982
2879	461	511	972
2880	443	512	955
2881	457	522	979
2882	477	493	970
2883	453	516	969
2884	447	507	954
2885	456	523	979
2886	451	524	975
2887	457	509	966
2888	455	528	983
2889	462	523	985
2890	476	510	986
2891	468	499	967
2892	454	501	955
2893	470	508	978
2894	443	513	956
2895	444	536	980
2896	457	525	982
2897	459	514	973
2898	467	507	974
2899	447	508	955
2900	460	516	976
2901	460	524	984
2902	445	519	964
2903	445	519	964
2904	452	530	982
2905	433	493	926
2906	462	530	992
2907	459	511	970
2908	475	518	993
2909	478	516	994
2910	441	504	945
2911	477	502	979
2912	459	515	974
2913	431	520	951
2914	444	534	978
2915	464	514	978
2916	455	517	972
2917	440	525	965
2918	469	511	980
2919	437	511	948
2920	454	536	990
2921	477	524	1001
2922	453	503	956
2923	459	505	964
2924	471	527	998
2925	456	493	949
2926	474	503	977
2927	465	501	966
2928	449	516	965
2929	459	521	980
2930	439	494	933
2931	435	478	913
2932	465	491	956
2933	447	498	945
2934	462	496	958
2935	474	480	954
2936	465	499	964
2937	474	493	967
2938	473	491	964
2939	459	486	945
2940	480	491	971
2941	476	501	977
2942	460	508	968
2943	460	495	955
2944	454	508	962
2945	451	500	951
2946	457	512	969
2947	471	493	964
2948	464	467	931
2949	468	503	971
2950	462	524	986
2951	474	503	977
2952	466	495	961
2953	485	531	1016
2954	463	535	998
2955	476	501	977
2956	473	513	986
2957	451	523	974
2958	458	526	984
2959	467	524	991
2960	458	524	982
2961	446	526	972
2962	450	523	973
2963	457	505	962
2964	455	522	977
2965	447	512	959
2966	476	528	1004
2967	477	516	993
2968	451	530	981
2969	468	498	966
2970	450	511	961
2971	463	520	983
2972	444	529	973
2973	456	495	951
2974	441	505	946
2975	464	509	973
2976	449	516	965
2977	453	540	993
2978	457	525	982
2979	449	506	955
2980	475	519	994
2981	462	521	983
2982	463	516	979
2983	451	501	952
2984	450	533	983
2985	454	510	964
2986	462	521	983
2987	442	518	960
2988	444	496	940
2989	457	481	938
2990	464	498	962
2991	451	494	945
2992	455	497	952
2993	444	510	954
2994	466	498	964
2995	452	469	921
2996	469	487	956
2997	465	499	964
2998	454	507	961
2999	445	499	944
3000	445	497	942
3001	461	496	957
3002	478	477	955
3003	456	494	950
3004	460	490	950
3005	453	525	978
3006	438	509	947
3007	458	514	972
3008	463	536	999
3009	477	521	998
3010	487	527	1014
3011	459	526	985
3012	462	504	966
3013	465	517	982
3014	425	505	930
3015	451	518	969
3016	451	529	980
3017	446	527	973
3018	465	525	990
3019	489	508	997
3020	451	503	954
3021	472	508	980
3022	468	508	976
3023	464	522	986
3024	470	500	970
3025	455	485	940
3026	451	483	934
3027	458	484	942
3028	454	507	961
3029	453	491	944
3030	462	491	953
3031	469	482	951
3032	458	509	967
3033	450	478	928
3034	457	484	941
3035	452	478	930
3036	438	471	909
3037	457	478	935
3038	468	471	939
3039	448	501	949
3040	450	496	946
3041	453	461	914
3042	466	459	925
3043	442	480	922
3044	472	484	956
3045	440	493	933
3046	469	482	951
3047	467	471	938
3048	458	463	921
3049	451	480	931
3050	462	472	934
3051	447	460	907
3052	444	483	927
3053	471	496	967
3054	454	480	934
3055	469	479	948
3056	452	493	945
3057	468	480	948
3058	482	475	957
3059	464	480	944
3060	463	489	952
3061	435	496	931
3062	458	491	949
3063	473	482	955
3064	439	488	927
3065	457	502	959
3066	459	510	969
3067	447	493	940
3068	473	480	953
3069	480	508	988
3070	439	485	924
3071	446	499	945
3072	464	510	974
3073	455	495	950
3074	481	511	992
3075	452	523	975
3076	452	507	959
3077	451	514	965
3078	462	520	982
3079	447	515	962
3080	467	521	988
3081	446	529	975
3082	452	529	981
3083	460	520	980
3084	442	514	956
3085	439	522	961
3086	457	513	970
3087	465	531	996
3088	444	501	945
3089	453	530	983
3090	466	495	961
3091	454	511	965
3092	450	513	963
3093	446	496	942
3094	449	509	958
3095	454	500	954
3096	464	496	960
3097	453	515	968
3098	476	511	987
3099	460	503	963
3100	466	496	962
3101	466	511	977
3102	438	495	933
3103	465	506	971
3104	455	518	973
3105	467	512	979
3106	439	514	953
3107	464	513	977
3108	457	536	993
3109	461	517	978
3110	470	498	968
3111	457	521	978
3112	442	517	959
3113	454	520	974
3114	467	513	980
3115	454	501	955
3116	455	499	954
3117	445	533	978
3118	477	529	1006
3119	441	511	952
3120	455	502	957
3121	467	498	965
3122	446	517	963
3123	476	509	985
3124	457	498	955
3125	466	486	952
3126	477	506	983
3127	481	506	987
3128	452	516	968
3129	448	520	968
3130	458	521	979
3131	464	522	986
3132	469	492	961
3133	477	501	978
3134	478	512	990
3135	466	510	976
3136	470	508	978
3137	469	537	1006
3138	476	540	1016
3139	448	529	977
3140	460	519	979
3141	453	490	943
3142	455	512	967
3143	440	503	943
3144	455	508	963
3145	458	492	950
3146	475	488	963
3147	475	493	968
3148	467	525	992
3149	464	501	965
3150	465	524	989
3151	464	500	964
3152	462	490	952
3153	467	504	971
3154	456	524	980
3155	459	506	965
3156	473	506	979
3157	461	511	972
3158	451	511	962
3159	474	506	980
3160	458	497	955
3161	450	489	939
3162	458	494	952
3163	448	475	923
3164	470	512	982
3165	458	494	952
3166	465	502	967
3167	451	488	939
3168	464	506	970
3169	462	486	948
3170	475	497	972
3171	466	517	983
3172	460	511	971
3173	439	520	959
3174	472	521	993
3175	457	538	995
3176	446	512	958
3177	453	496	949
3178	457	488	945
3179	443	505	948
3180	449	487	936
3181	456	515	971
3182	449	497	946
3183	454	508	962
3184	457	519	976
3185	452	514	966
3186	470	502	972
3187	481	531	1012
3188	453	501	954
3189	472	520	992
3190	483	492	975
3191	444	522	966
3192	475	496	971
3193	457	489	946
3194	456	525	981
3195	468	518	986
3196	455	538	993
3197	460	496	956
3198	471	516	987
3199	448	509	957
3200	477	529	1006
3201	464	516	980
3202	431	513	944
3203	473	491	964
3204	440	528	968
3205	461	511	972
3206	469	506	975
3207	458	517	975
3208	469	505	974
3209	450	511	961
3210	449	512	961
3211	474	498	972
3212	463	502	965
3213	445	522	967
3214	468	512	980
3215	448	517	965
3216	451	515	966
3217	490	501	991
3218	461	518	979
3219	449	507	956
3220	446	490	936
3221	435	512	947
3222	441	488	929
3223	458	510	968
3224	445	493	938
3225	450	473	923
3226	447	493	940
3227	452	491	943
3228	446	510	956
3229	458	496	954
3230	432	523	955
3231	464	489	953
3232	450	503	953
3233	478	507	985
3234	483	504	987
3235	454	497	951
3236	461	521	982
3237	454	510	964
3238	466	509	975
3239	460	518	978
3240	451	505	956
3241	458	497	955
3242	465	503	968
3243	466	494	960
3244	437	515	952
3245	479	494	973
3246	453	507	960
3247	452	504	956
3248	465	492	957
3249	464	519	983
3250	461	512	973
3251	448	519	967
3252	474	514	988
3253	481	521	1002
3254	481	505	986
3255	446	506	952
3256	450	507	957
3257	446	509	955
3258	466	497	963
3259	462	512	974
3260	477	515	992
3261	451	500	951
3262	450	531	981
3263	433	495	928
3264	438	525	963
3265	471	485	956
3266	462	503	965
3267	471	520	991
3268	456	492	948
3269	473	511	984
3270	471	500	971
3271	442	508	950
3272	457	507	964
3273	454	522	976
3274	446	506	952
3275	464	523	987
3276	461	531	992
3277	473	497	970
3278	454	494	948
3279	444	492	936
3280	465	498	963
3281	455	494	949
3282	451	513	964
3283	458	532	990
3284	461	512	973
3285	475	522	997
3286	490	492	982
3287	460	497	957
3288	472	502	974
3289	476	486	962
3290	461	506	967
3291	448	481	929
3292	463	508	971
3293	441	511	952
3294	444	520	964
3295	444	496	940
3296	434	507	941
3297	450	515	965
3298	459	513	972
3299	451	523	974
3300	449	537	986
3301	467	507	974
3302	454	526	980
3303	471	539	1010
3304	457	509	966
3305	459	531	990
3306	467	521	988
3307	436	528	964
3308	462	528	990
3309	468	503	971
3310	432	490	922
3311	462	518	980
3312	461	499	960
3313	465	511	976
3314	493	499	992
3315	455	518	973
3316	457	507	964
3317	441	494	935
3318	452	499	951
3319	454	522	976
3320	460	474	934
3321	448	491	939
3322	467	505	972
3323	443	505	948
3324	461	482	943
3325	463	487	950
3326	452	494	946
3327	457	487	944
3328	448	491	939
3329	462	472	934
3330	453	464	917
3331	458	480	938
3332	482	491	973
3333	444	492	936
3334	448	495	943
3335	448	495	943
3336	432	473	905
3337	457	506	963
3338	463	518	981
3339	447	507	954
3340	475	481	956
3341	455	494	949
3342	473	504	977
3343	446	502	948
3344	458	497	955
3345	457	488	945
3346	450	510	960
3347	467	501	968
3348	464	491	955
3349	459	496	955
3350	472	495	967
3351	455	478	933
3352	465	484	949
3353	475	487	962
3354	451	489	940
3355	446	505	951
3356	457	507	964
3357	483	493	976
3358	469	482	951
3359	442	490	932
3360	460	501	961
3361	490	483	973
3362	443	491	934
3363	466	493	959
3364	453	490	943
3365	465	514	979
3366	466	487	953
3367	473	459	932
3368	461	473	934
3369	458	485	943
3370	467	468	935
3371	451	495	946
3372	452	472	924
3373	447	486	933
3374	468	482	950
3375	472	491	963
3376	451	483	934
3377	452	476	928
3378	447	482	929
3379	461	464	925
3380	457	466	923
3381	464	481	945
3382	470	458	928
3383	448	493	941
3384	462	467	929
3385	472	493	965
3386	449	454	903
3387	453	469	922
3388	485	474	959
3389	440	465	905
3390	473	477	950
3391	458	502	960
3392	467	481	948
3393	489	472	961
3394	451	473	924
3395	465	469	934
3396	462	476	938
3397	472	476	948
3398	466	488	954
3399	453	508	961
3400	436	480	916
3401	458	473	931
3402	456	484	940
3403	442	480	922
3404	427	493	920
3405	457	488	945
3406	444	490	934
3407	460	497	957
3408	455	467	922
3409	454	484	938
3410	488	495	983
3411	434	500	934
3412	453	498	951
3413	450	483	933
3414	457	501	958
3415	465	527	992
3416	454	507	961
3417	455	484	939
3418	447	504	951
3419	464	488	952
3420	452	482	934
3421	474	482	956
3422	445	504	949
3423	443	504	947
3424	460	508	968
3425	451	503	954
3426	441	513	954
3427	460	510	970
3428	476	521	997
3429	451	493	944
3430	448	492	940
3431	458	487	945
3432	460	497	957
3433	443	525	968
3434	471	509	980
3435	471	508	979
3436	457	492	949
3437	449	499	948
3438	459	493	952
3439	467	486	953
3440	435	487	922
3441	462	505	967
3442	463	491	954
3443	479	488	967
3444	465	469	934
3445	469	492	961
3446	445	510	955
3447	438	528	966
3448	484	513	997
3449	474	509	983
3450	441	495	936
3451	441	493	934
3452	445	487	932
3453	459	496	955
3454	461	502	963
3455	456	521	977
3456	461	496	957
3457	459	512	971
3458	461	512	973
3459	468	509	977
3460	470	501	971
3461	447	494	941
3462	470	493	963
3463	435	514	949
3464	447	514	961
3465	447	509	956
3466	460	508	968
3467	459	484	943
3468	446	503	949
3469	451	484	935
3470	450	496	946
3471	448	485	933
3472	445	502	947
3473	455	492	947
3474	465	504	969
3475	448	512	960
3476	436	498	934
3477	471	496	967
3478	470	505	975
3479	464	512	976
3480	452	498	950
3481	487	479	966
3482	458	478	936
3483	471	495	966
3484	464	508	972
3485	475	499	974
3486	466	505	971
3487	448	497	945
3488	471	498	969
3489	466	505	971
3490	454	515	969
3491	436	514	950
3492	475	523	998
3493	461	515	976
3494	466	503	969
3495	433	487	920
3496	447	537	984
3497	466	520	986
3498	463	511	974
3499	455	513	968
3500	461	507	968
3501	455	501	956
3502	443	493	936
3503	446	529	975
3504	458	528	986
3505	444	500	944
3506	474	493	967
3507	455	501	956
3508	444	496	940
3509	455	486	941
3510	451	504	955
3511	458	502	960
3512	444	488	932
3513	458	520	978
3514	460	502	962
3515	461	502	963
3516	471	511	982
3517	450	529	979
3518	440	515	955
3519	433	506	939
3520	448	521	969
3521	438	513	951
3522	450	518	968
3523	449	499	948
3524	455	498	953
3525	487	518	1005
3526	469	522	991
3527	468	516	984
3528	456	530	986
3529	454	528	982
3530	463	492	955
3531	441	543	984
3532	453	514	967
3533	450	511	961
3534	461	510	971
3535	447	522	969
3536	449	502	951
3537	455	507	962
3538	477	511	988
3539	456	500	956
3540	482	513	995
3541	437	521	958
3542	422	494	916
3543	453	505	958
3544	462	527	989
3545	487	494	981
3546	476	494	970
3547	473	516	989
3548	461	498	959
3549	459	499	958
3550	453	497	950
3551	447	519	966
3552	482	488	970
3553	460	524	984
3554	456	501	957
3555	442	508	950
3556	463	506	969
3557	455	508	963
3558	476	484	960
3559	448	500	948
3560	446	505	951
3561	463	524	987
3562	459	511	970
3563	445	500	945
3564	437	501	938
3565	448	517	965
3566	462	493	955
3567	465	499	964
3568	463	507	970
3569	447	491	938
3570	456	481	937
3571	450	489	939
3572	474	481	955
3573	446	505	951
3574	472	506	978
3575	444	507	951
3576	472	516	988
3577	465	503	968
3578	454	519	973
3579	452	509	961
3580	463	497	960
3581	446	531	977
3582	476	533	1009
3583	452	505	957
3584	446	503	949
3585	458	531	989
3586	443	502	945
3587	462	516	978
3588	465	506	971
3589	461	503	964
3590	447	539	986
3591	456	505	961
3592	460	497	957
3593	478	504	982
3594	440	529	969
3595	467	498	965
3596	451	530	981
3597	451	522	973
3598	467	523	990
3599	463	524	987
3600	450	505	955
3601	473	499	972
3602	464	514	978
3603	451	503	954
3604	462	530	992
3605	473	530	1003
3606	468	509	977
3607	471	511	982
3608	457	532	989
3609	457	504	961
3610	463	513	976
3611	462	514	976
3612	449	500	949
3613	472	497	969
3614	443	504	947
3615	447	502	949
3616	467	502	969
3617	468	496	964
3618	451	525	976
3619	455	488	943
3620	472	519	991
3621	464	505	969
3622	426	510	936
3623	473	513	986
3624	452	503	955
3625	462	518	980
3626	471	509	980
3627	453	499	952
3628	478	500	978
3629	428	496	924
3630	448	502	950
3631	450	509	959
3632	459	528	987
3633	461	507	968
3634	489	505	994
3635	471	521	992
3636	451	499	950
3637	465	529	994
3638	467	508	975
3639	450	497	947
3640	454	513	967
3641	465	522	987
3642	450	518	968
3643	465	500	965
3644	463	521	984
3645	476	501	977
3646	446	517	963
3647	444	484	928
3648	452	500	952
3649	451	511	962
3650	459	503	962
3651	457	508	965
3652	432	541	973
3653	462	510	972
3654	453	505	958
3655	451	529	980
3656	472	520	992
3657	462	505	967
3658	449	509	958
3659	453	498	951
3660	464	511	975
3661	474	522	996
3662	475	501	976
3663	460	487	947
3664	452	515	967
3665	455	488	943
3666	458	498	956
3667	452	472	924
3668	477	507	984
3669	453	504	957
3670	461	518	979
3671	469	511	980
3672	449	521	970
3673	464	510	974
3674	489	508	997
3675	437	517	954
3676	477	523	1000
3677	453	515	968
3678	457	524	981
3679	472	518	990
3680	457	522	979
3681	453	477	930
3682	464	518	982
3683	475	510	985
3684	452	517	969
3685	444	513	957
3686	470	504	974
3687	442	497	939
3688	466	517	983
3689	489	505	994
3690	446	509	955
3691	459	479	938
3692	454	519	973
3693	483	507	990
3694	472	518	990
3695	460	508	968
3696	463	494	957
3697	451	504	955
3698	446	514	960
3699	469	535	1004
3700	439	527	966
3701	470	501	971
3702	473	515	988
3703	466	503	969
3704	440	524	964
3705	455	510	965
3706	455	519	974
3707	470	500	970
3708	475	505	980
3709	470	496	966
3710	457	520	977
3711	453	521	974
3712	471	519	990
3713	480	508	988
3714	470	503	973
3715	454	498	952
3716	466	516	982
3717	485	509	994
3718	449	512	961
3719	470	514	984
3720	464	512	976
3721	455	509	964
3722	456	508	964
3723	469	519	988
3724	464	499	963
3725	463	521	984
3726	460	534	994
3727	462	506	968
3728	471	522	993
3729	486	511	997
3730	454	524	978
3731	466	489	955
3732	462	500	962
3733	474	508	982
3734	450	503	953
3735	448	497	945
3736	474	508	982
3737	467	515	982
3738	468	496	964
3739	442	520	962
3740	464	521	985
3741	441	515	956
3742	471	516	987
3743	475	522	997
3744	479	513	992
3745	479	520	999
3746	452	529	981
3747	475	523	998
3748	470	513	983
3749	483	524	1007
3750	467	501	968
3751	441	530	971
3752	470	504	974
3753	456	523	979
3754	451	507	958
3755	454	501	955
3756	464	532	996
3757	463	496	959
3758	454	518	972
3759	435	511	946
3760	449	533	982
3761	463	545	1008
3762	463	513	976
3763	473	518	991
3764	454	513	967
3765	457	532	989
3766	472	517	989
3767	472	516	988
3768	468	508	976
3769	451	516	967
3770	456	493	949
3771	481	492	973
3772	467	499	966
3773	443	542	985
3774	450	505	955
3775	441	482	923
3776	442	524	966
3777	460	486	946
3778	466	487	953
3779	450	495	945
3780	461	502	963
3781	465	480	945
3782	441	495	936
3783	475	478	953
3784	476	496	972
3785	429	478	907
3786	452	495	947
3787	443	498	941
3788	449	472	921
3789	427	472	899
3790	444	487	931
3791	446	493	939
3792	472	494	966
3793	436	508	944
3794	458	498	956
3795	448	516	964
3796	450	520	970
3797	456	514	970
3798	445	515	960
3799	451	521	972
3800	461	500	961
3801	453	519	972
3802	464	497	961
3803	455	501	956
3804	461	503	964
3805	462	505	967
3806	459	519	978
3807	463	535	998
3808	475	500	975
3809	464	508	972
3810	447	528	975
3811	458	498	956
3812	451	502	953
3813	468	520	988
3814	459	496	955
3815	454	513	967
3816	446	523	969
3817	457	510	967
3818	454	524	978
3819	453	511	964
3820	434	508	942
3821	475	521	996
3822	464	507	971
3823	467	501	968
3824	451	516	967
3825	451	510	961
3826	455	524	979
3827	463	513	976
3828	446	511	957
3829	448	528	976
3830	450	518	968
3831	475	490	965
3832	448	511	959
3833	493	523	1016
3834	458	526	984
3835	449	519	968
3836	483	508	991
3837	453	494	947
3838	434	536	970
3839	470	523	993
3840	489	511	1000
3841	473	503	976
3842	460	512	972
3843	461	506	967
3844	431	508	939
3845	445	525	970
3846	432	527	959
3847	491	518	1009
3848	463	517	980
3849	451	514	965
3850	454	505	959
3851	448	519	967
3852	492	500	992
3853	470	502	972
3854	457	504	961
3855	444	509	953
3856	466	500	966
3857	438	497	935
3858	465	487	952
3859	464	520	984
3860	469	526	995
3861	468	526	994
3862	468	531	999
3863	450	501	951
3864	462	529	991
3865	463	524	987
3866	462	522	984
3867	466	524	990
3868	449	515	964
3869	454	516	970
3870	447	529	976
3871	465	516	981
3872	468	507	975
3873	467	505	972
3874	475	511	986
3875	462	488	950
3876	445	500	945
3877	448	513	961
3878	456	530	986
3879	443	518	961
3880	453	508	961
3881	459	511	970
3882	438	503	941
3883	437	503	940
3884	453	500	953
3885	450	505	955
3886	480	523	1003
3887	451	530	981
3888	470	490	960
3889	462	508	970
3890	471	488	959
3891	469	517	986
3892	471	499	970
3893	453	511	964
3894	447	534	981
3895	427	527	954
3896	457	520	977
3897	446	514	960
3898	454	520	974
3899	482	534	1016
3900	450	524	974
3901	486	495	981
3902	449	508	957
3903	455	508	963
3904	479	491	970
3905	434	487	921
3906	448	475	923
3907	459	505	964
3908	435	521	956
3909	447	503	950
3910	447	494	941
3911	436	521	957
3912	446	495	941
3913	466	510	976
3914	467	502	969
3915	467	507	974
3916	464	496	960
3917	452	499	951
3918	454	481	935
3919	456	484	940
3920	489	472	961
3921	460	469	929
3922	447	487	934
3923	473	483	956
3924	476	485	961
3925	455	505	960
3926	453	493	946
3927	462	486	948
3928	454	499	953
3929	473	481	954
3930	470	483	953
3931	468	495	963
3932	462	505	967
3933	460	482	942
3934	456	484	940
3935	463	492	955
3936	440	488	928
3937	463	481	944
3938	463	496	959
3939	461	475	936
3940	440	479	919
3941	443	506	949
3942	420	510	930
3943	465	522	987
3944	461	490	951
3945	455	516	971
3946	455	516	971
3947	465	487	952
3948	435	488	923
3949	446	506	952
3950	462	505	967
3951	483	501	984
3952	465	503	968
3953	483	534	1017
3954	453	494	947
3955	456	509	965
3956	466	515	981
3957	448	488	936
3958	474	531	1005
3959	477	511	988
3960	477	507	984
3961	450	514	964
3962	458	509	967
3963	446	506	952
3964	453	510	963
3965	467	517	984
3966	434	515	949
3967	455	524	979
3968	474	497	971
3969	467	524	991
3970	452	509	961
3971	466	508	974
3972	452	501	953
3973	481	488	969
3974	450	502	952
3975	467	514	981
3976	464	496	960
3977	458	511	969
3978	427	500	927
3979	460	522	982
3980	483	506	989
3981	469	507	976
3982	449	518	967
3983	453	511	964
3984	472	536	1008
3985	475	507	982
3986	450	490	940
3987	457	504	961
3988	462	491	953
3989	459	508	967
3990	467	502	969
3991	460	508	968
3992	470	497	967
3993	462	517	979
3994	467	517	984
3995	450	487	937
3996	457	527	984
3997	458	524	982
3998	453	511	964
3999	461	496	957
4000	466	510	976
4001	479	518	997
4002	454	502	956
4003	474	506	980
4004	465	522	987
4005	432	497	929
4006	454	496	950
4007	462	487	949
4008	456	480	936
4009	439	480	919
4010	454	479	933
4011	485	477	962
4012	452	465	917
4013	470	512	982
4014	462	488	950
4015	470	508	978
4016	450	496	946
4017	455	508	963
4018	444	480	924
4019	468	514	982
4020	455	497	952
4021	468	482	950
4022	451	479	930
4023	466	495	961
4024	437	510	947
4025	434	507	941
4026	472	499	971
4027	471	496	967
4028	450	510	960
4029	468	477	945
4030	458	489	947
4031	471	504	975
4032	435	495	930
4033	462	519	981
4034	442	529	971
4035	445	510	955
4036	433	517	950
4037	457	505	962
4038	453	489	942
4039	482	499	981
4040	450	499	949
4041	446	483	929
4042	452	510	962
4043	444	516	960
4044	436	512	948
4045	453	522	975
4046	448	499	947
4047	458	512	970
4048	483	498	981
4049	454	515	969
4050	467	512	979
4051	447	517	964
4052	476	521	997
4053	434	510	944
4054	466	495	961
4055	457	524	981
4056	442	499	941
4057	446	515	961
4058	458	514	972
4059	459	505	964
4060	465	524	989
4061	455	520	975
4062	474	532	1006
4063	476	508	984
4064	469	516	985
4065	475	512	987
4066	482	527	1009
4067	472	499	971
4068	486	513	999
4069	465	504	969
4070	447	504	951
4071	463	518	981
4072	463	493	956
4073	473	509	982
4074	443	537	980
4075	477	508	985
4076	441	500	941
4077	453	497	950
4078	464	511	975
4079	467	523	990
4080	456	517	973
4081	459	520	979
4082	459	537	996
4083	453	513	966
4084	456	497	953
4085	447	519	966
4086	487	512	999
4087	455	521	976
4088	460	505	965
4089	455	495	950
4090	468	498	966
4091	465	514	979
4092	451	524	975
4093	463	523	986
4094	461	507	968
4095	448	492	940
4096	474	518	992
4097	475	510	985
4098	459	514	973
4099	470	511	981
4100	457	538	995
4101	441	515	956
4102	474	520	994
4103	469	524	993
4104	457	520	977
4105	459	520	979
4106	460	522	982
4107	465	511	976
4108	489	511	1000
4109	462	506	968
4110	446	499	945
4111	456	511	967
4112	444	496	940
4113	459	514	973
4114	454	498	952
4115	446	512	958
4116	449	508	957
4117	471	513	984
4118	462	501	963
4119	479	483	962
4120	442	492	934
4121	454	498	952
4122	450	517	967
4123	440	508	948
4124	459	514	973
4125	473	527	1000
4126	475	494	969
4127	446	523	969
4128	453	489	942
4129	466	538	1004
4130	478	520	998
4131	447	512	959
4132	460	527	987
4133	475	522	997
4134	439	527	966
4135	445	504	949
4136	461	515	976
4137	436	524	960
4138	461	505	966
4139	435	499	934
4140	465	529	994
4141	463	498	961
4142	451	503	954
4143	473	513	986
4144	448	507	955
4145	455	512	967
4146	471	521	992
4147	467	498	965
4148	444	514	958
4149	462	514	976
4150	455	510	965
4151	444	490	934
4152	460	504	964
4153	440	499	939
4154	464	492	956
4155	452	496	948
4156	455	501	956
4157	445	488	933
4158	452	489	941
4159	438	507	945
4160	474	511	985
4161	473	500	973
4162	461	524	985
4163	456	514	970
4164	474	520	994
4165	470	497	967
4166	474	479	953
4167	473	502	975
4168	464	503	967
4169	446	522	968
4170	449	505	954
4171	474	492	966
4172	441	514	955
4173	439	497	936
4174	443	490	933
4175	443	492	935
4176	459	505	964
4177	442	519	961
4178	432	485	917
4179	460	481	941
4180	480	496	976
4181	445	502	947
4182	454	491	945
4183	455	496	951
4184	465	484	949
4185	439	505	944
4186	450	514	964
4187	467	513	980
4188	453	536	989
4189	463	494	957
4190	458	520	978
4191	452	487	939
4192	483	495	978
4193	469	507	976
4194	479	498	977
4195	448	500	948
4196	436	507	943
4197	445	493	938
4198	457	504	961
4199	444	511	955
4200	477	511	988
4201	480	497	977
4202	459	490	949
4203	452	519	971
4204	443	511	954
4205	476	489	965
4206	470	510	980
4207	438	507	945
4208	457	527	984
4209	455	517	972
4210	468	515	983
4211	482	531	1013
4212	446	517	963
4213	467	502	969
4214	472	531	1003
4215	438	518	956
4216	456	512	968
4217	439	488	927
4218	467	512	979
4219	457	510	967
4220	485	505	990
4221	462	505	967
4222	437	514	951
4223	434	517	951
4224	466	487	953
4225	469	507	976
4226	472	522	994
4227	454	529	983
4228	456	524	980
4229	454	497	951
4230	465	508	973
4231	437	517	954
4232	457	528	985
4233	451	506	957
4234	453	486	939
4235	447	509	956
4236	441	508	949
4237	468	498	966
4238	453	514	967
4239	462	502	964
4240	461	521	982
4241	457	532	989
4242	463	519	982
4243	461	512	973
4244	451	500	951
4245	462	517	979
4246	468	524	992
4247	472	514	986
4248	455	513	968
4249	457	517	974
4250	472	514	986
4251	447	521	968
4252	474	513	987
4253	452	489	941
4254	466	536	1002
4255	495	517	1012
4256	469	491	960
4257	458	516	974
4258	453	523	976
4259	457	516	973
4260	467	497	964
4261	476	508	984
4262	455	520	975
4263	469	518	987
4264	452	518	970
4265	459	502	961
4266	465	492	957
4267	458	523	981
4268	481	510	991
4269	479	503	982
4270	460	508	968
4271	469	498	967
4272	455	509	964
4273	461	478	939
4274	456	493	949
4275	457	507	964
4276	455	504	959
4277	453	516	969
4278	470	495	965
4279	470	501	971
4280	439	493	932
4281	445	490	935
4282	457	487	944
4283	465	490	955
4284	459	488	947
4285	446	493	939
4286	437	514	951
4287	451	472	923
4288	445	482	927
4289	461	488	949
4290	462	500	962
4291	466	475	941
4292	460	480	940
4293	455	478	933
4294	459	471	930
4295	463	505	968
4296	456	485	941
4297	453	504	957
4298	459	491	950
4299	449	511	960
4300	474	485	959
4301	454	506	960
4302	451	492	943
4303	460	451	911
4304	466	463	929
4305	464	473	937
4306	447	482	929
4307	441	492	933
4308	481	469	950
4309	444	498	942
4310	450	477	927
4311	455	478	933
4312	465	479	944
4313	457	475	932
4314	464	447	911
4315	481	457	938
4316	456	480	936
4317	457	473	930
4318	489	467	956
4319	457	473	930
4320	471	471	942
4321	465	477	942
4322	461	450	911
4323	445	468	913
4324	468	452	920
4325	470	442	912
4326	439	477	916
4327	460	456	916
4328	438	484	922
4329	450	489	939
4330	489	468	957
4331	434	464	898
4332	474	462	936
4333	465	489	954
4334	458	461	919
4335	474	490	964
4336	442	501	943
4337	465	484	949
4338	444	478	922
4339	467	489	956
4340	442	518	960
4341	427	501	928
4342	472	465	937
4343	443	519	962
4344	475	510	985
4345	470	524	994
4346	455	505	960
4347	456	507	963
4348	465	506	971
4349	465	479	944
4350	451	508	959
4351	450	506	956
4352	439	506	945
4353	473	509	982
4354	475	514	989
4355	457	509	966
4356	461	484	945
4357	473	531	1004
4358	448	523	971
4359	477	505	982
4360	469	507	976
4361	449	531	980
4362	451	524	975
4363	431	480	911
4364	469	514	983
4365	466	517	983
4366	444	507	951
4367	439	518	957
4368	467	525	992
4369	459	522	981
4370	466	517	983
4371	465	522	987
4372	452	529	981
4373	477	509	986
4374	449	487	936
4375	455	517	972
4376	477	527	1004
4377	471	505	976
4378	466	505	971
4379	468	524	992
4380	464	495	959
4381	452	479	931
4382	436	475	911
4383	462	509	971
4384	462	517	979
4385	449	517	966
4386	448	519	967
4387	449	513	962
4388	447	534	981
4389	459	526	985
4390	453	484	937
4391	473	503	976
4392	475	509	984
4393	471	502	973
4394	464	499	963
4395	441	498	939
4396	428	492	920
4397	466	505	971
4398	488	490	978
4399	462	496	958
4400	457	518	975
4401	473	477	950
4402	471	504	975
4403	453	514	967
4404	442	515	957
4405	480	530	1010
4406	473	505	978
4407	474	497	971
4408	469	479	948
4409	456	476	932
4410	436	484	920
4411	474	494	968
4412	465	498	963
4413	464	492	956
4414	448	488	936
4415	482	470	952
4416	453	476	929
4417	464	493	957
4418	447	503	950
4419	460	482	942
4420	454	516	970
4421	461	503	964
4422	444	482	926
4423	470	496	966
4424	448	508	956
4425	478	517	995
4426	457	490	947
4427	430	514	944
4428	473	523	996
4429	460	514	974
4430	456	511	967
4431	479	506	985
4432	453	517	970
4433	453	517	970
4434	449	502	951
4435	449	501	950
4436	449	488	937
4437	445	502	947
4438	473	510	983
4439	467	502	969
4440	455	528	983
4441	455	514	969
4442	462	512	974
4443	441	527	968
4444	447	528	975
4445	450	513	963
4446	475	477	952
4447	462	520	982
4448	478	509	987
4449	486	511	997
4450	447	502	949
4451	451	522	973
4452	467	536	1003
4453	464	522	986
4454	449	529	978
4455	466	507	973
4456	464	516	980
4457	466	532	998
4458	474	516	990
4459	436	488	924
4460	454	529	983
4461	458	520	978
4462	473	517	990
4463	441	514	955
4464	467	502	969
4465	470	512	982
4466	440	520	960
4467	465	553	1018
4468	465	508	973
4469	458	510	968
4470	478	512	990
4471	476	507	983
4472	452	492	944
4473	434	507	941
4474	459	520	979
4475	467	532	999
4476	454	496	950
4477	454	516	970
4478	468	517	985
4479	482	531	1013
4480	457	500	957
4481	435	493	928
4482	449	502	951
4483	438	522	960
4484	463	498	961
4485	466	486	952
4486	462	504	966
4487	492	517	1009
4488	467	529	996
4489	454	512	966
4490	471	512	983
4491	451	508	959
4492	457	502	959
4493	456	522	978
4494	437	505	942
4495	473	529	1002
4496	479	497	976
4497	474	511	985
4498	466	494	960
4499	450	497	947
4500	480	506	986
4501	450	515	965
4502	437	535	972
4503	450	518	968
4504	454	513	967
4505	446	499	945
4506	460	501	961
4507	443	526	969
4508	460	499	959
4509	450	517	967
4510	449	516	965
4511	462	498	960
4512	485	499	984
4513	470	491	961
4514	459	505	964
4515	457	504	961
4516	486	493	979
4517	466	511	977
4518	458	507	965
4519	466	523	989
4520	455	490	945
4521	454	498	952
4522	443	507	950
4523	463	470	933
4524	462	492	954
4525	462	513	975
4526	455	509	964
4527	475	499	974
4528	454	524	978
4529	452	520	972
4530	473	521	994
4531	452	511	963
4532	472	508	980
4533	467	495	962
4534	470	498	968
4535	450	500	950
4536	476	505	981
4537	459	525	984
4538	463	533	996
4539	450	515	965
4540	474	516	990
4541	452	515	967
4542	457	521	978
4543	471	507	978
4544	442	501	943
4545	464	511	975
4546	448	530	978
4547	444	511	955
4548	473	515	988
4549	456	502	958
4550	465	508	973
4551	464	508	972
4552	442	525	967
4553	434	529	963
4554	487	501	988
4555	463	501	964
4556	474	517	991
4557	482	505	987
4558	470	533	1003
4559	462	536	998
4560	462	520	982
4561	454	521	975
4562	459	498	957
4563	461	511	972
4564	455	515	970
4565	466	522	988
4566	463	514	977
4567	452	512	964
4568	449	513	962
4569	453	521	974
4570	478	498	976
4571	474	508	982
4572	453	510	963
4573	476	496	972
4574	474	534	1008
4575	453	518	971
4576	472	516	988
4577	449	526	975
4578	456	495	951
4579	453	534	987
4580	472	501	973
4581	453	494	947
4582	453	508	961
4583	460	482	942
4584	460	513	973
4585	464	530	994
4586	456	517	973
4587	466	493	959
4588	469	495	964
4589	450	495	945
4590	443	506	949
4591	454	477	931
4592	458	485	943
4593	449	513	962
4594	463	501	964
4595	451	513	964
4596	461	483	944
4597	477	492	969
4598	459	505	964
4599	470	514	984
4600	476	471	947
4601	442	467	909
4602	464	479	943
4603	458	462	920
4604	449	473	922
4605	430	494	924
4606	448	485	933
4607	462	467	929
4608	485	483	968
4609	485	438	923
4610	437	470	907
4611	438	497	935
4612	464	508	972
4613	477	468	945
4614	461	491	952
4615	475	472	947
4616	465	490	955
4617	473	464	937
4618	419	499	918
4619	460	491	951
4620	464	526	990
4621	453	524	977
4622	476	498	974
4623	458	494	952
4624	455	482	937
4625	465	471	936
4626	442	487	929
4627	463	487	950
4628	466	487	953
4629	467	501	968
4630	463	495	958
4631	443	488	931
4632	447	485	932
4633	458	480	938
4634	449	510	959
4635	466	499	965
4636	477	482	959
4637	474	520	994
4638	462	498	960
4639	448	489	937
4640	470	494	964
4641	447	472	919
4642	452	506	958
4643	458	498	956
4644	445	477	922
4645	468	473	941
4646	459	475	934
4647	450	496	946
4648	500	466	966
4649	457	485	942
4650	463	480	943
4651	468	484	952
4652	445	490	935
4653	473	494	967
4654	437	501	938
4655	450	522	972
4656	456	489	945
4657	479	490	969
4658	452	496	948
4659	441	481	922
4660	430	481	911
4661	469	480	949
4662	468	472	940
4663	460	481	941
4664	457	487	944
4665	447	491	938
4666	447	485	932
4667	446	510	956
4668	443	511	954
4669	462	518	980
4670	450	523	973
4671	464	493	957
4672	475	494	969
4673	469	455	924
4674	446	508	954
4675	462	505	967
4676	438	499	937
4677	456	495	951
4678	452	518	970
4679	461	504	965
4680	446	526	972
4681	466	507	973
4682	460	510	970
4683	474	490	964
4684	450	517	967
4685	459	473	932
4686	456	500	956
4687	466	519	985
4688	443	498	941
4689	468	500	968
4690	455	500	955
4691	435	493	928
4692	457	509	966
4693	456	509	965
4694	473	494	967
4695	454	499	953
4696	448	509	957
4697	468	504	972
4698	485	500	985
4699	474	522	996
4700	474	499	973
4701	453	512	965
4702	465	509	974
4703	471	532	1003
4704	442	520	962
4705	474	507	981
4706	454	493	947
4707	444	503	947
4708	473	528	1001
4709	463	524	987
4710	467	515	982
4711	458	498	956
4712	473	495	968
4713	467	496	963
4714	447	489	936
4715	448	533	981
4716	458	522	980
4717	470	524	994
4718	459	522	981
4719	462	514	976
4720	468	504	972
4721	465	501	966
4722	453	503	956
4723	482	482	964
4724	443	518	961
4725	463	508	971
4726	470	495	965
4727	461	516	977
4728	468	525	993
4729	466	514	980
4730	457	519	976
4731	433	514	947
4732	440	519	959
4733	462	520	982
4734	462	508	970
4735	496	504	1000
4736	455	499	954
4737	439	514	953
4738	451	476	927
4739	446	514	960
4740	486	477	963
4741	467	491	958
4742	462	505	967
4743	452	495	947
4744	460	489	949
4745	452	536	988
4746	454	510	964
4747	478	496	974
4748	449	521	970
4749	474	508	982
4750	472	511	983
4751	451	508	959
4752	454	505	959
4753	454	536	990
4754	460	516	976
4755	463	484	947
4756	446	490	936
4757	444	518	962
4758	460	521	981
4759	461	512	973
4760	466	511	977
4761	456	495	951
4762	443	524	967
4763	469	501	970
4764	456	531	987
4765	449	506	955
4766	452	507	959
4767	458	505	963
4768	455	515	970
4769	462	517	979
4770	464	503	967
4771	474	507	981
4772	464	509	973
4773	442	503	945
4774	462	500	962
4775	435	491	926
4776	452	503	955
4777	468	511	979
4778	466	530	996
4779	450	521	971
4780	445	519	964
4781	476	504	980
4782	458	506	964
4783	457	516	973
4784	468	499	967
4785	464	526	990
4786	469	505	974
4787	470	516	986
4788	449	508	957
4789	446	488	934
4790	443	486	929
4791	455	513	968
4792	466	524	990
4793	447	537	984
4794	454	503	957
4795	444	523	967
4796	436	522	958
4797	477	533	1010
4798	461	533	994
4799	468	514	982
4800	459	487	946
4801	483	529	1012
4802	463	529	992
4803	443	520	963
4804	478	521	999
4805	452	505	957
4806	477	486	963
4807	473	502	975
4808	475	519	994
4809	441	499	940
4810	457	501	958
4811	473	500	973
4812	440	512	952
4813	444	501	945
4814	434	508	942
4815	455	507	962
4816	459	505	964
4817	471	511	982
4818	452	511	963
4819	446	514	960
4820	456	505	961
4821	452	501	953
4822	464	496	960
4823	438	492	930
4824	448	505	953
4825	467	531	998
4826	456	511	967
4827	452	503	955
4828	460	518	978
4829	462	532	994
4830	461	502	963
4831	493	504	997
4832	430	513	943
4833	465	516	981
4834	449	514	963
4835	455	511	966
4836	455	512	967
4837	450	493	943
4838	462	505	967
4839	459	530	989
4840	480	506	986
4841	461	520	981
4842	453	504	957
4843	459	497	956
4844	463	525	988
4845	444	515	959
4846	472	490	962
4847	460	513	973
4848	441	509	950
4849	458	497	955
4850	465	533	998
4851	455	516	971
4852	465	525	990
4853	459	510	969
4854	456	496	952
4855	452	508	960
4856	482	512	994
4857	475	517	992
4858	427	505	932
4859	460	515	975
4860	453	511	964
4861	456	512	968
4862	477	532	1009
4863	434	545	979
4864	440	506	946
4865	465	501	966
4866	456	513	969
4867	459	529	988
4868	455	511	966
4869	465	527	992
4870	480	501	981
4871	453	499	952
4872	465	503	968
4873	454	500	954
4874	481	503	984
4875	473	489	962
4876	477	510	987
4877	465	526	991
4878	461	512	973
4879	473	512	985
4880	451	518	969
4881	472	527	999
4882	461	485	946
4883	438	521	959
4884	471	513	984
4885	466	501	967
4886	453	518	971
4887	447	506	953
4888	445	505	950
4889	465	510	975
4890	455	484	939
4891	456	484	940
4892	472	495	967
4893	480	540	1020
4894	450	491	941
4895	462	514	976
4896	452	536	988
4897	471	511	982
4898	473	496	969
4899	456	503	959
4900	477	518	995
4901	462	511	973
4902	474	519	993
4903	437	508	945
4904	468	509	977
4905	454	497	951
4906	466	492	958
4907	465	488	953
4908	443	474	917
4909	460	488	948
4910	460	496	956
4911	475	505	980
4912	455	483	938
4913	447	476	923
4914	452	489	941
4915	441	496	937
4916	469	487	956
4917	451	503	954
4918	458	485	943
4919	451	481	932
4920	451	494	945
4921	462	518	980
4922	477	490	967
4923	458	514	972
4924	475	485	960
4925	457	496	953
4926	455	496	951
4927	453	466	919
4928	478	500	978
4929	466	503	969
4930	445	484	929
4931	441	493	934
4932	449	498	947
4933	448	456	904
4934	455	493	948
4935	457	483	940
4936	458	460	918
4937	421	515	936
4938	453	497	950
4939	464	486	950
4940	458	473	931
4941	464	485	949
4942	465	505	970
4943	459	493	952
4944	475	503	978
4945	456	489	945
4946	477	502	979
4947	450	495	945
4948	461	521	982
4949	450	502	952
4950	457	506	963
4951	453	499	952
4952	477	521	998
4953	459	502	961
4954	465	520	985
4955	464	487	951
4956	446	508	954
4957	441	502	943
4958	455	498	953
4959	458	519	977
4960	470	524	994
4961	461	543	1004
4962	457	510	967
4963	453	495	948
4964	467	508	975
4965	455	501	956
4966	471	509	980
4967	470	506	976
4968	460	520	980
4969	468	508	976
4970	462	513	975
4971	476	478	954
4972	462	509	971
4973	449	513	962
4974	466	501	967
4975	441	514	955
4976	477	490	967
4977	468	495	963
4978	453	520	973
4979	471	495	966
4980	436	483	919
4981	450	520	970
4982	451	497	948
4983	457	500	957
4984	476	501	977
4985	486	473	959
4986	462	491	953
4987	475	475	950
4988	456	484	940
4989	453	485	938
4990	452	494	946
4991	436	473	909
4992	437	483	920
4993	467	488	955
4994	447	489	936
4995	479	460	939
4996	461	471	932
4997	466	469	935
4998	470	484	954
4999	451	492	943
5000	438	493	931
5001	475	481	956
5002	457	485	942
5003	456	498	954
5004	441	490	931
5005	456	487	943
5006	465	486	951
5007	459	482	941
5008	451	463	914
5009	446	444	890
5010	460	473	933
5011	467	482	949
5012	472	496	968
5013	434	486	920
5014	463	500	963
5015	456	490	946
5016	470	491	961
5017	462	462	924
5018	458	470	928
5019	468	448	916
5020	468	447	915
5021	471	503	974
5022	448	480	928
5023	458	456	914
5024	452	494	946
5025	467	474	941
5026	454	474	928
5027	472	485	957
5028	483	492	975
5029	454	505	959
5030	459	488	947
5031	460	515	975
5032	464	495	959
5033	471	524	995
5034	474	488	962
5035	482	489	971
5036	465	488	953
5037	454	521	975
5038	459	513	972
5039	467	521	988
5040	449	495	944
5041	438	502	940
5042	454	492	946
5043	475	504	979
5044	457	491	948
5045	443	498	941
5046	452	503	955
5047	473	492	965
5048	449	491	940
5049	475	495	970
5050	438	518	956
5051	464	508	972
5052	475	486	961
5053	442	475	917
5054	475	502	977
5055	450	495	945
5056	476	514	990
5057	442	500	942
5058	453	497	950
5059	463	506	969
5060	447	491	938
5061	474	495	969
5062	464	492	956
5063	465	490	955
5064	461	477	938
5065	465	503	968
5066	469	498	967
5067	464	486	950
5068	473	469	942
5069	483	508	991
5070	467	487	954
5071	457	490	947
5072	477	487	964
5073	450	502	952
5074	448	492	940
5075	470	493	963
5076	465	523	988
5077	462	508	970
5078	451	484	935
5079	449	475	924
5080	467	480	947
5081	456	494	950
5082	461	484	945
5083	464	479	943
