1	194	231	292	92
2	199	246	414	18
3	220	236	451	0
4	240	231	468	0
5	232	204	455	0
6	222	234	465	0
7	217	237	466	0
8	250	220	465	0
9	250	238	492	0
10	216	256	479	0
11	183	265	466	0
12	205	273	456	0
13	214	241	477	0
14	210	271	466	0
15	178	290	459	0
16	201	269	463	0
17	198	255	463	0
18	187	247	479	0
19	158	286	492	0
20	108	335	460	0
21	130	319	443	0
22	108	350	451	0
23	81	387	453	0
24	83	365	430	0
25	123	352	458	0
26	80	363	451	0
27	67	389	437	0
28	9	432	443	0
29	58	404	434	0
30	78	383	437	0
31	108	363	442	0
32	105	350	468	0
33	136	322	464	0
34	130	334	445	0
35	153	324	472	0
36	151	311	461	0
37	153	304	446	0
38	136	325	460	0
39	160	344	472	0
40	148	334	466	0
41	107	331	459	0
42	108	350	438	0
43	117	334	451	0
44	144	334	459	0
45	150	303	455	0
46	162	296	430	0
47	177	296	456	0
48	173	281	461	0
49	170	312	480	0
50	165	293	438	0
51	141	330	477	0
52	142	317	470	0
53	146	332	458	0
54	154	314	451	0
55	157	303	469	0
56	159	291	453	0
57	167	287	465	0
58	180	294	458	0
59	153	304	470	0
60	153	311	463	0
61	152	310	462	0
62	151	306	450	0
63	141	301	439	0
64	184	295	438	0
65	180	274	451	0
66	179	278	470	0
67	201	251	469	1
68	213	253	485	0
69	242	225	466	0
70	226	209	466	0
71	225	242	475	0
72	233	227	485	0
73	238	203	481	0
74	251	227	478	0
75	214	221	470	0
76	214	249	475	0
77	188	267	460	0
78	200	271	474	0
79	227	242	473	0
80	200	261	471	0
81	204	262	466	0
82	188	271	477	0
83	211	246	472	0
84	211	245	472	0
85	229	231	478	0
86	215	246	463	0
87	229	227	471	0
88	214	232	467	0
89	207	233	434	0
90	199	251	460	0
91	216	243	484	0
92	193	266	458	0
93	231	222	455	0
94	222	218	482	3
95	233	234	485	0
96	261	190	464	0
97	238	193	492	0
98	239	222	459	0
99	250	202	482	0
100	238	227	469	0
101	221	236	461	0
102	213	239	455	0
103	197	263	466	0
104	223	229	485	0
105	193	250	455	0
106	209	244	477	0
107	212	244	464	0
108	227	233	466	0
109	255	202	456	0
110	277	177	472	0
111	279	189	469	0
112	292	172	461	0
113	273	182	486	0
114	267	190	483	0
115	299	152	465	0
116	303	156	478	0
117	325	147	491	0
118	325	118	503	0
119	317	152	507	0
120	313	149	485	0
121	318	150	470	0
122	312	154	473	0
123	312	145	455	0
124	336	106	469	0
125	370	96	506	0
126	345	108	499	0
127	374	103	494	0
128	374	85	497	0
129	389	60	490	0
130	405	63	481	0
131	363	99	500	0
132	340	103	488	0
133	355	105	493	0
134	348	110	497	0
135	338	141	500	0
136	349	130	482	0
137	286	158	480	0
138	292	183	480	0
139	294	190	490	0
140	290	154	495	0
141	321	132	475	0
142	349	92	498	0
143	367	97	488	0
144	376	78	484	0
145	375	91	491	0
146	381	75	491	0
147	356	84	464	0
148	394	70	486	0
149	386	58	492	0
150	382	71	513	0
151	404	54	508	0
152	395	60	511	0
153	394	35	509	0
154	385	57	508	0
155	405	30	502	0
156	417	37	509	0
157	441	33	502	0
158	424	59	491	0
159	399	47	498	1
160	442	16	492	0
161	440	26	479	0
162	454	0	535	0
163	447	11	513	0
164	458	8	507	0
165	442	4	508	0
166	462	0	492	0
167	464	0	508	0
168	477	0	506	0
169	456	0	511	0
170	469	1	504	0
171	458	0	520	0
172	449	16	517	0
173	428	28	501	0
174	458	0	515	0
175	446	0	510	0
176	447	0	501	0
177	442	0	520	0
178	463	0	510	0
179	445	0	496	0
180	442	0	508	0
181	459	0	504	0
182	450	0	497	0
183	445	0	517	0
184	455	4	531	0
185	437	0	501	0
186	464	0	515	0
187	463	0	510	0
188	471	0	509	0
189	456	0	517	0
190	456	0	514	0
191	467	0	509	0
192	451	0	505	0
193	484	0	523	0
194	462	0	507	0
195	447	0	520	0
196	442	1	522	0
197	447	0	520	0
198	449	0	510	0
199	456	0	505	0
200	468	0	508	0
201	468	0	522	0
202	456	2	520	0
203	458	0	531	0
204	444	0	499	0
205	434	10	488	0
206	462	0	490	0
207	470	0	504	0
208	470	0	527	0
209	439	0	527	0
210	453	0	514	0
211	447	0	535	0
212	450	8	501	0
213	468	0	516	0
214	473	0	521	0
215	482	0	500	0
216	450	0	530	0
217	463	0	486	0
218	461	0	520	0
219	455	0	507	0
220	461	0	526	0
221	432	19	501	0
222	477	21	485	0
223	451	0	485	1
224	449	14	516	0
225	438	0	503	0
226	483	0	508	0
227	452	0	519	0
228	455	26	510	0
229	432	0	522	0
230	437	30	505	0
231	436	42	514	0
232	425	45	508	0
233	405	37	520	0
234	384	76	487	0
235	403	59	507	0
236	404	53	494	0
237	395	67	502	0
238	389	63	498	0
239	414	59	511	0
240	382	62	510	0
241	373	114	489	0
242	356	89	483	0
243	373	95	483	0
244	350	93	491	0
245	353	110	472	0
246	392	54	495	0
247	409	68	493	0
248	398	100	492	0
249	399	48	500	0
250	373	74	502	0
251	361	92	490	0
252	390	79	492	0
253	374	120	487	0
254	363	107	467	0
255	363	105	514	0
256	378	88	507	0
257	359	104	477	0
258	359	118	480	0
259	355	109	482	0
260	322	131	494	0
261	317	135	499	0
262	301	169	472	0
263	289	179	482	0
264	265	198	475	0
265	250	217	483	0
266	281	172	501	0
267	276	184	463	0
268	290	162	478	0
269	293	174	456	0
270	307	157	473	0
271	310	150	486	0
272	311	139	488	0
273	334	137	495	0
274	327	147	497	0
275	307	152	471	0
276	318	143	491	0
277	340	109	481	0
278	347	122	514	0
279	382	88	492	0
280	391	80	503	0
281	378	73	513	0
282	382	61	504	0
283	431	46	503	0
284	451	27	498	0
285	444	24	503	0
286	443	10	525	0
287	426	0	519	0
288	417	37	512	0
289	395	68	483	0
290	385	65	486	0
291	394	58	506	0
292	390	82	486	0
293	368	100	491	0
294	390	83	490	0
295	368	89	487	0
296	378	82	508	0
297	339	100	495	0
298	379	84	503	0
299	393	66	485	0
300	410	63	479	0
301	399	74	487	0
302	404	62	504	0
303	419	34	483	0
304	415	44	494	0
305	447	29	483	0
306	434	26	509	0
307	423	46	510	0
308	428	37	487	0
309	429	25	507	0
310	435	16	496	0
311	458	0	508	0
312	436	0	515	0
313	473	0	505	0
314	464	1	522	0
315	462	0	487	3
316	463	0	501	0
317	458	0	512	0
318	444	0	512	0
319	461	0	511	0
320	463	0	528	0
321	456	0	507	0
322	479	0	521	0
323	450	20	516	0
324	438	18	494	0
325	416	17	514	0
326	429	27	487	0
327	416	33	502	0
328	401	57	516	0
329	422	40	486	0
330	418	46	506	0
331	450	28	480	0
332	454	0	522	0
333	473	0	533	0
334	458	0	496	0
335	463	0	506	0
336	445	0	525	0
337	464	0	509	0
338	475	0	498	0
339	460	0	524	0
340	453	0	496	0
341	446	8	521	0
342	455	0	513	0
343	447	2	517	0
344	421	29	511	0
345	443	21	518	0
346	456	0	507	0
347	455	14	490	0
348	456	16	495	0
349	453	0	519	0
350	460	0	516	0
351	455	0	519	0
352	475	0	506	0
353	466	0	525	0
354	451	0	511	0
355	461	0	525	0
356	454	0	519	0
357	445	0	514	0
358	443	0	503	0
359	448	0	506	0
360	437	0	500	0
361	473	10	502	0
362	460	0	542	0
363	447	39	513	0
364	402	69	490	0
365	390	80	517	0
366	381	65	520	0
367	359	105	501	0
368	382	96	512	0
369	347	90	509	0
370	362	123	481	0
371	345	115	510	0
372	338	108	491	0
373	342	130	504	0
374	337	135	491	0
375	332	127	473	0
376	342	97	492	0
377	341	121	489	0
378	334	118	497	0
379	310	155	497	0
380	315	139	491	0
381	321	132	487	0
382	318	132	482	0
383	314	149	461	0
384	293	174	461	0
385	291	168	482	1
386	290	162	473	0
387	282	168	491	0
388	276	173	477	0
389	304	158	478	0
390	325	129	502	2
391	349	122	481	0
392	355	106	497	0
393	329	107	501	0
394	320	121	481	0
395	332	124	509	0
396	321	125	502	0
397	354	125	486	0
398	374	78	508	0
399	378	84	512	0
400	380	70	515	0
401	397	53	500	0
402	399	61	497	0
403	429	44	519	0
404	420	44	512	0
405	406	39	501	0
406	420	36	525	0
407	419	32	506	0
408	424	48	498	0
409	426	25	522	0
410	398	50	497	0
411	403	45	513	0
412	430	2	506	0
413	452	18	490	0
414	434	5	504	0
415	455	0	520	0
416	454	0	504	0
417	464	0	504	0
418	455	0	501	0
419	488	0	508	0
420	461	0	497	0
421	461	0	517	0
422	465	0	512	0
423	461	0	492	0
424	481	0	525	0
425	469	0	517	0
426	469	0	504	0
427	480	0	517	0
428	446	0	538	0
429	445	0	543	0
430	440	11	512	0
431	415	23	512	0
432	416	44	508	0
433	414	15	485	0
434	456	0	510	0
435	448	0	505	0
436	461	0	489	0
437	450	0	526	0
438	459	8	524	0
439	445	0	503	0
440	449	0	502	0
441	438	4	494	0
442	471	0	531	0
443	445	0	527	0
444	464	0	504	0
445	469	0	504	0
446	483	0	513	0
447	435	24	514	0
448	437	15	508	0
449	422	38	505	0
450	431	30	506	0
451	436	0	535	0
452	467	0	538	0
453	473	0	516	0
454	454	10	508	0
455	454	6	535	0
456	461	0	522	0
457	463	0	496	0
458	473	0	510	0
459	448	7	499	0
460	450	14	515	0
461	466	0	528	0
462	467	0	510	0
463	447	7	520	0
464	447	10	523	0
465	465	0	519	0
466	460	0	525	0
467	457	0	515	0
468	454	0	508	0
469	471	0	526	0
470	460	0	508	0
471	447	0	534	0
472	441	0	512	0
473	472	0	510	0
474	442	0	494	0
475	452	2	497	0
476	449	16	514	0
477	441	0	544	0
478	469	0	513	0
479	468	2	522	0
480	439	0	517	0
481	467	0	491	0
482	455	0	508	0
483	466	0	512	0
484	475	0	498	0
485	463	0	506	0
486	461	0	509	0
487	466	0	521	0
488	452	0	524	0
489	454	0	499	0
490	459	0	492	0
491	434	0	488	0
492	427	0	516	0
493	450	0	504	0
494	463	0	521	0
495	470	0	513	0
496	454	0	517	0
497	464	0	539	0
498	462	0	545	0
499	450	13	531	0
500	465	0	494	0
501	455	0	523	0
502	476	0	507	0
503	469	0	528	0
504	477	0	517	0
505	479	0	509	0
506	455	4	519	0
507	456	0	522	0
508	459	0	519	0
509	456	3	509	0
510	458	0	507	0
511	457	0	506	0
512	456	0	514	0
513	459	0	510	0
514	475	0	515	0
515	464	0	516	0
516	452	0	529	0
517	461	0	543	0
518	464	0	522	0
519	458	0	527	0
520	452	7	534	0
521	452	0	517	0
522	456	0	512	0
523	465	0	504	0
524	469	5	515	0
525	477	0	506	0
526	460	0	515	0
527	465	0	536	1
528	447	5	515	0
529	457	0	523	0
530	449	0	507	0
531	466	0	515	0
532	476	0	546	0
533	460	0	507	0
534	462	0	513	0
535	443	0	527	0
536	467	0	513	0
537	438	0	506	0
538	465	0	523	0
539	468	0	530	0
540	462	0	498	0
541	466	0	523	0
542	466	0	525	0
543	463	0	490	0
544	473	0	501	0
545	438	0	514	0
546	454	0	517	0
547	458	7	516	0
548	438	38	515	0
549	441	27	475	0
550	414	16	482	0
551	390	59	498	0
552	408	39	510	0
553	389	70	519	0
554	398	66	509	0
555	365	83	500	0
556	381	67	501	0
557	400	44	497	0
558	421	41	497	0
559	446	4	510	0
560	437	0	511	0
561	472	0	516	0
562	463	0	497	0
563	452	0	519	0
564	433	0	522	0
565	447	0	506	1
566	452	0	511	0
567	456	1	512	0
568	462	0	515	0
569	455	0	535	0
570	449	0	507	0
571	450	0	513	0
572	466	0	499	0
573	464	1	496	0
574	483	0	523	0
575	481	5	510	0
576	466	0	522	0
577	472	0	529	0
578	460	0	514	0
579	491	0	494	1
580	449	0	515	0
581	488	0	506	0
582	439	15	518	0
583	455	0	503	0
584	443	0	509	0
585	479	0	503	0
586	465	0	540	0
587	452	0	524	0
588	447	0	521	0
589	434	0	524	0
590	448	0	524	0
591	451	0	515	0
592	464	0	499	0
593	465	0	508	0
594	475	0	520	0
595	453	6	520	0
596	451	0	535	0
597	460	0	506	0
598	460	0	525	0
599	456	0	484	0
600	476	0	498	0
601	473	0	499	0
602	465	0	500	0
603	461	0	500	0
604	462	0	537	0
605	451	5	519	0
606	459	0	508	0
607	459	0	504	0
608	452	0	517	0
609	450	0	514	0
610	460	0	529	0
611	454	0	526	0
612	468	0	527	0
613	451	1	511	0
614	458	0	507	0
615	466	0	506	2
616	441	0	503	0
617	448	13	506	0
618	438	0	527	0
619	447	0	489	0
620	456	20	519	0
621	416	28	530	0
622	405	62	511	0
623	380	76	482	0
624	390	67	495	0
625	406	43	499	0
626	410	45	483	0
627	420	49	506	0
628	425	26	535	0
629	419	18	524	0
630	464	0	500	0
631	443	0	519	0
632	438	12	509	0
633	462	0	524	0
634	465	3	525	0
635	463	0	498	0
636	469	0	515	0
637	456	4	513	0
638	464	0	519	0
639	442	0	512	0
640	451	0	527	0
641	446	18	523	0
642	462	0	494	0
643	472	0	505	0
644	459	0	496	0
645	472	0	489	0
646	468	0	513	0
647	458	0	524	0
648	462	4	526	0
649	464	0	511	0
650	471	0	544	0
651	468	0	515	0
652	454	0	512	0
653	461	0	502	0
654	437	9	474	0
655	399	43	507	0
656	412	33	511	0
657	428	40	518	0
658	427	0	521	0
659	443	0	511	0
660	433	0	509	0
661	462	0	525	0
662	446	0	516	0
663	480	0	531	0
664	471	0	503	0
665	450	0	512	3
666	476	0	503	0
667	466	0	521	0
668	456	0	522	0
669	450	0	513	0
670	448	0	543	0
671	458	6	501	0
672	444	0	512	0
673	466	0	515	0
674	470	0	528	0
675	464	0	525	0
676	466	0	495	0
677	432	0	523	0
678	419	43	531	0
679	449	6	505	0
680	464	0	511	2
681	448	0	514	0
682	448	0	531	0
683	448	0	507	0
684	497	0	500	0
685	467	0	504	0
686	456	0	504	0
687	451	10	523	0
688	454	36	501	0
689	413	15	502	0
690	436	37	501	0
691	456	0	498	0
692	450	0	504	0
693	432	0	515	0
694	459	0	520	0
695	456	0	522	0
696	443	6	513	0
697	458	0	532	0
698	471	0	496	0
699	468	0	511	0
700	457	4	505	0
701	461	6	528	0
702	441	0	514	0
703	462	0	502	0
704	443	0	517	0
705	450	0	521	0
706	456	0	503	0
707	462	0	517	0
708	461	0	514	0
709	464	0	525	0
710	471	0	498	1
711	461	9	522	0
712	446	4	492	0
713	453	0	495	0
714	474	0	521	0
715	463	0	520	0
716	464	0	534	0
717	466	0	510	0
718	455	0	505	0
719	462	0	516	0
720	467	0	519	0
721	458	0	531	0
722	460	0	486	0
723	477	0	519	0
724	480	0	518	0
725	473	0	502	0
726	466	0	524	0
727	456	0	513	0
728	457	0	519	0
729	440	10	518	0
730	452	0	511	0
731	466	0	507	0
732	452	0	525	0
733	477	0	512	0
734	455	0	519	0
735	430	48	502	0
736	375	70	494	0
737	392	52	490	0
738	409	53	516	0
739	449	38	501	0
740	455	18	481	0
741	443	14	485	0
742	431	16	465	0
743	413	45	504	0
744	403	45	509	0
745	445	19	496	0
746	450	34	513	0
747	469	0	526	0
748	483	0	494	0
749	469	0	511	0
750	449	0	521	0
751	460	0	515	0
752	473	0	515	0
753	442	25	511	0
754	474	0	509	0
755	451	0	528	0
756	467	0	507	0
757	458	15	518	0
758	464	0	502	0
759	423	27	494	0
760	410	41	502	0
761	401	43	500	0
762	404	46	509	0
763	424	39	509	0
764	458	0	521	0
765	462	0	488	0
766	454	14	527	0
767	464	0	507	0
768	468	3	517	0
769	471	0	507	0
770	467	0	507	0
771	456	4	521	0
772	446	0	483	0
773	450	0	491	0
774	418	0	502	0
775	449	0	523	0
776	477	0	533	0
777	470	0	504	0
778	461	0	526	0
779	453	0	507	0
780	471	0	499	0
781	470	0	518	0
782	451	13	518	0
783	425	22	502	0
784	427	16	511	0
785	449	0	524	0
786	458	0	535	0
787	471	0	517	0
788	462	0	511	0
789	452	0	526	0
790	464	0	517	0
791	453	0	511	0
792	478	0	517	0
793	448	5	511	0
794	469	0	523	0
795	458	3	495	0
796	473	0	483	0
797	437	22	515	0
798	424	33	500	0
799	430	10	501	0
800	421	64	511	0
801	424	25	497	0
802	447	21	513	0
803	433	39	522	0
804	431	33	516	0
805	437	37	511	0
806	410	41	507	0
807	424	41	512	0
808	406	64	492	0
809	384	81	484	0
810	340	114	499	0
811	345	101	500	0
812	341	116	476	2
813	370	86	483	0
814	375	66	499	0
815	357	97	507	0
816	347	118	488	0
817	305	154	477	0
818	320	137	492	0
819	323	146	500	0
820	310	142	498	0
821	311	141	510	0
822	298	166	488	0
823	264	191	479	0
824	258	196	481	0
825	280	186	479	0
826	291	186	484	0
827	270	173	497	0
828	297	170	465	0
829	305	165	473	0
830	282	174	454	0
831	288	164	481	0
832	299	151	484	0
833	317	143	468	0
834	313	159	509	0
835	320	145	491	0
836	304	168	478	0
837	290	166	478	0
838	275	179	458	0
839	292	164	475	0
840	287	149	461	0
841	291	155	472	0
842	324	131	493	0
843	343	124	491	0
844	344	103	488	0
845	376	77	505	0
846	367	80	532	0
847	391	72	515	0
848	367	93	481	0
849	336	122	484	0
850	340	121	494	0
851	307	151	487	0
852	298	153	484	0
853	299	174	472	0
854	282	171	457	0
855	294	194	463	0
856	292	170	461	0
857	268	199	480	0
858	271	197	481	0
859	246	218	482	0
860	224	209	491	0
861	286	203	484	0
862	239	206	492	0
863	237	226	488	0
864	223	219	484	0
865	276	177	493	0
866	278	179	489	0
867	270	167	466	0
868	270	186	488	0
869	276	158	475	0
870	278	162	486	0
871	278	189	482	0
872	302	178	486	0
873	315	149	488	0
874	305	162	481	0
875	325	164	490	0
876	320	117	506	0
877	360	100	513	0
878	394	70	505	0
879	397	87	495	0
880	382	82	500	0
881	358	92	478	0
882	367	113	500	0
883	394	81	483	0
884	379	102	486	0
885	361	88	507	0
886	360	92	495	0
887	366	94	497	0
888	377	88	511	0
889	399	55	518	0
890	428	26	520	0
891	463	4	497	0
892	442	27	505	0
893	420	28	508	0
894	408	34	518	0
895	410	55	502	0
896	392	68	508	0
897	386	68	500	0
898	384	73	492	0
899	364	72	499	0
900	373	49	485	0
901	407	50	504	0
902	428	38	511	0
903	430	28	501	0
904	405	49	493	0
905	464	0	488	3
906	434	3	516	0
907	483	0	527	0
908	466	0	511	0
909	440	4	505	0
910	403	53	503	0
911	371	89	490	0
912	377	56	491	0
913	403	56	507	0
914	432	24	494	0
915	439	23	525	0
916	458	1	519	0
917	474	0	510	0
918	451	0	510	0
919	481	0	519	0
920	471	1	529	0
921	461	7	512	0
922	442	0	513	0
923	456	0	525	0
924	456	0	495	0
925	456	0	515	0
926	466	0	508	0
927	444	0	517	0
928	459	7	514	0
929	450	0	507	0
930	479	0	492	0
931	458	0	523	0
932	432	24	512	0
933	441	34	521	0
934	432	28	504	0
935	432	47	493	0
936	402	76	509	0
937	383	56	518	0
938	355	80	474	0
939	355	91	496	0
940	397	68	500	0
941	373	87	499	0
942	344	113	500	0
943	379	87	483	0
944	375	85	508	0
945	359	106	506	0
946	355	108	473	0
947	406	61	508	0
948	415	42	498	0
949	411	44	497	0
950	380	51	495	0
951	401	78	494	0
952	402	47	502	0
953	398	75	484	0
954	384	89	489	0
955	350	92	491	0
956	356	111	494	0
957	380	82	506	0
958	395	73	481	0
959	409	44	482	0
960	389	63	507	0
961	400	56	513	0
962	393	71	502	0
963	408	65	529	0
964	416	45	487	0
965	394	59	487	0
966	372	84	502	0
967	414	65	516	0
968	423	19	508	0
969	440	24	530	0
970	413	39	530	0
971	428	45	509	0
972	417	54	494	0
973	403	63	508	0
974	411	41	512	0
975	462	0	496	0
976	489	0	519	0
977	457	2	511	0
978	442	0	504	0
979	452	0	511	0
980	441	0	493	0
981	457	0	489	0
982	464	0	524	0
983	437	0	507	0
984	458	3	500	0
985	439	0	517	0
986	438	23	517	0
987	459	0	517	0
988	436	0	494	0
989	448	0	511	0
990	467	0	509	0
991	472	0	486	0
992	451	9	518	0
993	450	0	515	0
994	493	0	528	0
995	451	16	524	0
996	448	18	522	0
997	439	12	519	0
998	441	9	524	0
999	470	0	507	0
1000	461	0	488	0
1001	464	6	517	0
1002	421	0	522	0
1003	440	0	505	0
1004	461	0	512	0
1005	467	0	517	0
1006	439	0	520	0
1007	455	0	520	0
1008	441	0	497	0
1009	457	0	506	0
1010	458	18	520	0
1011	455	0	521	0
1012	436	15	492	0
1013	472	0	506	0
1014	472	0	506	0
1015	465	0	518	0
1016	479	0	539	0
1017	461	0	539	0
1018	463	11	531	0
1019	459	0	519	0
1020	450	0	499	0
1021	441	0	514	0
1022	454	0	511	0
1023	462	0	506	0
1024	473	0	487	0
1025	456	0	495	0
1026	429	37	496	0
1027	390	52	503	0
1028	436	39	516	0
1029	450	15	508	0
1030	441	27	495	0
1031	436	30	511	0
1032	448	34	523	0
1033	402	50	512	0
1034	413	49	497	0
1035	403	46	515	0
1036	380	65	515	0
1037	407	60	506	0
1038	431	36	507	0
1039	457	21	500	0
1040	452	0	499	0
1041	447	0	525	0
1042	437	30	519	0
1043	450	14	488	0
1044	453	0	507	0
1045	463	0	531	0
1046	451	0	516	0
1047	433	27	513	0
1048	453	0	510	0
1049	438	8	506	0
1050	459	0	520	0
1051	443	0	531	0
1052	442	0	518	0
1053	450	8	513	0
1054	459	0	536	0
1055	466	0	506	0
1056	454	13	495	0
1057	444	11	519	0
1058	413	49	487	0
1059	439	22	507	0
1060	438	13	507	0
1061	443	0	510	0
1062	459	0	515	0
1063	456	0	510	0
1064	453	1	500	0
1065	454	0	542	0
1066	472	0	501	0
1067	455	1	503	0
1068	468	0	514	0
1069	479	0	517	0
1070	464	0	514	0
1071	447	0	511	0
1072	451	0	497	0
1073	455	0	508	0
1074	465	0	531	0
1075	479	0	518	0
1076	442	0	519	0
1077	445	16	502	0
1078	429	29	481	0
1079	469	0	500	0
1080	446	0	514	0
1081	448	11	528	0
1082	445	7	514	0
1083	458	0	523	0
1084	461	0	504	0
1085	438	0	504	0
1086	469	2	515	0
1087	456	0	504	0
1088	460	0	504	0
1089	473	0	527	0
1090	446	0	506	0
1091	433	16	515	0
1092	436	29	529	0
1093	410	51	526	0
1094	404	73	496	0
1095	389	79	505	1
1096	366	110	510	0
1097	333	139	471	0
1098	325	130	509	0
1099	324	122	493	0
1100	324	112	483	0
1101	317	156	487	0
1102	308	141	491	0
1103	283	152	487	0
1104	275	176	477	0
1105	257	197	479	0
1106	256	200	456	0
1107	231	229	462	1
1108	240	243	480	0
1109	231	213	480	0
1110	220	220	477	0
1111	186	258	455	0
1112	200	286	452	0
1113	187	266	465	0
1114	203	245	473	0
1115	222	242	468	0
1116	232	220	473	0
1117	215	246	459	0
1118	237	218	461	0
1119	254	189	488	0
1120	250	204	466	0
1121	259	196	448	0
1122	297	188	464	0
1123	273	184	471	0
1124	286	174	473	0
1125	290	176	468	0
1126	324	135	478	0
1127	297	148	487	0
1128	329	131	500	0
1129	332	129	489	0
1130	335	114	485	0
1131	357	106	470	0
1132	347	109	490	0
1133	360	97	491	0
1134	381	96	497	0
1135	376	78	505	0
1136	356	110	491	0
1137	396	68	486	0
1138	393	74	499	0
1139	369	106	522	0
1140	325	128	493	0
1141	352	121	467	0
1142	355	110	489	0
1143	341	102	512	0
1144	362	106	499	0
1145	374	88	482	0
1146	414	51	507	0
1147	395	46	490	0
1148	421	37	524	0
1149	435	20	507	0
1150	438	10	528	0
1151	438	0	523	0
1152	448	0	517	1
1153	443	10	513	0
1154	466	0	523	0
1155	481	0	519	0
1156	465	0	512	0
1157	438	0	518	0
1158	482	0	505	0
1159	441	0	505	0
1160	458	0	525	0
1161	468	0	496	0
1162	489	0	485	0
1163	442	0	522	0
1164	481	0	510	0
1165	447	0	514	0
1166	458	0	522	0
1167	447	0	509	0
1168	488	0	507	0
1169	472	0	504	0
1170	440	12	511	0
1171	433	25	516	0
1172	435	15	493	0
1173	472	0	534	0
1174	449	3	516	0
1175	453	0	513	0
1176	451	0	527	0
1177	459	0	545	0
1178	462	0	529	0
1179	471	0	510	0
1180	457	0	509	0
1181	455	0	514	0
1182	472	0	522	0
1183	453	0	531	0
1184	455	3	498	0
1185	448	0	492	0
1186	466	0	508	0
1187	457	0	525	0
1188	481	0	505	0
1189	441	0	514	0
1190	451	0	523	0
1191	458	14	505	0
1192	457	0	497	0
1193	462	0	527	0
1194	442	13	499	0
1195	451	0	520	0
1196	440	0	522	0
1197	464	0	508	0
1198	444	0	518	0
1199	457	22	503	0
1200	463	0	507	0
1201	466	6	489	0
1202	459	0	558	0
1203	452	0	519	0
1204	455	0	503	0
1205	467	0	532	0
1206	442	2	524	0
1207	463	0	527	0
1208	466	0	526	0
1209	442	0	491	0
1210	458	0	530	0
1211	433	0	527	0
1212	457	0	507	0
1213	477	0	494	0
1214	474	0	522	0
1215	445	0	526	0
1216	459	0	522	0
1217	460	0	522	0
1218	454	0	525	0
1219	445	3	503	0
1220	466	0	523	0
1221	465	0	512	0
1222	461	0	517	0
1223	456	0	499	0
1224	465	0	515	0
1225	460	0	510	0
1226	462	4	508	0
1227	463	4	494	0
1228	453	0	494	0
1229	469	0	516	0
1230	481	0	508	0
1231	469	0	507	0
1232	466	0	489	0
1233	445	0	504	0
1234	449	0	512	0
1235	474	0	494	0
1236	457	0	516	0
1237	454	0	499	0
1238	460	0	504	0
1239	448	0	522	0
1240	450	0	529	0
1241	461	0	520	0
1242	461	0	517	0
1243	450	23	522	0
1244	496	8	483	0
1245	449	0	519	0
1246	441	0	497	1
1247	478	0	517	0
1248	468	0	506	0
1249	449	0	532	0
1250	444	0	507	0
1251	461	3	521	0
1252	446	0	534	0
1253	451	0	500	0
1254	464	0	519	0
1255	466	0	513	0
1256	472	0	524	0
1257	427	0	518	0
1258	466	0	502	0
1259	450	0	508	0
1260	468	0	502	0
1261	448	0	514	0
1262	449	0	512	0
1263	439	35	509	0
1264	448	22	522	0
1265	446	0	501	0
1266	444	2	512	0
1267	440	37	502	0
1268	410	44	511	0
1269	416	31	503	0
1270	401	34	500	0
1271	383	64	511	0
1272	437	27	514	0
1273	423	25	482	0
1274	423	30	492	0
1275	430	18	498	0
1276	439	26	542	0
1277	445	3	521	0
1278	447	0	523	0
1279	457	0	508	0
1280	453	0	532	0
1281	455	0	530	0
1282	467	0	517	0
1283	448	0	522	0
1284	453	0	501	0
1285	468	0	508	0
1286	464	0	532	0
1287	473	0	545	0
1288	448	0	533	0
1289	467	0	523	0
1290	445	0	502	0
1291	471	0	511	0
1292	461	0	520	0
1293	474	0	507	0
1294	472	0	521	0
1295	430	7	532	0
1296	441	0	506	0
1297	448	0	500	0
1298	452	6	514	0
1299	429	12	527	0
1300	430	3	502	0
1301	441	26	496	0
1302	458	0	524	0
1303	437	0	521	0
1304	456	0	501	0
1305	454	0	493	0
1306	470	0	519	0
1307	454	0	502	0
1308	458	0	511	0
1309	474	0	533	0
1310	462	0	523	0
1311	472	0	513	0
1312	466	0	523	0
1313	457	11	505	0
1314	449	21	503	0
1315	473	0	517	0
1316	462	0	534	0
1317	443	0	524	0
1318	448	18	498	0
1319	439	21	523	0
1320	445	8	511	0
1321	447	19	483	0
1322	435	16	507	0
1323	465	0	513	0
1324	475	0	512	0
1325	470	0	502	0
1326	468	0	506	0
1327	466	0	504	0
1328	465	26	502	0
1329	414	46	485	0
1330	398	62	484	0
1331	397	75	503	0
1332	389	59	485	0
1333	398	62	502	0
1334	376	69	486	0
1335	393	48	503	0
1336	377	72	496	0
1337	416	56	499	2
1338	401	61	517	0
1339	403	66	485	0
1340	402	82	482	0
1341	392	63	483	0
1342	392	64	535	0
1343	386	64	504	0
1344	386	68	523	0
1345	380	82	495	0
1346	412	60	491	0
1347	397	47	493	0
1348	425	44	501	0
1349	418	43	512	0
1350	422	30	506	0
1351	448	0	511	0
1352	455	0	505	0
1353	468	2	510	0
1354	457	0	501	0
1355	466	0	484	0
1356	461	0	505	0
1357	471	0	517	0
1358	462	1	517	0
1359	438	12	508	0
1360	447	15	518	0
1361	457	0	512	0
1362	469	0	513	0
1363	451	2	515	0
1364	437	24	495	0
1365	449	30	496	0
1366	422	25	527	0
1367	430	28	524	0
1368	429	25	505	0
1369	413	64	492	0
1370	380	59	500	0
1371	370	67	502	0
1372	379	84	493	0
1373	363	106	507	0
1374	330	124	499	0
1375	317	129	486	0
1376	327	124	485	0
1377	363	122	508	0
1378	379	78	492	0
1379	412	49	503	0
1380	406	37	481	0
1381	400	33	512	0
1382	402	53	510	0
1383	397	54	497	0
1384	412	54	480	0
1385	429	31	491	0
1386	444	8	521	0
1387	447	13	533	0
1388	454	0	523	0
1389	458	0	507	0
1390	465	0	491	0
1391	451	0	510	0
1392	467	14	535	0
1393	459	0	510	0
1394	463	0	527	0
1395	457	0	483	0
1396	466	0	525	0
1397	458	0	531	0
1398	460	0	515	0
1399	460	6	487	0
1400	471	0	495	0
1401	430	0	513	0
1402	450	22	524	0
1403	430	31	499	0
1404	453	0	524	0
1405	466	0	530	0
1406	448	0	514	0
1407	458	0	521	0
1408	473	0	505	0
1409	442	0	526	0
1410	446	0	513	1
1411	458	0	496	1
1412	477	0	494	0
1413	457	0	492	0
1414	459	0	525	0
1415	465	0	515	0
1416	464	0	513	0
1417	459	0	513	0
1418	465	0	502	0
1419	457	0	535	0
1420	440	0	512	0
1421	451	0	536	0
1422	449	18	513	0
1423	469	0	524	0
1424	463	0	516	0
1425	459	0	499	0
1426	470	0	514	0
1427	464	0	514	0
1428	459	0	505	0
1429	451	0	523	0
1430	460	0	467	0
1431	449	0	506	0
1432	460	0	502	0
1433	463	0	511	0
1434	440	0	516	0
1435	435	22	502	0
1436	399	27	484	0
1437	421	49	482	0
1438	406	53	495	0
1439	428	37	514	0
1440	421	36	513	0
1441	456	0	504	0
1442	473	0	529	0
1443	477	0	540	0
1444	463	0	516	0
1445	459	0	495	0
1446	460	0	512	0
1447	450	24	502	0
1448	438	20	493	0
1449	430	35	494	0
1450	415	40	498	0
1451	459	10	496	0
1452	459	0	527	0
1453	455	0	523	0
1454	400	47	509	0
1455	403	52	510	0
1456	411	33	494	0
1457	443	14	502	0
1458	433	19	497	0
1459	433	28	493	0
1460	417	44	499	0
1461	446	29	494	0
1462	430	30	503	0
1463	458	1	515	0
1464	454	0	525	0
1465	461	0	508	0
1466	471	3	534	0
1467	433	0	516	0
1468	467	0	501	0
1469	441	0	520	0
1470	454	0	508	0
1471	454	1	533	0
1472	452	20	509	0
1473	450	0	495	0
1474	468	0	530	0
1475	459	18	522	0
1476	471	0	521	0
1477	442	20	508	2
1478	438	0	519	0
1479	470	0	503	0
1480	474	3	512	0
1481	489	0	508	0
1482	458	0	504	0
1483	453	10	518	0
1484	459	0	532	0
1485	483	0	512	0
1486	429	0	513	0
1487	456	0	528	0
1488	470	0	517	0
1489	466	0	513	0
1490	459	0	498	0
1491	443	24	523	0
1492	460	0	499	0
1493	452	0	527	0
1494	471	0	516	0
1495	435	31	512	0
1496	422	47	503	0
1497	429	26	484	0
1498	434	25	531	0
1499	465	0	514	0
1500	466	9	520	0
1501	468	0	522	0
1502	460	0	511	0
1503	438	6	512	0
1504	461	0	524	0
1505	467	0	498	0
1506	456	0	506	0
1507	474	0	507	0
1508	456	0	496	0
1509	447	5	530	0
1510	445	0	508	0
1511	465	0	502	0
1512	455	9	505	0
1513	481	0	504	0
1514	462	0	509	0
1515	469	0	500	0
1516	477	0	517	0
1517	464	13	491	0
1518	461	0	512	0
1519	429	37	510	0
1520	449	21	497	0
1521	440	0	520	0
1522	456	0	526	0
1523	447	0	514	0
1524	455	13	533	0
1525	444	20	513	0
1526	441	21	511	0
1527	427	22	524	0
1528	446	0	499	0
1529	480	0	501	0
1530	432	0	505	0
1531	440	22	514	0
1532	444	0	516	1
1533	483	0	519	0
1534	458	0	510	0
1535	460	0	517	0
1536	437	0	500	0
1537	455	18	503	0
1538	457	0	524	0
1539	459	0	515	0
1540	443	13	541	0
1541	439	29	495	0
1542	446	45	493	0
1543	442	30	497	0
1544	433	25	511	0
1545	421	39	529	0
1546	443	35	515	0
1547	437	30	510	0
1548	418	33	494	0
1549	393	38	503	0
1550	413	47	518	0
1551	400	48	491	0
1552	419	43	518	0
1553	471	0	520	0
1554	453	0	520	0
1555	468	0	509	0
1556	449	0	492	0
1557	468	0	530	0
1558	453	0	527	0
1559	471	0	506	0
1560	452	0	514	0
1561	463	0	534	0
1562	445	0	545	0
1563	448	16	517	0
1564	421	19	499	0
1565	428	45	504	0
1566	468	0	495	0
1567	442	7	525	0
1568	439	0	517	0
1569	455	0	522	0
1570	465	5	517	0
1571	465	22	484	0
1572	469	0	519	0
1573	481	0	524	0
1574	459	0	512	0
1575	476	0	486	0
1576	468	0	498	0
1577	487	0	501	0
1578	465	0	516	0
1579	467	0	520	0
1580	464	0	524	0
1581	458	0	546	0
1582	449	0	518	1
1583	456	0	524	0
1584	459	0	523	0
1585	465	0	512	0
1586	465	0	523	0
1587	453	0	515	0
1588	455	6	518	0
1589	462	0	512	0
1590	464	0	502	0
1591	469	0	509	0
1592	465	5	484	0
1593	486	0	510	0
1594	453	0	502	0
1595	452	0	518	0
1596	437	16	495	0
1597	470	0	517	0
1598	451	0	479	0
1599	450	8	506	0
1600	457	8	498	0
1601	479	0	504	0
1602	446	0	536	0
1603	466	0	506	1
1604	444	15	519	0
1605	456	8	520	0
1606	455	0	507	0
1607	465	0	516	0
1608	455	18	536	0
1609	457	0	518	0
1610	439	16	498	0
1611	421	15	511	0
1612	414	41	521	0
1613	464	0	527	0
1614	431	0	514	0
1615	447	7	515	0
1616	473	0	515	0
1617	472	1	509	0
1618	443	0	531	0
1619	452	0	511	0
1620	455	0	506	0
1621	457	0	516	0
1622	462	16	521	0
1623	444	0	511	0
1624	436	0	513	1
1625	455	0	536	0
1626	427	28	520	0
1627	420	49	516	0
1628	459	19	512	0
1629	472	0	503	0
1630	473	1	505	0
1631	465	0	498	0
1632	469	0	514	0
1633	452	4	514	0
1634	472	6	497	0
1635	430	29	518	0
1636	424	28	501	1
1637	437	17	517	0
1638	478	0	488	0
1639	460	0	500	0
1640	472	0	520	0
1641	444	0	505	0
1642	465	0	473	0
1643	447	4	508	0
1644	472	0	528	0
1645	472	0	514	0
1646	460	0	527	0
1647	456	0	526	0
1648	427	0	530	0
1649	446	0	498	0
1650	476	0	516	0
1651	456	0	514	0
1652	461	0	523	0
1653	460	0	509	0
1654	448	0	515	0
1655	452	0	526	0
1656	456	0	527	0
1657	476	2	505	0
1658	431	3	521	0
1659	467	0	527	0
1660	443	9	517	0
1661	428	24	506	0
1662	453	0	514	0
1663	463	0	511	0
1664	453	0	504	0
1665	480	0	514	0
1666	461	0	517	0
1667	468	0	507	0
1668	453	1	513	0
1669	442	0	522	0
1670	453	9	496	0
1671	428	26	515	0
1672	430	23	522	0
1673	450	15	530	0
1674	439	20	495	0
1675	468	0	516	0
1676	466	2	534	0
1677	462	0	530	0
1678	439	0	498	0
1679	440	0	490	0
1680	457	0	509	0
1681	460	0	499	0
1682	447	0	508	0
1683	462	0	506	0
1684	468	0	523	0
1685	467	0	504	0
1686	463	0	523	0
1687	472	0	504	0
1688	466	0	494	0
1689	470	0	516	0
1690	461	0	514	0
1691	453	0	511	0
1692	443	0	529	0
1693	467	0	508	0
1694	454	0	531	0
1695	434	18	504	0
1696	415	44	509	0
1697	410	67	501	0
1698	378	63	509	0
1699	410	55	482	0
1700	425	40	509	0
1701	431	23	487	0
1702	459	0	515	0
1703	448	0	528	0
1704	458	0	526	0
1705	458	0	521	0
1706	460	0	508	0
1707	457	0	537	0
1708	472	0	516	0
1709	449	0	517	0
1710	432	22	528	0
1711	436	28	503	0
1712	440	0	514	0
1713	477	0	513	0
1714	458	3	518	0
1715	490	0	501	0
1716	461	0	505	0
1717	446	0	507	0
1718	451	0	507	0
1719	447	0	525	0
1720	458	0	515	0
1721	453	17	500	0
1722	466	0	516	0
1723	442	0	489	0
1724	450	0	502	0
1725	460	0	495	0
1726	468	0	512	0
1727	445	12	527	0
1728	459	13	501	0
1729	441	0	494	0
1730	455	0	540	0
1731	434	0	532	0
1732	456	0	529	0
1733	446	0	508	0
1734	432	0	534	0
1735	461	0	523	0
1736	462	0	515	0
1737	432	43	499	0
1738	450	6	511	0
1739	458	0	496	0
1740	427	51	503	0
1741	413	56	515	0
1742	420	42	477	0
1743	415	60	475	0
1744	400	53	497	0
1745	418	52	494	0
1746	410	52	509	0
1747	425	29	534	0
1748	442	21	522	0
1749	429	43	516	0
1750	434	16	510	0
1751	449	0	497	0
1752	468	0	516	0
1753	431	9	535	0
1754	453	0	511	0
1755	461	0	491	0
1756	453	0	503	0
1757	470	0	496	0
1758	439	0	489	0
1759	437	0	526	0
1760	481	0	512	0
1761	444	0	507	0
1762	462	0	512	0
1763	460	18	523	0
1764	414	19	511	0
1765	443	13	503	0
1766	427	8	495	0
1767	470	0	502	0
1768	454	0	509	0
1769	452	0	530	0
1770	469	0	502	0
1771	457	0	512	0
1772	447	5	512	0
1773	463	0	508	0
1774	436	19	503	0
1775	427	35	508	0
1776	436	11	507	0
1777	425	31	504	0
1778	410	49	501	0
1779	448	21	490	0
1780	453	0	507	0
1781	466	0	510	0
1782	476	0	490	0
1783	461	0	534	0
1784	463	0	505	0
1785	480	0	495	0
1786	450	0	526	0
1787	472	0	517	0
1788	465	0	505	0
1789	463	0	495	0
1790	449	15	499	0
1791	461	0	498	0
1792	459	0	492	1
1793	446	0	501	0
1794	483	0	514	0
1795	462	0	506	0
1796	445	0	508	0
1797	459	0	516	0
1798	449	0	537	0
1799	458	0	516	0
1800	460	0	487	0
1801	443	0	514	0
1802	458	0	525	0
1803	465	0	498	0
1804	437	0	511	0
1805	454	0	502	0
1806	474	0	516	0
1807	458	0	543	0
1808	443	0	535	0
1809	458	0	502	0
1810	468	0	526	0
1811	453	9	476	0
1812	457	0	528	0
1813	454	0	511	0
1814	463	0	518	0
1815	463	0	508	0
1816	468	0	526	0
1817	461	3	513	0
1818	439	9	495	0
1819	449	9	521	0
1820	432	29	510	0
1821	434	30	503	0
1822	423	43	519	0
1823	425	32	510	0
1824	417	46	490	0
1825	397	45	496	0
1826	434	41	505	0
1827	418	40	509	0
1828	383	58	500	1
1829	395	72	520	0
1830	401	67	484	0
1831	389	57	519	0
1832	415	62	502	0
1833	418	51	503	0
1834	401	77	492	0
1835	373	75	495	0
1836	361	93	488	0
1837	393	55	507	0
1838	396	59	513	0
1839	407	76	512	0
1840	379	76	512	0
1841	363	85	499	0
1842	377	80	496	0
1843	356	72	477	2
1844	362	108	491	0
1845	348	108	493	0
1846	330	125	492	0
1847	344	101	505	0
1848	365	87	497	0
1849	339	118	483	0
1850	339	136	503	0
1851	357	87	488	0
1852	361	87	492	0
1853	367	107	487	0
1854	381	80	502	0
1855	399	57	503	0
1856	393	52	491	0
1857	400	33	502	0
1858	428	14	509	0
1859	430	22	495	0
1860	464	3	505	0
1861	451	0	523	0
1862	459	0	501	0
1863	463	0	501	0
1864	444	19	508	0
1865	448	0	508	0
1866	461	8	534	0
1867	461	0	535	0
1868	467	0	519	0
1869	460	0	517	0
1870	454	1	504	0
1871	445	0	512	0
1872	449	0	509	0
1873	461	0	497	0
1874	459	12	504	0
1875	467	0	532	0
1876	447	0	502	0
1877	458	0	502	0
1878	463	0	515	0
1879	479	0	499	0
1880	458	1	508	0
1881	462	0	524	0
1882	478	0	510	0
1883	463	0	513	0
1884	437	0	514	0
1885	444	12	511	0
1886	447	5	524	1
1887	465	4	529	0
1888	464	0	527	0
1889	453	0	497	0
1890	465	0	500	0
1891	459	23	520	0
1892	441	20	516	0
1893	440	17	497	0
1894	429	43	504	0
1895	433	45	507	0
1896	437	31	517	0
1897	427	0	512	0
1898	437	4	502	0
1899	482	4	523	0
1900	461	0	512	0
1901	465	0	533	0
1902	460	0	522	0
1903	451	0	513	0
1904	456	0	507	0
1905	448	1	523	0
1906	458	20	511	0
1907	425	0	511	0
1908	471	0	521	1
1909	487	0	514	0
1910	461	0	502	0
1911	463	1	505	0
1912	460	0	522	1
1913	434	28	516	0
1914	444	0	500	0
1915	472	0	512	0
1916	453	0	473	0
1917	461	0	511	0
1918	460	0	501	0
1919	439	0	515	0
1920	444	0	501	0
1921	425	16	524	0
1922	463	0	510	0
1923	460	0	505	0
1924	466	0	506	0
1925	460	13	498	0
1926	463	0	531	0
1927	475	0	512	0
1928	441	0	505	0
1929	474	0	530	0
1930	455	0	504	0
1931	467	0	508	1
1932	457	1	511	0
1933	464	0	499	0
1934	441	0	496	0
1935	435	0	511	0
1936	453	0	513	0
1937	474	4	498	0
1938	448	0	520	0
1939	460	0	527	0
1940	469	0	526	0
1941	462	0	512	0
1942	470	0	494	0
1943	447	0	514	0
1944	445	19	493	0
1945	465	0	523	0
1946	476	0	513	0
1947	478	0	498	0
1948	467	2	499	0
1949	469	0	528	0
1950	466	0	528	0
1951	458	0	506	0
1952	452	8	524	0
1953	462	0	511	0
1954	473	0	508	0
1955	473	0	510	0
1956	464	0	514	0
1957	449	0	506	0
1958	458	0	506	0
1959	458	0	524	0
1960	466	0	505	0
1961	474	0	523	0
1962	441	16	512	0
1963	464	0	529	0
1964	447	0	506	0
1965	452	0	511	0
1966	474	0	511	0
1967	461	0	506	0
1968	464	0	502	0
1969	458	8	508	0
1970	469	8	512	0
1971	441	0	528	0
1972	441	0	524	0
1973	457	0	522	0
1974	433	7	514	0
1975	472	0	500	0
1976	462	0	523	0
1977	447	0	523	0
1978	453	0	514	0
1979	462	0	515	0
1980	440	0	532	0
1981	470	0	521	0
1982	481	0	528	0
1983	449	0	540	0
1984	455	24	530	0
1985	451	16	511	0
1986	452	21	510	0
1987	459	0	503	0
1988	448	8	506	0
1989	452	0	527	0
1990	460	0	515	0
1991	440	0	523	0
1992	436	0	510	0
1993	459	0	520	0
1994	461	0	508	0
1995	460	0	501	0
1996	466	0	523	0
1997	453	0	536	0
1998	448	0	525	0
1999	456	0	494	0
2000	458	3	506	0
2001	436	35	506	0
2002	444	0	526	0
2003	449	1	523	0
2004	456	12	502	0
2005	450	9	520	0
2006	453	0	518	0
2007	466	2	522	0
2008	435	0	503	0
2009	434	0	502	0
2010	466	0	512	0
2011	462	0	519	0
2012	450	2	516	0
2013	469	0	514	0
2014	463	0	519	0
2015	455	2	496	0
2016	440	0	507	0
2017	471	0	509	0
2018	470	0	545	0
2019	452	0	501	0
2020	469	0	507	0
2021	465	0	521	0
2022	448	0	544	0
2023	455	0	530	0
2024	483	0	518	0
2025	449	21	504	0
2026	454	0	522	0
2027	476	0	500	0
2028	462	0	508	0
2029	466	0	523	0
2030	471	0	526	0
2031	458	0	519	0
2032	445	0	518	0
2033	483	0	515	0
2034	459	0	521	0
2035	441	0	516	0
2036	463	0	527	0
2037	448	0	524	0
2038	463	0	527	0
2039	466	0	520	0
2040	461	0	517	0
2041	445	0	517	0
2042	458	0	529	0
2043	456	0	516	0
2044	442	22	533	0
2045	449	35	516	0
2046	462	0	514	0
2047	454	6	520	0
2048	476	0	511	0
2049	457	0	497	0
2050	456	0	508	0
2051	463	0	497	0
2052	460	0	503	0
2053	448	0	514	0
2054	459	8	490	0
2055	450	0	504	0
2056	459	0	518	0
2057	462	0	498	0
2058	464	0	512	0
2059	484	0	500	0
2060	470	0	539	0
2061	461	0	536	0
2062	429	14	504	0
2063	489	0	515	0
2064	454	0	515	0
2065	465	0	525	0
2066	448	0	514	0
2067	423	19	507	0
2068	439	13	511	0
2069	444	11	492	0
2070	434	15	515	0
2071	464	4	494	0
2072	452	0	498	0
2073	464	0	504	0
2074	448	0	517	0
2075	442	0	539	0
2076	467	2	505	0
2077	453	0	511	0
2078	463	0	510	0
2079	458	0	502	0
2080	492	0	515	0
2081	448	0	526	0
2082	461	3	513	0
2083	421	32	499	0
2084	456	0	505	0
2085	455	0	522	0
2086	460	0	511	0
2087	464	0	534	0
2088	463	0	526	0
2089	462	0	521	0
2090	469	0	521	0
2091	472	0	512	0
2092	438	0	529	0
2093	467	14	516	0
2094	449	0	523	0
2095	458	0	513	0
2096	480	0	500	0
2097	443	0	529	0
2098	453	0	520	0
2099	462	0	482	0
2100	445	13	518	0
2101	435	26	516	0
2102	428	34	498	0
2103	408	37	521	0
2104	405	35	492	0
2105	446	29	506	0
2106	420	35	513	0
2107	394	61	485	0
2108	373	76	519	0
2109	371	92	480	0
2110	370	108	505	0
2111	373	73	494	0
2112	350	86	483	0
2113	362	96	523	0
2114	341	102	510	0
2115	348	102	475	0
2116	367	95	474	0
2117	373	96	464	0
2118	406	65	492	0
2119	394	57	501	0
2120	404	58	511	0
2121	369	97	498	0
2122	331	123	489	0
2123	329	134	494	0
2124	334	126	474	0
2125	354	107	518	0
2126	354	98	500	0
2127	377	94	524	0
2128	348	123	489	0
2129	336	135	480	0
2130	334	129	486	0
2131	340	103	523	0
2132	350	111	490	0
2133	351	98	508	0
2134	364	79	496	0
2135	392	64	501	0
2136	378	75	486	0
2137	386	66	481	0
2138	403	75	476	0
2139	402	81	499	0
2140	412	38	483	0
2141	371	88	507	0
2142	372	88	490	0
2143	404	78	502	0
2144	396	70	517	0
2145	424	48	493	0
2146	407	47	506	0
2147	392	84	525	0
2148	376	77	505	0
2149	395	75	511	0
2150	394	45	491	0
2151	380	73	507	0
2152	378	74	497	0
2153	391	68	507	0
2154	366	75	476	0
2155	398	77	479	0
2156	382	77	498	0
2157	393	59	498	0
2158	382	75	492	0
2159	393	72	508	1
2160	396	69	506	0
2161	394	80	513	0
2162	445	15	530	0
2163	456	7	521	0
2164	474	0	501	0
2165	469	0	501	0
2166	450	0	516	0
2167	452	0	500	0
2168	467	0	492	0
2169	454	0	509	0
2170	467	0	521	0
2171	462	0	510	0
2172	453	0	510	0
2173	453	2	504	0
2174	471	0	499	0
2175	461	8	489	0
2176	446	0	506	0
2177	465	0	518	0
2178	454	14	535	0
2179	454	19	507	0
2180	432	0	512	0
2181	459	0	515	0
2182	478	0	508	0
2183	444	0	499	0
2184	448	0	486	0
2185	470	0	532	0
2186	452	2	505	0
2187	485	0	519	0
2188	458	0	504	0
2189	475	0	511	0
2190	474	0	510	0
2191	476	0	510	0
2192	446	0	522	0
2193	469	0	486	0
2194	459	0	528	0
2195	446	0	516	0
2196	444	0	506	0
2197	447	0	513	0
2198	448	0	514	0
2199	468	7	509	0
2200	462	0	502	0
2201	432	9	501	1
2202	404	43	527	0
2203	443	16	519	0
2204	448	12	491	1
2205	447	11	497	0
2206	465	0	504	0
2207	458	0	499	0
2208	427	37	505	0
2209	421	40	497	0
2210	397	74	483	0
2211	366	86	477	0
2212	371	117	500	0
2213	359	120	497	0
2214	348	122	499	0
2215	341	111	485	0
2216	310	156	478	0
2217	340	132	483	0
2218	321	138	476	0
2219	341	93	498	0
2220	369	86	492	0
2221	381	79	493	0
2222	352	111	470	0
2223	384	70	511	0
2224	376	76	507	0
2225	393	65	504	0
2226	384	57	510	1
2227	386	69	495	0
2228	366	98	502	0
2229	359	96	489	0
2230	375	75	481	0
2231	387	63	499	0
2232	389	83	492	0
2233	405	68	511	0
2234	375	90	499	0
2235	375	66	477	0
2236	340	103	479	0
2237	336	106	517	0
2238	328	136	502	0
2239	347	122	498	0
2240	353	102	509	0
2241	341	123	514	0
2242	335	124	510	0
2243	351	114	487	0
2244	325	126	497	0
2245	302	142	501	0
2246	291	176	496	0
2247	290	164	498	0
2248	291	162	488	0
2249	312	141	479	0
2250	299	143	491	0
2251	334	148	490	0
2252	295	151	491	0
2253	284	174	510	0
2254	267	210	469	0
2255	235	208	477	0
2256	194	260	463	0
2257	207	243	461	0
2258	231	232	479	0
2259	214	227	456	0
2260	213	240	454	0
2261	219	251	466	0
2262	226	223	475	4
2263	220	219	459	0
2264	212	254	462	0
2265	212	250	475	0
2266	210	247	447	0
2267	235	236	452	1
2268	234	232	487	0
2269	237	203	489	0
2270	302	168	495	0
2271	316	148	480	0
2272	292	163	497	0
2273	304	154	492	0
2274	278	174	488	0
2275	288	168	488	0
2276	286	180	497	0
2277	310	152	496	0
2278	281	175	489	0
2279	300	175	474	0
2280	316	156	485	0
2281	316	128	476	0
2282	331	120	507	0
2283	358	108	473	0
2284	368	69	496	0
2285	360	102	493	0
2286	354	91	493	0
2287	376	101	508	0
2288	365	95	480	0
2289	368	93	508	0
2290	402	58	515	0
2291	417	63	516	0
2292	378	69	515	0
2293	378	85	503	0
2294	407	66	515	0
2295	439	30	514	0
2296	457	0	518	0
2297	457	0	480	0
2298	468	0	502	0
2299	455	0	506	0
2300	466	0	495	0
2301	440	0	529	0
2302	433	0	520	0
2303	459	0	507	0
2304	449	0	533	0
2305	460	0	496	0
2306	441	0	511	0
2307	423	0	513	0
2308	474	0	492	0
2309	439	24	523	0
2310	454	2	521	0
2311	460	0	502	0
2312	453	0	530	0
2313	467	0	503	0
2314	444	0	522	0
2315	475	0	509	0
2316	446	0	523	0
2317	442	0	521	0
2318	445	10	518	0
2319	467	17	503	0
2320	449	22	505	0
2321	465	16	530	0
2322	431	0	518	0
2323	453	0	523	0
2324	463	0	506	2
2325	472	0	514	0
2326	458	0	509	0
2327	474	0	524	0
2328	462	0	508	0
2329	462	0	511	0
2330	456	0	504	0
2331	462	6	530	0
2332	459	0	508	0
2333	448	18	501	0
2334	457	0	519	0
2335	463	0	509	0
2336	441	0	508	0
2337	474	0	508	0
2338	473	0	499	0
2339	479	3	526	0
2340	453	3	501	0
2341	464	0	510	0
2342	442	0	519	0
2343	442	0	517	0
2344	451	0	516	0
2345	448	0	525	0
2346	436	0	508	0
2347	479	0	497	0
2348	467	0	523	0
2349	444	4	518	0
2350	433	29	517	0
2351	423	13	513	0
2352	416	46	490	0
2353	419	41	506	0
2354	405	48	497	0
2355	400	59	507	0
2356	436	64	511	0
2357	423	39	524	1
2358	377	85	498	0
2359	398	71	496	0
2360	400	63	499	0
2361	420	50	484	0
2362	405	62	505	0
2363	404	58	493	0
2364	401	69	493	0
2365	375	69	499	0
2366	382	84	502	0
2367	395	87	506	0
2368	372	83	506	0
2369	362	112	495	0
2370	368	106	493	0
2371	356	118	510	0
2372	344	112	480	0
2373	324	134	480	0
2374	309	152	476	0
2375	292	161	484	0
2376	309	144	464	1
2377	266	175	478	0
2378	281	189	473	0
2379	285	156	472	0
2380	276	191	478	0
2381	289	169	464	0
2382	298	158	478	0
2383	299	170	508	0
2384	300	171	486	0
2385	313	154	470	0
2386	304	161	503	0
2387	314	145	482	0
2388	324	130	490	0
2389	389	81	487	0
2390	376	75	509	0
2391	390	65	512	0
2392	387	59	500	0
2393	419	50	497	0
2394	447	23	503	0
2395	427	35	506	0
2396	421	44	497	0
2397	405	50	514	0
2398	401	57	496	0
2399	411	45	503	2
2400	433	0	513	0
2401	419	36	510	0
2402	403	51	488	0
2403	455	16	499	0
2404	432	0	511	0
2405	449	0	498	0
2406	472	0	489	0
2407	451	0	527	0
2408	460	0	525	0
2409	478	0	519	0
2410	462	0	523	0
2411	448	0	521	0
2412	440	14	498	0
2413	442	24	522	0
2414	446	10	526	0
2415	435	35	512	0
2416	456	0	505	0
2417	467	0	509	0
2418	450	0	509	0
2419	444	0	514	0
2420	456	0	517	0
2421	442	0	521	0
2422	453	0	509	0
2423	452	0	498	0
2424	450	18	513	0
2425	459	0	509	0
2426	437	0	483	0
2427	458	0	528	0
2428	448	0	534	0
2429	466	0	524	0
2430	455	0	517	0
2431	474	0	523	0
2432	474	0	508	0
2433	468	0	517	0
2434	454	0	487	2
2435	456	0	498	0
2436	455	0	501	0
2437	464	0	518	0
2438	450	4	521	0
2439	427	34	505	0
2440	434	42	494	0
2441	403	58	505	0
2442	443	26	513	0
2443	455	0	510	0
2444	482	1	508	0
2445	445	0	501	0
2446	468	11	512	0
2447	465	0	516	0
2448	465	0	525	0
2449	439	15	519	0
2450	453	5	492	0
2451	436	11	500	0
2452	430	30	509	0
2453	402	34	487	0
2454	385	84	503	0
2455	365	100	506	0
2456	346	124	487	0
2457	366	96	473	0
2458	389	87	503	1
2459	373	69	501	0
2460	382	73	479	0
2461	387	62	503	0
2462	374	76	488	0
2463	371	94	483	0
2464	392	66	492	0
2465	360	76	523	0
2466	389	56	500	0
2467	377	79	471	0
2468	395	54	500	0
2469	406	37	504	0
2470	426	20	526	0
2471	446	34	501	0
2472	479	0	500	0
2473	449	0	533	0
2474	453	0	518	0
2475	458	0	511	0
2476	464	0	509	0
2477	440	18	522	0
2478	435	7	518	0
2479	427	29	519	0
2480	447	34	530	0
2481	389	60	501	0
2482	389	63	500	0
2483	387	70	479	0
2484	376	67	500	0
2485	389	56	529	0
2486	407	62	521	0
2487	437	14	493	0
2488	440	0	519	0
2489	466	0	484	0
2490	468	0	497	0
2491	476	0	497	0
2492	463	0	521	0
2493	461	0	499	0
2494	465	0	500	0
2495	472	0	541	0
2496	455	0	526	0
2497	477	0	519	0
2498	459	0	501	0
2499	439	0	535	0
2500	438	0	511	0
2501	457	0	526	0
2502	484	0	514	0
2503	462	0	509	0
2504	464	5	516	0
2505	447	0	518	0
2506	462	0	514	0
2507	457	0	522	0
2508	464	0	501	0
2509	473	0	513	0
2510	469	6	507	0
2511	436	28	529	0
2512	435	27	493	0
2513	467	0	543	0
2514	457	4	519	0
2515	444	0	515	0
2516	433	10	501	0
2517	461	0	519	0
2518	472	0	517	0
2519	450	0	526	0
2520	454	0	510	0
2521	438	24	517	0
2522	428	0	511	0
2523	464	1	508	0
2524	455	0	499	0
2525	451	0	522	0
2526	456	0	520	0
2527	468	0	504	0
2528	462	0	498	0
2529	441	0	521	0
2530	485	22	535	0
2531	456	0	508	1
2532	460	0	519	0
2533	452	0	516	0
2534	465	0	514	0
2535	446	16	535	0
2536	419	38	502	0
2537	417	53	526	0
2538	425	33	498	0
2539	423	33	514	0
2540	421	43	501	0
2541	432	27	509	0
2542	438	17	518	0
2543	444	11	524	0
2544	455	0	514	0
2545	453	0	516	0
2546	465	0	504	0
2547	451	0	504	0
2548	466	0	507	0
2549	484	0	493	0
2550	463	0	535	0
2551	450	0	520	0
2552	447	0	509	0
2553	466	0	489	0
2554	474	0	521	0
2555	464	0	529	0
2556	460	0	513	0
2557	452	0	535	0
2558	436	18	494	0
2559	454	0	529	0
2560	456	0	499	0
2561	440	19	487	0
2562	460	0	503	0
2563	469	0	502	0
2564	474	2	496	0
2565	466	0	484	0
2566	465	0	525	0
2567	456	20	492	0
2568	492	0	532	0
2569	464	0	483	0
2570	446	0	533	0
2571	452	0	511	0
2572	448	5	494	0
2573	459	0	503	0
2574	454	2	506	0
2575	434	0	516	0
2576	434	0	525	0
2577	460	0	506	0
2578	442	0	505	0
2579	442	0	513	0
2580	421	0	517	0
2581	472	0	493	0
2582	442	0	522	0
2583	444	0	519	0
2584	470	3	516	0
2585	469	7	524	0
2586	474	4	513	0
2587	459	4	504	0
2588	441	14	508	0
2589	459	0	499	0
2590	465	0	515	0
2591	459	0	518	0
2592	446	2	522	0
2593	449	0	507	0
2594	454	0	506	0
2595	461	0	526	0
2596	458	0	528	0
2597	467	0	518	0
2598	469	0	518	0
2599	449	0	529	0
2600	457	0	520	0
2601	447	0	525	0
2602	454	0	531	0
2603	473	0	514	0
2604	466	0	513	0
2605	476	0	505	0
2606	459	0	534	0
2607	461	0	525	0
2608	413	6	513	0
2609	461	0	515	0
2610	459	6	521	0
2611	444	0	502	0
2612	459	0	506	0
2613	426	0	500	0
2614	434	25	496	0
2615	453	0	509	0
2616	459	0	503	0
2617	444	0	517	0
2618	430	6	524	0
2619	447	0	511	0
2620	460	0	516	1
2621	487	0	514	0
2622	468	0	524	0
2623	457	0	520	0
2624	475	3	514	0
2625	450	0	519	0
2626	437	4	528	0
2627	449	3	506	0
2628	444	8	508	0
2629	454	0	488	0
2630	461	0	513	0
2631	455	0	501	0
2632	456	25	507	0
2633	453	1	506	0
2634	459	0	503	0
2635	447	0	527	0
2636	449	20	495	0
2637	446	0	528	0
2638	483	0	518	3
2639	446	0	531	0
2640	454	0	485	0
2641	454	0	531	0
2642	461	0	495	0
2643	455	0	503	0
2644	448	0	507	0
2645	454	0	509	0
2646	421	0	521	0
2647	475	0	506	0
2648	476	0	519	0
2649	434	0	501	0
2650	472	0	510	0
2651	467	0	509	0
2652	469	0	516	0
2653	468	0	518	0
2654	449	0	511	0
2655	429	37	521	0
2656	433	51	526	0
2657	427	19	506	0
2658	437	0	511	0
2659	460	0	507	0
2660	462	0	533	0
2661	462	0	516	0
2662	472	0	538	0
2663	468	0	523	0
2664	466	0	513	0
2665	466	0	545	0
2666	466	0	520	0
2667	452	0	523	0
2668	474	0	522	0
2669	480	0	510	0
2670	459	13	503	0
2671	457	0	511	0
2672	478	0	520	0
2673	443	3	517	0
2674	457	0	505	0
2675	466	0	499	0
2676	471	0	519	0
2677	471	0	494	0
2678	473	0	527	0
2679	467	0	511	0
2680	451	0	507	0
2681	447	0	498	0
2682	458	0	491	0
2683	484	0	510	0
2684	493	0	496	0
2685	442	0	500	0
2686	444	21	502	0
2687	407	50	479	0
2688	421	43	494	0
2689	346	89	501	0
2690	360	81	490	0
2691	376	70	497	0
2692	399	85	503	0
2693	414	58	499	0
2694	399	59	513	0
2695	423	58	524	0
2696	386	85	509	0
2697	384	66	503	0
2698	375	78	498	0
2699	387	52	486	0
2700	416	46	495	0
2701	430	31	520	0
2702	425	35	507	0
2703	396	61	502	0
2704	382	57	521	0
2705	407	37	489	0
2706	402	49	512	0
2707	416	66	520	0
2708	427	39	482	0
2709	419	28	488	0
2710	412	25	498	0
2711	421	61	481	0
2712	428	42	495	0
2713	416	50	501	0
2714	413	39	497	0
2715	429	15	503	0
2716	426	25	495	0
2717	405	30	507	0
2718	420	27	499	0
2719	433	28	500	0
2720	431	59	503	0
2721	436	15	507	0
2722	451	17	501	0
2723	434	35	507	0
2724	470	0	515	0
2725	463	0	526	0
2726	455	10	484	0
2727	448	0	510	0
2728	475	0	508	0
2729	450	0	505	0
2730	437	6	518	0
2731	447	0	530	0
2732	448	0	510	0
2733	436	0	521	0
2734	448	23	525	0
2735	441	29	508	0
2736	428	13	519	0
2737	460	0	533	0
2738	452	0	534	0
2739	447	2	497	0
2740	478	0	510	0
2741	455	0	517	0
2742	465	9	494	0
2743	435	20	493	0
2744	429	43	508	0
2745	412	49	488	0
2746	392	72	488	0
2747	372	67	517	0
2748	380	55	506	0
2749	375	66	498	0
2750	417	62	491	0
2751	414	32	507	0
2752	423	26	509	0
2753	416	26	502	0
2754	417	27	517	0
2755	400	58	516	0
2756	396	60	506	0
2757	377	92	498	0
2758	373	89	493	0
2759	367	116	503	0
2760	377	81	515	0
2761	396	67	509	0
2762	379	63	485	0
2763	365	87	483	0
2764	357	76	491	0
2765	392	80	493	0
2766	381	81	510	0
2767	371	83	497	0
2768	374	88	497	0
2769	351	113	499	0
2770	386	89	490	0
2771	390	72	505	0
2772	386	85	499	1
2773	399	73	497	2
2774	391	72	477	0
2775	405	65	499	0
2776	397	73	499	0
2777	402	57	511	0
2778	400	42	536	0
2779	407	23	537	0
2780	392	66	522	0
2781	418	38	496	0
2782	391	54	485	0
2783	397	72	483	0
2784	390	70	523	0
2785	402	41	522	0
2786	423	55	495	0
2787	413	48	533	0
2788	414	60	493	0
2789	411	36	507	0
2790	445	20	527	0
2791	432	16	499	0
2792	454	4	510	0
2793	468	0	519	0
2794	465	0	522	0
2795	452	0	529	0
2796	477	0	510	0
2797	450	0	510	0
2798	446	0	519	0
2799	464	0	486	1
2800	434	0	520	0
2801	442	0	520	0
2802	455	0	485	0
2803	470	0	500	0
2804	459	0	504	0
2805	447	0	504	0
2806	460	0	509	0
2807	451	9	503	1
2808	448	0	517	0
2809	450	0	515	0
2810	440	13	507	0
2811	474	0	506	0
2812	464	0	525	0
2813	466	0	505	0
2814	474	0	508	0
2815	469	0	512	0
2816	470	0	509	0
2817	457	0	504	0
2818	468	0	514	0
2819	430	0	503	0
2820	476	0	513	0
2821	462	0	505	0
2822	467	0	497	0
2823	476	0	508	0
2824	437	0	515	0
2825	470	0	492	0
2826	457	17	500	0
2827	484	0	535	0
2828	474	0	510	0
2829	476	0	499	0
2830	446	0	501	0
2831	463	0	535	0
2832	439	16	508	0
2833	450	0	524	0
2834	444	13	495	0
2835	442	26	511	0
2836	445	0	528	0
2837	442	8	499	0
2838	456	0	521	0
2839	456	0	496	0
2840	449	0	516	0
2841	471	0	514	0
2842	455	7	509	0
2843	471	0	510	0
2844	465	0	532	0
2845	460	5	497	0
2846	470	0	500	0
2847	464	0	523	0
2848	471	0	523	0
2849	466	0	504	1
2850	464	0	511	0
2851	468	0	518	0
2852	448	0	507	0
2853	463	0	524	0
2854	458	0	496	0
2855	444	0	523	0
2856	453	0	518	0
2857	462	0	497	0
2858	472	0	498	0
2859	450	0	506	0
2860	474	0	535	0
2861	442	0	526	0
2862	430	0	518	0
2863	464	6	522	0
2864	464	0	510	0
2865	470	0	505	0
2866	466	0	499	0
2867	454	5	503	0
2868	454	11	520	0
2869	454	0	507	0
2870	438	0	513	0
2871	439	37	504	0
2872	438	23	491	0
2873	466	2	498	0
2874	466	0	511	0
2875	478	0	519	0
2876	451	0	510	0
2877	452	0	516	0
2878	468	0	514	0
2879	450	11	511	0
2880	443	0	512	0
2881	447	10	522	0
2882	451	26	493	0
2883	453	0	516	0
2884	447	0	507	0
2885	456	0	523	0
2886	451	0	524	0
2887	455	2	509	0
2888	455	0	528	0
2889	444	18	523	0
2890	476	0	510	0
2891	468	0	499	0
2892	454	0	501	0
2893	470	0	508	0
2894	443	0	513	0
2895	444	0	536	0
2896	457	0	525	0
2897	459	0	514	0
2898	467	0	507	0
2899	447	0	508	0
2900	460	0	516	0
2901	460	0	524	0
2902	445	0	519	0
2903	445	0	519	0
2904	452	0	530	0
2905	410	23	493	0
2906	448	14	530	0
2907	457	2	511	0
2908	475	0	518	0
2909	478	0	516	0
2910	441	0	504	0
2911	450	27	502	0
2912	442	17	515	0
2913	428	3	520	0
2914	444	0	534	0
2915	444	20	514	0
2916	455	0	517	0
2917	440	0	525	0
2918	454	15	511	0
2919	437	0	511	0
2920	454	0	536	0
2921	477	0	524	0
2922	453	0	503	0
2923	459	0	505	0
2924	471	0	527	0
2925	456	0	493	0
2926	443	31	503	0
2927	438	27	500	1
2928	418	31	516	0
2929	378	81	521	0
2930	363	76	494	0
2931	351	84	478	0
2932	361	104	491	0
2933	360	87	498	0
2934	384	78	496	0
2935	369	105	480	0
2936	347	118	499	0
2937	344	130	493	0
2938	353	120	491	0
2939	341	118	486	0
2940	344	136	491	0
2941	376	100	501	0
2942	374	86	508	0
2943	357	103	495	0
2944	344	110	508	0
2945	342	109	500	0
2946	347	110	512	0
2947	362	109	493	0
2948	389	75	467	0
2949	404	64	503	0
2950	398	64	524	0
2951	437	37	503	0
2952	466	0	495	0
2953	479	6	531	0
2954	463	0	535	0
2955	476	0	501	0
2956	469	4	513	0
2957	451	0	523	0
2958	458	0	526	0
2959	467	0	524	0
2960	458	0	524	0
2961	446	0	526	0
2962	450	0	523	0
2963	457	0	505	0
2964	455	0	522	0
2965	436	11	512	0
2966	476	0	528	0
2967	477	0	516	0
2968	451	0	530	0
2969	468	0	496	2
2970	450	0	511	0
2971	463	0	520	0
2972	444	0	529	0
2973	456	0	495	0
2974	441	0	505	0
2975	464	0	509	0
2976	448	1	516	0
2977	447	6	540	0
2978	457	0	525	0
2979	449	0	506	0
2980	475	0	519	0
2981	462	0	521	0
2982	463	0	516	0
2983	451	0	501	0
2984	441	9	533	0
2985	454	0	510	0
2986	462	0	521	0
2987	442	0	518	0
2988	444	0	496	0
2989	426	31	481	0
2990	431	33	498	0
2991	377	74	494	0
2992	401	54	497	0
2993	397	47	510	0
2994	416	50	498	0
2995	383	69	469	0
2996	384	85	487	0
2997	375	90	499	0
2998	365	89	507	0
2999	364	81	499	0
3000	371	74	497	0
3001	371	90	496	0
3002	394	84	477	0
3003	435	21	494	0
3004	460	0	490	0
3005	453	0	524	1
3006	438	0	509	0
3007	458	0	514	0
3008	463	0	536	0
3009	477	0	521	0
3010	487	0	527	0
3011	451	8	526	0
3012	443	19	504	0
3013	465	0	517	0
3014	425	0	503	2
3015	451	0	518	0
3016	451	0	529	0
3017	424	22	527	0
3018	417	48	525	0
3019	436	53	508	0
3020	412	39	503	0
3021	431	41	508	0
3022	402	66	508	0
3023	408	56	522	0
3024	400	70	500	0
3025	385	70	485	0
3026	366	85	483	0
3027	349	109	484	0
3028	349	105	507	0
3029	330	123	491	0
3030	317	145	491	0
3031	314	155	482	0
3032	305	153	509	0
3033	309	141	478	0
3034	290	167	484	0
3035	290	162	478	0
3036	268	170	471	0
3037	299	158	478	0
3038	306	162	469	2
3039	298	150	501	0
3040	301	149	496	0
3041	295	158	461	0
3042	313	153	459	0
3043	307	135	480	0
3044	303	169	484	0
3045	303	137	493	0
3046	289	180	482	0
3047	286	181	471	0
3048	266	192	463	0
3049	280	171	480	0
3050	286	176	472	0
3051	297	150	460	0
3052	298	146	483	0
3053	312	159	496	0
3054	297	157	480	0
3055	322	147	479	0
3056	308	144	493	0
3057	305	163	480	0
3058	296	186	475	0
3059	291	173	480	0
3060	311	152	489	0
3061	315	120	496	0
3062	338	120	491	0
3063	344	129	482	0
3064	346	93	488	0
3065	356	101	502	0
3066	357	102	510	0
3067	368	79	493	0
3068	415	58	480	0
3069	396	84	508	0
3070	386	53	485	0
3071	429	17	499	0
3072	433	31	510	0
3073	425	30	495	0
3074	481	0	511	0
3075	452	0	523	0
3076	452	0	507	0
3077	451	0	514	0
3078	462	0	520	0
3079	447	0	515	0
3080	467	0	521	0
3081	426	20	529	0
3082	433	19	529	0
3083	460	0	520	0
3084	437	5	514	0
3085	439	0	522	0
3086	446	11	513	0
3087	465	0	531	0
3088	444	0	501	0
3089	453	0	530	0
3090	466	0	495	0
3091	453	1	511	0
3092	450	0	513	0
3093	446	0	496	0
3094	427	22	509	0
3095	421	33	500	0
3096	431	33	496	0
3097	428	25	515	0
3098	454	22	511	0
3099	420	40	503	0
3100	422	44	496	0
3101	391	75	511	0
3102	380	58	495	0
3103	382	83	506	0
3104	403	52	518	0
3105	431	36	512	0
3106	434	5	514	0
3107	462	2	513	0
3108	457	0	536	0
3109	451	10	517	0
3110	461	9	498	0
3111	447	10	521	0
3112	438	4	517	0
3113	454	0	520	0
3114	450	17	513	0
3115	422	32	501	0
3116	440	15	499	0
3117	431	14	533	0
3118	473	4	529	0
3119	441	0	511	0
3120	455	0	502	0
3121	461	6	498	0
3122	446	0	517	0
3123	466	10	509	0
3124	434	23	498	0
3125	454	12	486	0
3126	477	0	506	0
3127	481	0	506	0
3128	452	0	516	0
3129	448	0	520	0
3130	458	0	521	0
3131	464	0	522	0
3132	469	0	492	0
3133	463	14	501	0
3134	457	21	512	0
3135	450	16	510	0
3136	432	38	508	0
3137	450	19	537	0
3138	458	18	540	0
3139	448	0	529	0
3140	460	0	519	0
3141	453	0	490	0
3142	455	0	512	0
3143	440	0	503	0
3144	455	0	508	0
3145	452	6	492	0
3146	475	0	488	0
3147	475	0	493	0
3148	460	7	525	0
3149	464	0	501	0
3150	465	0	524	0
3151	464	0	500	0
3152	456	6	490	0
3153	467	0	504	0
3154	456	0	524	0
3155	459	0	506	0
3156	473	0	506	0
3157	461	0	511	0
3158	451	0	511	0
3159	447	27	506	0
3160	397	61	497	0
3161	406	44	489	0
3162	420	38	494	0
3163	433	15	475	0
3164	416	54	512	0
3165	408	50	494	0
3166	407	58	502	0
3167	383	68	488	0
3168	400	64	506	0
3169	394	68	486	0
3170	398	77	497	0
3171	407	59	517	0
3172	392	68	511	0
3173	382	57	520	0
3174	432	40	521	0
3175	422	35	538	0
3176	412	34	512	0
3177	396	57	496	0
3178	415	42	488	0
3179	422	21	505	0
3180	449	0	487	0
3181	456	0	515	0
3182	446	3	497	0
3183	454	0	508	0
3184	457	0	519	0
3185	452	0	514	0
3186	466	4	502	0
3187	481	0	531	0
3188	453	0	501	0
3189	472	0	520	0
3190	483	0	492	0
3191	444	0	522	0
3192	475	0	496	0
3193	457	0	489	0
3194	452	4	525	0
3195	468	0	518	0
3196	455	0	538	0
3197	432	28	496	0
3198	420	51	516	0
3199	414	34	509	0
3200	436	41	529	0
3201	454	10	516	0
3202	431	0	513	0
3203	473	0	491	0
3204	434	6	528	0
3205	436	25	511	0
3206	454	15	506	0
3207	425	33	517	0
3208	469	0	505	0
3209	432	18	511	0
3210	417	32	511	1
3211	454	20	498	0
3212	463	0	502	0
3213	445	0	522	0
3214	464	4	512	0
3215	448	0	517	0
3216	427	24	515	0
3217	440	50	501	0
3218	429	32	518	0
3219	420	29	507	0
3220	396	50	490	0
3221	388	47	512	0
3222	385	56	488	0
3223	401	57	510	0
3224	391	54	493	0
3225	378	72	473	0
3226	369	78	493	0
3227	389	63	491	0
3228	387	59	510	0
3229	409	49	496	0
3230	383	49	523	0
3231	384	80	489	0
3232	370	80	503	0
3233	399	79	507	0
3234	399	84	504	0
3235	392	62	497	0
3236	393	68	521	0
3237	403	51	510	0
3238	418	48	509	0
3239	401	59	518	0
3240	396	55	505	0
3241	407	51	497	0
3242	413	52	503	0
3243	419	47	494	0
3244	421	16	515	0
3245	448	31	494	0
3246	438	15	507	0
3247	424	28	504	0
3248	442	23	492	0
3249	464	0	519	0
3250	461	0	512	0
3251	448	0	519	0
3252	474	0	514	0
3253	481	0	521	0
3254	478	3	505	0
3255	444	2	506	0
3256	450	0	507	0
3257	446	0	509	0
3258	451	15	497	0
3259	449	13	512	0
3260	445	32	515	0
3261	451	0	500	0
3262	450	0	531	0
3263	433	0	495	0
3264	438	0	525	0
3265	471	0	485	0
3266	462	0	503	0
3267	435	36	520	0
3268	436	20	492	0
3269	433	40	510	1
3270	440	31	500	0
3271	442	0	508	0
3272	457	0	507	0
3273	452	2	522	0
3274	444	2	506	0
3275	464	0	523	0
3276	461	0	531	0
3277	441	32	497	0
3278	407	47	494	0
3279	389	55	492	0
3280	417	48	498	0
3281	422	33	494	0
3282	451	0	513	0
3283	458	0	532	0
3284	461	0	512	0
3285	475	0	522	0
3286	490	0	492	0
3287	452	8	497	0
3288	426	46	502	0
3289	425	51	486	0
3290	424	37	506	0
3291	404	44	481	0
3292	423	40	508	0
3293	418	23	511	0
3294	423	21	520	0
3295	444	0	496	0
3296	434	0	507	0
3297	432	18	515	0
3298	459	0	513	0
3299	451	0	523	0
3300	449	0	537	0
3301	467	0	507	0
3302	454	0	526	0
3303	458	13	539	0
3304	457	0	509	0
3305	459	0	531	0
3306	467	0	521	0
3307	431	5	528	0
3308	423	39	528	0
3309	411	57	503	0
3310	375	57	490	0
3311	377	85	518	0
3312	379	82	499	0
3313	421	44	511	0
3314	435	58	499	0
3315	380	75	518	0
3316	380	77	506	1
3317	356	85	494	0
3318	358	94	499	0
3319	347	107	522	0
3320	353	107	474	0
3321	354	94	491	0
3322	365	102	505	0
3323	343	100	505	0
3324	335	126	482	0
3325	336	127	487	0
3326	313	139	494	0
3327	330	127	487	0
3328	321	127	491	0
3329	327	135	472	0
3330	327	126	464	0
3331	305	153	480	0
3332	331	151	491	0
3333	318	126	492	0
3334	316	132	495	0
3335	346	102	495	0
3336	342	90	473	0
3337	371	86	506	0
3338	402	61	518	0
3339	397	50	507	0
3340	379	96	481	0
3341	368	87	494	0
3342	374	99	504	0
3343	373	73	502	0
3344	365	93	497	0
3345	341	116	488	0
3346	350	100	510	0
3347	337	130	501	0
3348	359	105	491	0
3349	362	97	496	0
3350	334	138	495	0
3351	307	148	478	0
3352	312	153	484	0
3353	322	153	487	0
3354	295	156	489	0
3355	292	154	505	0
3356	318	139	507	0
3357	320	163	493	0
3358	305	164	482	0
3359	292	150	490	0
3360	325	135	501	0
3361	372	118	483	0
3362	336	107	491	0
3363	343	123	493	0
3364	364	89	490	0
3365	365	100	514	0
3366	337	129	487	0
3367	319	154	459	0
3368	311	150	473	0
3369	286	172	485	0
3370	315	152	468	0
3371	309	142	495	0
3372	305	147	472	0
3373	285	162	486	0
3374	307	161	482	0
3375	333	139	491	0
3376	300	151	483	0
3377	270	182	476	0
3378	261	186	482	0
3379	249	212	464	0
3380	291	166	466	0
3381	301	163	481	0
3382	297	173	458	0
3383	298	150	493	0
3384	316	146	467	0
3385	312	160	493	0
3386	324	125	454	0
3387	321	132	469	0
3388	342	143	474	0
3389	304	136	465	0
3390	313	160	477	0
3391	286	172	502	0
3392	269	198	481	0
3393	278	211	472	0
3394	272	179	473	0
3395	286	179	469	0
3396	283	179	476	0
3397	285	187	476	0
3398	262	204	488	0
3399	266	187	508	0
3400	277	159	480	0
3401	321	137	473	0
3402	336	120	484	0
3403	329	113	480	0
3404	341	86	493	0
3405	346	111	488	0
3406	359	85	490	0
3407	373	87	497	0
3408	378	77	467	0
3409	383	71	484	0
3410	415	73	495	0
3411	352	82	500	0
3412	370	83	498	0
3413	366	84	483	0
3414	370	87	501	0
3415	388	77	527	0
3416	365	89	507	0
3417	348	107	484	0
3418	365	82	504	0
3419	369	95	488	0
3420	341	111	482	0
3421	341	133	482	0
3422	331	114	504	0
3423	374	69	504	0
3424	385	75	508	0
3425	377	74	503	0
3426	349	92	513	0
3427	344	116	510	0
3428	363	113	521	0
3429	348	103	493	0
3430	381	67	492	0
3431	371	87	487	0
3432	360	100	497	0
3433	336	107	525	0
3434	366	105	509	0
3435	352	119	508	0
3436	339	118	492	0
3437	365	84	499	0
3438	375	84	493	0
3439	368	99	486	0
3440	394	41	487	0
3441	442	20	505	0
3442	452	11	491	0
3443	479	0	488	0
3444	465	0	469	0
3445	469	0	492	0
3446	445	0	510	0
3447	438	0	528	0
3448	484	0	513	0
3449	474	0	509	0
3450	441	0	495	0
3451	441	0	493	0
3452	445	0	487	0
3453	459	0	496	0
3454	461	0	502	0
3455	441	15	521	0
3456	461	0	496	0
3457	459	0	512	0
3458	460	1	512	0
3459	468	0	509	0
3460	452	18	501	0
3461	440	7	494	0
3462	441	29	493	0
3463	412	23	514	0
3464	401	46	514	0
3465	416	31	509	0
3466	432	28	508	0
3467	437	22	484	0
3468	419	27	503	0
3469	394	57	484	0
3470	382	68	496	0
3471	359	89	485	0
3472	386	59	502	0
3473	414	41	492	0
3474	397	68	504	0
3475	400	48	512	0
3476	387	49	498	0
3477	416	55	496	0
3478	406	64	505	0
3479	391	73	512	0
3480	391	61	498	0
3481	409	78	479	0
3482	398	60	478	0
3483	426	45	495	0
3484	410	54	508	0
3485	430	45	499	0
3486	425	41	505	0
3487	433	15	497	0
3488	471	0	498	0
3489	466	0	505	0
3490	454	0	515	0
3491	429	7	514	0
3492	475	0	523	0
3493	461	0	515	0
3494	435	31	503	0
3495	433	0	487	0
3496	447	0	537	0
3497	466	0	520	0
3498	463	0	511	0
3499	455	0	513	0
3500	461	0	507	0
3501	452	3	501	0
3502	418	25	493	0
3503	424	22	529	0
3504	432	26	528	0
3505	424	20	500	0
3506	413	61	493	0
3507	419	36	501	0
3508	398	46	496	0
3509	422	33	486	0
3510	415	36	504	0
3511	402	56	502	0
3512	406	38	488	0
3513	389	69	520	0
3514	427	33	502	0
3515	438	23	502	0
3516	457	14	511	0
3517	450	0	529	0
3518	440	0	515	0
3519	433	0	506	0
3520	448	0	521	0
3521	438	0	513	0
3522	450	0	518	0
3523	449	0	499	0
3524	455	0	498	0
3525	487	0	518	0
3526	469	0	522	0
3527	468	0	516	0
3528	456	0	530	0
3529	434	20	528	0
3530	437	26	492	0
3531	430	11	543	0
3532	453	0	514	0
3533	450	0	511	0
3534	461	0	510	0
3535	447	0	522	0
3536	449	0	502	0
3537	447	8	507	0
3538	477	0	511	0
3539	442	14	500	0
3540	482	0	513	0
3541	437	0	521	0
3542	422	0	494	0
3543	453	0	505	0
3544	462	0	527	0
3545	487	0	494	0
3546	476	0	494	0
3547	464	9	516	0
3548	461	0	498	0
3549	459	0	499	0
3550	433	20	497	0
3551	447	0	519	0
3552	482	0	488	0
3553	458	2	524	0
3554	429	27	501	0
3555	393	49	508	0
3556	399	64	506	0
3557	395	60	508	0
3558	425	51	484	0
3559	369	79	500	0
3560	394	52	505	0
3561	395	68	524	0
3562	379	80	511	0
3563	369	76	500	0
3564	369	68	501	0
3565	382	66	517	0
3566	406	56	493	0
3567	421	44	499	0
3568	433	30	507	0
3569	419	28	491	0
3570	403	53	481	0
3571	406	44	489	0
3572	454	20	481	0
3573	404	42	505	0
3574	428	44	506	0
3575	418	26	507	0
3576	419	53	516	0
3577	431	34	503	0
3578	443	11	519	0
3579	452	0	509	0
3580	463	0	497	0
3581	446	0	531	0
3582	476	0	533	0
3583	452	0	505	0
3584	446	0	503	0
3585	416	42	531	0
3586	396	47	502	0
3587	431	31	516	0
3588	445	20	505	1
3589	446	15	503	0
3590	447	0	539	0
3591	456	0	505	0
3592	437	23	497	0
3593	449	29	504	0
3594	440	0	529	0
3595	467	0	498	0
3596	451	0	530	0
3597	451	0	522	0
3598	467	0	523	0
3599	463	0	524	0
3600	450	0	505	0
3601	473	0	499	0
3602	464	0	514	0
3603	451	0	503	0
3604	446	16	530	0
3605	473	0	530	0
3606	468	0	509	0
3607	471	0	511	0
3608	457	0	532	0
3609	457	0	504	0
3610	463	0	513	0
3611	457	5	514	0
3612	449	0	500	0
3613	472	0	497	0
3614	443	0	504	0
3615	426	21	502	0
3616	437	30	502	0
3617	408	60	496	0
3618	427	24	525	0
3619	455	0	488	0
3620	472	0	519	0
3621	464	0	505	0
3622	426	0	510	0
3623	473	0	513	0
3624	452	0	503	0
3625	462	0	518	0
3626	471	0	509	0
3627	453	0	499	0
3628	478	0	499	1
3629	428	0	496	0
3630	448	0	502	0
3631	448	2	509	0
3632	459	0	528	0
3633	461	0	507	0
3634	489	0	505	0
3635	452	19	521	0
3636	451	0	499	0
3637	465	0	529	0
3638	467	0	508	0
3639	450	0	497	0
3640	454	0	513	0
3641	465	0	522	0
3642	450	0	518	0
3643	465	0	500	0
3644	463	0	521	0
3645	476	0	501	0
3646	446	0	517	0
3647	444	0	484	0
3648	435	17	500	0
3649	451	0	510	1
3650	459	0	503	0
3651	457	0	508	0
3652	432	0	541	0
3653	459	3	510	0
3654	453	0	505	0
3655	451	0	529	0
3656	472	0	520	0
3657	462	0	505	0
3658	449	0	509	0
3659	453	0	498	0
3660	464	0	511	0
3661	474	0	522	0
3662	471	4	501	0
3663	429	31	487	0
3664	419	33	515	0
3665	405	50	488	0
3666	403	55	498	0
3667	389	63	471	1
3668	417	60	507	0
3669	406	47	504	0
3670	436	25	518	0
3671	446	23	511	0
3672	442	7	521	0
3673	464	0	510	0
3674	489	0	508	0
3675	437	0	517	0
3676	464	13	523	0
3677	453	0	515	0
3678	457	0	524	0
3679	472	0	518	0
3680	457	0	522	0
3681	453	0	477	0
3682	456	8	518	0
3683	466	9	510	0
3684	452	0	517	0
3685	441	3	513	0
3686	470	0	504	0
3687	442	0	497	0
3688	466	0	517	0
3689	487	2	505	0
3690	446	0	509	0
3691	459	0	479	0
3692	454	0	519	0
3693	483	0	507	0
3694	472	0	518	0
3695	438	22	508	0
3696	427	36	494	0
3697	451	0	504	0
3698	446	0	514	0
3699	469	0	535	0
3700	434	5	527	0
3701	470	0	501	0
3702	473	0	515	0
3703	462	4	503	0
3704	424	16	524	0
3705	455	0	510	0
3706	454	1	519	0
3707	459	11	500	0
3708	445	30	505	0
3709	460	10	496	0
3710	457	0	520	0
3711	453	0	521	0
3712	471	0	519	0
3713	480	0	508	0
3714	470	0	503	0
3715	454	0	498	0
3716	466	0	516	0
3717	485	0	509	0
3718	449	0	512	0
3719	470	0	514	0
3720	464	0	512	0
3721	455	0	509	0
3722	456	0	508	0
3723	469	0	519	0
3724	464	0	499	0
3725	463	0	521	0
3726	452	8	534	0
3727	462	0	506	0
3728	471	0	522	0
3729	486	0	511	0
3730	454	0	524	0
3731	458	8	489	0
3732	449	13	500	0
3733	441	33	508	0
3734	423	27	503	0
3735	414	34	497	0
3736	427	47	508	0
3737	437	30	515	0
3738	451	17	496	0
3739	439	3	520	0
3740	464	0	521	0
3741	441	0	515	0
3742	471	0	516	0
3743	475	0	522	0
3744	455	24	513	0
3745	473	6	520	0
3746	452	0	529	0
3747	472	3	523	0
3748	470	0	513	0
3749	483	0	524	0
3750	467	0	501	0
3751	441	0	530	0
3752	470	0	504	0
3753	450	6	523	0
3754	451	0	507	0
3755	454	0	501	0
3756	464	0	532	0
3757	446	17	496	0
3758	433	21	518	0
3759	435	0	511	0
3760	449	0	533	0
3761	463	0	545	0
3762	463	0	513	0
3763	473	0	518	0
3764	454	0	513	0
3765	451	6	532	0
3766	472	0	517	0
3767	472	0	516	0
3768	468	0	508	0
3769	451	0	516	0
3770	456	0	493	0
3771	481	0	492	0
3772	456	11	499	0
3773	443	0	542	0
3774	429	21	505	0
3775	415	26	482	0
3776	415	27	524	0
3777	392	68	486	0
3778	366	100	487	0
3779	363	87	495	0
3780	375	86	502	0
3781	355	110	480	0
3782	345	96	495	0
3783	372	103	478	0
3784	357	119	496	0
3785	338	91	478	0
3786	383	69	495	0
3787	386	57	498	0
3788	389	60	472	0
3789	380	47	472	0
3790	407	37	487	0
3791	408	38	493	0
3792	414	58	494	0
3793	395	41	508	0
3794	389	69	498	0
3795	401	47	516	0
3796	405	45	520	0
3797	410	46	514	0
3798	416	29	515	0
3799	424	27	521	0
3800	430	31	500	0
3801	453	0	519	0
3802	464	0	497	0
3803	455	0	501	0
3804	461	0	503	0
3805	462	0	505	0
3806	459	0	519	0
3807	463	0	535	0
3808	475	0	500	0
3809	464	0	508	0
3810	447	0	528	0
3811	458	0	498	0
3812	451	0	502	0
3813	446	22	520	0
3814	440	19	496	0
3815	445	9	513	0
3816	439	7	523	0
3817	457	0	508	2
3818	454	0	524	0
3819	453	0	511	0
3820	434	0	508	0
3821	475	0	521	0
3822	464	0	507	0
3823	467	0	501	0
3824	451	0	516	0
3825	451	0	510	0
3826	455	0	524	0
3827	463	0	513	0
3828	446	0	511	0
3829	448	0	528	0
3830	450	0	518	0
3831	465	10	490	0
3832	448	0	511	0
3833	490	3	523	0
3834	458	0	526	0
3835	449	0	519	0
3836	483	0	508	0
3837	453	0	491	3
3838	434	0	536	0
3839	457	13	523	0
3840	489	0	511	0
3841	473	0	503	0
3842	451	9	512	0
3843	461	0	506	0
3844	431	0	508	0
3845	444	1	525	0
3846	432	0	527	0
3847	491	0	518	0
3848	463	0	517	0
3849	451	0	514	0
3850	454	0	505	0
3851	448	0	519	0
3852	442	50	500	0
3853	440	30	502	0
3854	441	16	504	0
3855	444	0	509	0
3856	466	0	500	0
3857	434	4	497	0
3858	465	0	487	0
3859	464	0	520	0
3860	461	8	526	0
3861	468	0	526	0
3862	468	0	531	0
3863	450	0	501	0
3864	462	0	529	0
3865	463	0	524	0
3866	462	0	522	0
3867	466	0	524	0
3868	449	0	515	0
3869	454	0	516	0
3870	447	0	529	0
3871	464	1	516	0
3872	468	0	507	0
3873	467	0	505	0
3874	462	13	510	1
3875	440	22	488	0
3876	445	0	500	0
3877	446	2	513	0
3878	456	0	530	0
3879	443	0	518	0
3880	453	0	508	0
3881	459	0	511	0
3882	438	0	503	0
3883	437	0	503	0
3884	453	0	500	0
3885	450	0	505	0
3886	480	0	523	0
3887	451	0	530	0
3888	470	0	490	0
3889	462	0	508	0
3890	471	0	488	0
3891	453	16	517	0
3892	444	27	499	0
3893	453	0	511	0
3894	441	6	534	0
3895	424	3	527	0
3896	457	0	520	0
3897	446	0	514	0
3898	454	0	520	0
3899	474	8	534	0
3900	430	20	524	0
3901	423	63	495	0
3902	391	58	508	0
3903	392	63	508	0
3904	391	88	491	0
3905	346	88	487	0
3906	338	110	475	0
3907	373	86	505	0
3908	343	92	521	0
3909	348	99	503	0
3910	342	105	494	0
3911	335	101	521	0
3912	332	114	495	0
3913	343	123	510	0
3914	360	107	502	0
3915	360	107	507	0
3916	331	133	496	0
3917	311	141	499	0
3918	331	123	481	0
3919	328	128	484	0
3920	349	140	472	0
3921	305	155	469	0
3922	291	156	487	0
3923	315	158	483	0
3924	333	143	485	0
3925	342	113	505	0
3926	360	93	493	0
3927	355	107	486	0
3928	353	101	499	0
3929	327	146	481	0
3930	315	155	483	0
3931	328	140	495	0
3932	324	138	505	0
3933	319	141	482	0
3934	327	129	484	0
3935	292	171	492	0
3936	308	132	488	0
3937	329	134	481	0
3938	355	108	496	0
3939	367	94	475	0
3940	362	78	479	0
3941	353	90	506	0
3942	372	48	510	0
3943	407	58	522	0
3944	436	25	490	0
3945	437	18	516	0
3946	410	45	516	0
3947	416	49	487	0
3948	414	21	488	0
3949	438	8	506	0
3950	462	0	505	0
3951	464	19	501	0
3952	465	0	503	0
3953	459	24	534	0
3954	439	14	494	0
3955	456	0	509	0
3956	466	0	515	0
3957	447	1	488	0
3958	465	9	531	0
3959	463	14	511	0
3960	477	0	507	0
3961	446	4	514	0
3962	458	0	509	0
3963	446	0	506	0
3964	453	0	510	0
3965	467	0	517	0
3966	434	0	515	0
3967	455	0	524	0
3968	474	0	495	2
3969	463	4	524	0
3970	435	17	509	0
3971	438	28	508	0
3972	427	25	501	0
3973	441	40	488	0
3974	450	0	502	0
3975	467	0	514	0
3976	458	6	496	0
3977	458	0	511	0
3978	427	0	500	0
3979	460	0	522	0
3980	483	0	506	0
3981	447	22	507	0
3982	449	0	518	0
3983	453	0	511	0
3984	472	0	536	0
3985	467	8	507	0
3986	450	0	490	0
3987	457	0	504	0
3988	462	0	491	0
3989	459	0	508	0
3990	467	0	502	0
3991	460	0	508	0
3992	470	0	497	0
3993	462	0	517	0
3994	467	0	517	0
3995	450	0	487	0
3996	443	14	527	0
3997	458	0	524	0
3998	444	9	511	0
3999	422	39	496	0
4000	402	64	510	0
4001	383	96	518	0
4002	354	100	502	0
4003	367	107	506	0
4004	341	124	522	0
4005	332	100	497	0
4006	324	130	496	0
4007	319	143	487	0
4008	312	144	480	0
4009	293	146	480	0
4010	333	121	479	0
4011	343	142	477	0
4012	337	115	465	0
4013	367	103	512	0
4014	377	85	488	0
4015	383	87	508	0
4016	354	96	496	0
4017	340	115	508	0
4018	354	90	480	0
4019	366	102	514	0
4020	374	81	497	0
4021	376	92	482	0
4022	339	112	479	0
4023	363	103	495	0
4024	365	72	510	0
4025	332	102	507	0
4026	366	106	499	0
4027	360	111	496	0
4028	350	100	510	0
4029	380	88	477	0
4030	406	52	489	0
4031	412	59	504	0
4032	405	30	495	0
4033	445	17	519	0
4034	442	0	529	0
4035	445	0	510	0
4036	433	0	517	0
4037	457	0	505	0
4038	453	0	489	0
4039	482	0	499	0
4040	450	0	499	0
4041	446	0	483	0
4042	431	21	510	0
4043	444	0	516	0
4044	436	0	512	0
4045	453	0	522	0
4046	448	0	499	0
4047	458	0	511	1
4048	483	0	498	0
4049	454	0	515	0
4050	467	0	512	0
4051	447	0	517	0
4052	476	0	521	0
4053	434	0	510	0
4054	466	0	495	0
4055	457	0	524	0
4056	442	0	499	0
4057	446	0	515	0
4058	458	0	514	0
4059	459	0	505	0
4060	465	0	524	0
4061	451	4	520	0
4062	474	0	532	0
4063	476	0	508	0
4064	469	0	516	0
4065	475	0	512	0
4066	482	0	527	0
4067	472	0	499	0
4068	486	0	513	0
4069	465	0	504	0
4070	447	0	504	0
4071	463	0	518	0
4072	463	0	493	0
4073	473	0	509	0
4074	443	0	537	0
4075	475	2	508	0
4076	441	0	499	1
4077	433	20	497	0
4078	435	29	511	0
4079	467	0	523	0
4080	456	0	517	0
4081	459	0	520	0
4082	459	0	537	0
4083	453	0	513	0
4084	456	0	497	0
4085	447	0	519	0
4086	482	5	512	0
4087	451	4	521	0
4088	460	0	505	0
4089	450	5	495	0
4090	468	0	498	0
4091	451	14	514	0
4092	451	0	524	0
4093	463	0	523	0
4094	440	21	507	0
4095	421	27	492	0
4096	474	0	518	0
4097	475	0	510	0
4098	434	25	514	0
4099	442	28	511	0
4100	457	0	538	0
4101	441	0	515	0
4102	474	0	520	0
4103	469	0	524	0
4104	455	2	520	0
4105	459	0	520	0
4106	460	0	522	0
4107	450	15	511	0
4108	489	0	511	0
4109	462	0	506	0
4110	446	0	499	0
4111	456	0	511	0
4112	442	2	496	0
4113	459	0	514	0
4114	454	0	498	0
4115	446	0	512	0
4116	449	0	508	0
4117	471	0	513	0
4118	462	0	501	0
4119	479	0	483	0
4120	442	0	492	0
4121	454	0	498	0
4122	450	0	517	0
4123	440	0	508	0
4124	459	0	514	0
4125	473	0	527	0
4126	475	0	494	0
4127	446	0	523	0
4128	453	0	489	0
4129	466	0	538	0
4130	478	0	520	0
4131	447	0	512	0
4132	460	0	527	0
4133	445	30	522	0
4134	423	16	527	0
4135	445	0	504	0
4136	430	31	515	0
4137	436	0	524	0
4138	441	20	505	0
4139	424	11	499	0
4140	465	0	529	0
4141	454	9	498	0
4142	451	0	503	0
4143	473	0	513	0
4144	448	0	507	0
4145	453	2	512	0
4146	471	0	521	0
4147	467	0	498	0
4148	444	0	514	0
4149	417	45	514	0
4150	407	48	510	0
4151	390	54	490	0
4152	370	90	504	0
4153	381	59	499	0
4154	382	82	492	0
4155	362	90	496	0
4156	352	103	501	0
4157	379	66	488	0
4158	391	61	489	0
4159	396	42	507	0
4160	421	53	511	0
4161	411	62	500	0
4162	420	41	524	0
4163	441	15	514	0
4164	474	0	520	0
4165	455	15	497	0
4166	450	24	479	0
4167	460	13	502	0
4168	448	16	503	0
4169	428	18	522	0
4170	397	52	505	0
4171	407	67	492	0
4172	391	50	514	0
4173	391	48	497	0
4174	377	66	490	0
4175	389	54	492	0
4176	392	67	505	0
4177	408	34	519	0
4178	391	41	485	0
4179	377	83	481	0
4180	405	75	496	0
4181	369	76	502	0
4182	396	58	491	0
4183	408	47	496	0
4184	411	54	484	0
4185	391	48	505	0
4186	403	47	514	0
4187	455	12	513	0
4188	453	0	536	0
4189	463	0	494	0
4190	458	0	520	0
4191	452	0	487	0
4192	460	23	495	0
4193	442	27	507	0
4194	454	25	498	0
4195	448	0	500	0
4196	436	0	507	0
4197	445	0	493	0
4198	451	6	504	0
4199	444	0	511	0
4200	477	0	511	0
4201	480	0	497	0
4202	459	0	490	0
4203	436	16	519	0
4204	412	31	511	0
4205	433	43	489	0
4206	429	41	510	0
4207	436	2	507	0
4208	457	0	527	0
4209	455	0	517	0
4210	464	4	515	0
4211	482	0	531	0
4212	446	0	517	0
4213	467	0	502	0
4214	472	0	531	0
4215	409	29	518	0
4216	413	43	512	0
4217	411	28	488	0
4218	437	30	512	0
4219	424	33	510	0
4220	443	42	505	0
4221	432	30	505	0
4222	433	4	514	0
4223	418	16	517	0
4224	466	0	487	0
4225	469	0	507	0
4226	457	15	522	0
4227	454	0	529	0
4228	456	0	524	0
4229	447	7	497	0
4230	465	0	508	0
4231	437	0	517	0
4232	457	0	528	0
4233	424	27	506	0
4234	395	58	486	0
4235	424	23	509	0
4236	441	0	503	5
4237	456	12	498	0
4238	440	13	514	0
4239	462	0	502	0
4240	461	0	521	0
4241	457	0	532	0
4242	463	0	519	0
4243	438	23	512	0
4244	451	0	500	0
4245	454	8	517	0
4246	440	28	524	0
4247	439	33	514	0
4248	420	35	513	0
4249	448	9	517	0
4250	451	21	514	0
4251	447	0	521	0
4252	474	0	513	0
4253	452	0	489	0
4254	466	0	536	0
4255	478	17	517	0
4256	449	20	491	0
4257	458	0	516	0
4258	453	0	523	0
4259	457	0	516	0
4260	467	0	497	0
4261	472	4	508	0
4262	455	0	520	0
4263	467	2	518	0
4264	452	0	518	0
4265	459	0	502	0
4266	458	7	492	0
4267	458	0	523	0
4268	481	0	510	0
4269	479	0	503	0
4270	460	0	508	0
4271	469	0	498	0
4272	436	19	509	0
4273	456	5	477	1
4274	456	0	493	0
4275	434	23	507	0
4276	418	37	504	0
4277	453	0	514	2
4278	453	17	495	0
4279	438	32	501	0
4280	420	19	493	0
4281	391	54	490	0
4282	378	79	487	0
4283	392	73	490	0
4284	351	108	488	0
4285	334	112	493	0
4286	346	91	514	0
4287	346	105	472	0
4288	338	107	482	0
4289	341	120	488	0
4290	364	98	500	0
4291	355	111	475	0
4292	337	123	480	0
4293	327	128	478	0
4294	324	135	471	0
4295	354	109	505	0
4296	337	119	485	0
4297	329	124	504	0
4298	344	115	491	0
4299	343	106	511	0
4300	346	128	485	0
4301	345	109	506	0
4302	298	153	492	0
4303	270	190	451	0
4304	283	183	463	0
4305	274	190	472	1
4306	285	162	482	0
4307	252	189	492	0
4308	270	211	469	0
4309	277	167	498	0
4310	270	180	477	0
4311	268	187	478	0
4312	255	210	479	0
4313	230	227	475	0
4314	227	237	447	0
4315	240	241	457	0
4316	241	215	479	1
4317	239	218	472	1
4318	258	231	467	0
4319	239	218	473	0
4320	214	257	471	0
4321	215	250	477	0
4322	195	266	450	0
4323	205	240	468	0
4324	242	226	452	0
4325	235	235	442	0
4326	195	244	477	0
4327	224	236	456	0
4328	192	246	484	0
4329	219	231	489	0
4330	218	271	468	0
4331	197	237	464	0
4332	240	234	462	0
4333	255	210	489	0
4334	245	213	461	0
4335	266	208	490	0
4336	242	200	501	0
4337	299	166	484	0
4338	338	106	478	0
4339	381	86	489	0
4340	394	48	518	0
4341	399	28	498	3
4342	438	34	465	0
4343	424	19	519	0
4344	442	33	510	0
4345	436	34	524	0
4346	432	23	505	0
4347	411	45	507	0
4348	446	19	506	0
4349	465	0	479	0
4350	451	0	508	0
4351	450	0	506	0
4352	439	0	506	0
4353	473	0	508	1
4354	475	0	514	0
4355	457	0	507	2
4356	461	0	484	0
4357	473	0	531	0
4358	448	0	523	0
4359	477	0	505	0
4360	469	0	507	0
4361	449	0	531	0
4362	443	8	524	0
4363	417	14	480	0
4364	450	19	514	0
4365	466	0	517	0
4366	444	0	507	0
4367	439	0	518	0
4368	467	0	525	0
4369	459	0	522	0
4370	466	0	517	0
4371	465	0	522	0
4372	452	0	529	0
4373	477	0	509	0
4374	449	0	487	0
4375	438	17	517	0
4376	416	61	527	0
4377	401	70	505	0
4378	379	87	505	0
4379	365	103	524	0
4380	338	126	495	0
4381	355	97	479	0
4382	348	88	475	0
4383	393	69	509	0
4384	427	35	517	0
4385	405	44	517	0
4386	422	26	519	0
4387	449	0	513	0
4388	447	0	534	0
4389	450	9	526	0
4390	408	45	484	0
4391	406	67	503	0
4392	420	55	509	0
4393	412	59	502	0
4394	404	60	499	0
4395	389	52	498	0
4396	366	62	492	0
4397	359	107	505	0
4398	355	133	490	0
4399	378	84	496	0
4400	402	55	518	0
4401	397	76	477	0
4402	382	89	504	0
4403	395	58	514	0
4404	383	59	515	0
4405	401	79	530	0
4406	386	87	505	0
4407	366	108	497	0
4408	380	89	479	0
4409	360	96	476	0
4410	343	93	484	0
4411	376	98	494	0
4412	367	98	498	0
4413	319	145	492	0
4414	311	137	488	0
4415	343	139	470	0
4416	349	104	476	0
4417	356	108	493	0
4418	377	70	503	0
4419	406	54	482	0
4420	391	63	516	0
4421	420	41	503	0
4422	396	48	482	0
4423	400	70	496	0
4424	386	62	508	0
4425	409	69	517	0
4426	405	52	490	0
4427	388	42	514	0
4428	386	87	523	0
4429	404	56	514	0
4430	404	52	511	0
4431	417	62	506	0
4432	394	59	517	0
4433	421	32	517	0
4434	426	23	502	0
4435	436	13	501	0
4436	425	24	488	0
4437	424	21	502	0
4438	447	26	510	0
4439	445	22	502	0
4440	427	28	528	0
4441	429	26	514	0
4442	444	18	511	1
4443	441	0	527	0
4444	447	0	522	6
4445	450	0	513	0
4446	475	0	477	0
4447	462	0	520	0
4448	478	0	509	0
4449	486	0	511	0
4450	447	0	502	0
4451	451	0	522	0
4452	443	24	536	0
4453	440	24	522	0
4454	438	11	529	0
4455	466	0	507	0
4456	464	0	516	0
4457	466	0	532	0
4458	474	0	516	0
4459	436	0	488	0
4460	454	0	529	0
4461	458	0	520	0
4462	473	0	515	2
4463	441	0	514	0
4464	467	0	502	0
4465	470	0	512	0
4466	440	0	520	0
4467	465	0	553	0
4468	465	0	507	1
4469	458	0	510	0
4470	478	0	512	0
4471	476	0	507	0
4472	452	0	492	0
4473	426	8	507	0
4474	459	0	520	0
4475	467	0	532	0
4476	454	0	496	0
4477	441	13	516	0
4478	468	0	517	0
4479	482	0	531	0
4480	457	0	500	0
4481	434	1	493	0
4482	449	0	502	0
4483	438	0	522	0
4484	440	23	498	0
4485	466	0	486	0
4486	462	0	504	0
4487	492	0	517	0
4488	464	3	529	0
4489	454	0	512	0
4490	471	0	512	0
4491	451	0	508	0
4492	457	0	502	0
4493	456	0	522	0
4494	437	0	505	0
4495	465	8	529	0
4496	479	0	497	0
4497	474	0	511	0
4498	466	0	494	0
4499	450	0	497	0
4500	446	34	506	0
4501	419	31	515	0
4502	401	36	535	0
4503	411	39	518	0
4504	416	38	513	0
4505	417	29	499	0
4506	442	18	501	0
4507	404	39	526	0
4508	411	49	499	0
4509	401	49	517	0
4510	396	53	516	0
4511	441	21	498	0
4512	460	25	499	0
4513	444	26	491	0
4514	428	31	505	0
4515	434	23	504	0
4516	463	23	493	0
4517	466	0	511	0
4518	437	21	507	0
4519	450	16	523	0
4520	426	29	490	0
4521	437	17	498	0
4522	416	27	507	0
4523	410	53	470	0
4524	451	11	492	0
4525	462	0	513	0
4526	444	11	509	0
4527	475	0	499	0
4528	454	0	524	0
4529	443	9	520	0
4530	443	30	521	0
4531	452	0	511	0
4532	472	0	508	0
4533	464	3	495	0
4534	470	0	498	0
4535	450	0	500	0
4536	476	0	505	0
4537	459	0	525	0
4538	463	0	533	0
4539	450	0	515	0
4540	474	0	516	0
4541	452	0	515	0
4542	457	0	521	0
4543	471	0	507	0
4544	442	0	501	0
4545	464	0	511	0
4546	448	0	530	0
4547	430	14	511	0
4548	458	15	515	0
4549	456	0	502	0
4550	465	0	508	0
4551	434	30	508	0
4552	401	41	525	0
4553	404	30	529	0
4554	418	69	501	0
4555	427	36	501	0
4556	474	0	517	0
4557	482	0	505	0
4558	470	0	533	0
4559	462	0	536	0
4560	462	0	520	0
4561	445	9	521	0
4562	447	12	498	0
4563	461	0	511	0
4564	455	0	515	0
4565	466	0	522	0
4566	463	0	514	0
4567	452	0	512	0
4568	449	0	513	0
4569	453	0	521	0
4570	478	0	498	0
4571	474	0	508	0
4572	441	12	510	0
4573	476	0	496	0
4574	474	0	534	0
4575	451	2	518	0
4576	472	0	516	0
4577	449	0	526	0
4578	456	0	495	0
4579	453	0	534	0
4580	460	12	501	0
4581	439	14	494	0
4582	432	21	508	0
4583	418	42	482	0
4584	401	59	513	0
4585	431	33	530	0
4586	423	33	517	0
4587	394	72	493	0
4588	384	85	494	1
4589	389	61	495	0
4590	365	78	506	0
4591	366	88	477	0
4592	344	114	485	0
4593	331	118	513	0
4594	356	107	501	0
4595	350	101	513	0
4596	341	120	483	0
4597	356	121	492	0
4598	331	128	505	0
4599	334	136	514	0
4600	345	131	471	0
4601	333	109	467	0
4602	317	147	479	0
4603	324	134	462	0
4604	339	110	473	0
4605	318	112	494	0
4606	316	132	485	0
4607	321	141	467	0
4608	338	147	483	0
4609	353	132	438	0
4610	321	116	470	0
4611	331	107	497	0
4612	344	120	508	0
4613	332	145	468	0
4614	337	124	491	0
4615	355	120	472	0
4616	363	102	490	0
4617	394	79	464	0
4618	384	35	499	0
4619	390	70	491	0
4620	384	80	526	0
4621	363	90	524	0
4622	336	140	498	0
4623	351	107	494	0
4624	304	151	482	0
4625	310	155	471	0
4626	309	133	487	0
4627	307	156	487	0
4628	337	129	487	0
4629	344	123	501	0
4630	349	114	495	0
4631	323	120	488	0
4632	381	66	485	0
4633	412	46	480	0
4634	406	43	510	0
4635	411	55	499	0
4636	417	60	482	0
4637	423	51	520	0
4638	399	63	498	0
4639	388	60	489	0
4640	395	75	494	0
4641	334	113	472	0
4642	330	122	506	0
4643	346	112	498	0
4644	307	138	477	0
4645	301	167	473	0
4646	281	178	475	0
4647	278	172	496	0
4648	287	213	466	0
4649	289	168	485	0
4650	294	169	480	0
4651	329	139	484	0
4652	319	126	490	0
4653	350	123	494	0
4654	337	100	501	0
4655	334	116	522	0
4656	329	127	489	0
4657	338	141	490	0
4658	324	128	496	0
4659	315	126	481	0
4660	294	136	481	0
4661	344	125	480	0
4662	341	127	472	0
4663	341	119	481	0
4664	333	124	487	0
4665	377	70	491	0
4666	374	73	485	0
4667	372	74	510	0
4668	368	75	511	0
4669	396	66	518	0
4670	398	52	523	0
4671	387	77	493	0
4672	374	101	494	0
4673	368	101	455	0
4674	357	89	508	0
4675	403	59	505	0
4676	410	28	499	0
4677	422	34	495	0
4678	421	31	518	0
4679	402	59	504	0
4680	393	53	526	0
4681	402	64	507	0
4682	436	24	510	0
4683	421	53	490	0
4684	433	17	517	0
4685	434	25	473	0
4686	456	0	500	0
4687	466	0	519	0
4688	443	0	498	0
4689	468	0	500	0
4690	455	0	500	0
4691	435	0	493	0
4692	457	0	509	0
4693	456	0	509	0
4694	473	0	494	0
4695	454	0	499	0
4696	448	0	509	0
4697	468	0	504	0
4698	482	3	500	0
4699	474	0	522	0
4700	449	25	499	0
4701	446	7	512	0
4702	465	0	509	0
4703	471	0	532	0
4704	442	0	520	0
4705	434	40	507	0
4706	430	24	493	0
4707	422	22	503	0
4708	429	44	528	0
4709	414	49	524	0
4710	455	12	515	0
4711	458	0	498	0
4712	473	0	495	0
4713	451	16	496	0
4714	439	8	489	0
4715	448	0	533	0
4716	451	7	522	0
4717	470	0	524	0
4718	459	0	522	0
4719	462	0	514	0
4720	468	0	504	0
4721	465	0	501	0
4722	453	0	503	0
4723	482	0	482	0
4724	443	0	518	0
4725	463	0	508	0
4726	470	0	495	0
4727	461	0	516	0
4728	436	32	525	0
4729	427	39	514	0
4730	413	44	519	0
4731	405	28	514	0
4732	414	26	519	0
4733	407	55	520	0
4734	395	67	508	0
4735	385	111	504	0
4736	356	99	499	0
4737	362	77	514	0
4738	357	94	476	0
4739	389	57	514	0
4740	419	67	477	0
4741	412	55	491	0
4742	402	60	505	0
4743	408	44	495	0
4744	444	16	489	0
4745	452	0	536	0
4746	441	13	510	0
4747	450	28	496	0
4748	440	9	521	0
4749	474	0	508	0
4750	472	0	511	0
4751	448	3	508	0
4752	454	0	505	0
4753	454	0	536	0
4754	460	0	516	0
4755	463	0	484	0
4756	446	0	490	0
4757	444	0	518	0
4758	460	0	521	0
4759	430	31	512	0
4760	444	22	511	0
4761	440	16	495	0
4762	443	0	524	0
4763	446	23	501	0
4764	456	0	531	0
4765	449	0	506	0
4766	452	0	507	0
4767	458	0	505	0
4768	454	1	515	0
4769	462	0	517	0
4770	453	11	503	0
4771	474	0	507	0
4772	464	0	509	0
4773	442	0	503	0
4774	462	0	500	0
4775	435	0	491	0
4776	452	0	503	0
4777	468	0	511	0
4778	466	0	530	0
4779	450	0	521	0
4780	445	0	519	0
4781	447	29	504	0
4782	452	6	506	0
4783	457	0	516	0
4784	468	0	499	0
4785	464	0	526	0
4786	469	0	505	0
4787	465	5	516	0
4788	449	0	508	0
4789	446	0	488	0
4790	443	0	483	3
4791	455	0	513	0
4792	466	0	524	0
4793	447	0	537	0
4794	433	21	503	0
4795	444	0	523	0
4796	436	0	522	0
4797	477	0	533	0
4798	449	12	533	0
4799	468	0	514	0
4800	459	0	487	0
4801	483	0	529	0
4802	463	0	529	0
4803	443	0	520	0
4804	478	0	521	0
4805	452	0	505	0
4806	474	3	486	0
4807	473	0	502	0
4808	475	0	519	0
4809	434	7	499	0
4810	457	0	501	0
4811	473	0	500	0
4812	440	0	512	0
4813	444	0	501	0
4814	434	0	508	0
4815	455	0	507	0
4816	459	0	505	0
4817	466	5	511	0
4818	452	0	511	0
4819	446	0	514	0
4820	456	0	505	0
4821	443	9	501	0
4822	437	27	496	0
4823	424	14	492	0
4824	448	0	505	0
4825	467	0	531	0
4826	456	0	511	0
4827	452	0	503	0
4828	460	0	518	0
4829	462	0	532	0
4830	461	0	502	0
4831	493	0	504	0
4832	430	0	513	0
4833	465	0	516	0
4834	449	0	514	0
4835	455	0	511	0
4836	455	0	512	0
4837	436	14	493	0
4838	429	33	505	0
4839	422	37	530	0
4840	435	45	506	0
4841	431	30	520	0
4842	442	11	504	0
4843	427	32	497	0
4844	463	0	525	0
4845	444	0	515	0
4846	455	17	490	0
4847	460	0	513	0
4848	441	0	509	0
4849	458	0	497	0
4850	465	0	533	0
4851	437	18	516	0
4852	444	21	525	0
4853	459	0	510	0
4854	456	0	496	0
4855	452	0	508	0
4856	482	0	512	0
4857	463	12	517	0
4858	427	0	505	0
4859	460	0	515	0
4860	453	0	511	0
4861	456	0	512	0
4862	456	21	532	0
4863	434	0	545	0
4864	438	2	506	0
4865	444	21	501	0
4866	433	23	513	0
4867	436	23	529	0
4868	445	10	511	0
4869	426	39	527	0
4870	431	49	501	0
4871	426	27	499	0
4872	456	9	503	0
4873	454	0	500	0
4874	473	8	503	0
4875	473	0	489	0
4876	455	22	510	0
4877	448	17	526	0
4878	461	0	512	0
4879	473	0	512	0
4880	451	0	518	0
4881	472	0	527	0
4882	461	0	482	3
4883	438	0	521	0
4884	471	0	513	0
4885	463	3	501	0
4886	453	0	518	0
4887	447	0	506	0
4888	445	0	505	0
4889	465	0	510	0
4890	455	0	484	0
4891	456	0	484	0
4892	472	0	495	0
4893	462	18	540	0
4894	450	0	491	0
4895	462	0	514	0
4896	452	0	536	0
4897	471	0	511	0
4898	473	0	496	0
4899	456	0	503	0
4900	476	1	518	0
4901	462	0	511	0
4902	426	48	519	0
4903	386	51	508	0
4904	374	94	509	0
4905	329	125	497	0
4906	330	136	492	0
4907	328	137	488	0
4908	344	99	472	2
4909	358	102	488	0
4910	375	85	496	0
4911	403	72	505	0
4912	368	87	483	0
4913	348	99	476	0
4914	374	78	489	0
4915	371	70	496	0
4916	396	73	487	0
4917	373	78	503	0
4918	384	74	485	0
4919	364	87	481	0
4920	371	80	494	0
4921	392	70	518	0
4922	366	111	490	0
4923	379	79	514	0
4924	361	114	485	0
4925	367	90	496	0
4926	371	84	496	0
4927	331	122	466	0
4928	350	128	500	0
4929	368	98	503	0
4930	341	104	484	0
4931	356	85	493	0
4932	349	100	498	0
4933	333	115	456	0
4934	332	123	493	0
4935	325	132	483	0
4936	309	149	460	0
4937	304	117	515	0
4938	345	108	497	0
4939	345	119	486	0
4940	350	108	473	0
4941	359	105	485	0
4942	366	99	505	0
4943	367	92	493	0
4944	384	91	503	0
4945	406	50	489	0
4946	412	65	502	0
4947	436	14	495	0
4948	450	11	521	0
4949	446	4	502	0
4950	457	0	506	0
4951	453	0	499	0
4952	477	0	521	0
4953	459	0	502	0
4954	465	0	520	0
4955	464	0	487	0
4956	446	0	508	0
4957	441	0	502	0
4958	455	0	498	0
4959	458	0	519	0
4960	469	1	524	0
4961	461	0	543	0
4962	441	16	510	0
4963	453	0	495	0
4964	458	9	508	0
4965	443	12	501	0
4966	437	34	509	0
4967	453	17	506	0
4968	460	0	520	0
4969	468	0	508	0
4970	462	0	513	0
4971	474	2	478	0
4972	462	0	509	0
4973	449	0	513	0
4974	466	0	501	0
4975	431	10	514	0
4976	439	38	490	0
4977	410	58	495	0
4978	399	54	520	0
4979	390	81	495	0
4980	332	104	483	0
4981	350	100	520	0
4982	332	119	497	0
4983	342	115	500	0
4984	378	98	501	0
4985	361	125	473	0
4986	316	146	491	0
4987	328	147	475	0
4988	285	171	484	0
4989	276	177	485	0
4990	272	180	494	0
4991	267	169	473	0
4992	299	138	483	0
4993	319	148	488	0
4994	295	152	489	0
4995	302	177	460	0
4996	311	150	471	0
4997	334	132	469	0
4998	357	113	484	0
4999	324	127	492	0
5000	320	118	493	0
5001	345	130	481	0
5002	319	138	485	0
5003	331	125	498	0
5004	335	106	490	0
5005	328	128	487	0
5006	298	167	486	0
5007	295	164	482	0
5008	274	177	463	0
5009	252	194	444	0
5010	278	182	473	0
5011	274	193	482	0
5012	259	213	496	0
5013	245	189	486	0
5014	272	191	500	0
5015	297	159	490	0
5016	289	181	491	0
5017	259	203	462	0
5018	247	211	470	0
5019	263	205	448	0
5020	248	220	447	0
5021	255	216	503	0
5022	279	169	480	0
5023	295	163	456	0
5024	281	171	494	0
5025	262	205	474	0
5026	273	181	474	0
5027	289	183	485	0
5028	329	154	492	0
5029	332	122	505	0
5030	349	110	488	0
5031	353	107	515	0
5032	337	127	495	0
5033	339	132	524	0
5034	349	125	488	0
5035	366	116	489	0
5036	364	101	488	0
5037	379	75	521	0
5038	396	63	513	0
5039	398	69	521	0
5040	355	94	495	0
5041	363	75	502	0
5042	390	64	491	1
5043	392	83	504	0
5044	355	102	491	0
5045	367	76	498	0
5046	370	82	503	0
5047	386	87	492	0
5048	395	54	491	0
5049	407	68	495	0
5050	404	34	518	0
5051	405	59	508	0
5052	396	79	486	0
5053	389	53	475	0
5054	384	91	502	0
5055	388	62	495	0
5056	379	97	514	0
5057	366	76	500	0
5058	376	77	497	0
5059	362	101	506	0
5060	346	101	491	0
5061	358	116	495	0
5062	367	97	492	0
5063	346	119	490	0
5064	353	108	477	0
5065	349	116	503	0
5066	325	144	498	0
5067	324	140	486	0
5068	326	147	469	0
5069	353	130	508	0
5070	383	84	487	0
5071	362	95	490	0
5072	376	101	487	0
5073	370	80	502	0
5074	345	103	492	0
5075	355	115	493	0
5076	341	124	523	0
5077	347	115	508	0
5078	340	111	484	0
5079	326	123	475	0
5080	361	106	479	1
5081	359	97	494	0
5082	348	113	484	0
5083	333	131	479	0
