1	428	418	846
2	443	438	881
3	462	462	924
4	462	491	953
5	457	464	921
6	462	466	928
7	458	498	956
8	431	484	915
9	435	491	926
10	453	461	914
11	454	488	942
12	474	479	953
13	467	467	934
14	453	486	939
15	459	487	946
16	459	487	946
17	464	500	964
18	455	474	929
19	464	472	936
20	461	478	939
21	450	473	923
22	453	474	927
23	467	494	961
24	457	486	943
25	468	461	929
26	461	468	929
27	458	478	936
28	439	483	922
29	461	467	928
30	468	472	940
31	464	457	921
32	444	471	915
33	445	460	905
34	455	474	929
35	464	469	933
36	466	466	932
37	461	470	931
38	456	467	923
39	447	432	879
40	457	448	905
41	467	475	942
42	466	452	918
43	458	472	930
44	475	466	941
45	473	463	936
46	454	468	922
47	435	477	912
48	458	473	931
49	454	476	930
50	458	464	922
51	447	460	907
52	465	469	934
53	448	467	915
54	429	483	912
55	468	470	938
56	448	460	908
57	445	474	919
58	464	460	924
59	455	461	916
60	465	471	936
61	460	463	923
62	472	451	923
63	468	452	920
64	455	459	914
65	447	457	904
66	467	449	916
67	447	448	895
68	483	454	937
69	467	463	930
70	467	471	938
71	466	481	947
72	462	477	939
73	444	468	912
74	445	447	892
75	441	474	915
76	471	456	927
77	450	442	892
78	452	447	899
79	463	454	917
80	427	451	878
81	445	469	914
82	449	465	914
83	450	458	908
84	444	450	894
85	437	461	898
86	471	442	913
87	478	442	920
88	461	461	922
89	440	437	877
90	453	458	911
91	469	431	900
92	448	437	885
93	463	440	903
94	473	444	917
95	476	445	921
96	459	444	903
97	464	445	909
98	477	436	913
99	446	436	882
100	444	454	898
101	452	429	881
102	470	434	904
103	456	430	886
104	456	428	884
105	465	448	913
106	461	408	869
107	451	438	889
108	489	438	927
109	457	423	880
110	457	415	872
111	450	422	872
112	472	442	914
113	451	458	909
114	436	426	862
115	474	441	915
116	477	445	922
117	449	437	886
118	461	424	885
119	425	422	847
120	465	431	896
121	465	450	915
122	459	434	893
123	457	427	884
124	451	442	893
125	476	428	904
126	472	427	899
127	483	417	900
128	448	416	864
129	455	436	891
130	460	431	891
131	448	437	885
132	452	438	890
133	470	424	894
134	461	408	869
135	479	435	914
136	468	430	898
137	441	414	855
138	455	432	887
139	464	404	868
140	452	421	873
141	458	440	898
142	443	415	858
143	447	446	893
144	467	443	910
145	434	433	867
146	452	420	872
147	472	432	904
148	466	430	896
149	463	440	903
150	435	443	878
151	475	431	906
152	447	425	872
153	468	456	924
154	474	426	900
155	478	451	929
156	441	428	869
157	472	438	910
158	464	438	902
159	475	429	904
160	473	432	905
161	457	433	890
162	469	435	904
163	470	449	919
164	446	457	903
165	460	460	920
166	476	409	885
167	464	430	894
168	445	421	866
169	462	407	869
170	454	450	904
171	475	437	912
172	444	436	880
173	455	428	883
174	462	431	893
175	456	412	868
176	441	447	888
177	460	435	895
178	454	436	890
179	461	433	894
180	442	413	855
181	453	428	881
182	454	438	892
183	446	442	888
184	449	437	886
185	452	423	875
186	467	430	897
187	462	428	890
188	458	422	880
189	460	428	888
190	455	435	890
191	466	432	898
192	460	415	875
193	463	431	894
194	459	414	873
195	472	438	910
196	445	446	891
197	463	461	924
198	447	448	895
199	467	443	910
200	477	450	927
201	456	432	888
202	458	462	920
203	468	413	881
204	461	429	890
205	457	432	889
206	460	422	882
207	464	422	886
208	466	424	890
209	466	430	896
210	464	405	869
211	447	430	877
212	454	405	859
213	483	416	899
214	460	424	884
215	449	439	888
216	473	444	917
217	473	432	905
218	454	429	883
219	467	442	909
220	443	418	861
221	432	417	849
222	493	425	918
223	439	419	858
224	457	442	899
225	445	419	864
226	454	410	864
227	486	458	944
228	472	434	906
229	471	433	904
230	446	417	863
231	452	414	866
232	474	422	896
233	433	431	864
234	469	421	890
235	472	430	902
236	453	422	875
237	468	419	887
238	471	428	899
239	456	441	897
240	471	458	929
241	454	436	890
242	482	403	885
243	442	421	863
244	449	436	885
245	463	439	902
246	458	417	875
247	459	416	875
248	466	402	868
249	447	435	882
250	461	428	889
251	474	440	914
252	442	439	881
253	456	441	897
254	464	429	893
255	455	429	884
256	444	431	875
257	457	427	884
258	456	410	866
259	460	397	857
260	428	435	863
261	450	412	862
262	448	427	875
263	442	423	865
264	463	444	907
265	464	410	874
266	470	430	900
267	457	445	902
268	467	420	887
269	463	428	891
270	466	432	898
271	434	429	863
272	463	441	904
273	471	423	894
274	470	414	884
275	454	419	873
276	428	442	870
277	440	443	883
278	470	426	896
279	478	431	909
280	454	419	873
281	461	427	888
282	473	439	912
283	464	417	881
284	478	434	912
285	464	426	890
286	456	418	874
287	465	413	878
288	451	432	883
289	446	446	892
290	429	446	875
291	469	425	894
292	462	422	884
293	469	430	899
294	456	434	890
295	464	449	913
296	451	418	869
297	447	432	879
298	448	412	860
299	461	434	895
300	457	425	882
301	461	451	912
302	454	453	907
303	485	419	904
304	463	426	889
305	483	423	906
306	462	416	878
307	455	444	899
308	463	405	868
309	433	414	847
310	456	428	884
311	468	408	876
312	469	437	906
313	456	445	901
314	449	438	887
315	437	413	850
316	452	422	874
317	443	438	881
318	465	410	875
319	457	420	877
320	453	414	867
321	468	424	892
322	478	429	907
323	450	441	891
324	457	442	899
325	446	424	870
326	434	429	863
327	457	418	875
328	460	448	908
329	472	406	878
330	449	431	880
331	450	426	876
332	463	427	890
333	444	421	865
334	462	440	902
335	455	420	875
336	456	422	878
337	464	410	874
338	480	431	911
339	453	413	866
340	475	438	913
341	444	429	873
342	464	406	870
343	455	424	879
344	428	419	847
345	465	448	913
346	471	422	893
347	475	461	936
348	473	428	901
349	454	441	895
350	469	399	868
351	462	431	893
352	455	430	885
353	434	436	870
354	446	421	867
355	461	422	883
356	478	408	886
357	461	438	899
358	477	425	902
359	467	420	887
360	463	439	902
361	456	424	880
362	460	417	877
363	471	422	893
364	460	403	863
365	452	425	877
366	460	419	879
367	459	420	879
368	469	413	882
369	454	406	860
370	442	438	880
371	462	438	900
372	449	431	880
373	469	446	915
374	472	427	899
375	446	402	848
376	461	433	894
377	458	428	886
378	467	435	902
379	457	410	867
380	460	432	892
381	458	416	874
382	470	431	901
383	492	426	918
384	475	397	872
385	476	426	902
386	452	430	882
387	435	449	884
388	455	430	885
389	474	428	902
390	463	439	902
391	446	432	878
392	456	451	907
393	443	425	868
394	440	430	870
395	444	446	890
396	455	445	900
397	452	438	890
398	449	449	898
399	467	441	908
400	445	449	894
401	465	427	892
402	461	410	871
403	451	444	895
404	468	434	902
405	458	450	908
406	457	437	894
407	451	430	881
408	448	438	886
409	454	425	879
410	453	444	897
411	455	435	890
412	476	447	923
413	451	427	878
414	465	446	911
415	457	449	906
416	473	438	911
417	453	451	904
418	466	453	919
419	450	445	895
420	424	430	854
421	441	420	861
422	462	426	888
423	462	442	904
424	462	436	898
425	462	436	898
426	444	414	858
427	452	425	877
428	442	438	880
429	474	448	922
430	446	421	867
431	445	442	887
432	454	431	885
433	447	431	878
434	451	414	865
435	431	413	844
436	492	410	902
437	448	420	868
438	450	423	873
439	465	437	902
440	466	411	877
441	463	448	911
442	473	427	900
443	476	437	913
444	445	430	875
445	482	432	914
446	461	418	879
447	464	439	903
448	449	420	869
449	462	424	886
450	433	417	850
451	455	425	880
452	457	428	885
453	465	438	903
454	466	431	897
455	478	427	905
456	477	440	917
457	452	441	893
458	472	423	895
459	449	450	899
460	443	425	868
461	451	410	861
462	449	430	879
463	473	441	914
464	450	441	891
465	443	419	862
466	474	441	915
467	467	423	890
468	439	426	865
469	458	422	880
470	460	422	882
471	445	420	865
472	443	432	875
473	456	453	909
474	440	453	893
475	450	428	878
476	471	427	898
477	457	439	896
478	469	426	895
479	459	415	874
480	460	411	871
481	483	434	917
482	476	434	910
483	465	451	916
484	452	404	856
485	459	426	885
486	447	415	862
487	461	408	869
488	461	439	900
489	449	408	857
490	442	437	879
491	449	430	879
492	467	433	900
493	463	438	901
494	466	424	890
495	461	434	895
496	448	412	860
497	445	424	869
498	458	424	882
499	449	440	889
500	452	428	880
501	485	412	897
502	448	434	882
503	475	417	892
504	455	439	894
505	451	424	875
506	435	407	842
507	454	428	882
508	430	417	847
509	451	448	899
510	452	421	873
511	469	429	898
512	484	407	891
513	474	435	909
514	469	449	918
515	475	413	888
516	453	425	878
517	454	423	877
518	454	430	884
519	475	439	914
520	465	422	887
521	459	430	889
522	457	431	888
523	439	428	867
524	432	424	856
525	458	436	894
526	474	440	914
527	473	431	904
528	455	435	890
529	477	431	908
530	449	440	889
531	438	454	892
532	458	419	877
533	457	436	893
534	469	430	899
535	462	442	904
536	452	448	900
537	458	442	900
538	478	431	909
539	466	435	901
540	449	416	865
541	451	452	903
542	480	435	915
543	461	421	882
544	467	404	871
545	457	418	875
546	473	410	883
547	467	426	893
548	477	446	923
549	470	441	911
550	468	418	886
551	457	419	876
552	456	431	887
553	432	434	866
554	458	415	873
555	450	442	892
556	425	441	866
557	440	417	857
558	458	442	900
559	457	437	894
560	469	425	894
561	448	434	882
562	472	427	899
563	461	414	875
564	456	448	904
565	443	440	883
566	471	425	896
567	448	437	885
568	458	423	881
569	441	411	852
570	442	442	884
571	465	435	900
572	461	435	896
573	458	424	882
574	441	445	886
575	476	438	914
576	453	424	877
577	458	421	879
578	462	420	882
579	465	428	893
580	456	421	877
581	455	449	904
582	454	444	898
583	463	431	894
584	472	433	905
585	447	449	896
586	451	426	877
587	450	405	855
588	467	409	876
589	469	456	925
590	464	451	915
591	466	397	863
592	460	427	887
593	442	456	898
594	459	403	862
595	493	417	910
596	460	432	892
597	483	413	896
598	458	432	890
599	471	415	886
600	445	427	872
601	449	415	864
602	460	426	886
603	469	437	906
604	469	428	897
605	465	439	904
606	462	456	918
607	437	443	880
608	440	420	860
609	476	438	914
610	478	444	922
611	472	434	906
612	455	434	889
613	474	437	911
614	446	412	858
615	455	442	897
616	490	422	912
617	459	426	885
618	457	437	894
619	458	445	903
620	431	435	866
621	461	412	873
622	461	452	913
623	447	436	883
624	460	427	887
625	447	437	884
626	434	436	870
627	457	455	912
628	487	396	883
629	478	430	908
630	440	428	868
631	461	424	885
632	437	411	848
633	456	431	887
634	482	426	908
635	462	427	889
636	448	432	880
637	446	426	872
638	460	429	889
639	464	425	889
640	456	415	871
641	441	414	855
642	452	434	886
643	457	416	873
644	440	422	862
645	446	425	871
646	445	429	874
647	447	435	882
648	443	450	893
649	453	444	897
650	450	455	905
651	470	415	885
652	464	407	871
653	488	435	923
654	483	421	904
655	455	429	884
656	466	429	895
657	436	422	858
658	448	419	867
659	446	413	859
660	455	418	873
661	455	400	855
662	452	423	875
663	440	451	891
664	471	428	899
665	469	423	892
666	459	436	895
667	466	433	899
668	453	435	888
669	470	427	897
670	419	429	848
671	455	421	876
672	474	434	908
673	466	438	904
674	460	430	890
675	478	417	895
676	472	424	896
677	462	431	893
678	464	418	882
679	468	405	873
680	462	414	876
681	471	432	903
682	459	428	887
683	452	450	902
684	462	420	882
685	458	408	866
686	481	429	910
687	474	429	903
688	455	440	895
689	467	429	896
690	451	414	865
691	450	418	868
692	470	441	911
693	446	436	882
694	436	438	874
695	460	406	866
696	448	453	901
697	464	449	913
698	457	441	898
699	434	426	860
700	444	419	863
701	478	432	910
702	466	423	889
703	467	439	906
704	459	436	895
705	464	432	896
706	455	425	880
707	454	411	865
708	465	440	905
709	461	455	916
710	466	435	901
711	454	432	886
712	466	444	910
713	453	440	893
714	463	430	893
715	455	450	905
716	480	432	912
717	435	432	867
718	446	431	877
719	468	470	938
720	445	436	881
721	457	432	889
722	459	448	907
723	452	461	913
724	458	462	920
725	453	453	906
726	441	448	889
727	473	454	927
728	454	451	905
729	445	466	911
730	478	445	923
731	467	449	916
732	444	454	898
733	457	463	920
734	457	472	929
735	465	454	919
736	481	457	938
737	444	453	897
738	453	447	900
739	461	452	913
740	478	443	921
741	473	450	923
742	432	458	890
743	447	461	908
744	460	464	924
745	446	456	902
746	457	456	913
747	475	465	940
748	474	469	943
749	431	480	911
750	456	449	905
751	456	469	925
752	444	459	903
753	471	482	953
754	459	484	943
755	465	468	933
756	456	487	943
757	483	482	965
758	451	484	935
759	448	473	921
760	435	464	899
761	476	481	957
762	488	476	964
763	465	487	952
764	480	500	980
765	461	498	959
766	461	481	942
767	454	460	914
768	450	470	920
769	458	450	908
770	457	461	918
771	468	484	952
772	480	487	967
773	466	503	969
774	454	517	971
775	455	489	944
776	447	479	926
777	449	470	919
778	455	467	922
779	428	476	904
780	475	467	942
781	452	470	922
782	452	467	919
783	439	473	912
784	462	479	941
785	474	471	945
786	456	469	925
787	441	486	927
788	438	468	906
789	460	439	899
790	447	476	923
791	463	491	954
792	463	465	928
793	479	482	961
794	453	461	914
795	439	463	902
796	455	444	899
797	454	465	919
798	455	435	890
799	463	456	919
800	465	471	936
801	471	474	945
802	458	469	927
803	476	468	944
804	452	450	902
805	457	441	898
806	467	479	946
807	480	460	940
808	458	462	920
809	453	459	912
810	445	450	895
811	456	478	934
812	453	458	911
813	434	459	893
814	455	470	925
815	481	479	960
816	464	468	932
817	465	491	956
818	450	469	919
819	473	476	949
820	454	478	932
821	442	475	917
822	460	476	936
823	474	499	973
824	454	492	946
825	441	511	952
826	450	497	947
827	463	483	946
828	445	498	943
829	463	486	949
830	439	472	911
831	453	478	931
832	478	467	945
833	441	485	926
834	452	498	950
835	456	491	947
836	441	480	921
837	470	479	949
838	481	508	989
839	468	502	970
840	438	512	950
841	459	494	953
842	482	508	990
843	469	519	988
844	445	498	943
845	434	503	937
846	463	507	970
847	451	501	952
848	470	484	954
849	458	501	959
850	460	484	944
851	458	495	953
852	473	496	969
853	451	484	935
854	452	474	926
855	446	471	917
856	476	476	952
857	439	483	922
858	455	501	956
859	464	496	960
860	459	489	948
861	459	481	940
862	473	440	913
863	456	447	903
864	459	444	903
865	451	480	931
866	453	460	913
867	466	458	924
868	455	478	933
869	464	484	948
870	462	448	910
871	453	451	904
872	460	446	906
873	457	434	891
874	464	450	914
875	478	442	920
876	458	446	904
877	456	441	897
878	451	452	903
879	452	425	877
880	459	439	898
881	462	429	891
882	475	442	917
883	445	456	901
884	456	449	905
885	465	438	903
886	424	445	869
887	442	432	874
888	463	467	930
889	440	437	877
890	446	460	906
891	450	424	874
892	468	423	891
893	453	440	893
894	453	445	898
895	442	449	891
896	446	419	865
897	474	440	914
898	455	451	906
899	463	424	887
900	456	434	890
901	452	445	897
902	461	436	897
903	476	425	901
904	480	439	919
905	466	421	887
906	459	433	892
907	440	409	849
908	464	416	880
909	456	420	876
910	459	418	877
911	473	412	885
912	450	425	875
913	473	420	893
914	441	423	864
915	472	423	895
916	494	417	911
917	453	419	872
918	461	407	868
919	480	429	909
920	457	422	879
921	446	439	885
922	461	428	889
923	462	428	890
924	467	426	893
925	440	426	866
926	428	446	874
927	452	438	890
928	453	425	878
929	476	430	906
930	448	417	865
931	444	435	879
932	473	450	923
933	480	410	890
934	445	453	898
935	468	439	907
936	459	432	891
937	471	425	896
938	439	422	861
939	454	434	888
940	467	412	879
941	462	422	884
942	473	426	899
943	466	443	909
944	471	425	896
945	446	440	886
946	469	438	907
947	453	433	886
948	465	422	887
949	474	422	896
950	476	431	907
951	444	438	882
952	460	434	894
953	467	411	878
954	465	415	880
955	443	434	877
956	446	460	906
957	465	411	876
958	474	415	889
959	458	419	877
960	452	440	892
961	451	452	903
962	448	425	873
963	439	428	867
964	464	449	913
965	477	427	904
966	473	426	899
967	463	455	918
968	458	429	887
969	463	420	883
970	444	455	899
971	462	452	914
972	447	439	886
973	482	432	914
974	452	416	868
975	495	417	912
976	446	383	829
977	465	426	891
978	456	450	906
979	449	412	861
980	461	421	882
981	470	435	905
982	472	433	905
983	454	422	876
984	458	435	893
985	452	441	893
986	473	424	897
987	461	435	896
988	455	440	895
989	462	447	909
990	464	434	898
991	476	407	883
992	477	418	895
993	456	419	875
994	464	438	902
995	468	435	903
996	453	436	889
997	476	424	900
998	466	449	915
999	439	437	876
1000	447	416	863
1001	466	446	912
1002	456	425	881
1003	459	435	894
1004	455	434	889
1005	456	402	858
1006	460	417	877
1007	445	455	900
1008	456	428	884
1009	454	439	893
1010	470	449	919
1011	438	435	873
1012	453	447	900
1013	467	448	915
1014	447	443	890
1015	441	438	879
1016	465	420	885
1017	463	409	872
1018	443	432	875
1019	454	441	895
1020	469	438	907
1021	475	420	895
1022	460	428	888
1023	463	430	893
1024	446	419	865
1025	467	433	900
1026	467	415	882
1027	443	399	842
1028	470	416	886
1029	455	432	887
1030	449	438	887
1031	443	432	875
1032	464	443	907
1033	458	449	907
1034	471	420	891
1035	442	429	871
1036	465	437	902
1037	451	430	881
1038	473	419	892
1039	457	444	901
1040	456	436	892
1041	434	414	848
1042	446	427	873
1043	468	414	882
1044	458	444	902
1045	455	417	872
1046	459	416	875
1047	441	444	885
1048	460	424	884
1049	448	428	876
1050	470	456	926
1051	453	437	890
1052	471	419	890
1053	472	429	901
1054	446	434	880
1055	473	425	898
1056	465	409	874
1057	455	431	886
1058	455	446	901
1059	455	418	873
1060	458	412	870
1061	459	415	874
1062	437	426	863
1063	469	424	893
1064	452	440	892
1065	478	452	930
1066	457	418	875
1067	468	428	896
1068	453	450	903
1069	490	431	921
1070	445	437	882
1071	438	438	876
1072	444	441	885
1073	466	418	884
1074	446	410	856
1075	458	417	875
1076	444	435	879
1077	454	417	871
1078	441	409	850
1079	466	433	899
1080	474	431	905
1081	476	420	896
1082	441	446	887
1083	473	432	905
1084	456	409	865
1085	476	440	916
1086	469	415	884
1087	445	419	864
1088	461	421	882
1089	459	412	871
1090	447	429	876
1091	466	428	894
1092	481	436	917
1093	470	422	892
1094	446	447	893
1095	451	450	901
1096	453	422	875
1097	459	427	886
1098	477	449	926
1099	462	429	891
1100	471	433	904
1101	463	417	880
1102	473	417	890
1103	434	430	864
1104	453	428	881
1105	462	430	892
1106	455	431	886
1107	441	433	874
1108	445	429	874
1109	455	430	885
1110	440	419	859
1111	461	429	890
1112	453	400	853
1113	452	440	892
1114	462	419	881
1115	462	427	889
1116	441	423	864
1117	461	438	899
1118	462	428	890
1119	449	429	878
1120	440	424	864
1121	469	408	877
1122	480	437	917
1123	453	434	887
1124	461	419	880
1125	462	435	897
1126	466	429	895
1127	445	417	862
1128	459	447	906
1129	458	448	906
1130	483	404	887
1131	454	420	874
1132	476	413	889
1133	450	423	873
1134	439	416	855
1135	442	415	857
1136	458	416	874
1137	455	420	875
1138	459	428	887
1139	443	430	873
1140	446	439	885
1141	448	429	877
1142	451	434	885
1143	443	424	867
1144	451	431	882
1145	459	419	878
1146	449	407	856
1147	447	441	888
1148	456	436	892
1149	470	424	894
1150	462	421	883
1151	462	433	895
1152	472	439	911
1153	448	421	869
1154	468	428	896
1155	466	433	899
1156	455	433	888
1157	443	428	871
1158	473	415	888
1159	448	419	867
1160	467	434	901
1161	440	432	872
1162	459	445	904
1163	445	429	874
1164	457	418	875
1165	453	424	877
1166	462	443	905
1167	459	420	879
1168	458	434	892
1169	438	419	857
1170	448	415	863
1171	444	446	890
1172	445	400	845
1173	463	409	872
1174	427	410	837
1175	450	424	874
1176	467	438	905
1177	453	414	867
1178	454	439	893
1179	471	423	894
1180	456	447	903
1181	464	421	885
1182	438	433	871
1183	467	459	926
1184	446	420	866
1185	467	424	891
1186	470	432	902
1187	472	442	914
1188	449	452	901
1189	482	419	901
1190	483	405	888
1191	455	419	874
1192	440	423	863
1193	461	424	885
1194	431	430	861
1195	434	423	857
1196	466	442	908
1197	463	441	904
1198	452	426	878
1199	463	416	879
1200	477	439	916
1201	443	454	897
1202	451	409	860
1203	436	442	878
1204	460	434	894
1205	459	431	890
1206	458	435	893
1207	456	427	883
1208	419	432	851
1209	495	449	944
1210	481	451	932
1211	448	427	875
1212	439	438	877
1213	433	438	871
1214	471	436	907
1215	468	403	871
1216	451	449	900
1217	465	426	891
1218	461	426	887
1219	445	424	869
1220	479	424	903
1221	447	425	872
1222	437	440	877
1223	458	406	864
1224	457	428	885
1225	449	433	882
1226	456	447	903
1227	452	421	873
1228	454	421	875
1229	457	439	896
1230	441	435	876
1231	446	439	885
1232	451	437	888
1233	442	415	857
1234	454	437	891
1235	457	413	870
1236	456	430	886
1237	463	407	870
1238	453	412	865
1239	450	444	894
1240	467	445	912
1241	446	443	889
1242	444	416	860
1243	440	439	879
1244	472	423	895
1245	453	429	882
1246	478	428	906
1247	466	423	889
1248	448	426	874
1249	445	426	871
1250	447	414	861
1251	452	442	894
1252	459	427	886
1253	448	427	875
1254	479	411	890
1255	453	429	882
1256	456	445	901
1257	456	419	875
1258	453	435	888
1259	458	426	884
1260	463	430	893
1261	462	422	884
1262	469	413	882
1263	466	418	884
1264	459	433	892
1265	468	414	882
1266	466	417	883
1267	464	435	899
1268	452	422	874
1269	454	415	869
1270	465	421	886
1271	445	430	875
1272	451	429	880
1273	446	439	885
1274	465	410	875
1275	451	426	877
1276	455	427	882
1277	442	426	868
1278	469	435	904
1279	467	428	895
1280	450	420	870
1281	475	444	919
1282	462	406	868
1283	465	431	896
1284	470	435	905
1285	453	439	892
1286	472	432	904
1287	460	422	882
1288	450	423	873
1289	460	438	898
1290	467	442	909
1291	438	420	858
1292	473	434	907
1293	458	416	874
1294	458	448	906
1295	435	462	897
1296	458	442	900
1297	465	448	913
1298	476	428	904
1299	460	422	882
1300	455	451	906
1301	443	448	891
1302	456	463	919
1303	470	449	919
1304	463	436	899
1305	476	422	898
1306	467	433	900
1307	451	458	909
1308	441	456	897
1309	436	454	890
1310	442	418	860
1311	495	437	932
1312	455	409	864
1313	448	433	881
1314	440	445	885
1315	450	443	893
1316	447	421	868
1317	456	442	898
1318	450	446	896
1319	469	430	899
1320	454	429	883
1321	460	438	898
1322	452	435	887
1323	462	450	912
1324	466	438	904
1325	438	450	888
1326	450	449	899
1327	442	433	875
1328	468	435	903
1329	470	418	888
1330	469	424	893
1331	442	441	883
1332	462	438	900
1333	443	457	900
1334	437	456	893
1335	442	449	891
1336	457	444	901
1337	468	451	919
1338	442	432	874
1339	459	444	903
1340	438	450	888
1341	432	428	860
1342	472	429	901
1343	464	433	897
1344	459	425	884
1345	446	450	896
1346	453	450	903
1347	431	434	865
1348	476	425	901
1349	452	428	880
1350	475	409	884
1351	473	435	908
1352	462	436	898
1353	448	421	869
1354	462	427	889
1355	470	413	883
1356	456	431	887
1357	471	423	894
1358	483	432	915
1359	465	420	885
1360	444	440	884
1361	455	443	898
1362	475	418	893
1363	471	441	912
1364	482	429	911
1365	441	424	865
1366	443	447	890
1367	466	445	911
1368	470	456	926
1369	445	430	875
1370	453	399	852
1371	449	429	878
1372	458	428	886
1373	466	448	914
1374	458	431	889
1375	437	431	868
1376	457	415	872
1377	461	417	878
1378	458	403	861
1379	461	421	882
1380	466	419	885
1381	451	414	865
1382	458	412	870
1383	496	410	906
1384	442	427	869
1385	443	445	888
1386	461	429	890
1387	460	420	880
1388	468	418	886
1389	463	428	891
1390	467	451	918
1391	436	422	858
1392	431	423	854
1393	450	424	874
1394	448	411	859
1395	476	422	898
1396	464	422	886
1397	443	437	880
1398	463	443	906
1399	466	430	896
1400	472	438	910
1401	460	421	881
1402	449	439	888
1403	473	429	902
1404	464	431	895
1405	483	458	941
1406	459	424	883
1407	451	439	890
1408	473	410	883
1409	472	417	889
1410	444	438	882
1411	466	420	886
1412	471	444	915
1413	458	416	874
1414	463	435	898
1415	455	421	876
1416	459	424	883
1417	465	431	896
1418	466	431	897
1419	514	422	936
1420	454	447	901
1421	471	423	894
1422	451	406	857
1423	451	401	852
1424	460	437	897
1425	463	443	906
1426	466	427	893
1427	458	422	880
1428	456	428	884
1429	468	443	911
1430	470	435	905
1431	458	416	874
1432	440	444	884
1433	465	453	918
1434	468	447	915
1435	447	470	917
1436	470	451	921
1437	483	426	909
1438	482	449	931
1439	466	461	927
1440	439	449	888
1441	425	445	870
1442	469	409	878
1443	452	424	876
1444	448	450	898
1445	449	427	876
1446	462	416	878
1447	473	417	890
1448	463	438	901
1449	460	445	905
1450	464	434	898
1451	468	448	916
1452	478	421	899
1453	458	429	887
1454	457	463	920
1455	466	424	890
1456	478	433	911
1457	470	447	917
1458	444	465	909
1459	460	432	892
1460	473	454	927
1461	458	471	929
1462	476	477	953
1463	463	480	943
1464	470	469	939
1465	438	468	906
1466	492	454	946
1467	489	452	941
1468	438	464	902
1469	477	452	929
1470	463	461	924
1471	447	443	890
1472	487	464	951
1473	476	461	937
1474	435	459	894
1475	455	457	912
1476	458	464	922
1477	447	455	902
1478	447	447	894
1479	449	473	922
1480	463	465	928
1481	428	473	901
1482	445	432	877
1483	460	485	945
1484	442	479	921
1485	450	479	929
1486	461	463	924
1487	449	467	916
1488	437	461	898
1489	437	467	904
1490	442	442	884
1491	447	447	894
1492	455	469	924
1493	442	481	923
1494	467	468	935
1495	448	462	910
1496	471	474	945
1497	453	480	933
1498	464	465	929
1499	480	478	958
1500	478	451	929
1501	456	487	943
1502	448	466	914
1503	446	459	905
1504	446	458	904
1505	477	470	947
1506	465	459	924
1507	453	453	906
1508	469	463	932
1509	455	475	930
1510	457	465	922
1511	466	459	925
1512	448	457	905
1513	447	452	899
1514	456	464	920
1515	445	457	902
1516	437	452	889
1517	451	475	926
1518	443	463	906
1519	464	483	947
1520	442	463	905
1521	468	448	916
1522	465	468	933
1523	456	467	923
1524	456	474	930
1525	455	477	932
1526	452	489	941
1527	451	461	912
1528	458	485	943
1529	479	459	938
1530	476	482	958
1531	464	464	928
1532	445	511	956
1533	461	488	949
1534	456	489	945
1535	464	468	932
1536	445	470	915
1537	441	477	918
1538	454	496	950
1539	447	509	956
1540	438	485	923
1541	450	518	968
1542	474	472	946
1543	444	477	921
1544	459	484	943
1545	429	482	911
1546	452	485	937
1547	458	491	949
1548	453	496	949
1549	469	487	956
1550	452	470	922
1551	467	486	953
1552	480	485	965
1553	468	514	982
1554	464	499	963
1555	471	507	978
1556	454	479	933
1557	466	478	944
1558	483	489	972
1559	469	510	979
1560	466	511	977
1561	462	493	955
1562	443	498	941
1563	445	501	946
1564	467	507	974
1565	466	485	951
1566	448	492	940
1567	453	477	930
1568	455	493	948
1569	482	475	957
1570	453	496	949
1571	457	468	925
1572	472	488	960
1573	459	499	958
1574	458	494	952
1575	462	466	928
1576	436	481	917
1577	453	476	929
1578	477	493	970
1579	456	483	939
1580	469	477	946
1581	444	480	924
1582	449	490	939
1583	426	454	880
1584	474	466	940
1585	450	463	913
1586	442	455	897
1587	455	454	909
1588	480	468	948
1589	472	495	967
1590	484	478	962
1591	463	498	961
1592	439	476	915
1593	473	472	945
1594	443	476	919
1595	443	467	910
1596	454	447	901
1597	445	467	912
1598	479	480	959
1599	444	480	924
1600	445	487	932
1601	452	467	919
1602	454	493	947
1603	438	502	940
1604	475	474	949
1605	452	485	937
1606	456	477	933
1607	464	458	922
1608	448	484	932
1609	460	463	923
1610	439	475	914
1611	433	481	914
1612	461	476	937
1613	450	491	941
1614	456	474	930
1615	466	467	933
1616	453	480	933
1617	492	468	960
1618	454	455	909
1619	436	474	910
1620	452	478	930
1621	453	503	956
1622	470	487	957
1623	436	502	938
1624	461	490	951
1625	454	491	945
1626	460	505	965
1627	463	507	970
1628	448	480	928
1629	447	487	934
1630	465	500	965
1631	476	493	969
1632	465	501	966
1633	453	503	956
1634	466	486	952
1635	442	484	926
1636	479	500	979
1637	469	499	968
1638	457	526	983
1639	448	518	966
1640	446	514	960
1641	464	520	984
1642	468	518	986
1643	467	520	987
1644	469	527	996
1645	478	493	971
1646	465	510	975
1647	468	488	956
1648	450	502	952
1649	449	499	948
1650	440	497	937
1651	443	496	939
1652	446	501	947
1653	480	493	973
1654	450	495	945
1655	472	461	933
1656	471	497	968
1657	452	483	935
1658	461	500	961
1659	464	502	966
1660	466	457	923
1661	456	471	927
1662	475	478	953
1663	454	485	939
1664	478	474	952
1665	461	486	947
1666	452	471	923
1667	447	484	931
1668	450	456	906
1669	472	480	952
1670	442	522	964
1671	459	458	917
1672	463	480	943
1673	449	474	923
1674	453	463	916
1675	475	476	951
1676	450	456	906
1677	452	479	931
1678	453	459	912
1679	457	483	940
1680	450	477	927
1681	452	467	919
1682	451	493	944
1683	452	490	942
1684	462	471	933
1685	438	469	907
1686	453	482	935
1687	453	508	961
1688	462	493	955
1689	465	458	923
1690	447	475	922
1691	459	491	950
1692	460	503	963
1693	437	506	943
1694	446	489	935
1695	474	470	944
1696	443	479	922
1697	463	484	947
1698	453	460	913
1699	464	484	948
1700	463	473	936
1701	423	479	902
1702	493	455	948
1703	470	459	929
1704	454	462	916
1705	469	441	910
1706	481	457	938
1707	470	455	925
1708	459	432	891
1709	463	469	932
1710	441	474	915
1711	462	459	921
1712	456	459	915
1713	453	456	909
1714	470	455	925
1715	459	476	935
1716	445	438	883
1717	475	459	934
1718	470	463	933
1719	468	467	935
1720	469	477	946
1721	459	477	936
1722	461	476	937
1723	445	478	923
1724	468	484	952
1725	469	454	923
1726	455	509	964
1727	441	504	945
1728	487	488	975
1729	425	466	891
1730	458	472	930
1731	448	475	923
1732	457	469	926
1733	465	460	925
1734	473	456	929
1735	469	458	927
1736	460	449	909
1737	447	452	899
1738	448	461	909
1739	452	447	899
1740	476	442	918
1741	457	439	896
1742	456	471	927
1743	484	478	962
1744	477	471	948
1745	449	462	911
1746	456	451	907
1747	452	459	911
1748	437	454	891
1749	444	461	905
1750	472	453	925
1751	465	455	920
1752	453	448	901
1753	448	443	891
1754	473	447	920
1755	447	447	894
1756	476	465	941
1757	465	465	930
1758	446	467	913
1759	455	464	919
1760	473	468	941
1761	424	442	866
1762	459	455	914
1763	460	451	911
1764	471	443	914
1765	454	432	886
1766	459	443	902
1767	462	417	879
1768	455	445	900
1769	465	460	925
1770	461	441	902
1771	433	455	888
1772	441	460	901
1773	445	462	907
1774	454	467	921
1775	449	466	915
1776	432	449	881
1777	467	439	906
1778	466	453	919
1779	465	456	921
1780	454	471	925
1781	453	465	918
1782	451	423	874
1783	475	432	907
1784	441	439	880
1785	448	471	919
1786	475	453	928
1787	467	430	897
1788	464	438	902
1789	440	448	888
1790	459	452	911
1791	461	450	911
1792	441	459	900
1793	440	444	884
1794	454	437	891
1795	470	442	912
1796	450	451	901
1797	481	447	928
1798	465	442	907
1799	458	435	893
1800	463	459	922
1801	433	438	871
1802	453	473	926
1803	464	445	909
1804	478	448	926
1805	448	425	873
1806	456	444	900
1807	471	425	896
1808	439	431	870
1809	473	448	921
1810	447	442	889
1811	480	462	942
1812	465	468	933
1813	455	462	917
1814	454	449	903
1815	473	434	907
1816	434	451	885
1817	475	454	929
1818	443	449	892
1819	452	444	896
1820	457	432	889
1821	472	432	904
1822	465	444	909
1823	448	431	879
1824	431	459	890
1825	469	427	896
1826	437	458	895
1827	465	486	951
1828	467	464	931
1829	477	451	928
1830	465	475	940
1831	467	462	929
1832	471	444	915
1833	466	435	901
1834	467	441	908
1835	465	435	900
1836	458	435	893
1837	475	436	911
1838	463	442	905
1839	456	431	887
1840	460	447	907
1841	451	449	900
1842	463	447	910
1843	449	438	887
1844	462	431	893
1845	463	449	912
1846	428	424	852
1847	446	421	867
1848	449	432	881
1849	448	444	892
1850	458	439	897
1851	467	443	910
1852	460	422	882
1853	453	421	874
1854	449	428	877
1855	447	424	871
1856	446	415	861
1857	446	432	878
1858	460	409	869
1859	457	422	879
1860	437	442	879
1861	478	443	921
1862	433	454	887
1863	464	449	913
1864	452	445	897
1865	450	425	875
1866	445	438	883
1867	461	429	890
1868	470	432	902
1869	471	437	908
1870	480	436	916
1871	453	424	877
1872	451	432	883
1873	468	453	921
1874	437	442	879
1875	451	433	884
1876	465	413	878
1877	464	434	898
1878	471	412	883
1879	443	437	880
1880	459	441	900
1881	453	433	886
1882	463	405	868
1883	457	433	890
1884	476	444	920
1885	453	406	859
1886	458	437	895
1887	468	425	893
1888	459	421	880
1889	460	423	883
1890	446	407	853
1891	466	459	925
1892	463	440	903
1893	467	420	887
1894	460	410	870
1895	460	430	890
1896	435	427	862
1897	440	437	877
1898	464	416	880
1899	456	419	875
1900	465	429	894
1901	474	431	905
1902	458	436	894
1903	453	407	860
1904	470	420	890
1905	463	442	905
1906	463	436	899
1907	460	449	909
1908	455	442	897
1909	457	438	895
1910	460	418	878
1911	472	422	894
1912	478	426	904
1913	470	415	885
1914	455	416	871
1915	475	423	898
1916	469	430	899
1917	458	430	888
1918	478	445	923
1919	442	420	862
1920	463	416	879
1921	469	441	910
1922	461	425	886
1923	465	438	903
1924	453	415	868
1925	464	411	875
1926	466	430	896
1927	467	434	901
1928	459	416	875
1929	449	428	877
1930	449	420	869
1931	450	435	885
1932	463	444	907
1933	459	419	878
1934	470	431	901
1935	469	433	902
1936	461	444	905
1937	449	423	872
1938	478	433	911
1939	457	427	884
1940	449	436	885
1941	474	415	889
1942	455	438	893
1943	452	419	871
1944	457	433	890
1945	475	430	905
1946	466	423	889
1947	445	437	882
1948	451	433	884
1949	459	445	904
1950	471	438	909
1951	451	423	874
1952	457	431	888
1953	462	437	899
1954	449	437	886
1955	456	416	872
1956	466	435	901
1957	461	422	883
1958	473	421	894
1959	455	432	887
1960	479	451	930
1961	460	400	860
1962	456	421	877
1963	455	436	891
1964	456	433	889
1965	460	431	891
1966	467	438	905
1967	459	449	908
1968	458	410	868
1969	465	411	876
1970	484	441	925
1971	445	448	893
1972	454	418	872
1973	467	437	904
1974	490	436	926
1975	451	425	876
1976	440	458	898
1977	462	420	882
1978	471	430	901
1979	454	459	913
1980	481	428	909
1981	471	429	900
1982	467	412	879
1983	474	434	908
1984	451	419	870
1985	483	440	923
1986	460	426	886
1987	453	429	882
1988	442	435	877
1989	447	429	876
1990	449	412	861
1991	458	437	895
1992	457	420	877
1993	478	426	904
1994	456	420	876
1995	437	456	893
1996	438	432	870
1997	464	450	914
1998	487	434	921
1999	457	430	887
2000	458	420	878
2001	444	412	856
2002	471	429	900
2003	446	430	876
2004	436	420	856
2005	459	430	889
2006	465	440	905
2007	472	436	908
2008	468	450	918
2009	451	446	897
2010	482	421	903
2011	454	438	892
2012	448	432	880
2013	451	433	884
2014	454	411	865
2015	472	421	893
2016	466	421	887
2017	467	418	885
2018	464	444	908
2019	453	422	875
2020	465	432	897
2021	464	454	918
2022	446	440	886
2023	469	443	912
2024	470	426	896
2025	473	416	889
2026	477	446	923
2027	446	430	876
2028	475	421	896
2029	476	434	910
2030	456	409	865
2031	454	449	903
2032	458	399	857
2033	417	426	843
2034	467	437	904
2035	447	440	887
2036	454	416	870
2037	446	413	859
2038	450	440	890
2039	457	407	864
2040	457	440	897
2041	487	443	930
2042	463	443	906
2043	472	421	893
2044	459	433	892
2045	453	458	911
2046	468	425	893
2047	472	444	916
2048	473	449	922
2049	449	456	905
2050	462	427	889
2051	461	480	941
2052	446	446	892
2053	473	464	937
2054	455	453	908
2055	459	414	873
2056	458	431	889
2057	441	434	875
2058	461	465	926
2059	466	423	889
2060	464	426	890
2061	469	419	888
2062	470	428	898
2063	478	416	894
2064	452	433	885
2065	456	410	866
2066	463	428	891
2067	452	445	897
2068	476	425	901
2069	453	460	913
2070	455	456	911
2071	475	441	916
2072	458	436	894
2073	465	441	906
2074	461	462	923
2075	442	454	896
2076	465	435	900
2077	459	443	902
2078	459	432	891
2079	489	452	941
2080	453	463	916
2081	458	451	909
2082	459	426	885
2083	469	453	922
2084	443	460	903
2085	445	451	896
2086	476	434	910
2087	457	456	913
2088	439	435	874
2089	474	437	911
2090	452	445	897
2091	456	433	889
2092	486	424	910
2093	470	428	898
2094	436	433	869
2095	458	453	911
2096	459	428	887
2097	484	444	928
2098	460	427	887
2099	476	425	901
2100	444	434	878
2101	453	441	894
2102	463	417	880
2103	455	440	895
2104	462	408	870
2105	473	426	899
2106	467	432	899
2107	448	438	886
2108	447	403	850
2109	459	426	885
2110	466	429	895
2111	477	452	929
2112	466	430	896
2113	470	434	904
2114	473	430	903
2115	453	421	874
2116	440	452	892
2117	454	431	885
2118	458	444	902
2119	444	424	868
2120	460	435	895
2121	450	439	889
2122	453	418	871
2123	456	440	896
2124	457	438	895
2125	442	452	894
2126	457	442	899
2127	463	441	904
2128	458	451	909
2129	445	443	888
2130	439	430	869
2131	469	443	912
2132	449	464	913
2133	470	470	940
2134	447	465	912
2135	446	442	888
2136	444	444	888
2137	444	445	889
2138	482	443	925
2139	453	436	889
2140	451	442	893
2141	440	437	877
2142	445	437	882
2143	438	428	866
2144	469	468	937
2145	470	426	896
2146	469	438	907
2147	457	412	869
2148	480	428	908
2149	472	415	887
2150	445	397	842
2151	468	429	897
2152	468	459	927
2153	457	425	882
2154	466	413	879
2155	432	444	876
2156	462	443	905
2157	439	460	899
2158	461	430	891
2159	476	426	902
2160	454	437	891
2161	450	435	885
2162	466	445	911
2163	468	464	932
2164	444	458	902
2165	456	466	922
2166	473	458	931
2167	460	457	917
2168	450	456	906
2169	462	489	951
2170	446	463	909
2171	440	464	904
2172	452	468	920
2173	475	435	910
2174	421	437	858
2175	448	445	893
2176	455	466	921
2177	476	445	921
2178	467	435	902
2179	482	438	920
2180	444	445	889
2181	448	477	925
2182	458	432	890
2183	492	439	931
2184	453	450	903
2185	459	420	879
2186	452	450	902
2187	460	431	891
2188	462	447	909
2189	462	430	892
2190	460	458	918
2191	454	458	912
2192	468	461	929
2193	461	421	882
2194	453	452	905
2195	449	431	880
2196	452	443	895
2197	436	463	899
2198	478	457	935
2199	467	419	886
2200	465	428	893
2201	444	429	873
2202	457	421	878
2203	465	426	891
2204	452	449	901
2205	461	417	878
2206	462	426	888
2207	475	418	893
2208	441	433	874
2209	451	424	875
2210	458	452	910
2211	472	442	914
2212	466	430	896
2213	441	419	860
2214	463	413	876
2215	456	420	876
2216	463	425	888
2217	466	417	883
2218	476	415	891
2219	471	430	901
2220	458	424	882
2221	455	439	894
2222	446	419	865
2223	439	432	871
2224	440	422	862
2225	445	411	856
2226	476	405	881
2227	434	406	840
2228	473	416	889
2229	461	417	878
2230	446	407	853
2231	466	428	894
2232	444	450	894
2233	467	440	907
2234	436	436	872
2235	473	439	912
2236	446	424	870
2237	437	433	870
2238	452	435	887
2239	429	428	857
2240	453	425	878
2241	468	450	918
2242	460	438	898
2243	461	433	894
2244	459	438	897
2245	469	423	892
2246	475	422	897
2247	436	428	864
2248	459	400	859
2249	443	423	866
2250	460	427	887
2251	470	424	894
2252	472	441	913
2253	462	399	861
2254	448	446	894
2255	441	435	876
2256	445	434	879
2257	459	454	913
2258	462	440	902
2259	465	404	869
2260	467	422	889
2261	478	418	896
2262	442	453	895
2263	458	425	883
2264	451	438	889
2265	450	434	884
2266	453	407	860
2267	461	408	869
2268	451	416	867
2269	451	431	882
2270	448	438	886
2271	456	432	888
2272	447	423	870
2273	458	429	887
2274	456	423	879
2275	449	436	885
2276	456	425	881
2277	446	425	871
2278	443	435	878
2279	461	441	902
2280	442	407	849
2281	470	438	908
2282	444	443	887
2283	467	405	872
2284	444	435	879
2285	464	444	908
2286	468	420	888
2287	475	436	911
2288	445	423	868
2289	457	428	885
2290	455	435	890
2291	449	419	868
2292	451	428	879
2293	429	425	854
2294	448	439	887
2295	471	438	909
2296	484	432	916
2297	439	427	866
2298	454	422	876
2299	431	438	869
2300	447	423	870
2301	446	427	873
2302	480	447	927
2303	436	427	863
2304	450	432	882
2305	452	416	868
2306	465	426	891
2307	461	432	893
2308	457	445	902
2309	462	418	880
2310	450	408	858
2311	437	433	870
2312	427	405	832
2313	483	415	898
2314	455	427	882
2315	461	431	892
2316	457	427	884
2317	444	434	878
2318	475	421	896
2319	451	394	845
2320	462	428	890
2321	487	419	906
2322	454	429	883
2323	450	428	878
2324	453	429	882
2325	464	451	915
2326	453	422	875
2327	470	413	883
2328	489	441	930
2329	454	399	853
2330	455	444	899
2331	461	420	881
2332	474	417	891
2333	457	444	901
2334	448	431	879
2335	444	409	853
2336	486	421	907
2337	458	432	890
2338	458	422	880
2339	446	427	873
2340	471	445	916
2341	460	422	882
2342	465	426	891
2343	465	441	906
2344	450	455	905
2345	466	426	892
2346	471	443	914
2347	466	430	896
2348	451	442	893
2349	464	434	898
2350	486	427	913
2351	460	427	887
2352	466	406	872
2353	461	436	897
2354	468	451	919
2355	463	432	895
2356	465	425	890
2357	441	418	859
2358	486	430	916
2359	481	441	922
2360	458	428	886
2361	454	416	870
2362	466	426	892
2363	432	433	865
2364	451	434	885
2365	460	422	882
2366	464	419	883
2367	462	445	907
2368	450	430	880
2369	436	430	866
2370	446	431	877
2371	467	430	897
2372	464	425	889
2373	465	416	881
2374	468	430	898
2375	470	442	912
2376	440	430	870
2377	462	412	874
2378	465	415	880
2379	473	425	898
2380	450	425	875
2381	463	460	923
2382	441	452	893
2383	467	450	917
2384	471	430	901
2385	464	415	879
2386	448	450	898
2387	467	450	917
2388	470	438	908
2389	462	448	910
2390	466	450	916
2391	471	435	906
2392	477	449	926
2393	444	430	874
2394	455	422	877
2395	456	419	875
2396	449	444	893
2397	476	416	892
2398	450	428	878
2399	438	439	877
2400	462	429	891
2401	460	452	912
2402	461	453	914
2403	438	465	903
2404	460	445	905
2405	465	409	874
2406	472	426	898
2407	473	446	919
2408	452	437	889
2409	475	433	908
2410	459	428	887
2411	468	442	910
2412	449	412	861
2413	481	426	907
2414	456	426	882
2415	455	424	879
2416	455	420	875
2417	444	459	903
2418	457	430	887
2419	465	423	888
2420	461	413	874
2421	461	425	886
2422	447	440	887
2423	431	413	844
2424	437	449	886
2425	442	434	876
2426	469	422	891
2427	445	436	881
2428	462	410	872
2429	448	423	871
2430	462	445	907
2431	465	428	893
2432	471	427	898
2433	460	433	893
2434	488	436	924
2435	468	429	897
2436	449	428	877
2437	449	407	856
2438	459	436	895
2439	426	431	857
2440	436	412	848
2441	449	437	886
2442	464	425	889
2443	430	439	869
2444	454	431	885
2445	449	431	880
2446	458	446	904
2447	461	420	881
2448	474	420	894
2449	459	457	916
2450	452	439	891
2451	471	421	892
2452	454	415	869
2453	456	451	907
2454	465	447	912
2455	463	455	918
2456	441	443	884
2457	474	429	903
2458	453	390	843
2459	452	436	888
2460	468	418	886
2461	439	445	884
2462	442	434	876
2463	473	422	895
2464	464	413	877
2465	450	425	875
2466	440	437	877
2467	441	399	840
2468	454	412	866
2469	471	426	897
2470	446	433	879
2471	478	439	917
2472	468	430	898
2473	457	441	898
2474	456	444	900
2475	467	448	915
2476	462	423	885
2477	453	460	913
2478	467	443	910
2479	487	433	920
2480	461	439	900
2481	469	433	902
2482	439	464	903
2483	458	426	884
2484	471	425	896
2485	475	410	885
2486	461	427	888
2487	462	428	890
2488	462	427	889
2489	496	435	931
2490	455	427	882
2491	473	448	921
2492	452	426	878
2493	468	439	907
2494	452	436	888
2495	468	416	884
2496	456	428	884
2497	459	428	887
2498	484	427	911
2499	461	434	895
2500	451	429	880
2501	464	439	903
2502	451	434	885
2503	417	437	854
2504	465	436	901
2505	471	449	920
2506	454	418	872
2507	455	448	903
2508	474	436	910
2509	458	451	909
2510	472	411	883
2511	462	426	888
2512	461	427	888
2513	449	423	872
2514	470	421	891
2515	461	412	873
2516	478	418	896
2517	444	424	868
2518	457	444	901
2519	455	443	898
2520	452	411	863
2521	436	445	881
2522	450	442	892
2523	475	414	889
2524	457	421	878
2525	456	413	869
2526	472	420	892
2527	467	430	897
2528	458	412	870
2529	454	426	880
2530	453	436	889
2531	450	415	865
2532	463	410	873
2533	470	440	910
2534	451	425	876
2535	450	424	874
2536	440	448	888
2537	465	440	905
2538	447	430	877
2539	470	417	887
2540	471	442	913
2541	466	431	897
2542	452	421	873
2543	445	458	903
2544	478	431	909
2545	467	426	893
2546	442	428	870
2547	462	423	885
2548	435	422	857
2549	468	436	904
2550	460	426	886
2551	447	472	919
2552	463	459	922
2553	469	463	932
2554	444	458	902
2555	454	469	923
2556	468	447	915
2557	448	444	892
2558	455	432	887
2559	428	446	874
2560	466	452	918
2561	464	423	887
2562	464	428	892
2563	456	431	887
2564	446	430	876
2565	454	430	884
2566	456	432	888
2567	468	413	881
2568	440	422	862
2569	455	453	908
2570	460	430	890
2571	471	425	896
2572	484	434	918
2573	436	442	878
2574	458	424	882
2575	441	448	889
2576	423	441	864
2577	480	452	932
2578	479	447	926
2579	460	434	894
2580	454	457	911
2581	449	471	920
2582	473	480	953
2583	451	429	880
2584	466	427	893
2585	479	428	907
2586	458	428	886
2587	471	459	930
2588	486	456	942
2589	474	463	937
2590	472	481	953
2591	464	464	928
2592	456	472	928
2593	459	458	917
2594	467	471	938
2595	453	460	913
2596	448	478	926
2597	455	475	930
2598	472	465	937
2599	451	480	931
2600	450	482	932
2601	441	487	928
2602	427	476	903
2603	454	488	942
2604	459	483	942
2605	448	476	924
2606	468	480	948
2607	480	479	959
2608	459	485	944
2609	466	500	966
2610	436	498	934
2611	454	468	922
2612	467	483	950
2613	467	503	970
2614	458	514	972
2615	470	466	936
2616	447	498	945
2617	459	489	948
2618	454	492	946
2619	472	494	966
2620	473	485	958
2621	469	489	958
2622	461	498	959
2623	468	510	978
2624	453	524	977
2625	453	524	977
2626	440	512	952
2627	459	514	973
2628	469	512	981
2629	451	524	975
2630	450	512	962
2631	476	512	988
2632	442	525	967
2633	438	519	957
2634	449	530	979
2635	466	541	1007
2636	476	545	1021
2637	456	482	938
2638	465	488	953
2639	444	502	946
2640	470	511	981
2641	450	503	953
2642	470	484	954
2643	462	512	974
2644	457	511	968
2645	450	506	956
2646	457	511	968
2647	466	500	966
2648	456	513	969
2649	460	495	955
2650	445	507	952
2651	461	509	970
2652	464	498	962
2653	466	512	978
2654	457	491	948
2655	467	492	959
2656	442	509	951
2657	460	479	939
2658	468	489	957
2659	434	476	910
2660	422	503	925
2661	459	506	965
2662	467	523	990
2663	448	515	963
2664	470	504	974
2665	473	510	983
2666	460	491	951
2667	464	491	955
2668	449	477	926
2669	456	513	969
2670	449	516	965
2671	446	500	946
2672	446	495	941
2673	465	512	977
2674	479	488	967
2675	475	491	966
2676	480	503	983
2677	430	502	932
2678	463	500	963
2679	463	500	963
2680	471	489	960
2681	454	482	936
2682	462	503	965
2683	447	496	943
2684	463	485	948
2685	456	504	960
2686	444	487	931
2687	446	496	942
2688	477	509	986
2689	428	481	909
2690	447	493	940
2691	452	504	956
2692	444	488	932
2693	465	498	963
2694	466	510	976
2695	475	500	975
2696	460	500	960
2697	437	511	948
2698	460	476	936
2699	465	493	958
2700	444	478	922
2701	451	481	932
2702	436	475	911
2703	466	479	945
2704	459	468	927
2705	461	468	929
2706	449	443	892
2707	468	452	920
2708	481	475	956
2709	442	462	904
2710	450	442	892
2711	454	466	920
2712	447	459	906
2713	457	477	934
2714	480	471	951
2715	454	471	925
2716	456	449	905
2717	452	465	917
2718	457	466	923
2719	457	477	934
2720	466	466	932
2721	450	468	918
2722	454	482	936
2723	448	463	911
2724	471	448	919
2725	456	448	904
2726	447	454	901
2727	456	456	912
2728	444	450	894
2729	473	438	911
2730	457	469	926
2731	477	450	927
2732	477	446	923
2733	473	466	939
2734	466	444	910
2735	471	448	919
2736	455	465	920
2737	453	474	927
2738	454	456	910
2739	442	457	899
2740	461	444	905
2741	434	459	893
2742	435	459	894
2743	460	463	923
2744	444	452	896
2745	443	449	892
2746	449	443	892
2747	454	441	895
2748	459	435	894
2749	469	456	925
2750	460	427	887
2751	458	447	905
2752	441	459	900
2753	470	465	935
2754	468	429	897
2755	449	435	884
2756	458	448	906
2757	455	434	889
2758	464	450	914
2759	469	441	910
2760	453	453	906
2761	468	474	942
2762	460	453	913
2763	464	464	928
2764	457	464	921
2765	489	455	944
2766	470	463	933
2767	463	468	931
2768	480	453	933
2769	455	426	881
2770	463	442	905
2771	435	460	895
2772	443	458	901
2773	458	454	912
2774	477	442	919
2775	453	452	905
2776	482	437	919
2777	457	456	913
2778	472	439	911
2779	467	453	920
2780	457	464	921
2781	474	449	923
2782	461	434	895
2783	456	453	909
2784	458	456	914
2785	452	450	902
2786	436	445	881
2787	446	455	901
2788	474	440	914
2789	456	425	881
2790	467	441	908
2791	448	417	865
2792	465	397	862
2793	452	438	890
2794	461	421	882
2795	433	435	868
2796	444	433	877
2797	464	439	903
2798	478	418	896
2799	449	400	849
2800	480	442	922
2801	475	419	894
2802	469	443	912
2803	457	418	875
2804	463	438	901
2805	440	420	860
2806	443	455	898
2807	473	401	874
2808	473	417	890
2809	443	432	875
2810	468	408	876
2811	460	424	884
2812	458	429	887
2813	470	411	881
2814	455	412	867
2815	434	427	861
2816	443	438	881
2817	462	439	901
2818	454	426	880
2819	467	429	896
2820	469	425	894
2821	464	421	885
2822	459	433	892
2823	446	431	877
2824	469	419	888
2825	435	397	832
2826	453	423	876
2827	438	439	877
2828	449	459	908
2829	443	422	865
2830	456	432	888
2831	456	432	888
2832	454	450	904
2833	473	445	918
2834	442	436	878
2835	434	423	857
2836	457	438	895
2837	477	417	894
2838	447	445	892
2839	439	435	874
2840	444	423	867
2841	456	432	888
2842	451	450	901
2843	463	435	898
2844	479	430	909
2845	453	421	874
2846	437	418	855
2847	451	404	855
2848	450	404	854
2849	443	423	866
2850	441	434	875
2851	459	434	893
2852	485	427	912
2853	445	425	870
2854	454	455	909
2855	458	437	895
2856	479	424	903
2857	458	417	875
2858	439	412	851
2859	472	423	895
2860	442	412	854
2861	448	429	877
2862	452	442	894
2863	451	447	898
2864	461	433	894
2865	459	416	875
2866	462	440	902
2867	479	424	903
2868	473	435	908
2869	457	425	882
2870	464	421	885
2871	474	404	878
2872	430	436	866
2873	459	449	908
2874	467	456	923
2875	462	426	888
2876	456	453	909
2877	438	446	884
2878	467	427	894
2879	457	413	870
2880	433	443	876
2881	430	412	842
2882	446	429	875
2883	456	444	900
2884	464	437	901
2885	483	430	913
2886	450	437	887
2887	436	443	879
2888	465	407	872
2889	430	444	874
2890	468	441	909
2891	469	440	909
2892	450	438	888
2893	475	447	922
2894	436	445	881
2895	442	439	881
2896	441	448	889
2897	452	456	908
2898	447	442	889
2899	456	458	914
2900	467	434	901
2901	456	452	908
2902	469	439	908
2903	443	443	886
2904	453	425	878
2905	455	421	876
2906	460	414	874
2907	457	432	889
2908	449	428	877
2909	439	451	890
2910	459	447	906
2911	453	443	896
2912	434	424	858
2913	467	459	926
2914	452	424	876
2915	460	415	875
2916	445	422	867
2917	440	435	875
2918	455	438	893
2919	468	411	879
2920	453	429	882
2921	470	415	885
2922	450	445	895
2923	456	433	889
2924	438	429	867
2925	493	418	911
2926	448	410	858
2927	458	425	883
2928	470	416	886
2929	457	425	882
2930	432	409	841
2931	442	440	882
2932	463	422	885
2933	468	427	895
2934	475	408	883
2935	442	441	883
2936	480	430	910
2937	473	429	902
2938	456	426	882
2939	445	413	858
2940	445	439	884
2941	458	411	869
2942	461	412	873
2943	459	413	872
2944	475	435	910
2945	468	464	932
2946	465	451	916
2947	456	466	922
2948	446	448	894
2949	450	389	839
2950	468	422	890
2951	457	442	899
2952	443	418	861
2953	475	427	902
2954	474	432	906
2955	441	420	861
2956	471	449	920
2957	475	416	891
2958	475	425	900
2959	454	422	876
2960	474	426	900
2961	461	438	899
2962	461	420	881
2963	458	439	897
2964	445	416	861
2965	482	439	921
2966	452	471	923
2967	469	436	905
2968	457	438	895
2969	439	429	868
2970	452	440	892
2971	477	446	923
2972	459	443	902
2973	452	398	850
2974	466	401	867
2975	479	420	899
2976	448	430	878
2977	454	443	897
2978	459	433	892
2979	454	435	889
2980	437	410	847
2981	443	415	858
2982	469	417	886
2983	476	423	899
2984	462	425	887
2985	451	452	903
2986	459	436	895
2987	451	425	876
2988	464	413	877
2989	435	418	853
2990	459	432	891
2991	474	445	919
2992	457	423	880
2993	475	431	906
2994	460	444	904
2995	425	434	859
2996	469	440	909
2997	460	426	886
2998	449	431	880
2999	435	458	893
3000	462	451	913
3001	440	452	892
3002	440	432	872
3003	423	460	883
3004	455	455	910
3005	464	461	925
3006	457	448	905
3007	457	441	898
3008	450	444	894
3009	466	444	910
3010	436	444	880
3011	425	439	864
3012	465	450	915
3013	456	451	907
3014	453	438	891
3015	460	437	897
3016	476	464	940
3017	472	443	915
3018	461	417	878
3019	460	436	896
3020	470	434	904
3021	454	431	885
3022	447	447	894
3023	437	446	883
3024	451	449	900
3025	441	420	861
3026	476	436	912
3027	450	433	883
3028	458	425	883
3029	468	456	924
3030	464	443	907
3031	448	448	896
3032	468	455	923
3033	486	432	918
3034	476	425	901
3035	455	431	886
3036	472	442	914
3037	455	426	881
3038	463	430	893
3039	448	409	857
3040	448	443	891
3041	461	430	891
3042	452	424	876
3043	461	417	878
3044	443	409	852
3045	461	414	875
3046	481	419	900
3047	469	442	911
3048	459	404	863
3049	461	416	877
3050	460	427	887
3051	444	425	869
3052	468	448	916
3053	446	440	886
3054	464	424	888
3055	461	407	868
3056	439	426	865
3057	475	426	901
3058	454	410	864
3059	467	416	883
3060	451	425	876
3061	464	434	898
3062	456	434	890
3063	461	444	905
3064	461	414	875
3065	469	431	900
3066	454	438	892
3067	481	416	897
3068	469	413	882
3069	453	417	870
3070	443	419	862
3071	456	418	874
3072	469	416	885
3073	442	417	859
3074	460	427	887
3075	439	404	843
3076	465	422	887
3077	430	417	847
3078	473	435	908
3079	454	409	863
3080	457	403	860
3081	451	430	881
3082	472	444	916
3083	473	433	906
3084	464	400	864
3085	464	414	878
3086	451	433	884
3087	439	417	856
3088	465	389	854
3089	478	437	915
3090	463	436	899
3091	464	411	875
3092	459	454	913
3093	445	441	886
3094	456	449	905
3095	466	400	866
3096	460	434	894
3097	449	418	867
3098	462	421	883
3099	466	417	883
3100	423	431	854
3101	468	432	900
3102	460	417	877
3103	473	423	896
3104	463	415	878
3105	461	424	885
3106	460	420	880
3107	458	430	888
3108	449	434	883
3109	454	431	885
3110	426	410	836
3111	462	444	906
3112	466	445	911
3113	440	446	886
3114	471	438	909
3115	473	450	923
3116	481	456	937
3117	451	419	870
3118	448	431	879
3119	451	433	884
3120	482	425	907
3121	427	432	859
3122	466	407	873
3123	472	439	911
3124	482	443	925
3125	451	434	885
3126	463	465	928
3127	450	431	881
3128	460	414	874
3129	478	439	917
3130	439	437	876
3131	458	429	887
3132	443	442	885
3133	448	443	891
3134	451	441	892
3135	451	437	888
3136	458	438	896
3137	458	454	912
3138	454	447	901
3139	484	451	935
3140	460	436	896
3141	454	425	879
3142	462	446	908
3143	459	449	908
3144	462	432	894
3145	442	437	879
3146	471	422	893
3147	432	400	832
3148	453	438	891
3149	466	439	905
3150	446	429	875
3151	461	406	867
3152	449	443	892
3153	451	437	888
3154	458	422	880
3155	470	429	899
3156	455	448	903
3157	452	423	875
3158	461	433	894
3159	450	441	891
3160	464	440	904
3161	467	442	909
3162	442	443	885
3163	451	455	906
3164	449	441	890
3165	461	425	886
3166	446	428	874
3167	472	419	891
3168	465	427	892
3169	460	421	881
3170	467	435	902
3171	465	422	887
3172	475	423	898
3173	467	431	898
3174	453	427	880
3175	442	437	879
3176	461	435	896
3177	467	421	888
3178	455	419	874
3179	452	445	897
3180	464	413	877
3181	457	410	867
3182	485	427	912
3183	472	429	901
3184	459	443	902
3185	449	440	889
3186	464	418	882
3187	456	422	878
3188	462	421	883
3189	451	432	883
3190	469	412	881
3191	475	404	879
3192	436	421	857
3193	463	417	880
3194	461	421	882
3195	451	424	875
3196	458	412	870
3197	445	437	882
3198	469	421	890
3199	452	431	883
3200	453	425	878
3201	437	439	876
3202	447	421	868
3203	439	425	864
3204	461	430	891
3205	490	433	923
3206	473	428	901
3207	447	419	866
3208	448	451	899
3209	448	443	891
3210	462	433	895
3211	442	447	889
3212	455	443	898
3213	441	430	871
3214	443	414	857
3215	462	423	885
3216	471	436	907
3217	461	431	892
3218	462	430	892
3219	483	425	908
3220	462	428	890
3221	452	427	879
3222	466	436	902
3223	470	426	896
3224	444	445	889
3225	453	429	882
3226	471	440	911
3227	470	417	887
3228	448	437	885
3229	470	433	903
3230	449	447	896
3231	476	430	906
3232	472	451	923
3233	452	412	864
3234	454	405	859
3235	452	419	871
3236	460	433	893
3237	469	441	910
3238	449	419	868
3239	447	421	868
3240	461	429	890
3241	446	438	884
3242	475	432	907
3243	445	427	872
3244	462	424	886
3245	451	418	869
3246	464	431	895
3247	471	408	879
3248	450	423	873
3249	445	424	869
3250	471	425	896
3251	440	428	868
3252	456	444	900
3253	445	439	884
3254	464	430	894
3255	427	442	869
3256	470	438	908
3257	446	451	897
3258	459	431	890
3259	446	420	866
3260	453	429	882
3261	476	432	908
3262	456	437	893
3263	450	425	875
3264	435	426	861
3265	480	440	920
3266	457	418	875
3267	453	416	869
3268	458	440	898
3269	459	446	905
3270	459	438	897
3271	466	432	898
3272	461	432	893
3273	421	419	840
3274	433	433	866
3275	467	444	911
3276	465	426	891
3277	459	449	908
3278	469	409	878
3279	467	428	895
3280	478	429	907
3281	456	429	885
3282	446	457	903
3283	464	456	920
3284	450	447	897
3285	447	446	893
3286	458	425	883
3287	438	451	889
3288	467	448	915
3289	469	443	912
3290	437	461	898
3291	450	444	894
3292	459	465	924
3293	478	460	938
3294	462	450	912
3295	466	480	946
3296	444	470	914
3297	463	457	920
3298	457	451	908
3299	456	440	896
3300	459	452	911
3301	451	459	910
3302	478	471	949
3303	462	459	921
3304	437	433	870
3305	452	431	883
3306	459	439	898
3307	471	461	932
3308	454	433	887
3309	447	429	876
3310	459	442	901
3311	460	442	902
3312	465	447	912
3313	477	450	927
3314	464	454	918
3315	446	448	894
3316	447	463	910
3317	461	440	901
3318	470	464	934
3319	466	460	926
3320	461	450	911
3321	458	439	897
3322	458	451	909
3323	460	431	891
3324	466	435	901
3325	462	426	888
3326	459	436	895
3327	461	444	905
3328	446	445	891
3329	455	452	907
3330	464	443	907
3331	466	462	928
3332	459	442	901
3333	458	446	904
3334	463	457	920
3335	454	461	915
3336	446	448	894
3337	478	425	903
3338	457	432	889
3339	472	458	930
3340	480	437	917
3341	461	429	890
3342	442	444	886
3343	458	452	910
3344	463	438	901
3345	444	426	870
3346	465	409	874
3347	472	432	904
3348	452	456	908
3349	457	433	890
3350	457	406	863
3351	454	428	882
3352	468	443	911
3353	473	429	902
3354	468	442	910
3355	441	426	867
3356	447	430	877
3357	435	433	868
3358	443	432	875
3359	445	452	897
3360	469	428	897
3361	483	445	928
3362	438	434	872
3363	485	419	904
3364	461	459	920
3365	465	441	906
3366	485	448	933
3367	468	449	917
3368	474	442	916
3369	445	452	897
3370	475	454	929
3371	455	459	914
3372	410	436	846
3373	445	445	890
3374	443	463	906
3375	457	423	880
3376	448	447	895
3377	461	433	894
3378	457	446	903
3379	447	441	888
3380	445	436	881
3381	444	436	880
3382	459	446	905
3383	459	441	900
3384	460	448	908
3385	447	448	895
3386	469	440	909
3387	451	445	896
3388	453	444	897
3389	465	428	893
3390	443	439	882
3391	454	440	894
3392	471	429	900
3393	472	471	943
3394	443	449	892
3395	463	432	895
3396	459	449	908
3397	461	416	877
3398	460	423	883
3399	448	444	892
3400	466	432	898
3401	449	442	891
3402	461	428	889
3403	472	411	883
3404	447	443	890
3405	470	422	892
3406	452	427	879
3407	470	440	910
3408	476	436	912
3409	458	444	902
3410	466	421	887
3411	441	449	890
3412	457	445	902
3413	427	417	844
3414	488	412	900
3415	453	443	896
3416	465	440	905
3417	457	427	884
3418	462	408	870
3419	463	417	880
3420	478	432	910
3421	454	423	877
3422	446	416	862
3423	456	428	884
3424	446	432	878
3425	476	427	903
3426	451	420	871
3427	472	454	926
3428	452	426	878
3429	470	420	890
3430	459	437	896
3431	454	439	893
3432	473	424	897
3433	457	418	875
3434	468	407	875
3435	468	416	884
3436	451	429	880
3437	467	436	903
3438	457	445	902
3439	475	415	890
3440	457	450	907
3441	451	443	894
3442	492	446	938
3443	478	434	912
3444	486	426	912
3445	462	418	880
3446	451	415	866
3447	456	438	894
3448	465	437	902
3449	455	440	895
3450	464	416	880
3451	456	412	868
3452	457	437	894
3453	483	428	911
3454	456	411	867
3455	470	418	888
3456	458	416	874
3457	445	429	874
3458	472	450	922
3459	457	423	880
3460	458	427	885
3461	448	437	885
3462	461	427	888
3463	449	417	866
3464	488	437	925
3465	451	433	884
3466	475	434	909
3467	428	439	867
3468	448	452	900
3469	451	399	850
3470	442	411	853
3471	464	423	887
3472	436	415	851
3473	435	433	868
3474	453	415	868
3475	464	437	901
3476	469	440	909
3477	454	418	872
3478	461	420	881
3479	445	415	860
3480	446	410	856
3481	446	445	891
3482	445	440	885
3483	445	432	877
3484	451	432	883
3485	463	426	889
3486	449	416	865
3487	453	410	863
3488	479	419	898
3489	451	428	879
3490	450	428	878
3491	451	435	886
3492	473	421	894
3493	478	438	916
3494	468	438	906
3495	476	431	907
3496	452	439	891
3497	452	417	869
3498	427	419	846
3499	458	458	916
3500	455	431	886
3501	457	415	872
3502	465	432	897
3503	452	425	877
3504	461	422	883
3505	470	423	893
3506	471	428	899
3507	452	419	871
3508	441	433	874
3509	469	424	893
3510	455	429	884
3511	452	427	879
3512	475	418	893
3513	482	429	911
3514	472	432	904
3515	479	405	884
3516	444	398	842
3517	450	419	869
3518	469	425	894
3519	454	435	889
3520	456	414	870
3521	451	416	867
3522	475	411	886
3523	464	433	897
3524	476	408	884
3525	462	469	931
3526	471	405	876
3527	468	419	887
3528	464	410	874
3529	444	426	870
3530	481	441	922
3531	458	426	884
3532	460	436	896
3533	449	429	878
3534	464	444	908
3535	469	419	888
3536	442	426	868
3537	432	416	848
3538	454	428	882
3539	461	408	869
3540	486	425	911
3541	463	433	896
3542	454	435	889
3543	461	427	888
3544	434	425	859
3545	462	456	918
3546	453	444	897
3547	470	459	929
3548	447	436	883
3549	456	430	886
3550	459	417	876
3551	450	410	860
3552	457	435	892
3553	457	443	900
3554	454	427	881
3555	464	430	894
3556	446	456	902
3557	452	440	892
3558	475	432	907
3559	446	443	889
3560	462	418	880
3561	469	418	887
3562	456	419	875
3563	434	418	852
3564	439	434	873
3565	448	419	867
3566	456	436	892
3567	457	410	867
3568	459	427	886
3569	466	411	877
3570	465	419	884
3571	454	439	893
3572	470	431	901
3573	454	415	869
3574	457	407	864
3575	470	417	887
3576	465	445	910
3577	457	441	898
3578	457	420	877
3579	457	415	872
3580	449	405	854
3581	469	425	894
3582	459	443	902
3583	479	412	891
3584	454	432	886
3585	459	457	916
3586	443	437	880
3587	460	413	873
3588	475	421	896
3589	459	442	901
3590	459	423	882
3591	465	410	875
3592	446	405	851
3593	477	431	908
3594	433	441	874
3595	465	431	896
3596	475	431	906
3597	449	439	888
3598	476	422	898
3599	440	429	869
3600	455	447	902
3601	462	458	920
3602	441	462	903
3603	462	440	902
3604	450	468	918
3605	456	472	928
3606	459	467	926
3607	454	457	911
3608	451	473	924
3609	456	471	927
3610	463	458	921
3611	456	452	908
3612	461	470	931
3613	424	505	929
3614	474	483	957
3615	464	467	931
3616	458	435	893
3617	457	438	895
3618	472	467	939
3619	460	468	928
3620	465	457	922
3621	460	467	927
3622	461	457	918
3623	465	490	955
3624	449	484	933
3625	478	475	953
3626	463	481	944
3627	465	485	950
3628	470	485	955
3629	467	488	955
3630	464	486	950
3631	451	464	915
3632	446	475	921
3633	467	459	926
3634	472	451	923
3635	450	461	911
3636	447	474	921
3637	453	455	908
3638	452	486	938
3639	481	479	960
3640	472	463	935
3641	451	482	933
3642	461	474	935
3643	440	470	910
3644	471	497	968
3645	451	489	940
3646	445	475	920
3647	451	482	933
3648	473	489	962
3649	459	483	942
3650	445	484	929
3651	459	487	946
3652	459	457	916
3653	470	488	958
3654	472	489	961
3655	454	465	919
3656	459	485	944
3657	476	455	931
3658	446	455	901
3659	461	455	916
3660	484	461	945
3661	483	451	934
3662	447	449	896
3663	444	455	899
3664	433	468	901
3665	470	459	929
3666	456	464	920
3667	458	457	915
3668	459	457	916
3669	465	444	909
3670	474	483	957
3671	485	461	946
3672	469	470	939
3673	469	467	936
3674	458	483	941
3675	451	471	922
3676	460	489	949
3677	455	485	940
3678	436	461	897
3679	435	470	905
3680	465	466	931
3681	451	474	925
3682	467	483	950
3683	453	475	928
3684	442	480	922
3685	450	463	913
3686	481	476	957
3687	452	473	925
3688	451	484	935
3689	465	461	926
3690	454	473	927
3691	464	451	915
3692	476	472	948
3693	468	467	935
3694	466	477	943
3695	449	465	914
3696	463	461	924
3697	472	473	945
3698	431	487	918
3699	457	480	937
3700	445	470	915
3701	469	490	959
3702	475	488	963
3703	444	501	945
3704	439	486	925
3705	469	488	957
3706	478	478	956
3707	475	474	949
3708	460	480	940
3709	452	473	925
3710	449	471	920
3711	427	482	909
3712	447	445	892
3713	447	463	910
3714	465	475	940
3715	482	465	947
3716	451	434	885
3717	464	446	910
3718	461	441	902
3719	444	461	905
3720	453	458	911
3721	467	437	904
3722	470	453	923
3723	455	452	907
3724	449	456	905
3725	475	460	935
3726	484	492	976
3727	453	473	926
3728	453	463	916
3729	439	482	921
3730	462	438	900
3731	476	438	914
3732	464	470	934
3733	481	459	940
3734	460	455	915
3735	479	467	946
3736	459	449	908
3737	463	467	930
3738	436	454	890
3739	438	462	900
3740	457	429	886
3741	456	461	917
3742	459	432	891
3743	474	469	943
3744	472	460	932
3745	461	445	906
3746	440	475	915
3747	468	455	923
3748	445	458	903
3749	446	473	919
3750	450	457	907
3751	446	457	903
3752	459	469	928
3753	424	491	915
3754	475	484	959
3755	464	463	927
3756	452	453	905
3757	475	451	926
3758	462	481	943
3759	478	451	929
3760	468	454	922
3761	453	467	920
3762	454	464	918
3763	469	454	923
3764	478	462	940
3765	469	474	943
3766	422	462	884
3767	471	463	934
3768	475	481	956
3769	451	465	916
3770	467	484	951
3771	438	480	918
3772	454	463	917
3773	443	468	911
3774	440	457	897
3775	457	482	939
3776	453	492	945
3777	461	455	916
3778	472	467	939
3779	455	492	947
3780	447	475	922
3781	485	459	944
3782	442	492	934
3783	463	467	930
3784	442	504	946
3785	468	491	959
3786	458	481	939
3787	441	497	938
3788	452	508	960
3789	453	508	961
3790	453	483	936
3791	452	482	934
3792	446	495	941
3793	458	493	951
3794	477	488	965
3795	461	506	967
3796	470	502	972
3797	451	479	930
3798	466	473	939
3799	464	465	929
3800	479	468	947
3801	458	467	925
3802	449	466	915
3803	459	463	922
3804	443	463	906
3805	465	471	936
3806	461	480	941
3807	437	472	909
3808	451	465	916
3809	454	468	922
3810	459	453	912
3811	460	469	929
3812	470	464	934
3813	470	462	932
3814	464	474	938
3815	450	460	910
3816	453	476	929
3817	466	484	950
3818	443	466	909
3819	461	476	937
3820	478	460	938
3821	450	463	913
3822	461	462	923
3823	455	473	928
3824	460	482	942
3825	456	462	918
3826	458	482	940
3827	443	465	908
3828	475	451	926
3829	456	464	920
3830	456	468	924
3831	475	454	929
3832	455	458	913
3833	461	464	925
3834	441	437	878
3835	442	459	901
3836	452	442	894
3837	466	455	921
3838	449	444	893
3839	447	460	907
3840	451	453	904
3841	483	469	952
3842	456	466	922
3843	453	462	915
3844	462	443	905
3845	460	436	896
3846	476	436	912
3847	462	455	917
3848	468	464	932
3849	451	444	895
3850	448	438	886
3851	447	453	900
3852	467	437	904
3853	445	454	899
3854	464	428	892
3855	442	426	868
3856	474	438	912
3857	441	417	858
3858	476	399	875
3859	464	438	902
3860	462	419	881
3861	457	448	905
3862	452	417	869
3863	454	418	872
3864	457	420	877
3865	445	429	874
3866	432	432	864
3867	481	399	880
3868	461	398	859
3869	456	420	876
3870	465	425	890
3871	452	422	874
3872	469	417	886
3873	482	445	927
3874	441	443	884
3875	466	438	904
3876	441	421	862
3877	456	429	885
3878	447	437	884
3879	467	412	879
3880	454	412	866
3881	462	440	902
3882	479	443	922
3883	464	428	892
3884	464	429	893
3885	471	444	915
3886	477	455	932
3887	440	458	898
3888	454	441	895
3889	459	424	883
3890	463	421	884
3891	470	438	908
3892	464	448	912
3893	465	464	929
3894	447	444	891
3895	445	453	898
3896	462	460	922
3897	464	445	909
3898	442	456	898
3899	466	456	922
3900	452	444	896
3901	465	449	914
3902	439	441	880
3903	455	462	917
3904	457	455	912
3905	463	441	904
3906	443	444	887
3907	468	432	900
3908	442	427	869
3909	446	428	874
3910	457	443	900
3911	454	426	880
3912	443	448	891
3913	438	432	870
3914	456	432	888
3915	466	443	909
3916	444	442	886
3917	461	435	896
3918	447	421	868
3919	478	442	920
3920	459	464	923
3921	465	430	895
3922	473	442	915
3923	442	434	876
3924	449	437	886
3925	457	441	898
3926	456	455	911
3927	448	453	901
3928	449	437	886
3929	480	423	903
3930	472	427	899
3931	445	436	881
3932	469	436	905
3933	466	468	934
3934	447	444	891
3935	463	446	909
3936	471	439	910
3937	476	433	909
3938	467	423	890
3939	466	407	873
3940	443	416	859
3941	451	418	869
3942	465	434	899
3943	453	448	901
3944	463	437	900
3945	469	436	905
3946	455	448	903
3947	460	448	908
3948	467	464	931
3949	481	421	902
3950	443	449	892
3951	454	466	920
3952	444	464	908
3953	460	432	892
3954	469	415	884
3955	483	415	898
3956	457	450	907
3957	483	448	931
3958	443	468	911
3959	466	443	909
3960	452	446	898
3961	453	423	876
3962	460	418	878
3963	438	435	873
3964	458	406	864
3965	449	434	883
3966	473	430	903
3967	469	419	888
3968	461	409	870
3969	452	402	854
3970	455	432	887
3971	447	400	847
3972	467	440	907
3973	454	439	893
3974	475	426	901
3975	462	446	908
3976	466	441	907
3977	444	428	872
3978	461	444	905
3979	463	441	904
3980	463	425	888
3981	459	442	901
3982	464	420	884
3983	454	411	865
3984	457	420	877
3985	457	434	891
3986	459	423	882
3987	452	428	880
3988	442	443	885
3989	446	421	867
3990	451	430	881
3991	456	442	898
3992	483	431	914
3993	460	444	904
3994	464	444	908
3995	468	431	899
3996	468	435	903
3997	429	436	865
3998	445	444	889
3999	450	430	880
4000	449	423	872
4001	431	435	866
4002	439	398	837
4003	464	432	896
4004	438	438	876
4005	459	425	884
4006	454	428	882
4007	477	422	899
4008	447	418	865
4009	460	421	881
4010	449	434	883
4011	452	439	891
4012	461	424	885
4013	466	435	901
4014	450	416	866
4015	465	425	890
4016	486	433	919
4017	495	424	919
4018	449	410	859
4019	455	439	894
4020	461	417	878
4021	471	404	875
4022	447	423	870
4023	479	412	891
4024	452	428	880
4025	478	442	920
4026	451	432	883
4027	461	429	890
4028	460	452	912
4029	447	447	894
4030	436	458	894
4031	470	443	913
4032	457	446	903
4033	460	454	914
4034	455	437	892
4035	445	433	878
4036	449	433	882
4037	474	434	908
4038	435	436	871
4039	450	418	868
4040	470	434	904
4041	463	430	893
4042	451	425	876
4043	461	435	896
4044	446	425	871
4045	449	429	878
4046	440	443	883
4047	457	433	890
4048	463	431	894
4049	475	434	909
4050	460	422	882
4051	466	426	892
4052	460	435	895
4053	466	431	897
4054	471	412	883
4055	446	419	865
4056	470	441	911
4057	449	439	888
4058	451	413	864
4059	443	434	877
4060	434	441	875
4061	465	446	911
4062	474	448	922
4063	461	455	916
4064	450	437	887
4065	462	440	902
4066	456	421	877
4067	445	423	868
4068	443	445	888
4069	480	442	922
4070	476	447	923
4071	464	441	905
4072	476	452	928
4073	438	453	891
4074	467	446	913
4075	461	415	876
4076	457	447	904
4077	447	449	896
4078	457	446	903
4079	466	433	899
4080	441	462	903
4081	450	449	899
4082	464	454	918
4083	432	456	888
4084	457	444	901
4085	431	438	869
4086	452	445	897
4087	453	441	894
4088	437	462	899
4089	445	470	915
4090	447	450	897
4091	444	462	906
4092	456	476	932
4093	451	460	911
4094	447	469	916
4095	484	495	979
4096	445	473	918
4097	469	483	952
4098	470	488	958
4099	468	479	947
4100	438	481	919
4101	455	482	937
4102	476	517	993
4103	474	481	955
4104	476	485	961
4105	452	478	930
4106	457	477	934
4107	441	471	912
4108	447	484	931
4109	464	499	963
4110	462	475	937
4111	477	474	951
4112	484	471	955
4113	460	465	925
4114	434	456	890
4115	467	453	920
4116	466	470	936
4117	444	486	930
4118	448	467	915
4119	458	463	921
4120	480	472	952
4121	450	460	910
4122	443	466	909
4123	443	461	904
4124	456	466	922
4125	472	448	920
4126	462	470	932
4127	462	471	933
4128	443	447	890
4129	456	473	929
4130	476	484	960
4131	466	470	936
4132	453	441	894
4133	491	448	939
4134	468	469	937
4135	461	457	918
4136	467	469	936
4137	473	449	922
4138	468	469	937
4139	469	455	924
4140	458	456	914
4141	453	464	917
4142	452	461	913
4143	450	469	919
4144	455	467	922
4145	439	466	905
4146	462	430	892
4147	469	454	923
4148	447	448	895
4149	476	458	934
4150	459	477	936
4151	475	440	915
4152	451	452	903
4153	457	433	890
4154	467	443	910
4155	453	447	900
4156	473	428	901
4157	450	449	899
4158	466	460	926
4159	453	446	899
4160	464	450	914
4161	450	439	889
4162	448	461	909
4163	460	465	925
4164	456	464	920
4165	458	481	939
4166	464	476	940
4167	454	454	908
4168	458	453	911
4169	457	452	909
4170	438	455	893
4171	453	430	883
4172	465	430	895
4173	457	440	897
4174	460	404	864
4175	465	415	880
4176	467	442	909
4177	470	435	905
4178	466	409	875
4179	460	423	883
4180	466	427	893
4181	460	410	870
4182	457	447	904
4183	452	421	873
4184	461	436	897
4185	462	424	886
4186	455	402	857
4187	457	418	875
4188	470	428	898
4189	456	412	868
4190	484	406	890
4191	481	416	897
4192	436	421	857
4193	445	422	867
4194	465	429	894
4195	472	423	895
4196	461	457	918
4197	470	431	901
4198	505	416	921
4199	439	434	873
4200	460	430	890
4201	475	429	904
4202	452	420	872
4203	460	445	905
4204	462	432	894
4205	466	430	896
4206	462	406	868
4207	458	430	888
4208	474	432	906
4209	448	427	875
4210	457	460	917
4211	446	432	878
4212	453	424	877
4213	458	445	903
4214	453	446	899
4215	462	437	899
4216	438	431	869
4217	448	457	905
4218	452	435	887
4219	470	420	890
4220	466	428	894
4221	456	431	887
4222	466	447	913
4223	462	428	890
4224	452	431	883
4225	460	432	892
4226	463	451	914
4227	461	454	915
4228	460	428	888
4229	479	431	910
4230	460	440	900
4231	426	430	856
4232	444	459	903
4233	456	459	915
4234	462	467	929
4235	458	459	917
4236	426	427	853
4237	455	422	877
4238	449	439	888
4239	461	444	905
4240	463	446	909
4241	468	429	897
4242	455	441	896
4243	487	452	939
4244	474	469	943
4245	465	460	925
4246	466	456	922
4247	446	437	883
4248	468	442	910
4249	456	464	920
4250	443	462	905
4251	471	448	919
4252	471	441	912
4253	443	446	889
4254	461	461	922
4255	463	455	918
4256	455	441	896
4257	436	481	917
4258	472	444	916
4259	444	445	889
4260	472	460	932
4261	465	459	924
4262	461	448	909
4263	450	447	897
4264	451	464	915
4265	474	441	915
4266	451	451	902
4267	473	458	931
4268	469	442	911
4269	486	445	931
4270	451	424	875
4271	461	450	911
4272	446	452	898
4273	463	436	899
4274	461	436	897
4275	437	450	887
4276	455	426	881
4277	468	455	923
4278	451	445	896
4279	467	412	879
4280	454	422	876
4281	460	426	886
4282	450	445	895
4283	455	451	906
4284	470	442	912
4285	488	439	927
4286	442	413	855
4287	469	441	910
4288	461	442	903
4289	451	418	869
4290	477	429	906
4291	481	432	913
4292	451	437	888
4293	455	426	881
4294	470	430	900
4295	459	442	901
4296	454	444	898
4297	474	425	899
4298	464	440	904
4299	441	414	855
4300	462	417	879
4301	455	420	875
4302	472	441	913
4303	471	441	912
4304	462	437	899
4305	471	439	910
4306	457	405	862
4307	453	398	851
4308	457	424	881
4309	455	440	895
4310	445	448	893
4311	464	453	917
4312	456	439	895
4313	469	455	924
4314	461	426	887
4315	457	414	871
4316	468	414	882
4317	472	431	903
4318	440	430	870
4319	445	434	879
4320	476	435	911
4321	449	454	903
4322	445	445	890
4323	460	413	873
4324	473	426	899
4325	462	428	890
4326	462	420	882
4327	466	415	881
4328	448	407	855
4329	460	435	895
4330	469	419	888
4331	444	429	873
4332	459	403	862
4333	462	420	882
4334	458	416	874
4335	460	415	875
4336	463	462	925
4337	440	456	896
4338	433	474	907
4339	465	463	928
4340	449	474	923
4341	464	451	915
4342	455	443	898
4343	456	431	887
4344	462	425	887
4345	465	414	879
4346	457	425	882
4347	466	437	903
4348	431	440	871
4349	464	447	911
4350	456	459	915
4351	452	445	897
4352	462	456	918
4353	464	455	919
4354	475	436	911
4355	464	444	908
4356	452	450	902
4357	455	457	912
4358	448	424	872
4359	462	456	918
4360	460	436	896
4361	448	456	904
4362	461	450	911
4363	446	432	878
4364	470	431	901
4365	455	440	895
4366	436	445	881
4367	475	417	892
4368	426	424	850
4369	464	424	888
4370	462	408	870
4371	461	422	883
4372	461	417	878
4373	445	432	877
4374	447	427	874
4375	466	443	909
4376	462	437	899
4377	462	416	878
4378	466	426	892
4379	451	438	889
4380	456	446	902
4381	453	439	892
4382	474	418	892
4383	451	417	868
4384	445	426	871
4385	479	444	923
4386	460	437	897
4387	463	417	880
4388	458	437	895
4389	446	408	854
4390	447	444	891
4391	457	428	885
4392	466	426	892
4393	450	438	888
4394	451	404	855
4395	473	423	896
4396	462	433	895
4397	454	431	885
4398	448	423	871
4399	465	433	898
4400	428	444	872
4401	460	413	873
4402	452	428	880
4403	474	437	911
4404	480	443	923
4405	450	434	884
4406	421	421	842
4407	476	434	910
4408	427	437	864
4409	454	434	888
4410	467	405	872
4411	445	437	882
4412	442	450	892
4413	442	426	868
4414	442	435	877
4415	467	425	892
4416	467	413	880
4417	451	432	883
4418	460	417	877
4419	480	428	908
4420	457	430	887
4421	442	435	877
4422	448	445	893
4423	465	429	894
4424	469	443	912
4425	457	435	892
4426	482	438	920
4427	469	446	915
4428	466	435	901
4429	454	425	879
4430	445	421	866
4431	462	439	901
4432	453	432	885
4433	471	424	895
4434	487	426	913
4435	434	426	860
4436	449	409	858
4437	465	420	885
4438	455	425	880
4439	443	438	881
4440	454	413	867
4441	461	423	884
4442	472	418	890
4443	453	439	892
4444	436	436	872
4445	478	423	901
4446	449	410	859
4447	436	426	862
4448	448	431	879
4449	432	460	892
4450	460	427	887
4451	477	433	910
4452	464	443	907
4453	454	411	865
4454	449	446	895
4455	445	444	889
4456	467	424	891
4457	462	434	896
4458	483	416	899
4459	441	428	869
4460	474	439	913
4461	469	430	899
4462	461	445	906
4463	436	452	888
4464	446	440	886
4465	456	422	878
4466	448	434	882
4467	466	443	909
4468	462	428	890
4469	465	433	898
4470	467	434	901
4471	449	434	883
4472	487	427	914
4473	469	443	912
4474	457	425	882
4475	459	458	917
4476	458	408	866
4477	448	420	868
4478	476	436	912
4479	453	408	861
4480	447	420	867
4481	471	420	891
4482	469	439	908
4483	427	421	848
4484	444	417	861
4485	470	419	889
4486	456	417	873
4487	444	432	876
4488	450	439	889
4489	443	445	888
4490	465	420	885
4491	467	436	903
4492	444	452	896
4493	457	435	892
4494	444	437	881
4495	468	414	882
4496	466	429	895
4497	463	420	883
4498	445	429	874
4499	478	437	915
4500	462	439	901
4501	455	439	894
4502	459	455	914
4503	454	448	902
4504	464	442	906
4505	466	463	929
4506	450	427	877
4507	460	423	883
4508	450	431	881
4509	448	445	893
4510	444	433	877
4511	448	440	888
4512	471	435	906
4513	482	419	901
4514	434	447	881
4515	463	425	888
4516	447	443	890
4517	460	420	880
4518	435	452	887
4519	461	444	905
4520	447	451	898
4521	440	466	906
4522	477	448	925
4523	495	458	953
4524	448	450	898
4525	463	449	912
4526	453	448	901
4527	453	440	893
4528	460	432	892
4529	439	454	893
4530	445	438	883
4531	467	427	894
4532	458	438	896
4533	469	429	898
4534	452	450	902
4535	467	443	910
4536	457	464	921
4537	443	468	911
4538	457	479	936
4539	438	460	898
4540	454	468	922
4541	457	450	907
4542	474	433	907
4543	456	439	895
4544	460	456	916
4545	470	432	902
4546	446	441	887
4547	446	428	874
4548	455	436	891
4549	467	434	901
4550	469	432	901
4551	465	434	899
4552	448	418	866
4553	462	419	881
4554	470	415	885
4555	451	424	875
4556	470	430	900
4557	455	437	892
4558	461	428	889
4559	455	431	886
4560	460	416	876
4561	458	426	884
4562	459	426	885
4563	473	437	910
4564	472	438	910
4565	448	435	883
4566	458	423	881
4567	465	438	903
4568	467	422	889
4569	466	399	865
4570	450	421	871
4571	450	442	892
4572	453	422	875
4573	449	430	879
4574	468	443	911
4575	442	446	888
4576	462	425	887
4577	462	459	921
4578	461	448	909
4579	439	452	891
4580	467	440	907
4581	463	420	883
4582	452	442	894
4583	453	411	864
4584	453	433	886
4585	449	430	879
4586	468	450	918
4587	447	445	892
4588	470	406	876
4589	462	425	887
4590	481	419	900
4591	450	447	897
4592	454	445	899
4593	462	422	884
4594	462	421	883
4595	451	418	869
4596	442	399	841
4597	456	456	912
4598	449	416	865
4599	459	433	892
4600	456	437	893
4601	470	439	909
4602	468	444	912
4603	458	444	902
4604	466	417	883
4605	487	451	938
4606	477	435	912
4607	459	449	908
4608	442	451	893
4609	437	425	862
4610	463	417	880
4611	479	433	912
4612	472	455	927
4613	466	422	888
4614	442	435	877
4615	443	429	872
4616	467	442	909
4617	450	446	896
4618	458	424	882
4619	466	427	893
4620	466	435	901
4621	465	441	906
4622	479	423	902
4623	441	425	866
4624	452	436	888
4625	461	419	880
4626	446	422	868
4627	465	429	894
4628	448	438	886
4629	434	439	873
4630	455	433	888
4631	447	423	870
4632	455	417	872
4633	465	427	892
4634	479	442	921
4635	495	426	921
4636	469	437	906
4637	459	414	873
4638	457	430	887
4639	464	438	902
4640	450	419	869
4641	461	431	892
4642	465	409	874
4643	452	428	880
4644	450	434	884
4645	458	454	912
4646	468	432	900
4647	461	423	884
4648	467	423	890
4649	451	421	872
4650	448	426	874
4651	466	445	911
4652	458	427	885
4653	456	419	875
4654	469	432	901
4655	435	458	893
4656	455	440	895
4657	450	429	879
4658	458	431	889
4659	440	408	848
4660	446	416	862
4661	471	430	901
4662	442	429	871
4663	451	427	878
4664	451	446	897
4665	445	425	870
4666	445	432	877
4667	431	429	860
4668	443	423	866
4669	458	436	894
4670	475	423	898
4671	464	415	879
4672	450	433	883
4673	463	417	880
4674	456	422	878
4675	444	421	865
4676	456	415	871
4677	466	419	885
4678	458	426	884
4679	481	430	911
4680	460	400	860
4681	465	438	903
4682	496	423	919
4683	468	422	890
4684	455	424	879
4685	455	414	869
4686	464	426	890
4687	470	448	918
4688	461	438	899
4689	475	448	923
4690	470	437	907
4691	467	418	885
4692	427	429	856
4693	458	445	903
4694	453	444	897
4695	460	426	886
4696	433	433	866
4697	443	453	896
4698	454	444	898
4699	474	446	920
4700	466	459	925
4701	464	434	898
4702	465	409	874
4703	474	434	908
4704	456	424	880
4705	448	431	879
4706	457	421	878
4707	470	427	897
4708	484	431	915
4709	447	465	912
4710	436	447	883
4711	464	427	891
4712	457	459	916
4713	459	437	896
4714	466	422	888
4715	452	436	888
4716	473	418	891
4717	465	433	898
4718	451	464	915
4719	469	439	908
4720	474	428	902
4721	461	444	905
4722	450	417	867
4723	459	425	884
4724	461	429	890
4725	461	444	905
4726	441	422	863
4727	445	458	903
4728	455	443	898
4729	449	435	884
4730	468	443	911
4731	458	455	913
4732	455	451	906
4733	467	442	909
4734	458	407	865
4735	456	437	893
4736	459	427	886
4737	465	457	922
4738	459	463	922
4739	473	469	942
4740	457	455	912
4741	458	463	921
4742	440	448	888
4743	460	469	929
4744	468	449	917
4745	467	450	917
4746	471	439	910
4747	463	440	903
4748	452	427	879
4749	435	449	884
4750	453	416	869
4751	426	421	847
4752	442	453	895
4753	457	442	899
4754	450	453	903
4755	467	456	923
4756	466	451	917
4757	455	484	939
4758	444	479	923
4759	446	455	901
4760	444	458	902
4761	452	449	901
4762	466	458	924
4763	453	442	895
4764	449	446	895
4765	424	453	877
4766	456	449	905
4767	468	449	917
4768	453	465	918
4769	480	468	948
4770	438	483	921
4771	470	456	926
4772	451	463	914
4773	481	464	945
4774	452	447	899
4775	465	456	921
4776	444	436	880
4777	438	447	885
4778	449	457	906
4779	432	451	883
4780	459	424	883
4781	459	455	914
4782	445	447	892
4783	462	465	927
4784	466	431	897
4785	443	435	878
4786	453	431	884
4787	464	453	917
4788	460	433	893
4789	456	421	877
4790	474	448	922
4791	458	428	886
4792	476	429	905
4793	472	445	917
4794	461	434	895
4795	458	457	915
4796	480	449	929
4797	459	458	917
4798	466	458	924
4799	457	458	915
4800	432	433	865
4801	454	437	891
4802	462	452	914
4803	460	446	906
4804	449	450	899
4805	448	463	911
4806	469	457	926
4807	453	461	914
4808	462	464	926
4809	452	470	922
4810	467	457	924
4811	434	453	887
4812	457	451	908
4813	451	450	901
4814	453	436	889
4815	453	448	901
4816	467	451	918
4817	458	442	900
4818	479	478	957
4819	448	463	911
4820	450	472	922
4821	445	468	913
4822	467	444	911
4823	464	444	908
4824	429	449	878
4825	458	436	894
4826	474	459	933
4827	455	443	898
4828	450	445	895
4829	458	442	900
4830	459	436	895
4831	445	457	902
4832	428	455	883
4833	463	436	899
4834	455	440	895
4835	464	451	915
4836	447	481	928
4837	467	463	930
4838	449	476	925
4839	442	471	913
4840	450	456	906
4841	453	463	916
4842	495	468	963
4843	464	498	962
4844	450	485	935
4845	444	463	907
4846	465	473	938
4847	447	457	904
4848	460	470	930
4849	452	471	923
4850	449	479	928
4851	465	477	942
4852	462	457	919
4853	457	479	936
4854	449	471	920
4855	457	453	910
4856	452	450	902
4857	452	428	880
4858	459	466	925
4859	446	454	900
4860	459	452	911
4861	491	445	936
4862	439	480	919
4863	455	456	911
4864	456	470	926
4865	450	484	934
4866	478	486	964
4867	452	469	921
4868	467	477	944
4869	471	490	961
4870	487	459	946
4871	468	485	953
4872	463	496	959
4873	442	498	940
4874	452	474	926
4875	439	464	903
4876	457	445	902
4877	456	461	917
4878	476	470	946
4879	447	456	903
4880	443	454	897
4881	469	454	923
4882	462	467	929
4883	457	443	900
4884	457	464	921
4885	460	470	930
4886	452	458	910
4887	457	455	912
4888	462	457	919
4889	454	442	896
4890	448	465	913
4891	467	425	892
4892	462	444	906
4893	474	455	929
4894	459	462	921
4895	471	476	947
4896	459	431	890
4897	445	460	905
4898	453	450	903
4899	427	438	865
4900	471	443	914
4901	457	455	912
4902	441	426	867
4903	462	456	918
4904	485	448	933
4905	443	494	937
4906	439	492	931
4907	464	474	938
4908	443	468	911
4909	441	453	894
4910	465	474	939
4911	467	450	917
4912	468	457	925
4913	475	428	903
4914	458	441	899
4915	473	438	911
4916	461	459	920
4917	460	467	927
4918	460	465	925
4919	460	456	916
4920	479	447	926
4921	466	473	939
4922	470	465	935
4923	468	476	944
4924	446	469	915
4925	473	454	927
4926	434	453	887
4927	477	446	923
4928	459	437	896
4929	492	443	935
4930	447	448	895
4931	462	445	907
4932	481	406	887
4933	464	431	895
4934	464	443	907
4935	443	440	883
4936	450	454	904
4937	452	428	880
4938	476	435	911
4939	458	424	882
4940	460	445	905
4941	458	448	906
4942	434	424	858
4943	459	437	896
4944	479	430	909
4945	434	407	841
4946	445	415	860
4947	454	418	872
4948	455	416	871
4949	467	448	915
4950	455	433	888
4951	455	436	891
4952	446	439	885
4953	446	427	873
4954	440	431	871
4955	420	433	853
4956	472	432	904
4957	475	445	920
4958	480	421	901
4959	457	424	881
4960	444	411	855
4961	452	443	895
4962	437	415	852
4963	433	426	859
4964	463	410	873
4965	433	423	856
4966	455	438	893
4967	452	434	886
4968	461	438	899
4969	448	420	868
4970	452	424	876
4971	458	416	874
4972	454	446	900
4973	440	429	869
4974	441	422	863
4975	449	429	878
4976	458	458	916
4977	474	430	904
4978	453	451	904
4979	457	432	889
4980	479	422	901
4981	461	455	916
4982	443	435	878
4983	435	428	863
4984	453	426	879
4985	463	421	884
4986	454	426	880
4987	466	432	898
4988	455	439	894
4989	466	441	907
4990	460	431	891
4991	441	423	864
4992	475	426	901
4993	450	439	889
4994	451	437	888
4995	464	404	868
4996	460	431	891
4997	442	422	864
4998	469	443	912
4999	468	407	875
5000	482	429	911
5001	455	415	870
5002	459	438	897
5003	445	441	886
5004	479	409	888
5005	492	436	928
5006	455	409	864
5007	453	436	889
5008	472	431	903
5009	461	431	892
5010	451	434	885
5011	457	417	874
5012	437	433	870
5013	475	411	886
5014	457	429	886
5015	456	426	882
5016	464	434	898
5017	465	432	897
5018	462	446	908
5019	434	436	870
5020	450	450	900
5021	457	428	885
5022	470	423	893
5023	439	439	878
5024	491	422	913
5025	452	431	883
5026	457	427	884
5027	470	437	907
5028	457	429	886
5029	461	425	886
5030	462	430	892
5031	462	431	893
5032	454	432	886
5033	457	401	858
5034	461	410	871
5035	456	423	879
5036	444	440	884
5037	464	421	885
5038	465	435	900
5039	467	431	898
5040	461	416	877
5041	472	442	914
5042	458	413	871
5043	466	420	886
5044	454	432	886
5045	469	418	887
5046	473	416	889
5047	457	459	916
5048	456	453	909
5049	458	453	911
5050	469	407	876
5051	467	433	900
5052	451	424	875
5053	473	437	910
5054	486	436	922
5055	446	433	879
5056	456	429	885
5057	445	426	871
5058	453	432	885
5059	464	435	899
5060	450	434	884
5061	451	440	891
