1	253	175	325	93
2	275	168	434	4
3	295	167	462	0
4	287	175	491	0
5	288	169	464	0
6	287	175	466	0
7	279	179	498	0
8	250	181	484	0
9	258	177	491	0
10	278	175	461	0
11	297	157	488	0
12	306	168	479	0
13	296	171	467	0
14	297	156	486	0
15	306	153	487	0
16	328	131	486	1
17	362	102	500	0
18	339	116	474	0
19	310	154	472	0
20	327	134	478	0
21	314	136	473	0
22	321	132	474	0
23	325	142	494	0
24	315	142	486	0
25	303	165	461	0
26	293	168	468	0
27	273	185	478	0
28	264	175	483	0
29	265	196	467	0
30	255	213	472	0
31	251	213	457	0
32	237	207	471	0
33	219	226	460	0
34	184	271	474	0
35	205	259	469	0
36	204	262	466	0
37	160	301	469	1
38	161	295	467	0
39	140	307	432	0
40	175	282	448	0
41	190	277	475	0
42	206	260	452	0
43	224	234	472	0
44	250	225	466	0
45	247	226	463	0
46	231	223	468	0
47	208	227	477	0
48	199	259	473	0
49	191	263	476	0
50	162	296	464	0
51	181	266	460	0
52	197	268	469	0
53	185	263	467	0
54	174	255	483	0
55	184	284	470	0
56	182	266	460	0
57	172	273	474	0
58	148	316	459	1
59	177	278	461	0
60	180	285	471	0
61	175	285	463	0
62	181	291	451	0
63	148	320	452	0
64	164	291	459	0
65	176	271	457	0
66	170	297	449	0
67	191	256	448	0
68	197	286	454	0
69	215	252	463	0
70	211	256	471	0
71	198	268	481	0
72	214	248	477	0
73	168	276	468	0
74	187	258	447	0
75	174	267	474	0
76	163	308	456	0
77	149	301	442	0
78	154	298	447	0
79	188	275	454	0
80	149	278	451	0
81	139	306	469	0
82	145	304	465	0
83	128	322	458	0
84	142	302	450	0
85	131	306	461	0
86	126	345	442	0
87	123	355	442	0
88	86	375	461	0
89	100	340	437	0
90	104	349	458	0
91	84	385	431	0
92	107	341	437	0
93	125	338	440	0
94	139	334	443	1
95	128	348	445	0
96	95	364	444	0
97	80	384	445	0
98	91	386	436	0
99	73	373	436	0
100	69	375	454	0
101	75	377	429	0
102	53	417	434	0
103	0	456	428	2
104	3	453	428	0
105	0	465	448	0
106	0	461	408	0
107	36	415	438	0
108	42	447	438	0
109	18	439	423	0
110	25	432	415	0
111	10	440	422	0
112	48	424	442	0
113	32	419	458	0
114	1	435	426	0
115	0	474	441	0
116	8	469	445	0
117	0	449	437	0
118	21	440	424	0
119	0	425	422	0
120	0	465	431	0
121	0	465	450	0
122	0	459	431	3
123	3	454	427	0
124	0	451	442	0
125	21	455	428	0
126	15	457	427	0
127	0	483	417	0
128	0	448	416	0
129	0	455	436	0
130	0	460	431	0
131	0	448	437	0
132	0	452	438	0
133	0	470	424	0
134	0	461	408	0
135	10	469	435	0
136	0	468	430	0
137	0	441	414	0
138	0	455	432	0
139	0	464	404	0
140	0	452	421	0
141	0	458	440	0
142	22	421	415	0
143	41	406	446	0
144	100	367	443	0
145	47	387	433	0
146	41	411	420	0
147	69	403	432	0
148	55	411	430	0
149	30	433	440	0
150	35	400	443	0
151	78	397	431	0
152	74	373	425	0
153	50	418	456	0
154	54	420	426	0
155	45	433	451	0
156	22	419	428	0
157	41	431	438	0
158	37	427	438	0
159	40	435	429	0
160	40	433	432	0
161	48	409	433	0
162	64	405	435	0
163	66	404	449	0
164	69	377	457	0
165	46	414	460	0
166	58	418	409	0
167	47	417	430	0
168	19	426	421	0
169	34	428	407	0
170	0	454	450	0
171	0	475	436	1
172	0	444	436	0
173	0	455	428	0
174	0	462	431	0
175	0	456	412	0
176	0	441	447	0
177	7	453	435	0
178	0	454	436	0
179	0	461	433	0
180	32	410	413	0
181	45	408	428	0
182	27	427	438	0
183	28	418	442	0
184	20	429	437	0
185	22	430	423	0
186	0	467	430	0
187	0	462	427	1
188	5	453	422	0
189	0	460	428	0
190	0	455	435	0
191	4	462	432	0
192	0	460	415	0
193	0	463	431	0
194	20	439	414	0
195	0	472	438	0
196	1	444	446	0
197	12	451	461	0
198	7	440	448	0
199	29	438	443	0
200	50	427	450	0
201	16	440	432	0
202	0	458	462	0
203	0	468	413	0
204	0	461	429	0
205	0	457	432	0
206	0	460	422	0
207	0	464	422	0
208	0	466	424	0
209	0	466	430	0
210	0	464	405	0
211	0	447	430	0
212	0	454	405	0
213	5	478	416	0
214	0	460	424	0
215	6	443	439	0
216	5	468	444	0
217	29	444	432	0
218	0	454	429	0
219	0	467	442	0
220	0	443	418	0
221	0	432	417	0
222	58	435	425	0
223	17	422	419	0
224	31	426	442	0
225	30	415	419	0
226	56	398	410	0
227	63	423	458	0
228	45	427	434	0
229	45	426	433	0
230	0	446	417	0
231	0	452	414	0
232	0	474	422	0
233	0	433	431	0
234	0	469	421	0
235	13	459	430	0
236	0	453	422	0
237	0	468	419	0
238	26	445	428	0
239	28	428	441	0
240	57	414	458	0
241	31	423	436	0
242	51	431	403	0
243	8	434	421	0
244	0	449	436	0
245	18	445	439	0
246	0	458	417	0
247	0	459	416	0
248	7	459	402	0
249	0	447	435	0
250	0	461	427	1
251	0	474	440	0
252	0	442	439	0
253	0	456	441	0
254	1	463	429	0
255	0	455	429	0
256	0	444	431	0
257	0	457	427	0
258	0	456	410	0
259	0	460	397	0
260	0	428	435	0
261	0	450	412	0
262	0	448	427	0
263	0	442	423	0
264	15	448	444	0
265	0	464	410	0
266	0	470	430	0
267	0	457	445	0
268	0	467	420	0
269	0	463	428	0
270	0	466	432	0
271	3	431	429	0
272	0	463	441	0
273	8	463	423	0
274	0	470	414	0
275	2	452	419	0
276	0	428	442	0
277	0	440	443	0
278	0	470	426	0
279	0	478	431	0
280	0	454	418	1
281	7	454	427	0
282	0	473	439	0
283	0	464	417	0
284	0	478	434	0
285	0	464	426	0
286	0	456	418	0
287	0	465	413	0
288	0	451	432	0
289	2	444	446	0
290	0	429	446	0
291	29	440	425	0
292	33	429	422	0
293	47	422	430	0
294	47	409	434	0
295	51	413	449	0
296	32	419	418	0
297	13	434	432	0
298	17	431	412	0
299	26	435	434	0
300	14	443	425	0
301	32	429	451	0
302	23	431	453	0
303	24	461	419	0
304	0	463	426	0
305	13	470	423	0
306	0	462	416	0
307	0	455	444	0
308	0	463	405	0
309	0	433	414	0
310	0	456	428	0
311	0	468	408	0
312	0	469	437	0
313	0	456	445	0
314	0	449	438	0
315	0	437	413	0
316	0	452	422	0
317	0	443	438	0
318	0	465	410	0
319	0	457	420	0
320	0	453	414	0
321	0	468	424	0
322	0	478	429	0
323	0	450	438	3
324	0	457	442	0
325	0	446	424	0
326	0	434	429	0
327	0	457	418	0
328	0	460	448	0
329	0	472	404	2
330	0	449	431	0
331	0	450	426	0
332	4	459	427	0
333	0	444	421	0
334	0	462	440	0
335	0	455	420	0
336	23	433	422	0
337	16	448	410	0
338	32	448	431	0
339	25	428	413	0
340	0	475	438	0
341	0	444	429	0
342	0	464	406	0
343	0	455	424	0
344	0	428	419	0
345	0	465	448	0
346	0	471	422	0
347	0	475	461	0
348	0	473	428	0
349	2	452	441	0
350	0	469	399	0
351	0	462	431	0
352	0	455	429	1
353	0	434	436	0
354	0	446	421	0
355	2	459	422	0
356	0	478	408	0
357	0	461	438	0
358	0	477	425	0
359	0	467	420	0
360	0	463	439	0
361	0	456	424	0
362	0	460	417	0
363	0	471	422	0
364	0	460	399	4
365	0	452	425	0
366	9	451	419	0
367	0	459	420	0
368	0	469	410	3
369	0	454	406	0
370	0	442	438	0
371	0	462	438	0
372	0	449	431	0
373	0	469	446	0
374	0	472	427	0
375	2	444	402	0
376	0	461	433	0
377	0	458	428	0
378	0	467	435	0
379	0	457	410	0
380	0	460	432	0
381	0	458	416	0
382	9	461	431	0
383	40	452	426	0
384	26	449	396	1
385	52	424	426	0
386	66	386	430	0
387	47	388	449	0
388	44	411	430	0
389	42	432	428	0
390	48	415	439	0
391	39	407	432	0
392	44	412	451	0
393	55	388	425	0
394	43	397	430	0
395	64	380	446	0
396	62	393	445	0
397	85	367	438	0
398	93	356	449	0
399	81	386	441	0
400	60	385	449	0
401	59	406	427	0
402	73	388	410	0
403	60	391	444	0
404	53	415	434	0
405	60	398	450	0
406	59	398	437	0
407	45	406	430	0
408	33	415	438	0
409	50	404	425	0
410	75	378	444	0
411	83	372	435	0
412	94	382	447	0
413	92	359	427	0
414	78	387	446	0
415	61	396	449	0
416	76	397	438	0
417	80	373	451	0
418	74	392	453	0
419	45	405	445	0
420	40	384	430	0
421	50	391	420	0
422	49	413	426	0
423	26	436	442	0
424	0	462	436	0
425	0	462	436	0
426	0	444	414	0
427	0	452	425	0
428	0	442	438	0
429	0	474	448	0
430	0	446	420	1
431	0	445	440	2
432	0	454	431	0
433	0	447	431	0
434	0	451	414	0
435	32	399	413	0
436	49	443	410	0
437	12	436	420	0
438	0	450	423	0
439	0	465	437	0
440	2	464	411	0
441	0	463	448	0
442	0	473	427	0
443	0	476	437	0
444	15	430	430	0
445	35	447	432	0
446	35	426	418	0
447	62	402	439	0
448	34	415	420	0
449	28	434	424	0
450	14	419	417	0
451	8	447	425	0
452	0	457	428	0
453	24	441	438	0
454	23	443	431	0
455	44	434	427	0
456	30	447	440	0
457	31	421	441	0
458	28	444	423	0
459	0	449	450	0
460	0	443	425	0
461	0	451	410	0
462	0	449	430	0
463	1	472	441	0
464	0	450	441	0
465	0	443	419	0
466	0	474	441	0
467	0	467	423	0
468	0	439	426	0
469	0	458	422	0
470	0	460	419	3
471	0	445	420	0
472	0	443	432	0
473	17	439	453	0
474	8	432	453	0
475	29	421	428	0
476	14	457	427	0
477	0	457	439	0
478	2	467	426	0
479	0	459	415	0
480	0	460	411	0
481	0	483	434	0
482	0	476	434	0
483	0	465	451	0
484	0	452	404	0
485	0	459	426	0
486	0	447	415	0
487	0	461	408	0
488	0	461	436	3
489	0	449	408	0
490	0	442	437	0
491	26	423	430	0
492	23	444	433	0
493	0	463	438	0
494	0	466	424	0
495	0	461	434	0
496	0	448	412	0
497	0	445	424	0
498	0	458	424	0
499	0	449	440	0
500	0	452	428	0
501	0	485	412	0
502	5	443	434	0
503	0	475	417	0
504	0	455	439	0
505	0	451	424	0
506	3	432	407	0
507	0	454	428	0
508	0	430	417	0
509	0	451	448	0
510	0	452	421	0
511	0	469	429	0
512	12	472	407	0
513	0	474	430	5
514	0	469	449	0
515	0	475	413	0
516	0	453	425	0
517	0	454	423	0
518	0	454	430	0
519	0	475	439	0
520	0	465	422	0
521	0	459	430	0
522	5	452	431	0
523	0	439	428	0
524	0	432	424	0
525	13	445	436	0
526	12	462	440	0
527	0	473	431	0
528	0	455	435	0
529	0	477	431	0
530	0	449	440	0
531	19	419	454	0
532	27	431	419	0
533	32	425	436	0
534	35	434	430	0
535	20	442	442	0
536	41	411	448	0
537	23	435	442	0
538	38	440	431	0
539	0	466	435	0
540	0	449	416	0
541	0	451	452	0
542	0	480	435	0
543	0	461	421	0
544	0	467	404	0
545	0	457	418	0
546	0	473	410	0
547	3	464	426	0
548	5	472	446	0
549	18	452	441	0
550	0	468	418	0
551	0	457	419	0
552	0	456	431	0
553	0	432	434	0
554	8	450	415	0
555	0	450	442	0
556	0	425	441	0
557	0	440	417	0
558	0	458	442	0
559	0	457	437	0
560	10	459	425	0
561	0	448	434	0
562	0	472	427	0
563	0	461	413	1
564	0	456	448	0
565	0	443	440	0
566	2	469	425	0
567	0	448	437	0
568	2	456	423	0
569	0	441	411	0
570	19	423	442	0
571	28	437	435	0
572	26	435	435	0
573	0	458	424	0
574	2	439	445	0
575	0	476	438	0
576	0	453	424	0
577	0	458	421	0
578	19	443	420	0
579	12	453	428	0
580	0	456	421	0
581	0	455	444	5
582	0	454	444	0
583	2	461	431	0
584	0	472	433	0
585	0	447	449	0
586	0	451	426	0
587	0	450	405	0
588	0	467	409	0
589	0	469	454	2
590	0	464	451	0
591	0	466	397	0
592	0	460	427	0
593	0	442	452	4
594	0	459	403	0
595	0	493	417	0
596	0	460	432	0
597	0	483	413	0
598	0	458	432	0
599	0	471	414	1
600	0	445	427	0
601	0	449	415	0
602	0	460	426	0
603	0	469	437	0
604	0	469	428	0
605	0	465	439	0
606	0	462	456	0
607	0	437	443	0
608	0	440	420	0
609	0	476	438	0
610	0	478	444	0
611	0	472	434	0
612	22	433	434	0
613	26	448	437	0
614	5	441	412	0
615	0	455	442	0
616	9	481	422	0
617	0	459	426	0
618	28	429	437	0
619	35	423	445	0
620	50	381	435	0
621	81	380	412	0
622	57	404	452	0
623	50	397	436	0
624	10	450	427	0
625	20	427	437	0
626	0	434	436	0
627	0	457	455	0
628	0	487	396	0
629	0	478	430	0
630	0	440	428	0
631	19	442	424	0
632	0	437	411	0
633	0	456	431	0
634	1	481	426	0
635	0	462	427	0
636	0	448	432	0
637	0	446	426	0
638	0	460	429	0
639	0	464	425	0
640	0	456	415	0
641	0	441	414	0
642	0	452	434	0
643	10	447	416	0
644	0	440	422	0
645	0	446	425	0
646	0	445	429	0
647	18	429	435	0
648	30	413	450	0
649	4	449	444	0
650	0	450	455	0
651	0	470	415	0
652	0	464	407	0
653	0	488	435	0
654	0	483	421	0
655	0	455	429	0
656	0	466	429	0
657	0	436	422	0
658	0	448	419	0
659	4	442	413	0
660	0	455	418	0
661	0	455	400	0
662	0	452	423	0
663	0	440	451	0
664	0	471	428	0
665	0	469	423	0
666	0	459	436	0
667	0	466	433	0
668	33	420	435	0
669	48	422	427	0
670	16	403	429	0
671	4	451	421	0
672	0	474	434	0
673	0	466	438	0
674	0	460	430	0
675	0	478	417	0
676	0	472	424	0
677	0	462	431	0
678	0	464	418	0
679	0	468	405	0
680	0	462	414	0
681	0	471	432	0
682	0	459	428	0
683	0	452	450	0
684	0	462	420	0
685	0	458	408	0
686	12	469	429	0
687	0	474	429	0
688	2	453	440	0
689	0	467	429	0
690	27	424	414	0
691	50	400	418	0
692	93	377	441	0
693	81	365	436	0
694	24	412	438	0
695	42	418	406	0
696	34	414	453	0
697	5	459	449	0
698	0	457	441	0
699	0	434	426	0
700	16	428	419	0
701	30	448	430	2
702	11	455	423	0
703	0	467	439	0
704	0	459	436	0
705	19	445	432	0
706	9	446	425	0
707	14	440	411	0
708	49	416	440	0
709	28	433	455	0
710	39	427	435	0
711	50	404	432	0
712	30	436	444	0
713	49	404	440	0
714	66	397	430	0
715	94	361	450	0
716	127	353	432	0
717	100	335	432	0
718	126	320	431	0
719	159	309	470	0
720	126	319	436	0
721	122	335	432	0
722	156	303	448	0
723	141	311	461	0
724	142	316	462	0
725	148	305	453	0
726	138	303	447	1
727	135	338	454	0
728	133	321	451	0
729	121	324	466	0
730	151	327	445	0
731	151	316	449	0
732	117	327	454	0
733	152	305	463	0
734	139	318	472	0
735	117	348	454	0
736	108	373	457	0
737	141	303	453	0
738	155	298	447	0
739	157	304	452	0
740	161	317	443	0
741	162	311	450	0
742	170	262	458	0
743	184	263	461	0
744	223	237	464	0
745	202	244	456	0
746	215	242	456	0
747	258	217	465	0
748	273	201	469	0
749	253	178	480	0
750	255	201	449	0
751	254	202	469	0
752	260	184	459	0
753	258	213	482	0
754	262	197	484	0
755	275	190	468	0
756	281	175	487	0
757	271	212	482	0
758	262	189	484	0
759	279	169	473	0
760	302	133	464	0
761	313	163	481	0
762	317	171	476	0
763	279	186	487	0
764	293	187	500	0
765	287	174	497	1
766	250	211	481	0
767	246	208	460	0
768	230	220	470	0
769	239	219	450	0
770	250	207	461	0
771	287	181	484	0
772	317	163	487	0
773	326	140	503	0
774	292	162	517	0
775	271	184	489	0
776	283	164	479	0
777	253	196	470	0
778	253	202	467	0
779	246	182	476	0
780	263	212	467	0
781	253	199	470	0
782	244	208	467	0
783	240	199	473	0
784	233	229	479	0
785	228	246	471	0
786	225	231	469	0
787	201	240	486	0
788	190	248	468	0
789	216	244	439	0
790	205	242	476	0
791	204	259	491	0
792	212	251	465	0
793	211	268	482	0
794	172	281	461	0
795	158	281	463	0
796	172	283	444	0
797	185	269	465	0
798	177	278	435	0
799	192	271	456	0
800	191	274	471	0
801	190	281	474	0
802	175	283	469	0
803	184	292	468	0
804	183	269	450	0
805	188	269	441	0
806	215	252	479	0
807	228	252	460	0
808	213	245	462	0
809	206	247	459	0
810	175	270	450	0
811	211	245	478	0
812	215	238	458	0
813	195	239	459	0
814	228	227	470	0
815	251	230	479	0
816	277	187	468	0
817	284	181	491	0
818	286	164	469	0
819	293	180	476	0
820	284	170	478	0
821	272	170	475	0
822	272	188	476	0
823	280	194	499	0
824	281	173	492	0
825	293	148	511	0
826	271	179	497	0
827	293	170	483	0
828	303	142	498	0
829	289	174	486	0
830	276	163	472	0
831	287	166	478	0
832	279	199	467	0
833	294	147	485	0
834	298	154	498	0
835	307	149	491	0
836	283	158	480	0
837	300	170	479	0
838	340	141	508	0
839	333	135	502	0
840	325	113	512	0
841	356	103	494	0
842	373	109	508	0
843	362	107	519	0
844	339	106	498	0
845	346	88	503	0
846	368	95	507	0
847	342	109	501	0
848	343	127	484	0
849	304	154	501	0
850	278	182	484	0
851	283	175	495	0
852	290	183	496	0
853	295	156	484	0
854	278	174	474	0
855	268	178	471	0
856	303	173	476	0
857	270	169	483	0
858	286	169	501	0
859	273	191	496	0
860	281	178	489	0
861	228	231	481	0
862	212	261	440	0
863	195	261	447	0
864	172	287	444	0
865	181	270	480	0
866	195	258	459	1
867	197	269	458	0
868	189	266	478	0
869	206	258	484	0
870	192	270	448	0
871	172	281	451	0
872	190	270	446	0
873	159	298	434	0
874	118	346	450	0
875	123	355	442	0
876	102	356	446	0
877	75	381	441	0
878	61	390	452	0
879	66	386	425	0
880	59	400	439	0
881	72	390	428	1
882	89	386	442	0
883	66	379	456	0
884	53	403	449	0
885	63	402	438	0
886	46	378	444	1
887	67	375	432	0
888	83	380	467	0
889	41	399	437	0
890	64	382	460	0
891	48	402	424	0
892	69	399	423	0
893	56	397	440	0
894	67	386	445	0
895	71	371	449	0
896	46	400	419	0
897	73	401	440	0
898	58	397	451	0
899	63	400	424	0
900	47	409	434	0
901	17	435	445	0
902	0	461	436	0
903	0	476	425	0
904	8	472	439	0
905	0	466	421	0
906	0	459	433	0
907	0	440	409	0
908	0	464	416	0
909	0	456	420	0
910	13	446	418	0
911	0	473	412	0
912	0	450	425	0
913	0	473	420	0
914	0	441	423	0
915	7	465	423	0
916	0	494	417	0
917	0	453	419	0
918	0	461	407	0
919	3	477	429	0
920	0	457	422	0
921	0	446	439	0
922	0	461	428	0
923	0	462	428	0
924	32	435	426	0
925	23	417	426	0
926	34	394	446	0
927	22	430	438	0
928	0	453	423	2
929	0	476	430	0
930	0	448	417	0
931	0	444	435	0
932	0	473	450	0
933	12	468	410	0
934	27	418	453	0
935	36	432	439	0
936	5	454	432	0
937	0	471	425	0
938	0	439	422	0
939	0	454	434	0
940	0	467	412	0
941	0	462	422	0
942	14	459	426	0
943	0	466	443	0
944	12	459	425	0
945	19	427	440	0
946	0	469	438	0
947	0	453	433	0
948	0	465	422	0
949	0	474	422	0
950	0	476	431	0
951	0	444	438	0
952	0	460	434	0
953	0	467	411	0
954	0	465	415	0
955	0	443	434	0
956	0	446	460	0
957	14	451	411	0
958	0	474	415	0
959	0	458	419	0
960	0	452	440	0
961	0	451	452	0
962	0	448	425	0
963	0	439	428	0
964	14	450	449	0
965	0	477	427	0
966	0	473	426	0
967	0	463	455	0
968	0	458	429	0
969	0	463	420	0
970	6	438	455	0
971	10	452	452	0
972	0	447	439	0
973	0	482	432	0
974	0	452	416	0
975	16	479	417	0
976	0	446	381	2
977	0	465	426	0
978	0	456	450	0
979	0	449	412	0
980	3	458	421	0
981	5	465	435	0
982	4	468	433	0
983	0	454	422	0
984	0	458	435	0
985	0	452	441	0
986	14	459	424	0
987	0	461	435	0
988	10	445	440	0
989	30	432	447	0
990	35	429	434	0
991	34	442	407	0
992	40	437	418	0
993	38	418	419	0
994	17	447	438	0
995	0	468	435	0
996	0	453	436	0
997	0	476	424	0
998	0	466	449	0
999	0	439	437	0
1000	0	447	416	0
1001	14	452	446	0
1002	21	435	425	0
1003	19	440	435	0
1004	20	435	434	0
1005	13	443	402	0
1006	0	460	417	0
1007	0	445	455	0
1008	18	438	428	0
1009	58	396	439	0
1010	54	416	449	0
1011	37	401	435	0
1012	63	390	447	0
1013	74	393	448	0
1014	57	390	443	0
1015	59	382	438	0
1016	42	423	420	0
1017	55	408	409	0
1018	34	409	432	0
1019	17	437	441	0
1020	48	421	438	0
1021	28	447	420	0
1022	23	437	428	0
1023	31	432	430	0
1024	9	437	419	0
1025	25	442	433	0
1026	63	404	415	0
1027	36	407	399	0
1028	31	439	416	0
1029	19	436	432	0
1030	28	421	438	0
1031	30	413	432	0
1032	32	432	443	0
1033	24	434	449	0
1034	38	433	420	0
1035	32	410	429	0
1036	57	408	437	0
1037	37	414	430	0
1038	21	452	419	0
1039	0	457	444	0
1040	0	456	435	1
1041	0	434	414	0
1042	0	446	427	0
1043	0	468	414	0
1044	0	458	444	0
1045	0	455	417	0
1046	0	459	416	0
1047	0	441	444	0
1048	0	460	424	0
1049	0	448	428	0
1050	20	450	456	0
1051	31	422	436	1
1052	52	419	419	0
1053	28	444	429	0
1054	23	423	434	0
1055	31	442	425	0
1056	1	464	409	0
1057	0	455	431	0
1058	0	455	446	0
1059	5	450	418	0
1060	0	458	412	0
1061	0	459	415	0
1062	0	437	426	0
1063	0	469	424	0
1064	0	452	440	0
1065	42	436	452	0
1066	25	432	418	0
1067	0	468	428	0
1068	0	453	450	0
1069	0	490	431	0
1070	0	445	437	0
1071	0	438	438	0
1072	0	444	441	0
1073	0	466	418	0
1074	0	446	410	0
1075	0	458	417	0
1076	0	444	435	0
1077	0	454	417	0
1078	0	441	407	2
1079	10	456	433	0
1080	12	462	431	0
1081	0	476	420	0
1082	0	441	446	0
1083	17	456	432	0
1084	11	445	409	0
1085	0	476	440	0
1086	5	464	415	0
1087	0	445	419	0
1088	0	461	421	0
1089	0	459	412	0
1090	0	447	429	0
1091	0	466	428	0
1092	0	481	436	0
1093	4	466	422	0
1094	0	446	447	0
1095	0	451	450	0
1096	0	453	422	0
1097	0	459	427	0
1098	0	477	449	0
1099	2	460	429	0
1100	0	471	433	0
1101	0	463	417	0
1102	0	473	417	0
1103	0	434	430	0
1104	24	429	428	0
1105	23	439	430	0
1106	13	442	431	0
1107	0	441	433	0
1108	0	445	429	0
1109	0	455	430	0
1110	5	435	419	0
1111	0	461	429	0
1112	0	453	400	0
1113	0	452	440	0
1114	3	459	419	0
1115	0	462	427	0
1116	0	441	422	1
1117	0	461	438	0
1118	0	462	428	0
1119	0	449	429	0
1120	0	440	424	0
1121	0	469	408	0
1122	27	453	437	0
1123	0	453	434	0
1124	0	461	419	0
1125	24	438	435	0
1126	23	443	429	0
1127	0	445	417	0
1128	0	459	447	0
1129	5	453	448	0
1130	16	467	404	0
1131	0	454	420	0
1132	0	476	413	0
1133	0	450	423	0
1134	0	439	416	0
1135	0	442	415	0
1136	0	458	416	0
1137	0	455	420	0
1138	0	459	428	0
1139	0	443	430	0
1140	0	446	439	0
1141	15	433	429	0
1142	1	450	434	0
1143	0	443	424	0
1144	0	451	431	0
1145	0	459	419	0
1146	0	449	407	0
1147	0	447	441	0
1148	14	442	436	0
1149	0	470	424	0
1150	0	462	421	0
1151	1	461	433	0
1152	0	472	439	0
1153	0	448	421	0
1154	10	458	428	0
1155	0	466	433	0
1156	0	455	433	0
1157	0	443	428	0
1158	0	473	415	0
1159	0	448	419	0
1160	0	467	434	0
1161	0	440	432	0
1162	1	458	445	0
1163	0	445	429	0
1164	0	457	418	0
1165	0	453	424	0
1166	0	462	443	0
1167	1	458	420	0
1168	0	458	434	0
1169	0	438	419	0
1170	0	448	415	0
1171	0	444	446	0
1172	3	442	400	0
1173	0	463	409	0
1174	0	427	410	0
1175	0	450	424	0
1176	30	437	438	0
1177	30	423	414	0
1178	16	438	439	0
1179	16	455	420	3
1180	0	456	447	0
1181	0	464	421	0
1182	0	438	433	0
1183	15	452	459	0
1184	33	413	420	0
1185	58	409	424	0
1186	56	414	432	0
1187	58	414	442	0
1188	33	416	452	0
1189	38	444	419	0
1190	0	483	405	0
1191	0	455	419	0
1192	0	440	423	0
1193	0	461	424	0
1194	0	431	429	1
1195	0	434	423	0
1196	0	466	442	0
1197	0	463	441	0
1198	0	452	426	0
1199	4	459	416	0
1200	0	477	439	0
1201	0	443	454	0
1202	0	451	409	0
1203	0	436	442	0
1204	0	460	434	0
1205	0	459	431	0
1206	0	458	435	0
1207	0	456	427	0
1208	0	419	432	0
1209	10	485	449	0
1210	5	476	451	0
1211	0	448	427	0
1212	0	439	438	0
1213	2	431	438	0
1214	0	471	436	0
1215	0	468	403	0
1216	0	451	449	0
1217	4	461	426	0
1218	0	461	426	0
1219	0	445	424	0
1220	6	473	424	0
1221	5	442	425	0
1222	0	437	440	0
1223	0	458	406	0
1224	0	457	428	0
1225	0	449	433	0
1226	0	456	447	0
1227	0	452	421	0
1228	0	454	421	0
1229	0	457	439	0
1230	0	441	435	0
1231	0	446	439	0
1232	0	451	437	0
1233	0	442	415	0
1234	0	454	437	0
1235	0	457	413	0
1236	0	456	430	0
1237	0	463	407	0
1238	0	453	412	0
1239	0	450	444	0
1240	12	455	445	0
1241	18	428	443	0
1242	12	432	416	0
1243	0	440	439	0
1244	0	472	423	0
1245	0	453	429	0
1246	0	478	428	0
1247	10	456	423	0
1248	0	448	426	0
1249	13	432	426	0
1250	22	425	414	0
1251	4	448	442	0
1252	0	459	427	0
1253	0	448	427	0
1254	0	479	411	0
1255	0	453	429	0
1256	0	456	445	0
1257	0	456	419	0
1258	0	453	435	0
1259	0	458	426	0
1260	0	463	430	0
1261	21	441	422	0
1262	44	425	413	0
1263	17	449	418	0
1264	0	459	433	0
1265	0	468	414	0
1266	0	466	417	0
1267	0	464	435	0
1268	1	451	422	0
1269	0	454	415	0
1270	0	465	421	0
1271	1	444	430	0
1272	0	451	429	0
1273	0	446	439	0
1274	0	465	410	0
1275	0	451	426	0
1276	0	455	427	0
1277	0	442	426	0
1278	0	469	435	0
1279	0	467	428	0
1280	0	450	420	0
1281	0	475	444	0
1282	0	462	406	0
1283	0	465	431	0
1284	0	470	435	0
1285	0	453	439	0
1286	0	472	432	0
1287	21	439	422	0
1288	40	410	423	0
1289	58	402	438	0
1290	51	416	442	0
1291	23	415	420	0
1292	48	425	434	0
1293	43	415	416	0
1294	48	410	448	0
1295	54	381	462	0
1296	60	398	441	1
1297	65	400	448	0
1298	90	386	428	0
1299	98	362	422	0
1300	91	364	451	0
1301	90	353	448	0
1302	75	381	463	0
1303	76	394	449	0
1304	90	373	436	0
1305	63	413	422	0
1306	66	401	433	0
1307	49	402	458	0
1308	72	369	456	0
1309	56	380	454	0
1310	51	391	418	0
1311	58	437	437	0
1312	40	415	409	0
1313	42	406	433	0
1314	38	402	445	0
1315	52	398	443	0
1316	58	389	421	0
1317	47	409	442	0
1318	73	377	446	0
1319	78	391	430	0
1320	68	386	429	0
1321	87	373	438	0
1322	97	355	435	0
1323	115	347	450	0
1324	106	360	438	0
1325	82	356	450	0
1326	38	412	449	0
1327	31	411	433	0
1328	25	443	435	0
1329	37	433	418	0
1330	24	445	424	0
1331	38	404	441	0
1332	53	409	438	0
1333	68	375	457	0
1334	87	350	456	0
1335	96	346	449	0
1336	75	382	444	0
1337	53	415	451	0
1338	45	397	432	0
1339	50	409	444	0
1340	33	405	450	0
1341	25	407	428	0
1342	41	431	429	0
1343	22	442	433	0
1344	26	433	425	0
1345	14	432	450	0
1346	0	453	450	0
1347	0	431	434	0
1348	0	476	425	0
1349	0	452	428	0
1350	0	475	409	0
1351	0	473	435	0
1352	0	462	436	0
1353	0	448	421	0
1354	0	462	427	0
1355	0	470	413	0
1356	13	443	431	0
1357	0	471	423	0
1358	0	483	432	0
1359	0	465	420	0
1360	16	428	440	0
1361	41	414	443	0
1362	44	431	418	0
1363	0	471	441	0
1364	0	482	429	0
1365	3	438	424	0
1366	0	443	447	0
1367	0	466	445	0
1368	0	470	456	0
1369	3	442	430	0
1370	0	453	399	0
1371	0	449	429	0
1372	12	446	428	0
1373	28	438	448	0
1374	0	458	431	0
1375	0	437	431	0
1376	0	457	415	0
1377	0	461	417	0
1378	0	458	403	0
1379	0	461	421	0
1380	0	466	419	0
1381	0	451	414	0
1382	17	441	412	0
1383	21	475	410	0
1384	0	442	427	0
1385	0	443	445	0
1386	11	450	429	0
1387	0	460	420	0
1388	0	468	418	0
1389	0	463	428	0
1390	33	434	451	0
1391	0	436	422	0
1392	0	431	423	0
1393	0	450	424	0
1394	0	448	411	0
1395	0	476	422	0
1396	0	464	422	0
1397	0	443	437	0
1398	0	463	443	0
1399	0	466	430	0
1400	0	472	438	0
1401	0	460	421	0
1402	0	449	439	0
1403	0	473	429	0
1404	0	464	431	0
1405	12	471	458	0
1406	0	459	424	0
1407	0	451	439	0
1408	14	459	410	0
1409	16	456	417	0
1410	0	444	438	0
1411	0	466	420	0
1412	0	471	444	0
1413	0	458	416	0
1414	0	463	435	0
1415	0	455	421	0
1416	0	459	424	0
1417	0	465	431	0
1418	0	466	431	0
1419	0	514	422	0
1420	0	454	447	0
1421	29	442	423	0
1422	0	451	406	0
1423	0	451	401	0
1424	0	460	437	0
1425	0	463	443	0
1426	4	462	427	0
1427	17	441	422	0
1428	68	388	428	0
1429	54	414	443	0
1430	47	423	435	0
1431	38	420	416	0
1432	69	371	444	0
1433	107	358	453	0
1434	106	362	447	0
1435	103	344	470	0
1436	78	392	451	0
1437	66	417	426	0
1438	76	406	448	1
1439	60	406	461	0
1440	34	405	449	0
1441	0	425	445	0
1442	0	469	409	0
1443	0	452	424	0
1444	0	448	450	0
1445	0	449	427	0
1446	0	462	416	0
1447	0	473	417	0
1448	0	463	438	0
1449	0	460	445	0
1450	0	464	434	0
1451	11	457	448	0
1452	35	443	421	0
1453	37	421	429	0
1454	81	376	463	0
1455	95	371	424	0
1456	104	374	433	0
1457	110	360	447	0
1458	126	318	464	1
1459	126	334	432	0
1460	153	320	454	0
1461	166	292	471	0
1462	194	282	477	0
1463	176	287	480	0
1464	189	281	469	0
1465	165	273	468	0
1466	196	296	454	0
1467	205	284	452	0
1468	175	263	464	0
1469	162	315	452	0
1470	149	314	461	0
1471	122	325	443	0
1472	171	316	464	0
1473	197	279	461	0
1474	171	264	459	0
1475	204	251	457	0
1476	170	288	464	0
1477	200	247	455	0
1478	187	260	447	0
1479	185	264	473	0
1480	212	251	465	0
1481	174	254	473	0
1482	184	261	432	0
1483	173	287	485	0
1484	168	274	479	0
1485	184	266	479	0
1486	197	264	463	0
1487	168	281	467	0
1488	150	287	461	0
1489	152	285	467	0
1490	141	301	442	0
1491	162	285	447	0
1492	163	292	469	0
1493	155	287	481	0
1494	167	300	468	0
1495	184	264	462	0
1496	202	269	474	0
1497	176	277	480	0
1498	200	264	465	0
1499	217	263	478	0
1500	213	265	451	0
1501	198	258	487	0
1502	200	248	466	0
1503	158	288	459	0
1504	153	293	458	0
1505	155	322	470	0
1506	182	283	459	0
1507	163	290	453	0
1508	194	275	463	0
1509	194	261	475	0
1510	187	270	465	0
1511	174	292	459	0
1512	157	291	457	0
1513	134	313	452	0
1514	185	271	464	0
1515	183	262	457	0
1516	196	241	452	0
1517	230	221	475	0
1518	229	214	463	0
1519	263	201	483	0
1520	217	225	463	0
1521	230	238	448	0
1522	198	267	468	0
1523	209	247	467	0
1524	242	214	474	0
1525	237	218	477	0
1526	249	203	489	0
1527	253	198	461	0
1528	255	203	485	0
1529	252	227	459	0
1530	233	243	482	0
1531	242	222	464	0
1532	262	183	511	0
1533	273	188	488	0
1534	282	174	489	0
1535	277	187	468	0
1536	278	167	470	0
1537	322	119	475	2
1538	301	153	496	0
1539	316	131	509	0
1540	303	135	485	0
1541	313	137	518	0
1542	313	161	472	0
1543	309	135	477	0
1544	332	127	484	0
1545	318	111	482	0
1546	362	90	485	0
1547	353	105	491	0
1548	333	120	496	0
1549	310	159	487	0
1550	308	144	470	0
1551	331	136	486	0
1552	364	116	485	0
1553	367	101	514	0
1554	366	98	499	0
1555	340	131	507	0
1556	334	120	479	0
1557	354	112	478	0
1558	383	100	489	0
1559	378	91	510	0
1560	385	81	511	0
1561	349	113	493	0
1562	346	97	498	0
1563	323	122	501	0
1564	325	142	507	0
1565	303	163	485	0
1566	287	161	492	0
1567	264	189	477	0
1568	286	169	493	0
1569	268	214	475	0
1570	238	215	496	0
1571	243	214	468	0
1572	269	203	488	0
1573	272	187	499	0
1574	305	153	494	0
1575	283	179	466	0
1576	279	157	481	0
1577	277	176	476	0
1578	311	166	493	0
1579	299	157	483	0
1580	288	181	477	0
1581	262	182	480	0
1582	257	192	490	0
1583	197	229	454	0
1584	246	228	466	0
1585	224	226	463	0
1586	203	239	455	0
1587	222	233	454	0
1588	250	230	468	0
1589	284	188	495	0
1590	296	188	478	0
1591	277	186	498	0
1592	250	189	476	0
1593	271	202	471	1
1594	279	164	476	0
1595	269	174	467	0
1596	265	189	447	0
1597	249	196	467	0
1598	251	228	480	0
1599	234	210	480	0
1600	253	192	487	0
1601	273	179	467	0
1602	260	194	493	0
1603	247	191	502	0
1604	258	217	474	0
1605	259	193	485	0
1606	260	196	477	0
1607	271	193	458	0
1608	258	190	484	0
1609	245	215	463	0
1610	267	172	475	0
1611	262	171	481	0
1612	298	163	476	0
1613	275	175	491	0
1614	284	172	474	0
1615	300	166	467	0
1616	302	151	480	0
1617	308	184	468	0
1618	279	175	455	0
1619	302	134	474	0
1620	326	126	478	0
1621	344	109	503	0
1622	350	120	487	0
1623	357	79	502	0
1624	370	91	490	0
1625	345	109	491	0
1626	351	109	505	0
1627	365	98	507	0
1628	357	91	480	0
1629	375	72	487	0
1630	384	81	500	0
1631	377	99	493	0
1632	391	74	501	0
1633	422	31	503	0
1634	409	57	486	0
1635	400	42	484	0
1636	426	53	500	0
1637	435	34	499	0
1638	401	56	526	0
1639	404	44	518	0
1640	384	62	514	0
1641	411	53	520	0
1642	395	73	518	0
1643	434	33	520	0
1644	427	42	527	0
1645	415	63	493	0
1646	393	72	510	0
1647	389	79	488	0
1648	356	94	502	0
1649	330	119	499	0
1650	348	92	497	0
1651	362	81	496	0
1652	350	96	501	0
1653	333	147	493	0
1654	313	137	495	0
1655	298	174	461	0
1656	297	174	497	0
1657	283	169	483	0
1658	285	176	500	0
1659	278	186	502	0
1660	311	155	457	0
1661	298	158	471	0
1662	296	179	478	0
1663	283	171	485	0
1664	271	207	474	0
1665	263	198	486	0
1666	237	215	471	0
1667	216	231	484	0
1668	253	197	456	0
1669	287	185	480	0
1670	279	163	522	0
1671	294	165	458	0
1672	318	145	480	0
1673	311	138	474	0
1674	291	162	463	0
1675	338	137	476	0
1676	305	145	456	0
1677	299	153	479	0
1678	290	163	459	0
1679	282	175	483	0
1680	286	164	477	0
1681	264	188	467	0
1682	255	196	493	0
1683	249	203	490	0
1684	279	183	471	0
1685	270	168	469	0
1686	314	139	482	0
1687	311	142	508	0
1688	322	140	493	0
1689	332	133	458	0
1690	314	133	475	0
1691	332	127	491	0
1692	306	154	503	0
1693	298	139	506	0
1694	307	139	489	0
1695	300	174	470	0
1696	276	167	479	0
1697	259	204	484	0
1698	235	218	460	0
1699	213	251	484	0
1700	220	243	473	0
1701	155	268	479	0
1702	165	328	455	0
1703	148	322	459	0
1704	145	309	462	0
1705	150	319	441	0
1706	157	324	457	0
1707	150	320	455	0
1708	160	299	432	0
1709	188	275	469	0
1710	157	284	474	0
1711	168	294	459	0
1712	164	292	459	0
1713	170	283	456	0
1714	199	271	455	0
1715	182	277	476	0
1716	199	246	438	0
1717	213	262	459	0
1718	205	265	463	0
1719	220	248	467	0
1720	238	231	477	0
1721	268	191	477	0
1722	294	167	476	0
1723	266	179	478	0
1724	283	185	484	0
1725	280	189	454	0
1726	280	175	509	0
1727	248	193	504	0
1728	264	223	488	0
1729	231	194	466	0
1730	209	249	472	0
1731	217	231	475	0
1732	222	235	469	0
1733	198	267	460	0
1734	184	289	456	0
1735	169	300	458	0
1736	167	293	448	1
1737	143	304	452	0
1738	173	275	461	0
1739	175	277	447	0
1740	169	307	442	0
1741	207	250	439	0
1742	206	250	471	0
1743	183	301	478	0
1744	194	283	471	0
1745	198	251	462	0
1746	188	268	451	0
1747	173	279	459	0
1748	174	263	454	0
1749	150	294	461	0
1750	173	299	453	0
1751	144	321	455	0
1752	160	293	448	0
1753	170	278	443	0
1754	164	309	446	1
1755	140	307	447	0
1756	185	291	465	0
1757	192	273	465	0
1758	184	262	467	0
1759	185	270	464	0
1760	171	302	468	0
1761	134	290	442	0
1762	134	325	455	0
1763	128	332	451	0
1764	116	355	443	0
1765	129	325	432	0
1766	117	342	443	0
1767	117	345	417	0
1768	117	338	445	0
1769	138	327	460	0
1770	138	323	441	0
1771	130	303	455	0
1772	133	308	460	0
1773	140	305	462	0
1774	127	327	467	0
1775	118	331	466	0
1776	94	338	449	0
1777	95	372	439	0
1778	88	378	453	0
1779	112	353	456	0
1780	106	348	471	0
1781	105	348	465	0
1782	93	358	423	0
1783	105	370	432	0
1784	107	334	439	0
1785	73	375	471	0
1786	117	358	453	0
1787	90	377	430	0
1788	121	343	438	0
1789	80	360	448	0
1790	92	367	452	0
1791	111	350	450	0
1792	100	341	459	0
1793	117	323	444	0
1794	118	336	437	0
1795	106	364	442	0
1796	110	340	451	0
1797	91	390	447	0
1798	98	367	442	0
1799	95	363	435	0
1800	147	316	459	0
1801	125	308	438	0
1802	123	330	473	0
1803	95	369	445	0
1804	116	362	448	0
1805	115	333	425	0
1806	112	344	444	0
1807	129	342	425	0
1808	126	313	431	0
1809	133	340	448	0
1810	108	339	442	0
1811	129	351	462	0
1812	133	332	468	0
1813	139	316	462	0
1814	130	324	449	0
1815	138	335	434	0
1816	137	297	451	0
1817	147	328	454	0
1818	94	349	449	0
1819	111	341	444	0
1820	100	357	432	0
1821	141	331	432	0
1822	125	340	444	0
1823	135	313	431	0
1824	124	307	459	0
1825	142	327	427	0
1826	128	309	458	0
1827	171	294	486	0
1828	170	297	464	0
1829	187	290	451	0
1830	159	306	475	0
1831	150	317	462	0
1832	143	328	444	0
1833	124	342	435	0
1834	132	335	441	0
1835	123	342	435	0
1836	126	332	435	0
1837	110	365	436	0
1838	73	390	442	0
1839	59	397	431	0
1840	76	384	447	0
1841	81	370	449	0
1842	79	384	447	0
1843	75	374	438	0
1844	60	402	431	0
1845	59	404	449	0
1846	24	404	424	0
1847	63	383	421	0
1848	47	402	432	0
1849	41	407	444	0
1850	32	426	439	0
1851	31	436	443	0
1852	18	442	422	0
1853	17	436	421	0
1854	0	449	428	0
1855	0	447	424	0
1856	0	446	411	4
1857	0	446	432	0
1858	0	460	409	0
1859	20	437	422	0
1860	33	404	442	0
1861	49	429	443	0
1862	30	403	454	0
1863	45	419	449	0
1864	40	412	445	0
1865	73	377	425	0
1866	48	397	438	0
1867	66	395	429	0
1868	64	406	432	0
1869	34	437	437	0
1870	30	450	436	0
1871	49	404	424	0
1872	37	414	432	0
1873	53	415	453	0
1874	27	410	442	0
1875	24	427	433	0
1876	9	456	413	0
1877	0	464	434	0
1878	8	463	412	0
1879	0	443	437	0
1880	1	458	441	0
1881	0	453	433	0
1882	0	463	405	0
1883	0	457	433	0
1884	18	458	444	0
1885	0	453	406	0
1886	0	458	437	0
1887	0	468	425	0
1888	0	459	421	0
1889	0	460	423	0
1890	0	446	407	0
1891	0	466	458	1
1892	0	463	440	0
1893	0	467	419	1
1894	0	460	410	0
1895	0	460	430	0
1896	0	435	427	0
1897	2	438	437	0
1898	21	443	416	0
1899	62	394	419	0
1900	45	420	429	0
1901	55	419	431	0
1902	49	409	436	0
1903	31	422	407	0
1904	22	448	420	0
1905	21	442	442	0
1906	24	439	436	0
1907	42	418	449	0
1908	15	440	442	0
1909	0	457	438	0
1910	0	460	418	0
1911	3	469	422	0
1912	34	444	426	0
1913	0	470	415	0
1914	0	455	416	0
1915	0	475	423	0
1916	0	469	430	0
1917	4	454	430	0
1918	42	436	445	0
1919	0	442	420	0
1920	0	463	416	0
1921	0	469	441	0
1922	0	461	425	0
1923	1	464	438	0
1924	0	453	415	0
1925	15	449	411	0
1926	14	452	430	0
1927	26	441	434	0
1928	15	444	416	0
1929	21	428	428	0
1930	10	439	420	0
1931	9	441	435	0
1932	38	425	444	0
1933	31	428	419	0
1934	26	444	431	0
1935	61	408	433	0
1936	47	414	444	0
1937	42	407	423	0
1938	46	432	433	0
1939	30	427	427	0
1940	9	440	436	0
1941	0	474	415	0
1942	0	455	437	1
1943	23	429	419	0
1944	57	400	433	0
1945	88	387	430	0
1946	89	377	423	0
1947	61	384	437	0
1948	62	389	433	0
1949	58	401	445	0
1950	48	423	438	0
1951	59	392	423	0
1952	39	418	431	0
1953	40	422	437	0
1954	16	433	437	0
1955	0	456	416	0
1956	0	466	435	0
1957	0	461	422	0
1958	0	473	421	0
1959	0	455	432	0
1960	9	470	451	0
1961	0	460	400	0
1962	0	456	419	2
1963	10	445	436	0
1964	0	456	433	0
1965	0	460	427	4
1966	0	467	438	0
1967	0	459	449	0
1968	0	458	410	0
1969	0	465	411	0
1970	3	481	441	0
1971	13	432	448	0
1972	0	454	418	0
1973	0	467	437	0
1974	0	490	436	0
1975	0	451	425	0
1976	0	440	458	0
1977	0	462	420	0
1978	0	471	430	0
1979	0	454	458	1
1980	0	481	428	0
1981	0	471	429	0
1982	0	467	412	0
1983	0	474	434	0
1984	0	451	419	0
1985	0	483	440	0
1986	0	460	426	0
1987	2	451	429	0
1988	0	442	435	0
1989	0	447	429	0
1990	0	449	412	0
1991	0	458	437	0
1992	0	457	420	0
1993	6	472	426	0
1994	0	456	420	0
1995	0	437	456	0
1996	0	438	432	0
1997	0	464	450	0
1998	3	484	434	0
1999	0	457	430	0
2000	0	458	420	0
2001	0	444	412	0
2002	10	461	429	0
2003	16	430	430	0
2004	12	424	420	0
2005	0	459	430	0
2006	9	456	439	1
2007	0	472	436	0
2008	0	468	450	0
2009	0	451	446	0
2010	0	482	421	0
2011	0	454	438	0
2012	0	448	432	0
2013	5	446	433	0
2014	4	450	411	0
2015	0	472	421	0
2016	0	466	421	0
2017	0	467	418	0
2018	0	464	444	0
2019	0	453	422	0
2020	0	465	432	0
2021	0	464	448	6
2022	0	446	440	0
2023	0	469	443	0
2024	0	470	426	0
2025	17	456	416	0
2026	0	477	446	0
2027	0	446	430	0
2028	0	475	421	0
2029	0	476	434	0
2030	0	456	409	0
2031	0	454	449	0
2032	0	458	399	0
2033	0	417	426	0
2034	17	450	437	0
2035	22	425	440	0
2036	0	454	416	0
2037	0	446	413	0
2038	38	412	440	0
2039	26	431	407	0
2040	50	407	440	0
2041	66	421	443	0
2042	51	412	443	0
2043	63	409	421	0
2044	42	417	433	0
2045	49	404	458	0
2046	94	374	425	0
2047	104	368	444	0
2048	103	370	449	0
2049	82	367	456	0
2050	72	390	427	0
2051	67	394	480	0
2052	30	416	446	0
2053	13	460	464	0
2054	0	455	453	0
2055	7	452	414	0
2056	0	458	431	0
2057	0	441	434	0
2058	0	461	465	0
2059	0	466	423	0
2060	0	464	426	0
2061	0	469	419	0
2062	0	470	428	0
2063	0	478	416	0
2064	14	438	433	0
2065	55	401	410	0
2066	83	380	428	0
2067	83	369	445	0
2068	77	399	425	0
2069	90	363	460	0
2070	84	371	456	0
2071	117	358	441	0
2072	104	354	436	0
2073	138	327	441	0
2074	108	353	462	0
2075	69	373	454	0
2076	60	405	435	0
2077	56	403	443	0
2078	76	383	432	0
2079	96	393	452	0
2080	85	368	463	0
2081	50	408	451	0
2082	64	395	426	0
2083	74	395	453	0
2084	72	371	460	0
2085	75	370	451	0
2086	74	402	434	0
2087	55	402	456	0
2088	46	393	435	0
2089	62	412	437	0
2090	62	390	445	0
2091	60	396	433	0
2092	54	432	424	0
2093	28	442	428	0
2094	20	416	433	0
2095	0	458	453	0
2096	0	459	428	0
2097	13	471	444	0
2098	0	460	427	0
2099	0	476	425	0
2100	4	440	434	0
2101	0	453	441	0
2102	0	463	417	0
2103	0	455	440	0
2104	12	450	408	0
2105	0	473	426	0
2106	0	467	432	0
2107	0	448	438	0
2108	4	443	403	0
2109	22	437	426	0
2110	26	440	429	0
2111	11	466	452	0
2112	0	466	430	0
2113	0	470	434	0
2114	0	473	430	0
2115	0	453	421	0
2116	0	440	452	0
2117	1	453	431	0
2118	6	452	444	0
2119	0	444	424	0
2120	3	457	435	0
2121	0	450	439	0
2122	24	429	418	0
2123	72	384	440	0
2124	68	389	438	0
2125	93	349	452	0
2126	103	354	442	0
2127	81	382	441	0
2128	111	347	451	0
2129	99	346	443	0
2130	87	352	430	0
2131	99	370	443	0
2132	78	371	464	0
2133	86	384	470	0
2134	69	378	465	0
2135	81	365	442	0
2136	89	355	444	0
2137	82	362	445	0
2138	84	398	443	0
2139	52	401	436	0
2140	48	403	442	0
2141	41	399	437	0
2142	36	409	437	0
2143	45	393	428	0
2144	59	410	468	0
2145	35	435	426	0
2146	3	466	438	0
2147	4	453	412	0
2148	12	468	428	0
2149	0	472	415	0
2150	0	445	397	0
2151	0	468	429	0
2152	0	468	456	3
2153	0	457	425	0
2154	23	443	413	0
2155	12	420	444	0
2156	45	417	443	0
2157	51	388	460	0
2158	63	398	430	0
2159	83	393	425	1
2160	81	373	437	0
2161	107	343	435	0
2162	112	354	445	0
2163	126	342	464	0
2164	133	311	458	0
2165	126	330	466	0
2166	128	345	458	0
2167	148	312	457	0
2168	150	300	456	0
2169	185	277	489	0
2170	182	264	463	0
2171	157	283	464	0
2172	136	316	468	0
2173	100	375	435	0
2174	64	357	437	0
2175	77	371	443	2
2176	84	371	466	0
2177	95	381	445	0
2178	75	392	435	0
2179	75	407	438	0
2180	59	385	445	0
2181	43	405	477	0
2182	52	406	432	0
2183	66	426	439	0
2184	72	381	450	0
2185	80	379	420	0
2186	73	379	450	0
2187	94	366	431	0
2188	111	351	447	0
2189	119	343	430	0
2190	102	358	458	0
2191	79	375	458	0
2192	111	357	461	0
2193	102	359	421	0
2194	100	353	452	0
2195	110	339	430	1
2196	93	359	443	0
2197	67	369	463	0
2198	54	424	457	0
2199	69	398	419	0
2200	51	414	428	0
2201	22	422	429	0
2202	36	421	411	10
2203	25	440	426	0
2204	3	449	449	0
2205	0	461	417	0
2206	0	462	426	0
2207	0	475	418	0
2208	0	441	433	0
2209	0	451	424	0
2210	0	458	452	0
2211	0	472	442	0
2212	0	466	430	0
2213	0	441	419	0
2214	0	463	413	0
2215	0	456	420	0
2216	23	440	425	0
2217	8	458	417	0
2218	0	476	415	0
2219	0	471	430	0
2220	0	458	424	0
2221	0	455	439	0
2222	0	446	419	0
2223	0	439	432	0
2224	0	440	422	0
2225	0	445	411	0
2226	0	476	405	0
2227	0	434	406	0
2228	0	473	416	0
2229	0	461	417	0
2230	0	446	407	0
2231	0	466	428	0
2232	0	444	450	0
2233	0	467	440	0
2234	0	436	436	0
2235	0	473	439	0
2236	0	446	424	0
2237	0	437	433	0
2238	0	452	435	0
2239	0	429	428	0
2240	0	453	425	0
2241	1	467	450	0
2242	0	460	438	0
2243	1	460	433	0
2244	25	434	438	0
2245	34	435	423	0
2246	54	421	422	0
2247	18	418	428	0
2248	23	436	400	0
2249	0	443	423	0
2250	0	460	427	0
2251	0	470	424	0
2252	0	472	441	0
2253	0	462	399	0
2254	0	448	446	0
2255	0	441	435	0
2256	14	431	434	0
2257	1	458	454	0
2258	0	462	440	0
2259	0	465	404	0
2260	0	467	422	0
2261	0	478	418	0
2262	0	442	453	0
2263	0	458	425	0
2264	0	451	438	0
2265	4	446	434	0
2266	0	453	407	0
2267	0	461	408	0
2268	0	451	415	1
2269	0	451	431	0
2270	2	446	438	0
2271	18	438	432	0
2272	37	410	423	0
2273	23	435	429	0
2274	35	421	423	0
2275	0	449	436	0
2276	2	454	425	0
2277	0	446	425	0
2278	4	439	435	0
2279	0	461	441	0
2280	0	442	407	0
2281	13	457	438	0
2282	0	444	443	0
2283	0	467	405	0
2284	0	444	435	0
2285	0	464	444	0
2286	0	468	420	0
2287	0	475	436	0
2288	0	445	423	0
2289	0	457	428	0
2290	6	449	435	0
2291	0	449	419	0
2292	0	451	428	0
2293	0	429	425	0
2294	44	404	439	0
2295	53	418	438	0
2296	60	424	432	0
2297	41	398	427	0
2298	40	414	422	0
2299	10	421	438	0
2300	23	424	423	0
2301	7	439	427	0
2302	0	480	447	0
2303	0	436	427	0
2304	0	450	432	0
2305	0	452	416	0
2306	0	465	426	0
2307	0	461	432	0
2308	0	457	445	0
2309	0	462	418	0
2310	0	450	408	0
2311	0	437	433	0
2312	0	427	405	0
2313	0	483	415	0
2314	0	455	427	0
2315	0	461	431	0
2316	0	457	427	0
2317	0	444	434	0
2318	0	475	421	0
2319	0	451	394	0
2320	0	462	428	0
2321	0	487	419	0
2322	0	454	429	0
2323	0	450	428	0
2324	6	447	429	0
2325	19	445	448	3
2326	0	453	422	0
2327	0	470	413	0
2328	0	489	441	0
2329	0	454	399	0
2330	0	455	444	0
2331	0	461	420	0
2332	7	467	417	0
2333	0	457	444	0
2334	0	448	431	0
2335	0	444	409	0
2336	28	458	421	0
2337	26	432	431	1
2338	7	451	422	0
2339	7	439	427	0
2340	29	442	445	0
2341	19	441	422	0
2342	45	420	426	0
2343	62	403	441	0
2344	57	393	455	0
2345	59	407	426	0
2346	57	414	443	0
2347	34	432	430	0
2348	29	422	442	0
2349	31	433	434	0
2350	39	447	427	0
2351	32	428	427	0
2352	8	458	406	0
2353	0	461	436	0
2354	0	468	451	0
2355	0	463	432	0
2356	0	465	425	0
2357	0	441	418	0
2358	21	465	430	0
2359	47	434	441	0
2360	6	452	428	0
2361	0	454	416	0
2362	0	466	426	0
2363	0	432	433	0
2364	0	451	434	0
2365	0	460	422	0
2366	0	464	419	0
2367	0	462	445	0
2368	0	450	430	0
2369	0	436	430	0
2370	0	446	431	0
2371	10	457	430	0
2372	0	464	425	0
2373	0	465	416	0
2374	0	468	430	0
2375	0	470	442	0
2376	0	440	430	0
2377	0	462	412	0
2378	47	418	415	0
2379	59	414	425	0
2380	43	407	425	0
2381	71	392	460	0
2382	58	383	452	0
2383	63	404	450	0
2384	23	448	430	0
2385	25	439	415	0
2386	21	427	450	0
2387	56	411	450	0
2388	62	408	438	0
2389	49	413	448	0
2390	39	427	450	0
2391	19	452	435	0
2392	3	474	449	0
2393	0	444	430	0
2394	0	455	422	0
2395	0	456	419	0
2396	0	449	444	0
2397	7	469	416	0
2398	7	443	428	0
2399	26	412	439	0
2400	62	400	429	0
2401	65	395	452	0
2402	83	378	453	0
2403	72	366	465	0
2404	51	409	445	0
2405	28	437	408	1
2406	19	453	426	0
2407	8	465	446	0
2408	21	431	437	0
2409	44	431	433	0
2410	17	442	428	0
2411	0	468	442	0
2412	2	447	412	0
2413	26	455	426	0
2414	22	434	426	0
2415	28	427	424	0
2416	0	455	420	0
2417	0	444	459	0
2418	0	457	429	1
2419	0	465	423	0
2420	23	438	413	0
2421	47	414	425	0
2422	0	447	440	0
2423	0	431	413	0
2424	0	437	449	0
2425	0	442	434	0
2426	0	469	422	0
2427	0	445	436	0
2428	12	450	410	0
2429	0	448	423	0
2430	15	447	445	0
2431	0	465	428	0
2432	0	471	427	0
2433	0	460	433	0
2434	0	488	434	2
2435	0	468	429	0
2436	0	449	428	0
2437	0	449	407	0
2438	0	459	436	0
2439	0	426	431	0
2440	8	428	412	0
2441	15	434	437	0
2442	38	426	425	0
2443	0	430	439	0
2444	18	436	431	0
2445	14	435	431	0
2446	0	458	446	0
2447	0	461	420	0
2448	0	474	420	0
2449	0	459	457	0
2450	0	452	439	0
2451	12	459	421	0
2452	42	412	415	0
2453	58	398	451	0
2454	52	413	447	0
2455	61	402	455	0
2456	21	420	443	0
2457	0	474	429	0
2458	0	453	390	0
2459	0	452	436	0
2460	0	468	418	0
2461	0	439	445	0
2462	0	442	434	0
2463	8	465	422	0
2464	0	464	413	0
2465	0	450	425	0
2466	0	440	437	0
2467	0	441	399	0
2468	0	454	412	0
2469	0	471	426	0
2470	0	446	433	0
2471	0	478	439	0
2472	0	468	430	0
2473	0	457	441	0
2474	7	449	444	0
2475	35	432	448	0
2476	54	408	423	0
2477	52	401	460	0
2478	33	434	443	0
2479	48	439	433	0
2480	29	432	439	0
2481	29	440	433	0
2482	0	439	464	0
2483	4	454	426	0
2484	33	438	425	0
2485	22	453	410	0
2486	0	461	427	0
2487	15	447	428	0
2488	17	445	427	0
2489	31	465	435	0
2490	0	455	427	0
2491	0	473	448	0
2492	0	452	426	0
2493	0	468	439	0
2494	0	452	436	0
2495	42	426	416	0
2496	14	442	428	0
2497	12	447	428	0
2498	0	484	427	0
2499	0	461	434	0
2500	2	449	429	0
2501	0	464	439	0
2502	0	451	431	3
2503	0	417	437	0
2504	0	465	436	0
2505	0	471	449	0
2506	0	454	418	0
2507	0	455	448	0
2508	0	474	436	0
2509	14	444	449	2
2510	0	472	411	0
2511	9	453	426	0
2512	0	461	427	0
2513	0	449	423	0
2514	22	448	421	0
2515	3	458	412	0
2516	8	470	418	0
2517	9	435	424	0
2518	0	457	444	0
2519	0	455	443	0
2520	6	446	411	0
2521	0	436	445	0
2522	0	450	442	0
2523	0	475	414	0
2524	0	457	421	0
2525	0	456	413	0
2526	27	445	420	0
2527	0	467	430	0
2528	0	458	412	0
2529	5	449	426	0
2530	4	449	436	0
2531	0	450	415	0
2532	0	463	410	0
2533	0	470	440	0
2534	0	451	425	0
2535	0	450	423	1
2536	0	440	448	0
2537	0	465	438	2
2538	0	447	430	0
2539	0	470	417	0
2540	0	471	442	0
2541	31	435	431	0
2542	33	419	421	0
2543	31	414	458	0
2544	60	418	431	0
2545	54	413	426	0
2546	55	387	428	0
2547	51	411	423	0
2548	50	385	422	0
2549	68	400	436	0
2550	94	366	426	0
2551	96	351	472	0
2552	120	343	459	0
2553	73	396	463	0
2554	77	367	458	0
2555	81	373	469	0
2556	85	383	447	0
2557	50	398	444	0
2558	0	455	432	0
2559	4	424	446	0
2560	0	466	452	0
2561	0	464	423	0
2562	0	464	428	0
2563	0	456	431	0
2564	0	446	430	0
2565	0	454	430	0
2566	7	449	432	0
2567	8	460	413	0
2568	10	430	422	0
2569	0	455	453	0
2570	11	449	430	0
2571	36	435	425	0
2572	23	461	434	0
2573	38	398	442	0
2574	37	421	424	0
2575	37	404	448	0
2576	40	383	441	0
2577	84	396	452	0
2578	91	388	447	0
2579	112	348	434	0
2580	139	315	457	0
2581	161	288	471	0
2582	159	314	480	0
2583	162	289	429	0
2584	157	309	427	0
2585	169	310	428	0
2586	164	294	428	0
2587	192	279	459	0
2588	206	280	456	0
2589	205	269	463	0
2590	213	259	481	0
2591	236	228	464	0
2592	218	238	472	0
2593	223	236	458	0
2594	217	250	471	0
2595	221	232	460	0
2596	212	236	478	0
2597	251	204	475	0
2598	263	209	465	0
2599	278	173	480	0
2600	295	155	482	0
2601	307	134	487	0
2602	292	135	476	0
2603	292	162	488	0
2604	279	180	483	0
2605	259	189	476	0
2606	303	165	480	0
2607	308	172	479	0
2608	314	145	485	0
2609	308	158	500	0
2610	300	136	498	0
2611	326	128	468	0
2612	337	130	483	0
2613	356	111	503	0
2614	357	101	514	0
2615	385	85	466	0
2616	352	95	498	0
2617	377	82	489	0
2618	377	77	492	0
2619	398	74	494	0
2620	399	74	485	0
2621	405	64	489	0
2622	394	67	498	0
2623	427	41	510	0
2624	427	26	524	0
2625	433	20	524	0
2626	440	0	512	0
2627	444	15	514	0
2628	468	1	512	0
2629	449	2	524	0
2630	450	0	512	0
2631	475	1	512	0
2632	442	0	525	0
2633	438	0	519	0
2634	449	0	530	0
2635	466	0	541	0
2636	464	12	545	0
2637	435	21	482	0
2638	442	23	488	0
2639	435	9	502	0
2640	459	11	511	0
2641	409	41	503	0
2642	392	78	484	0
2643	366	96	512	0
2644	388	69	511	0
2645	385	65	506	0
2646	395	62	511	0
2647	409	57	500	0
2648	409	47	513	0
2649	430	30	495	0
2650	425	20	507	0
2651	433	28	509	0
2652	409	55	498	0
2653	413	53	512	0
2654	419	38	491	0
2655	421	46	491	1
2656	401	41	509	0
2657	397	63	479	0
2658	388	80	489	0
2659	346	88	476	0
2660	335	87	503	0
2661	385	74	506	0
2662	390	77	523	0
2663	395	53	515	0
2664	418	52	504	0
2665	410	63	510	0
2666	381	79	491	0
2667	360	104	491	0
2668	344	105	477	0
2669	339	117	513	0
2670	320	129	516	0
2671	317	129	500	0
2672	325	121	495	0
2673	342	123	512	0
2674	371	108	488	0
2675	362	113	491	0
2676	375	105	503	0
2677	354	76	502	0
2678	384	79	500	0
2679	397	66	500	0
2680	404	67	489	0
2681	380	74	482	0
2682	387	75	503	0
2683	380	67	496	0
2684	389	74	485	0
2685	377	79	504	0
2686	370	74	487	0
2687	393	53	496	0
2688	393	84	509	0
2689	374	54	481	0
2690	399	48	493	0
2691	358	94	504	0
2692	344	100	488	0
2693	363	102	498	0
2694	337	129	510	0
2695	342	133	500	0
2696	339	121	500	0
2697	310	127	511	0
2698	316	144	476	0
2699	274	191	493	0
2700	258	186	478	0
2701	276	175	481	0
2702	258	178	475	0
2703	290	176	479	0
2704	248	211	468	0
2705	242	219	468	0
2706	224	225	443	0
2707	200	268	452	0
2708	223	258	475	0
2709	198	244	462	0
2710	204	246	442	0
2711	210	244	466	0
2712	221	226	459	0
2713	199	258	477	0
2714	212	268	471	0
2715	206	248	471	0
2716	195	261	449	0
2717	182	270	465	0
2718	191	266	466	0
2719	200	257	473	4
2720	161	305	466	0
2721	156	294	468	0
2722	134	320	482	0
2723	135	313	463	0
2724	155	316	448	0
2725	152	304	448	0
2726	149	298	454	0
2727	132	324	456	0
2728	92	352	450	0
2729	98	375	438	0
2730	103	354	469	0
2731	122	355	450	0
2732	133	344	446	0
2733	145	328	466	0
2734	136	330	444	0
2735	147	324	448	0
2736	163	292	465	0
2737	146	307	474	0
2738	118	336	456	0
2739	137	305	457	0
2740	152	309	444	0
2741	98	336	459	0
2742	107	328	459	0
2743	128	332	463	0
2744	116	328	452	0
2745	111	332	449	0
2746	133	316	443	0
2747	93	361	441	0
2748	78	381	435	0
2749	65	404	456	0
2750	72	388	427	0
2751	75	383	447	0
2752	85	356	459	0
2753	115	355	465	0
2754	93	375	428	1
2755	92	357	435	0
2756	112	346	448	0
2757	113	342	434	0
2758	121	343	450	0
2759	110	359	441	0
2760	98	355	453	0
2761	128	340	474	0
2762	101	359	453	0
2763	130	334	464	0
2764	137	320	464	0
2765	175	314	455	0
2766	173	297	463	0
2767	166	297	468	0
2768	181	299	453	0
2769	139	316	426	0
2770	144	319	442	0
2771	91	344	460	0
2772	113	330	458	0
2773	122	336	454	0
2774	134	343	442	0
2775	95	358	452	0
2776	88	394	437	0
2777	80	377	456	0
2778	102	370	439	0
2779	104	363	453	0
2780	81	376	464	0
2781	93	381	449	0
2782	83	378	434	0
2783	79	377	453	0
2784	68	390	456	0
2785	73	379	450	0
2786	56	380	445	0
2787	67	379	455	0
2788	61	413	440	0
2789	31	425	425	0
2790	53	414	441	0
2791	1	447	417	0
2792	0	465	397	0
2793	0	452	438	0
2794	0	461	421	0
2795	0	433	435	0
2796	0	444	433	0
2797	0	464	439	0
2798	0	478	418	0
2799	0	449	400	0
2800	13	467	442	0
2801	0	475	419	0
2802	0	469	443	0
2803	0	457	418	0
2804	0	463	438	0
2805	0	440	420	0
2806	0	443	455	0
2807	0	473	401	0
2808	0	473	417	0
2809	0	443	432	0
2810	0	468	408	0
2811	0	460	424	0
2812	0	458	429	0
2813	13	457	411	0
2814	0	455	412	0
2815	0	434	427	0
2816	0	443	438	0
2817	26	436	439	0
2818	0	454	426	0
2819	0	467	429	0
2820	0	469	425	0
2821	0	464	421	0
2822	9	450	433	0
2823	0	446	431	0
2824	0	469	419	0
2825	0	435	397	0
2826	0	453	423	0
2827	0	438	439	0
2828	8	441	459	0
2829	19	424	422	0
2830	15	441	432	0
2831	31	425	432	0
2832	39	415	450	0
2833	36	437	445	0
2834	10	432	436	0
2835	26	408	423	0
2836	31	426	438	0
2837	53	424	417	0
2838	6	441	445	0
2839	0	439	435	0
2840	0	444	423	0
2841	0	456	432	0
2842	0	451	450	0
2843	15	448	435	0
2844	40	439	430	0
2845	6	447	421	0
2846	0	437	418	0
2847	0	451	404	0
2848	0	450	404	0
2849	0	443	423	0
2850	0	441	434	0
2851	0	459	434	0
2852	0	485	427	0
2853	0	445	425	0
2854	1	453	455	0
2855	0	458	437	0
2856	0	479	424	0
2857	6	452	417	0
2858	0	439	412	0
2859	36	436	423	0
2860	0	442	412	0
2861	0	448	429	0
2862	0	452	442	0
2863	0	451	447	0
2864	0	461	433	0
2865	0	459	416	0
2866	0	462	440	0
2867	0	479	424	0
2868	22	451	435	0
2869	0	457	425	0
2870	0	464	421	0
2871	0	474	404	0
2872	0	430	436	0
2873	0	459	449	0
2874	19	448	456	0
2875	12	450	426	0
2876	27	429	453	0
2877	24	414	446	0
2878	53	414	427	0
2879	29	428	413	0
2880	0	433	443	0
2881	0	430	412	0
2882	0	446	429	0
2883	0	456	444	0
2884	0	464	437	0
2885	0	483	430	0
2886	0	450	437	0
2887	0	436	443	0
2888	0	465	407	0
2889	0	430	444	0
2890	58	410	441	0
2891	62	407	440	0
2892	57	393	438	0
2893	77	398	447	0
2894	78	358	445	0
2895	67	375	439	0
2896	76	365	448	0
2897	100	352	456	0
2898	97	350	442	0
2899	83	373	458	0
2900	100	367	434	0
2901	93	363	452	0
2902	62	407	439	0
2903	54	389	443	0
2904	35	418	425	0
2905	32	423	421	0
2906	38	422	414	0
2907	26	431	432	0
2908	48	401	428	0
2909	0	439	451	0
2910	3	456	447	0
2911	0	453	443	0
2912	0	434	424	0
2913	0	467	459	0
2914	0	452	424	0
2915	4	456	415	0
2916	0	445	422	0
2917	0	440	435	0
2918	0	455	438	0
2919	4	464	411	0
2920	0	453	429	0
2921	0	470	415	0
2922	0	450	445	0
2923	0	456	433	0
2924	0	438	429	0
2925	0	493	418	0
2926	0	448	410	0
2927	0	458	425	0
2928	0	470	416	0
2929	0	457	425	0
2930	0	432	409	0
2931	0	442	440	0
2932	0	463	422	0
2933	0	468	427	0
2934	0	475	408	0
2935	2	440	441	0
2936	35	445	428	2
2937	37	436	429	0
2938	14	442	426	0
2939	0	445	413	0
2940	7	438	439	0
2941	25	433	411	0
2942	31	430	412	0
2943	44	415	408	5
2944	75	400	435	0
2945	68	400	464	0
2946	50	415	451	0
2947	59	397	466	0
2948	49	397	448	0
2949	31	419	389	0
2950	16	452	422	0
2951	2	455	442	0
2952	0	443	418	0
2953	0	475	427	0
2954	0	474	432	0
2955	0	441	420	0
2956	13	458	449	0
2957	0	475	416	0
2958	0	475	424	1
2959	0	454	422	0
2960	0	474	426	0
2961	4	457	438	0
2962	0	461	420	0
2963	0	458	439	0
2964	0	445	416	0
2965	0	482	439	0
2966	0	452	471	0
2967	0	469	436	0
2968	0	457	438	0
2969	0	439	429	0
2970	0	452	440	0
2971	0	477	446	0
2972	0	459	443	0
2973	0	452	398	0
2974	28	438	401	0
2975	58	421	420	0
2976	25	423	430	0
2977	30	424	443	0
2978	47	412	433	0
2979	19	435	435	0
2980	0	437	410	0
2981	0	443	415	0
2982	0	469	417	0
2983	0	476	423	0
2984	0	462	425	0
2985	28	423	452	0
2986	41	418	436	0
2987	66	385	425	0
2988	84	380	413	0
2989	72	363	418	0
2990	79	380	432	0
2991	75	399	445	0
2992	55	402	423	0
2993	56	419	431	0
2994	56	404	444	0
2995	45	380	434	0
2996	91	378	440	0
2997	94	366	426	0
2998	91	358	431	0
2999	86	349	458	0
3000	121	341	451	0
3001	110	330	452	0
3002	121	319	432	0
3003	131	292	460	0
3004	120	335	455	0
3005	115	349	461	0
3006	93	364	448	0
3007	80	377	441	0
3008	86	364	444	0
3009	94	372	444	0
3010	87	349	444	0
3011	109	316	439	0
3012	117	348	450	0
3013	129	327	451	0
3014	116	337	438	0
3015	96	364	437	0
3016	81	395	464	0
3017	82	390	443	0
3018	72	389	417	0
3019	58	402	436	0
3020	56	414	434	0
3021	45	409	431	0
3022	53	394	447	0
3023	38	399	446	0
3024	35	416	449	0
3025	19	422	420	0
3026	50	426	436	0
3027	52	398	433	0
3028	46	412	425	0
3029	64	404	456	0
3030	41	423	443	0
3031	38	410	448	0
3032	40	428	455	0
3033	74	412	432	0
3034	26	450	425	0
3035	0	455	431	0
3036	0	472	442	0
3037	0	455	426	0
3038	0	463	430	0
3039	0	448	409	0
3040	0	448	443	0
3041	7	454	430	0
3042	0	452	424	0
3043	0	461	417	0
3044	0	443	409	0
3045	0	461	414	0
3046	0	481	419	0
3047	0	469	442	0
3048	0	459	404	0
3049	0	461	416	0
3050	0	460	427	0
3051	0	444	425	0
3052	29	439	448	0
3053	6	440	440	0
3054	28	436	424	0
3055	0	461	407	0
3056	0	439	425	1
3057	0	475	426	0
3058	0	454	410	0
3059	0	467	416	0
3060	0	451	425	0
3061	0	464	434	0
3062	0	456	434	0
3063	6	455	444	0
3064	0	461	414	0
3065	2	467	431	0
3066	0	454	438	0
3067	5	476	416	0
3068	0	469	413	0
3069	0	453	417	0
3070	0	443	419	0
3071	2	454	418	0
3072	0	469	416	0
3073	0	442	417	0
3074	0	460	427	0
3075	0	439	404	0
3076	0	465	422	0
3077	0	430	417	0
3078	9	464	435	0
3079	0	454	409	0
3080	4	453	403	0
3081	0	451	430	0
3082	23	449	444	0
3083	7	466	433	0
3084	0	464	400	0
3085	0	464	414	0
3086	0	451	433	0
3087	0	439	417	0
3088	12	453	388	1
3089	28	450	437	0
3090	0	463	436	0
3091	15	449	411	0
3092	0	459	454	0
3093	0	445	441	0
3094	0	456	449	0
3095	0	466	400	0
3096	0	460	434	0
3097	0	449	418	0
3098	0	462	421	0
3099	0	466	417	0
3100	0	423	431	0
3101	15	453	432	0
3102	19	441	417	0
3103	33	440	423	0
3104	43	420	415	0
3105	15	446	424	0
3106	54	406	420	0
3107	58	400	430	0
3108	29	420	434	0
3109	36	418	431	0
3110	17	409	410	0
3111	44	418	444	0
3112	68	398	445	0
3113	48	392	446	0
3114	62	409	438	0
3115	37	436	450	0
3116	23	458	456	0
3117	0	451	419	0
3118	0	448	431	0
3119	0	451	433	0
3120	35	447	425	0
3121	0	427	432	0
3122	0	466	406	1
3123	0	472	439	0
3124	30	452	443	0
3125	26	425	434	0
3126	44	419	465	0
3127	66	384	431	0
3128	57	403	414	0
3129	50	428	439	0
3130	39	400	437	0
3131	51	407	429	0
3132	52	391	442	0
3133	57	391	443	0
3134	45	406	441	0
3135	57	394	437	0
3136	38	420	438	0
3137	35	423	454	0
3138	58	396	447	0
3139	93	391	451	0
3140	74	386	436	0
3141	87	367	425	0
3142	71	391	446	0
3143	76	383	447	2
3144	57	405	432	0
3145	13	429	437	0
3146	34	437	422	0
3147	0	432	400	0
3148	25	428	438	0
3149	31	435	439	0
3150	0	446	429	0
3151	0	461	406	0
3152	0	449	443	0
3153	2	449	437	0
3154	16	442	422	0
3155	0	470	429	0
3156	0	455	448	0
3157	24	428	423	0
3158	47	414	433	0
3159	35	415	441	0
3160	31	433	440	0
3161	51	416	442	0
3162	75	367	443	0
3163	69	382	455	0
3164	38	411	441	0
3165	23	438	425	0
3166	0	446	428	0
3167	0	472	419	0
3168	0	465	427	0
3169	0	460	421	0
3170	0	467	435	0
3171	0	465	422	0
3172	0	475	423	0
3173	0	467	431	0
3174	0	453	427	0
3175	0	442	437	0
3176	0	461	435	0
3177	0	467	421	0
3178	4	451	419	0
3179	0	452	445	0
3180	0	464	413	0
3181	0	457	410	0
3182	0	485	427	0
3183	25	447	429	0
3184	0	459	443	0
3185	0	449	440	0
3186	0	464	418	0
3187	0	456	422	0
3188	0	462	421	0
3189	0	451	432	0
3190	0	469	412	0
3191	0	475	404	0
3192	0	436	421	0
3193	33	430	417	0
3194	23	438	421	0
3195	6	445	424	0
3196	5	453	412	0
3197	0	445	437	0
3198	9	460	418	3
3199	0	452	431	0
3200	0	453	425	0
3201	0	437	439	0
3202	0	447	421	0
3203	0	439	425	0
3204	24	437	430	0
3205	71	419	433	0
3206	49	424	428	0
3207	22	425	419	0
3208	38	410	451	0
3209	28	420	443	0
3210	37	425	433	0
3211	22	420	447	0
3212	17	438	443	0
3213	2	439	430	0
3214	0	443	414	0
3215	0	462	423	0
3216	0	471	436	0
3217	0	461	429	2
3218	0	462	430	0
3219	0	483	425	0
3220	9	453	428	0
3221	0	452	427	0
3222	0	466	436	0
3223	0	470	426	0
3224	4	440	445	0
3225	1	452	429	0
3226	9	462	440	0
3227	0	470	417	0
3228	0	448	437	0
3229	0	470	433	0
3230	3	446	447	0
3231	0	476	430	0
3232	32	440	451	0
3233	1	451	412	0
3234	13	441	405	0
3235	7	445	419	0
3236	0	460	433	0
3237	0	469	441	0
3238	0	449	419	0
3239	0	447	421	0
3240	0	461	429	0
3241	0	446	438	0
3242	0	475	432	0
3243	0	445	427	0
3244	0	462	424	0
3245	0	451	418	0
3246	5	459	431	0
3247	0	471	408	0
3248	0	450	423	0
3249	6	439	424	0
3250	0	471	425	0
3251	0	440	428	0
3252	23	433	444	0
3253	25	420	439	0
3254	57	407	430	0
3255	35	392	442	0
3256	41	429	438	0
3257	18	428	451	0
3258	22	437	431	0
3259	6	440	420	0
3260	0	453	429	0
3261	0	476	432	0
3262	0	456	437	0
3263	0	450	425	0
3264	0	435	426	0
3265	0	480	440	0
3266	0	457	418	0
3267	19	434	416	0
3268	14	444	440	0
3269	0	459	446	0
3270	0	459	438	0
3271	28	438	432	0
3272	0	461	430	2
3273	0	421	419	0
3274	0	433	433	0
3275	17	450	444	0
3276	0	465	426	0
3277	21	438	449	0
3278	58	411	409	0
3279	60	407	428	0
3280	87	391	429	0
3281	83	373	429	0
3282	108	338	457	0
3283	113	351	456	0
3284	67	383	447	0
3285	65	382	446	0
3286	47	411	425	0
3287	74	364	449	2
3288	93	374	448	0
3289	91	378	443	0
3290	77	360	461	0
3291	118	332	444	0
3292	122	337	465	0
3293	134	344	460	0
3294	120	342	450	0
3295	128	338	480	0
3296	139	305	470	0
3297	120	343	457	0
3298	109	348	451	0
3299	88	368	440	0
3300	92	367	452	0
3301	86	365	459	0
3302	99	379	470	1
3303	96	366	459	0
3304	62	375	433	0
3305	77	375	431	0
3306	84	375	439	0
3307	77	394	461	0
3308	67	387	433	0
3309	107	340	429	0
3310	128	331	442	0
3311	115	345	442	0
3312	124	341	447	0
3313	145	332	450	0
3314	142	322	454	0
3315	107	339	448	0
3316	117	330	463	0
3317	116	345	440	0
3318	126	344	464	0
3319	119	347	460	0
3320	99	362	450	0
3321	92	366	439	0
3322	112	346	451	0
3323	115	345	431	0
3324	109	357	435	0
3325	87	375	426	0
3326	76	383	436	0
3327	73	388	444	0
3328	74	372	445	0
3329	99	356	452	0
3330	109	355	443	0
3331	109	357	462	0
3332	117	342	442	0
3333	116	342	446	0
3334	125	338	457	0
3335	132	322	461	0
3336	141	305	448	0
3337	135	343	425	0
3338	120	337	432	0
3339	115	357	458	0
3340	113	367	437	0
3341	55	406	429	0
3342	30	412	444	0
3343	28	430	452	0
3344	31	432	438	0
3345	9	435	426	0
3346	20	445	409	0
3347	37	435	432	0
3348	36	416	456	0
3349	19	438	433	0
3350	0	457	406	0
3351	0	454	428	0
3352	0	468	443	0
3353	0	473	429	0
3354	19	449	442	0
3355	0	441	426	0
3356	7	440	430	0
3357	26	409	433	0
3358	42	401	431	1
3359	48	397	452	0
3360	72	397	428	0
3361	103	380	445	0
3362	48	390	434	0
3363	82	403	419	0
3364	88	373	459	0
3365	104	361	441	0
3366	101	384	448	0
3367	82	386	449	0
3368	88	386	442	0
3369	68	377	452	0
3370	55	420	454	0
3371	56	399	459	0
3372	33	377	436	0
3373	71	374	445	0
3374	83	360	463	0
3375	64	393	423	0
3376	58	390	447	0
3377	55	406	433	0
3378	43	414	446	0
3379	45	402	441	0
3380	49	396	436	0
3381	69	375	436	0
3382	73	386	446	0
3383	66	393	441	0
3384	70	390	448	0
3385	64	383	448	0
3386	73	396	440	0
3387	70	381	445	0
3388	62	391	444	0
3389	117	348	428	0
3390	104	339	439	0
3391	109	345	440	0
3392	115	356	429	0
3393	86	386	471	0
3394	62	381	449	0
3395	40	423	432	0
3396	14	445	449	0
3397	41	420	416	0
3398	56	404	423	0
3399	33	415	444	0
3400	68	398	432	0
3401	53	396	442	0
3402	14	447	428	0
3403	0	472	411	0
3404	0	447	443	0
3405	0	470	422	0
3406	6	446	427	0
3407	20	450	440	0
3408	27	449	436	0
3409	23	435	444	0
3410	13	453	421	0
3411	0	441	449	0
3412	10	447	443	2
3413	0	427	417	0
3414	0	488	412	0
3415	0	453	443	0
3416	0	465	440	0
3417	0	457	427	0
3418	13	449	408	0
3419	0	463	417	0
3420	12	466	432	0
3421	0	454	423	0
3422	15	431	416	0
3423	0	456	428	0
3424	0	446	432	0
3425	0	476	427	0
3426	0	451	420	0
3427	0	472	454	0
3428	0	452	426	0
3429	16	454	420	0
3430	4	455	437	0
3431	2	452	439	0
3432	0	473	424	0
3433	0	457	418	0
3434	0	468	407	0
3435	10	458	416	0
3436	0	451	429	0
3437	26	441	436	0
3438	11	446	445	0
3439	0	475	415	0
3440	0	457	450	0
3441	0	451	443	0
3442	0	492	446	0
3443	0	478	434	0
3444	0	486	426	0
3445	0	462	418	0
3446	6	445	415	0
3447	0	456	438	0
3448	4	461	437	0
3449	0	455	440	0
3450	0	464	416	0
3451	0	456	412	0
3452	0	457	437	0
3453	29	454	428	0
3454	11	445	411	0
3455	25	445	418	0
3456	0	458	416	0
3457	0	445	429	0
3458	0	472	450	0
3459	0	457	423	0
3460	0	458	427	0
3461	1	447	437	0
3462	0	461	427	0
3463	0	449	417	0
3464	0	488	437	0
3465	0	451	433	0
3466	0	475	434	0
3467	0	428	439	0
3468	0	448	452	0
3469	0	451	399	0
3470	1	441	411	0
3471	0	464	423	0
3472	9	427	415	0
3473	0	435	433	0
3474	0	453	415	0
3475	0	464	437	0
3476	29	440	440	0
3477	0	454	418	0
3478	0	461	420	0
3479	0	445	415	0
3480	9	437	410	0
3481	0	446	445	0
3482	0	445	440	0
3483	0	445	432	0
3484	0	451	432	0
3485	0	463	426	0
3486	0	449	416	0
3487	3	450	410	0
3488	0	479	419	0
3489	0	451	428	0
3490	0	450	428	0
3491	3	448	435	0
3492	0	473	421	0
3493	0	478	438	0
3494	10	458	438	0
3495	0	476	427	4
3496	0	452	439	0
3497	0	452	417	0
3498	0	427	419	0
3499	0	458	458	0
3500	0	455	431	0
3501	0	457	415	0
3502	0	465	432	0
3503	0	452	425	0
3504	0	461	422	0
3505	0	470	423	0
3506	0	471	428	0
3507	0	452	419	0
3508	0	441	433	0
3509	0	469	424	0
3510	0	455	429	0
3511	3	449	427	0
3512	0	475	418	0
3513	0	482	429	0
3514	0	472	432	0
3515	5	474	405	0
3516	0	444	398	0
3517	0	450	419	0
3518	21	448	425	0
3519	5	449	435	0
3520	0	456	414	0
3521	0	451	416	0
3522	0	475	411	0
3523	1	463	433	0
3524	0	476	408	0
3525	0	462	469	0
3526	0	471	405	0
3527	7	461	419	0
3528	22	442	410	0
3529	45	399	426	0
3530	56	425	441	0
3531	28	430	426	0
3532	33	427	436	0
3533	16	433	429	0
3534	44	420	444	0
3535	41	428	419	0
3536	21	421	426	0
3537	21	411	416	0
3538	0	454	428	0
3539	0	461	408	0
3540	0	486	425	0
3541	30	433	433	0
3542	23	431	435	0
3543	48	413	427	0
3544	46	388	425	0
3545	54	408	456	0
3546	26	427	444	0
3547	38	432	459	0
3548	0	447	436	0
3549	0	456	430	0
3550	0	459	417	0
3551	0	450	410	0
3552	0	457	435	0
3553	1	456	443	0
3554	0	454	427	0
3555	22	442	430	0
3556	29	417	456	0
3557	13	439	440	0
3558	0	475	432	0
3559	0	446	443	0
3560	28	434	418	0
3561	20	449	418	0
3562	0	456	419	0
3563	0	434	418	0
3564	0	439	434	0
3565	12	436	419	0
3566	18	438	436	0
3567	0	457	410	0
3568	0	459	427	0
3569	4	462	411	0
3570	0	465	419	0
3571	0	454	439	0
3572	0	470	431	0
3573	0	454	415	0
3574	0	457	407	0
3575	0	470	417	0
3576	0	465	445	0
3577	0	457	441	0
3578	0	457	420	0
3579	0	457	415	0
3580	0	449	405	0
3581	0	469	425	0
3582	0	459	443	0
3583	24	455	412	0
3584	8	446	432	0
3585	0	459	457	0
3586	0	443	437	0
3587	20	440	413	0
3588	48	427	421	0
3589	21	438	442	0
3590	0	459	423	0
3591	8	457	410	0
3592	0	446	403	2
3593	51	426	431	0
3594	45	388	441	0
3595	68	397	431	0
3596	89	386	431	0
3597	86	363	439	0
3598	133	343	422	0
3599	118	322	429	0
3600	115	340	447	0
3601	137	325	458	0
3602	155	286	462	0
3603	181	281	440	0
3604	157	293	468	0
3605	171	285	472	0
3606	179	280	467	0
3607	201	253	457	0
3608	200	251	473	0
3609	212	244	471	0
3610	238	225	458	0
3611	234	222	452	0
3612	238	223	470	0
3613	248	176	505	0
3614	266	208	483	0
3615	225	239	467	0
3616	201	257	435	0
3617	202	255	438	0
3618	246	226	467	0
3619	246	214	468	0
3620	279	186	457	0
3621	250	210	467	0
3622	264	197	457	0
3623	305	160	490	0
3624	287	162	484	0
3625	303	175	475	0
3626	276	187	481	0
3627	260	205	485	0
3628	267	203	485	0
3629	247	220	488	0
3630	251	213	486	0
3631	230	221	464	0
3632	215	231	475	0
3633	233	234	459	0
3634	234	238	451	0
3635	226	224	461	0
3636	218	229	474	0
3637	224	229	455	0
3638	214	238	486	0
3639	248	233	479	0
3640	241	231	463	0
3641	245	206	482	0
3642	256	205	474	0
3643	278	162	470	0
3644	283	188	497	0
3645	262	189	489	0
3646	250	195	475	0
3647	272	179	482	0
3648	273	200	489	0
3649	253	206	483	0
3650	230	215	484	0
3651	210	249	487	0
3652	229	230	457	0
3653	252	218	488	0
3654	233	239	489	0
3655	206	248	465	0
3656	199	260	485	0
3657	213	263	455	0
3658	194	252	455	0
3659	178	283	455	0
3660	188	296	461	0
3661	194	289	451	0
3662	173	274	449	0
3663	207	237	455	0
3664	185	248	468	0
3665	226	244	459	0
3666	214	242	464	0
3667	208	250	456	1
3668	214	245	457	0
3669	243	222	444	0
3670	260	214	483	0
3671	252	233	461	0
3672	251	218	470	0
3673	246	223	467	0
3674	257	201	483	0
3675	257	194	471	0
3676	267	193	489	0
3677	261	194	485	0
3678	236	200	461	0
3679	195	240	470	0
3680	214	251	466	0
3681	221	230	474	0
3682	272	195	483	0
3683	260	193	475	0
3684	239	203	480	0
3685	220	230	463	0
3686	230	251	476	0
3687	223	229	473	0
3688	217	234	484	0
3689	228	237	461	0
3690	205	249	473	0
3691	223	241	451	0
3692	223	253	472	0
3693	232	236	467	0
3694	237	229	477	0
3695	266	183	465	0
3696	283	180	461	0
3697	289	183	473	0
3698	271	160	487	0
3699	295	162	480	0
3700	311	134	470	0
3701	303	166	490	0
3702	263	212	488	0
3703	253	191	501	0
3704	241	198	486	0
3705	254	215	488	0
3706	267	211	478	0
3707	245	230	474	0
3708	202	258	480	0
3709	186	266	473	0
3710	166	283	471	0
3711	127	300	482	0
3712	140	307	445	0
3713	163	284	463	0
3714	155	310	475	0
3715	136	346	465	0
3716	122	329	434	0
3717	117	347	446	0
3718	117	344	441	0
3719	87	357	461	0
3720	126	327	458	0
3721	124	343	437	0
3722	150	320	453	0
3723	146	309	452	0
3724	135	314	456	0
3725	180	295	460	0
3726	197	287	492	0
3727	168	285	473	0
3728	192	261	463	0
3729	185	254	482	0
3730	165	297	438	0
3731	147	329	438	0
3732	144	320	470	0
3733	164	317	459	0
3734	154	306	455	0
3735	168	311	467	0
3736	166	293	449	0
3737	166	297	467	0
3738	149	287	454	0
3739	178	260	462	0
3740	169	288	429	0
3741	171	285	461	0
3742	165	294	432	0
3743	190	284	469	0
3744	197	275	460	0
3745	215	246	445	0
3746	220	220	475	0
3747	239	229	455	0
3748	207	238	458	0
3749	218	228	473	0
3750	191	259	457	0
3751	197	249	457	0
3752	194	265	469	0
3753	216	208	491	0
3754	229	246	484	0
3755	227	237	463	0
3756	202	250	453	0
3757	210	265	451	0
3758	214	248	481	0
3759	215	263	451	0
3760	235	233	454	0
3761	204	249	467	0
3762	189	265	464	0
3763	226	243	454	0
3764	223	255	462	0
3765	249	220	474	0
3766	218	204	462	0
3767	251	220	463	0
3768	239	236	481	0
3769	258	193	465	0
3770	266	201	484	0
3771	246	192	480	0
3772	236	218	463	0
3773	252	191	468	0
3774	245	195	457	0
3775	256	201	482	0
3776	262	191	492	0
3777	300	161	455	0
3778	293	179	467	0
3779	309	146	492	0
3780	302	145	475	0
3781	311	174	459	0
3782	298	144	492	0
3783	308	155	467	0
3784	324	118	504	0
3785	360	108	491	0
3786	354	104	481	0
3787	334	107	497	0
3788	311	141	508	0
3789	307	146	508	0
3790	301	152	483	0
3791	298	154	482	0
3792	269	177	495	0
3793	296	162	493	0
3794	305	172	488	0
3795	326	135	506	0
3796	305	165	502	0
3797	284	167	479	0
3798	279	187	473	0
3799	264	200	465	0
3800	267	212	468	0
3801	253	205	467	0
3802	245	204	466	0
3803	240	219	463	0
3804	214	229	463	0
3805	204	261	471	0
3806	219	242	480	0
3807	204	233	472	0
3808	213	238	465	0
3809	194	260	468	0
3810	192	267	453	0
3811	172	288	469	0
3812	189	281	464	0
3813	197	273	462	0
3814	175	289	474	0
3815	185	265	460	0
3816	219	234	476	0
3817	217	249	484	0
3818	203	240	466	0
3819	221	240	476	0
3820	231	247	460	0
3821	247	203	461	2
3822	233	228	462	0
3823	213	242	473	0
3824	211	249	482	0
3825	202	254	461	1
3826	198	260	482	0
3827	177	266	465	0
3828	220	255	451	0
3829	184	272	464	0
3830	153	303	468	0
3831	192	283	454	0
3832	179	276	458	0
3833	200	261	464	0
3834	177	264	437	0
3835	166	276	459	0
3836	189	263	442	0
3837	205	261	455	0
3838	199	250	444	0
3839	193	254	460	0
3840	199	252	453	0
3841	206	277	469	0
3842	182	274	466	0
3843	162	291	462	0
3844	134	328	443	0
3845	136	324	436	0
3846	141	335	436	0
3847	113	349	455	0
3848	130	338	464	0
3849	116	335	444	0
3850	100	348	438	0
3851	83	364	453	0
3852	54	413	437	0
3853	27	418	454	0
3854	9	455	428	0
3855	0	442	426	0
3856	3	471	438	0
3857	0	441	417	0
3858	2	474	399	0
3859	0	464	438	0
3860	0	462	419	0
3861	0	457	448	0
3862	0	452	417	0
3863	0	454	418	0
3864	0	457	420	0
3865	0	445	429	0
3866	0	432	432	0
3867	0	481	399	0
3868	3	458	398	0
3869	0	456	420	0
3870	0	465	425	0
3871	0	452	422	0
3872	0	469	417	0
3873	9	473	445	0
3874	0	441	443	0
3875	0	466	438	0
3876	0	441	421	0
3877	0	456	429	0
3878	0	447	437	0
3879	0	467	412	0
3880	10	444	412	0
3881	14	448	440	0
3882	59	420	443	0
3883	64	400	428	0
3884	84	380	429	0
3885	64	407	444	0
3886	67	410	455	0
3887	60	380	458	0
3888	31	423	441	0
3889	47	412	424	0
3890	65	398	421	0
3891	64	406	438	0
3892	86	378	448	0
3893	93	372	464	0
3894	95	352	444	0
3895	46	399	453	0
3896	42	420	460	0
3897	29	435	445	0
3898	49	393	456	0
3899	53	413	456	0
3900	89	363	444	0
3901	113	352	449	0
3902	87	352	441	0
3903	105	350	462	0
3904	78	379	455	0
3905	41	422	441	0
3906	46	397	444	0
3907	56	412	432	0
3908	51	391	427	0
3909	69	377	428	0
3910	87	370	443	0
3911	66	388	426	0
3912	73	370	448	0
3913	58	380	432	0
3914	81	375	432	0
3915	85	381	443	0
3916	66	378	442	0
3917	60	401	435	0
3918	67	380	421	0
3919	84	394	442	0
3920	51	408	464	0
3921	52	413	430	0
3922	79	394	442	0
3923	55	387	434	0
3924	68	381	437	0
3925	84	373	441	0
3926	87	369	455	0
3927	106	342	453	0
3928	102	347	437	0
3929	94	386	423	0
3930	96	376	427	0
3931	79	366	436	0
3932	105	364	436	0
3933	91	375	468	0
3934	62	385	444	0
3935	60	403	446	0
3936	53	418	439	0
3937	69	407	433	0
3938	38	429	423	0
3939	58	408	407	0
3940	53	390	416	0
3941	65	386	418	0
3942	102	363	434	0
3943	104	349	448	0
3944	112	351	437	0
3945	124	345	436	0
3946	99	356	448	0
3947	102	358	448	0
3948	52	415	464	0
3949	70	411	421	0
3950	67	376	449	0
3951	77	377	466	0
3952	45	399	464	0
3953	45	415	432	0
3954	38	431	415	0
3955	28	455	415	0
3956	43	414	450	0
3957	77	406	448	0
3958	35	408	468	0
3959	30	436	443	0
3960	31	421	444	2
3961	14	439	423	0
3962	32	428	418	0
3963	19	419	435	0
3964	0	458	406	0
3965	0	449	434	0
3966	10	463	430	0
3967	0	469	419	0
3968	30	431	409	0
3969	15	437	402	0
3970	22	433	432	0
3971	22	425	400	0
3972	25	442	440	0
3973	39	415	439	0
3974	41	434	426	0
3975	55	407	446	0
3976	23	443	441	0
3977	6	438	428	0
3978	0	461	444	0
3979	0	463	441	0
3980	0	463	425	0
3981	0	459	442	0
3982	0	464	420	0
3983	6	448	411	0
3984	0	457	420	0
3985	0	457	434	0
3986	1	458	423	0
3987	2	450	428	0
3988	0	442	443	0
3989	0	446	421	0
3990	0	451	430	0
3991	1	455	442	0
3992	30	453	431	0
3993	0	460	444	0
3994	0	464	444	0
3995	0	468	431	0
3996	0	468	435	0
3997	0	429	436	0
3998	0	445	444	0
3999	0	450	430	0
4000	0	449	423	0
4001	0	431	435	0
4002	0	439	392	6
4003	0	464	432	0
4004	0	438	438	0
4005	0	459	425	0
4006	0	454	428	0
4007	0	477	422	0
4008	0	447	418	0
4009	0	460	421	0
4010	6	443	434	0
4011	0	452	439	0
4012	0	461	424	0
4013	0	466	435	0
4014	0	450	416	0
4015	0	465	425	0
4016	0	486	433	0
4017	0	495	424	0
4018	8	441	410	0
4019	4	451	439	0
4020	0	461	417	0
4021	0	471	404	0
4022	0	447	423	0
4023	41	438	412	0
4024	20	432	428	0
4025	51	427	442	0
4026	32	419	432	0
4027	88	373	429	0
4028	98	362	452	0
4029	101	346	447	0
4030	78	358	458	0
4031	90	380	443	0
4032	91	366	446	0
4033	80	380	454	0
4034	52	403	437	0
4035	31	414	433	0
4036	31	418	433	0
4037	45	429	434	0
4038	11	424	436	0
4039	22	428	418	0
4040	41	429	434	0
4041	27	436	430	0
4042	0	451	425	0
4043	0	461	435	0
4044	0	446	425	0
4045	0	449	429	0
4046	0	440	443	0
4047	26	431	433	0
4048	12	451	428	3
4049	0	475	434	0
4050	0	460	422	0
4051	22	444	426	0
4052	0	460	435	0
4053	6	460	431	0
4054	0	471	412	0
4055	0	446	419	0
4056	0	470	441	0
4057	0	449	439	0
4058	0	451	413	0
4059	25	418	434	0
4060	14	420	441	0
4061	53	412	446	0
4062	47	427	448	0
4063	71	390	455	0
4064	76	374	437	0
4065	71	391	440	0
4066	67	389	421	0
4067	71	374	423	0
4068	118	325	445	0
4069	143	337	442	0
4070	138	338	447	0
4071	106	358	441	0
4072	120	356	452	0
4073	101	337	453	0
4074	104	363	446	0
4075	118	343	415	0
4076	139	318	447	0
4077	113	334	449	0
4078	142	315	446	0
4079	152	314	433	0
4080	131	310	462	0
4081	119	331	449	0
4082	137	327	454	0
4083	131	301	456	0
4084	137	320	444	0
4085	110	321	438	0
4086	135	317	445	0
4087	112	341	441	0
4088	147	290	462	0
4089	151	294	470	0
4090	168	279	450	0
4091	184	260	462	0
4092	229	227	476	0
4093	234	217	460	0
4094	265	182	469	0
4095	313	171	495	0
4096	311	134	473	0
4097	314	155	483	0
4098	307	163	488	0
4099	294	174	479	0
4100	255	183	481	0
4101	266	189	482	0
4102	262	214	517	0
4103	246	228	481	0
4104	268	208	485	0
4105	246	206	478	0
4106	235	222	477	0
4107	227	214	471	0
4108	248	199	484	0
4109	255	209	499	0
4110	262	200	475	0
4111	260	217	474	0
4112	261	223	471	0
4113	262	198	465	0
4114	244	190	456	0
4115	240	227	453	0
4116	256	210	470	0
4117	229	215	483	3
4118	234	214	467	0
4119	239	219	463	0
4120	239	241	472	0
4121	201	249	459	1
4122	219	224	466	0
4123	217	226	461	0
4124	213	243	466	0
4125	216	256	448	0
4126	257	205	470	0
4127	222	240	471	0
4128	213	230	447	0
4129	199	257	473	0
4130	195	281	484	0
4131	178	288	470	0
4132	176	277	441	0
4133	169	322	448	0
4134	169	299	469	0
4135	176	285	457	0
4136	168	299	469	0
4137	183	290	449	0
4138	188	280	469	0
4139	182	287	455	0
4140	153	305	456	0
4141	151	302	464	0
4142	156	296	461	0
4143	126	324	469	0
4144	95	360	467	0
4145	96	343	466	0
4146	118	344	430	0
4147	123	346	454	0
4148	125	322	448	0
4149	145	331	458	0
4150	118	341	477	0
4151	144	331	440	0
4152	101	350	452	0
4153	90	367	433	0
4154	112	355	443	0
4155	119	334	447	0
4156	100	373	428	0
4157	76	374	449	0
4158	85	381	460	0
4159	85	368	446	0
4160	101	363	450	0
4161	124	326	439	0
4162	129	319	461	0
4163	148	312	465	0
4164	126	330	464	0
4165	150	308	481	0
4166	139	325	476	0
4167	117	337	454	0
4168	85	373	453	0
4169	67	390	452	0
4170	61	377	455	0
4171	54	399	430	0
4172	30	435	430	0
4173	0	457	440	0
4174	0	460	404	0
4175	0	465	415	0
4176	2	465	442	0
4177	0	470	435	0
4178	0	466	409	0
4179	0	460	423	0
4180	0	466	427	0
4181	0	460	410	0
4182	0	457	447	0
4183	0	452	421	0
4184	0	461	436	0
4185	0	462	424	0
4186	0	455	402	0
4187	0	457	418	0
4188	0	470	428	0
4189	0	456	412	0
4190	0	484	406	0
4191	0	481	416	0
4192	3	433	421	0
4193	0	445	422	0
4194	0	465	429	0
4195	0	472	423	0
4196	0	461	457	0
4197	0	470	431	0
4198	38	467	416	0
4199	0	439	434	0
4200	12	448	430	0
4201	27	448	429	0
4202	25	427	420	0
4203	19	441	443	2
4204	62	400	432	0
4205	39	427	430	0
4206	34	428	406	0
4207	36	422	430	0
4208	28	446	432	0
4209	32	416	427	0
4210	44	413	460	0
4211	33	413	432	0
4212	38	415	424	0
4213	57	401	445	0
4214	67	386	446	0
4215	74	388	437	0
4216	83	355	431	0
4217	78	370	457	0
4218	78	374	435	0
4219	69	401	420	0
4220	74	392	427	1
4221	66	390	431	0
4222	45	421	447	0
4223	49	413	428	0
4224	61	391	431	0
4225	95	365	432	0
4226	78	385	451	0
4227	61	400	454	0
4228	67	393	428	0
4229	82	397	431	0
4230	70	390	440	0
4231	66	360	430	0
4232	116	328	459	0
4233	126	330	459	0
4234	159	303	467	0
4235	144	314	459	0
4236	96	330	427	0
4237	104	351	422	0
4238	83	366	439	0
4239	92	369	444	0
4240	105	358	446	0
4241	74	394	429	0
4242	68	387	441	0
4243	93	394	452	0
4244	124	350	469	0
4245	106	359	460	0
4246	148	318	456	0
4247	134	312	437	0
4248	135	333	442	0
4249	127	329	464	0
4250	122	321	462	0
4251	125	346	448	0
4252	137	334	441	0
4253	134	309	446	0
4254	148	313	461	0
4255	166	297	455	0
4256	200	255	441	0
4257	131	305	481	0
4258	154	318	444	0
4259	156	288	445	0
4260	180	292	460	0
4261	174	291	459	0
4262	145	316	448	0
4263	119	331	447	0
4264	134	317	464	0
4265	149	325	441	0
4266	127	324	451	0
4267	129	344	458	0
4268	140	329	442	0
4269	150	336	445	0
4270	119	332	424	0
4271	102	359	450	0
4272	103	343	452	0
4273	103	360	436	0
4274	97	364	436	0
4275	68	369	450	0
4276	43	412	426	0
4277	46	422	455	0
4278	22	429	445	0
4279	67	400	412	0
4280	64	390	422	0
4281	84	376	426	0
4282	85	365	445	0
4283	57	398	451	0
4284	28	442	442	0
4285	28	460	439	0
4286	10	432	413	0
4287	30	439	441	0
4288	0	461	442	0
4289	1	450	418	0
4290	11	466	429	0
4291	27	454	432	0
4292	21	430	437	0
4293	6	449	426	0
4294	0	470	430	0
4295	0	459	442	0
4296	0	454	444	0
4297	0	474	425	0
4298	0	464	440	0
4299	0	441	414	0
4300	0	462	417	0
4301	0	455	420	0
4302	0	472	441	0
4303	0	471	441	0
4304	0	462	437	0
4305	0	471	439	0
4306	14	443	405	0
4307	13	440	398	0
4308	27	430	424	0
4309	39	416	440	0
4310	48	397	448	0
4311	55	409	453	0
4312	25	431	439	0
4313	0	469	455	0
4314	24	437	426	0
4315	7	450	414	0
4316	0	468	414	0
4317	0	472	431	0
4318	10	430	430	0
4319	19	426	434	0
4320	55	421	435	0
4321	33	416	454	0
4322	0	445	445	0
4323	0	460	413	0
4324	0	473	426	0
4325	36	426	428	0
4326	25	437	420	0
4327	19	447	415	0
4328	0	448	407	0
4329	1	459	435	0
4330	0	469	419	0
4331	0	444	429	0
4332	2	457	402	1
4333	0	462	420	0
4334	28	430	416	0
4335	70	390	415	0
4336	62	401	462	0
4337	37	403	456	0
4338	76	357	474	0
4339	87	378	463	0
4340	70	379	474	0
4341	83	381	451	0
4342	76	379	443	0
4343	63	393	431	0
4344	70	392	425	0
4345	84	381	414	0
4346	98	359	425	0
4347	83	383	437	0
4348	60	371	440	0
4349	101	363	447	0
4350	88	368	459	0
4351	87	365	445	0
4352	116	346	456	0
4353	99	365	455	0
4354	134	341	436	0
4355	146	318	444	0
4356	104	348	450	0
4357	92	363	457	0
4358	77	371	424	0
4359	82	380	456	0
4360	62	398	436	0
4361	52	396	456	0
4362	48	413	450	0
4363	35	411	432	0
4364	17	453	431	0
4365	0	455	440	0
4366	0	436	445	0
4367	5	470	417	0
4368	3	423	424	0
4369	8	456	424	0
4370	16	446	408	0
4371	4	457	422	0
4372	9	452	417	0
4373	0	445	432	0
4374	0	447	427	0
4375	0	466	443	0
4376	0	462	437	0
4377	3	459	416	0
4378	0	466	426	0
4379	0	451	438	0
4380	0	456	446	0
4381	0	453	439	0
4382	0	474	418	0
4383	0	451	417	0
4384	0	445	426	0
4385	0	479	444	0
4386	0	460	437	0
4387	0	463	417	0
4388	0	458	437	0
4389	0	446	408	0
4390	11	436	444	0
4391	5	452	428	0
4392	0	466	426	0
4393	0	450	438	0
4394	0	451	404	0
4395	0	473	423	0
4396	0	462	433	0
4397	1	453	431	0
4398	0	448	423	0
4399	5	460	433	0
4400	0	428	444	0
4401	0	460	413	0
4402	0	452	428	0
4403	0	474	437	0
4404	0	480	443	0
4405	0	450	434	0
4406	0	421	421	0
4407	40	436	434	0
4408	0	427	437	0
4409	0	454	434	0
4410	0	467	405	0
4411	0	445	437	0
4412	0	442	450	0
4413	0	442	426	0
4414	0	442	435	0
4415	0	467	425	0
4416	21	446	413	0
4417	0	451	432	0
4418	0	460	417	0
4419	0	480	428	0
4420	0	457	430	0
4421	0	442	435	0
4422	14	434	445	0
4423	16	449	429	0
4424	42	427	443	0
4425	45	412	435	0
4426	41	441	438	0
4427	33	436	446	0
4428	12	454	435	0
4429	8	446	425	0
4430	0	445	421	0
4431	0	462	439	0
4432	6	447	432	0
4433	0	471	424	0
4434	0	487	426	0
4435	0	434	424	2
4436	0	449	409	0
4437	0	465	420	0
4438	0	455	425	0
4439	0	443	438	0
4440	0	454	413	0
4441	0	461	423	0
4442	0	472	418	0
4443	0	453	439	0
4444	0	436	436	0
4445	0	478	423	0
4446	0	449	410	0
4447	0	436	426	0
4448	0	448	431	0
4449	0	432	460	0
4450	41	419	427	0
4451	33	444	433	0
4452	27	437	443	0
4453	33	421	411	0
4454	49	400	446	0
4455	50	395	444	0
4456	30	437	424	0
4457	45	417	434	0
4458	37	446	416	0
4459	34	407	428	0
4460	42	432	439	0
4461	33	436	430	0
4462	53	408	445	0
4463	54	382	450	2
4464	41	405	440	0
4465	23	433	422	0
4466	20	428	434	0
4467	16	450	443	0
4468	22	440	428	0
4469	0	465	433	0
4470	0	467	434	0
4471	0	449	434	0
4472	0	487	427	0
4473	21	448	443	0
4474	0	457	425	0
4475	2	457	458	0
4476	0	458	408	0
4477	0	448	420	0
4478	3	473	436	0
4479	0	453	408	0
4480	0	447	420	0
4481	29	442	420	0
4482	16	453	439	0
4483	0	427	421	0
4484	2	442	417	0
4485	0	470	419	0
4486	0	456	417	0
4487	0	444	432	0
4488	7	443	439	0
4489	0	443	445	0
4490	0	465	420	0
4491	0	467	436	0
4492	0	444	452	0
4493	0	457	435	0
4494	0	444	437	0
4495	0	468	414	0
4496	2	464	429	0
4497	0	463	420	0
4498	0	445	429	0
4499	0	478	437	0
4500	0	462	439	0
4501	0	455	437	2
4502	28	431	455	0
4503	27	427	448	0
4504	54	410	442	0
4505	67	399	463	0
4506	60	390	427	0
4507	70	390	423	0
4508	74	376	431	0
4509	60	388	445	0
4510	49	395	433	0
4511	66	382	440	0
4512	90	381	435	0
4513	88	394	419	0
4514	52	382	447	0
4515	71	392	425	0
4516	52	395	443	0
4517	50	410	420	0
4518	7	428	452	0
4519	18	443	444	0
4520	44	403	451	0
4521	51	389	466	0
4522	67	410	448	0
4523	67	428	458	0
4524	30	418	450	0
4525	35	428	449	0
4526	40	413	448	0
4527	43	410	440	0
4528	62	398	432	0
4529	67	372	454	0
4530	92	353	438	0
4531	113	354	427	0
4532	116	342	438	0
4533	124	345	429	0
4534	127	325	450	0
4535	138	329	443	0
4536	153	304	464	0
4537	139	304	468	0
4538	143	314	479	0
4539	125	313	460	0
4540	148	306	468	0
4541	158	299	450	0
4542	139	335	433	0
4543	109	347	439	0
4544	101	359	456	0
4545	105	365	432	0
4546	64	382	441	0
4547	55	391	428	0
4548	60	395	436	0
4549	50	417	434	0
4550	31	438	432	0
4551	33	432	434	0
4552	1	447	418	0
4553	0	462	419	0
4554	0	470	415	0
4555	0	451	424	0
4556	0	470	430	0
4557	0	455	437	0
4558	0	461	428	0
4559	0	455	431	0
4560	24	436	416	0
4561	25	433	422	4
4562	0	459	426	0
4563	0	473	437	0
4564	0	472	438	0
4565	0	448	435	0
4566	0	458	423	0
4567	0	465	438	0
4568	11	456	422	0
4569	19	447	399	0
4570	0	450	421	0
4571	0	450	442	0
4572	0	453	422	0
4573	32	417	430	0
4574	44	424	443	0
4575	15	427	446	0
4576	23	439	425	0
4577	48	414	459	0
4578	45	416	448	0
4579	43	396	452	0
4580	47	420	440	0
4581	10	453	420	0
4582	0	452	442	0
4583	0	453	411	0
4584	0	453	433	0
4585	4	445	430	0
4586	3	465	450	0
4587	0	447	445	0
4588	0	470	406	0
4589	20	442	425	0
4590	63	418	419	0
4591	67	383	447	0
4592	27	427	445	0
4593	36	426	422	0
4594	36	426	421	0
4595	42	409	418	0
4596	34	408	399	0
4597	42	414	456	0
4598	57	392	416	0
4599	45	414	433	0
4600	37	419	437	0
4601	43	427	439	0
4602	59	409	444	0
4603	79	379	444	0
4604	91	375	417	0
4605	120	367	451	0
4606	113	364	435	0
4607	85	374	449	0
4608	87	355	451	0
4609	63	374	425	0
4610	79	384	417	0
4611	119	360	433	0
4612	104	368	455	0
4613	108	358	422	0
4614	82	360	435	0
4615	83	360	429	0
4616	91	376	442	0
4617	68	382	446	0
4618	37	421	424	0
4619	0	466	427	0
4620	0	466	435	0
4621	0	465	441	0
4622	0	479	423	0
4623	0	441	425	0
4624	0	452	436	0
4625	6	455	419	0
4626	0	446	422	0
4627	0	465	429	0
4628	11	437	438	0
4629	0	434	439	0
4630	0	455	429	4
4631	0	447	423	0
4632	15	440	416	1
4633	5	460	427	0
4634	0	479	442	0
4635	0	495	426	0
4636	0	469	437	0
4637	2	457	414	0
4638	0	457	430	0
4639	0	464	438	0
4640	0	450	419	0
4641	0	461	431	0
4642	33	432	409	0
4643	12	440	428	0
4644	0	450	434	0
4645	0	458	454	0
4646	17	451	432	0
4647	3	458	423	0
4648	2	465	423	0
4649	19	432	421	0
4650	27	421	426	0
4651	0	466	445	0
4652	0	458	427	0
4653	0	456	419	0
4654	0	469	432	0
4655	0	435	458	0
4656	0	455	440	0
4657	0	450	429	0
4658	0	458	431	0
4659	0	440	408	0
4660	6	440	416	0
4661	14	457	430	0
4662	0	442	429	0
4663	5	446	427	0
4664	37	414	446	0
4665	40	405	425	0
4666	17	428	432	0
4667	1	430	429	0
4668	0	443	423	0
4669	0	458	436	0
4670	23	452	423	0
4671	8	456	415	0
4672	0	450	433	0
4673	22	441	417	0
4674	4	452	422	0
4675	0	444	421	0
4676	0	456	415	0
4677	5	461	419	0
4678	0	458	426	0
4679	12	469	430	0
4680	0	460	400	0
4681	0	465	438	0
4682	0	496	423	0
4683	0	468	422	0
4684	0	455	424	0
4685	0	455	414	0
4686	35	429	426	0
4687	64	406	448	0
4688	70	391	438	0
4689	100	375	448	0
4690	107	363	437	0
4691	108	359	418	0
4692	96	331	429	0
4693	114	344	445	0
4694	107	346	442	2
4695	88	372	426	0
4696	65	368	433	0
4697	72	371	453	0
4698	93	361	444	0
4699	87	387	446	0
4700	49	417	459	0
4701	47	417	434	0
4702	30	435	409	0
4703	43	431	434	0
4704	13	443	424	0
4705	0	448	431	0
4706	0	457	421	0
4707	27	443	427	0
4708	65	419	431	0
4709	52	395	465	0
4710	43	393	447	0
4711	40	424	427	0
4712	46	411	459	0
4713	42	417	437	0
4714	40	426	422	0
4715	25	427	436	0
4716	66	407	418	0
4717	68	397	433	0
4718	69	382	464	0
4719	47	422	439	0
4720	36	438	428	0
4721	54	407	444	0
4722	39	411	417	0
4723	31	428	425	0
4724	45	416	429	0
4725	32	429	444	0
4726	31	410	422	0
4727	26	419	457	1
4728	65	390	443	0
4729	59	390	435	0
4730	65	403	443	0
4731	58	400	455	0
4732	40	415	451	0
4733	85	382	442	0
4734	83	375	407	0
4735	70	386	435	2
4736	73	386	427	0
4737	118	347	457	0
4738	131	328	463	0
4739	109	364	469	0
4740	118	339	455	0
4741	134	324	463	0
4742	115	325	448	0
4743	97	363	469	0
4744	96	372	449	0
4745	107	360	450	0
4746	107	364	439	0
4747	90	373	440	0
4748	74	378	427	0
4749	67	368	449	0
4750	93	360	416	0
4751	83	343	421	0
4752	84	358	453	0
4753	109	348	442	0
4754	128	322	453	0
4755	118	349	456	0
4756	117	349	451	0
4757	132	323	484	0
4758	136	308	479	0
4759	140	306	455	0
4760	159	285	458	0
4761	164	288	449	0
4762	166	300	458	0
4763	149	304	442	0
4764	147	302	446	0
4765	83	341	453	0
4766	119	337	449	0
4767	104	364	449	0
4768	110	343	465	0
4769	143	337	468	0
4770	164	274	483	0
4771	174	296	456	0
4772	165	286	463	0
4773	168	313	464	0
4774	135	317	447	0
4775	123	342	456	0
4776	91	353	436	0
4777	84	354	447	0
4778	88	361	457	0
4779	80	352	451	0
4780	111	348	424	0
4781	113	346	455	0
4782	96	349	447	0
4783	91	371	465	0
4784	60	406	431	0
4785	27	416	435	0
4786	67	386	431	0
4787	85	379	453	0
4788	81	379	433	0
4789	75	381	421	0
4790	81	393	448	0
4791	99	359	428	0
4792	102	374	429	0
4793	106	366	445	0
4794	104	357	434	0
4795	132	326	457	0
4796	140	340	449	0
4797	135	324	458	0
4798	143	323	458	0
4799	131	326	458	0
4800	105	327	431	2
4801	146	308	437	0
4802	132	330	452	0
4803	142	318	446	0
4804	126	323	450	0
4805	149	299	463	0
4806	172	297	457	0
4807	161	292	461	0
4808	145	317	464	0
4809	118	334	470	0
4810	139	328	457	0
4811	93	341	453	0
4812	119	338	451	0
4813	82	369	450	0
4814	80	373	436	0
4815	99	354	448	0
4816	109	358	451	0
4817	128	330	442	0
4818	169	310	478	0
4819	175	273	463	0
4820	153	297	472	0
4821	159	286	468	0
4822	156	311	444	0
4823	133	331	444	0
4824	122	307	449	0
4825	128	330	436	0
4826	112	362	459	0
4827	90	365	443	0
4828	78	372	445	0
4829	72	386	442	0
4830	117	342	436	0
4831	134	311	457	0
4832	114	314	455	0
4833	144	319	436	0
4834	140	315	440	0
4835	167	297	451	0
4836	155	292	481	0
4837	181	286	463	0
4838	198	251	476	0
4839	182	260	471	0
4840	190	260	456	0
4841	205	248	463	0
4842	218	277	468	0
4843	195	269	498	0
4844	213	237	485	0
4845	206	238	463	0
4846	232	233	471	2
4847	232	215	457	0
4848	260	200	470	0
4849	245	207	471	0
4850	249	200	479	0
4851	239	226	477	0
4852	249	213	457	0
4853	215	242	479	0
4854	214	235	471	0
4855	188	269	453	0
4856	180	272	450	0
4857	174	278	428	0
4858	171	288	466	0
4859	166	280	452	2
4860	165	294	452	0
4861	193	298	445	0
4862	179	260	480	0
4863	184	271	456	0
4864	216	240	470	0
4865	195	255	484	0
4866	216	262	486	0
4867	227	225	469	0
4868	234	233	477	0
4869	245	226	490	0
4870	243	244	459	0
4871	220	248	485	0
4872	233	230	496	0
4873	228	214	498	0
4874	197	255	474	0
4875	176	263	464	0
4876	148	309	445	0
4877	148	308	461	0
4878	147	329	470	0
4879	126	321	456	0
4880	107	336	454	0
4881	148	321	454	0
4882	150	312	467	0
4883	139	318	443	0
4884	169	288	464	0
4885	170	290	470	0
4886	170	282	458	0
4887	173	284	455	0
4888	158	304	457	0
4889	140	314	442	0
4890	150	298	465	0
4891	151	316	425	0
4892	129	333	444	0
4893	161	313	455	0
4894	135	324	462	0
4895	138	333	476	0
4896	145	314	431	0
4897	121	324	460	0
4898	122	331	450	0
4899	119	308	438	0
4900	146	325	443	0
4901	157	300	455	0
4902	126	315	426	0
4903	149	313	456	0
4904	158	327	448	0
4905	146	297	494	0
4906	170	269	492	0
4907	201	263	474	0
4908	191	252	468	0
4909	184	257	453	0
4910	200	265	474	0
4911	198	269	450	0
4912	185	283	457	0
4913	178	297	428	0
4914	138	320	441	0
4915	131	342	438	0
4916	122	339	459	0
4917	142	318	467	0
4918	132	328	465	0
4919	142	318	456	0
4920	168	311	447	0
4921	137	329	473	0
4922	132	338	465	0
4923	120	348	476	0
4924	91	355	469	0
4925	93	380	454	0
4926	69	365	453	0
4927	88	389	446	0
4928	61	398	437	0
4929	71	421	442	1
4930	77	370	448	0
4931	83	379	445	0
4932	106	375	406	0
4933	108	356	431	0
4934	100	364	443	0
4935	74	369	440	0
4936	67	383	454	0
4937	56	396	428	0
4938	42	434	435	0
4939	53	405	424	0
4940	51	409	445	0
4941	42	416	448	0
4942	0	434	424	0
4943	0	459	437	0
4944	0	479	430	0
4945	3	431	407	0
4946	0	445	415	0
4947	0	454	418	0
4948	0	455	416	0
4949	0	467	448	0
4950	23	432	433	0
4951	22	433	436	0
4952	7	439	439	0
4953	0	446	427	0
4954	0	440	431	0
4955	0	420	433	0
4956	28	444	432	0
4957	0	475	445	0
4958	0	480	421	0
4959	0	457	424	0
4960	0	444	411	0
4961	0	452	443	0
4962	0	437	415	0
4963	13	420	426	0
4964	17	446	410	0
4965	17	416	423	0
4966	0	455	438	0
4967	0	452	434	0
4968	27	434	438	0
4969	0	448	420	0
4970	0	452	424	0
4971	8	450	416	0
4972	9	445	446	0
4973	17	423	429	0
4974	32	409	422	0
4975	46	403	429	0
4976	59	399	458	0
4977	43	431	430	0
4978	10	443	451	0
4979	0	457	432	0
4980	0	479	422	0
4981	5	456	455	0
4982	0	443	435	0
4983	0	435	428	0
4984	0	453	426	0
4985	0	463	421	0
4986	0	454	426	0
4987	0	466	432	0
4988	0	455	437	2
4989	19	447	441	0
4990	0	460	431	0
4991	0	441	423	0
4992	0	475	426	0
4993	13	437	439	0
4994	0	451	437	0
4995	0	464	404	0
4996	0	460	431	0
4997	0	442	422	0
4998	0	469	443	0
4999	0	468	407	0
5000	0	482	429	0
5001	7	448	415	0
5002	4	455	438	0
5003	16	429	441	0
5004	0	479	409	0
5005	10	482	436	0
5006	0	455	409	0
5007	0	453	436	0
5008	0	472	431	0
5009	0	461	430	1
5010	0	451	434	0
5011	0	457	416	1
5012	0	437	433	0
5013	0	475	411	0
5014	0	457	429	0
5015	0	456	426	0
5016	0	464	434	0
5017	5	460	432	0
5018	0	462	446	0
5019	0	434	436	0
5020	0	450	450	0
5021	0	457	428	0
5022	0	470	423	0
5023	0	439	439	0
5024	21	470	422	0
5025	0	452	431	0
5026	0	457	427	0
5027	0	470	437	0
5028	0	457	429	0
5029	0	461	425	0
5030	0	462	430	0
5031	0	462	431	0
5032	0	454	432	0
5033	10	447	401	0
5034	0	461	410	0
5035	0	456	423	0
5036	0	444	440	0
5037	13	451	421	0
5038	15	450	435	0
5039	0	467	431	0
5040	0	461	416	0
5041	0	472	442	0
5042	0	458	413	0
5043	0	466	420	0
5044	0	454	432	0
5045	0	469	418	0
5046	10	463	416	0
5047	0	457	459	0
5048	0	456	453	0
5049	0	458	453	0
5050	0	469	407	0
5051	0	467	433	0
5052	0	451	424	0
5053	0	473	437	0
5054	0	486	436	0
5055	0	446	433	0
5056	0	456	429	0
5057	0	445	426	0
5058	32	421	432	0
5059	69	395	435	0
5060	58	392	434	0
5061	20	431	440	0
