1	186	127	313
2	176	177	353
3	182	191	373
4	184	206	390
5	201	198	399
6	213	212	425
7	209	220	429
8	213	257	470
9	240	251	491
10	253	245	498
11	250	247	497
12	259	230	489
13	264	217	481
14	255	233	488
15	252	212	464
16	254	224	478
17	274	211	485
18	271	196	467
19	277	194	471
20	276	200	476
21	259	198	457
22	264	224	488
23	263	202	465
24	253	223	476
25	253	232	485
26	241	240	481
27	252	248	500
28	251	234	485
29	245	273	518
30	274	304	578
31	277	340	617
32	262	358	620
33	291	369	660
34	289	348	637
35	303	359	662
36	292	367	659
37	308	376	684
38	299	368	667
39	296	369	665
40	286	368	654
41	290	360	650
42	293	358	651
43	318	329	647
44	332	267	599
45	352	253	605
46	341	252	593
47	302	238	540
48	319	243	562
49	338	213	551
50	300	222	522
51	266	228	494
52	248	236	484
53	248	221	469
54	245	221	466
55	236	216	452
56	235	221	456
57	196	218	414
58	214	198	412
59	200	209	409
60	207	223	430
61	192	240	432
62	205	227	432
63	214	208	422
64	206	215	421
65	228	212	440
66	241	187	428
67	244	206	450
68	232	219	451
69	238	202	440
70	238	218	456
71	219	237	456
72	227	234	461
73	205	210	415
74	202	234	436
75	193	258	451
76	196	257	453
77	195	260	455
78	207	255	462
79	210	279	489
80	215	251	466
81	217	256	473
82	204	298	502
83	205	300	505
84	222	310	532
85	203	321	524
86	187	322	509
87	232	300	532
88	209	303	512
89	212	303	515
90	209	309	518
91	204	299	503
92	237	309	546
93	246	291	537
94	236	267	503
95	239	264	503
96	236	261	497
97	233	250	483
98	249	225	474
99	244	206	450
100	234	237	471
101	205	213	418
102	236	199	435
103	221	218	439
104	213	229	442
105	225	216	441
106	218	227	445
107	236	219	455
108	200	231	431
109	212	249	461
110	232	229	461
111	258	220	478
112	223	210	433
113	208	217	425
114	229	191	420
115	222	193	415
116	232	184	416
117	253	192	445
118	219	210	429
119	226	194	420
120	206	215	421
121	204	205	409
122	218	227	445
123	204	215	419
124	196	219	415
125	201	227	428
126	230	212	442
127	240	197	437
128	239	207	446
129	211	217	428
130	205	250	455
131	219	231	450
132	228	225	453
133	210	219	429
134	207	214	421
135	231	224	455
136	249	224	473
137	256	220	476
138	236	235	471
139	239	236	475
140	221	230	451
141	229	236	465
142	259	221	480
143	240	228	468
144	244	243	487
145	260	244	504
146	234	235	469
147	223	251	474
148	231	240	471
149	232	259	491
150	229	264	493
151	217	265	482
152	225	247	472
153	224	236	460
154	226	232	458
155	203	235	438
156	195	227	422
157	196	223	419
158	203	243	446
159	216	285	501
160	230	322	552
161	256	306	562
162	266	298	564
163	264	313	577
164	275	310	585
165	294	306	600
166	292	353	645
167	285	329	614
168	327	352	679
169	310	344	654
170	301	329	630
171	315	341	656
172	324	375	699
173	338	348	686
174	336	360	696
175	317	367	684
176	348	351	699
177	369	354	723
178	348	335	683
179	332	376	708
180	330	358	688
181	361	354	715
182	338	362	700
183	337	356	693
184	319	348	667
185	323	355	678
186	326	355	681
187	337	349	686
188	347	333	680
189	345	360	705
190	336	372	708
191	322	350	672
192	332	355	687
193	326	358	684
194	338	359	697
195	313	372	685
196	314	353	667
197	322	336	658
198	325	344	669
199	338	351	689
200	333	371	704
201	322	365	687
202	330	359	689
203	328	347	675
204	328	389	717
205	324	351	675
206	332	357	689
207	365	365	730
208	345	342	687
209	328	347	675
210	337	350	687
211	328	358	686
212	321	342	663
213	322	361	683
214	324	369	693
215	331	378	709
216	325	372	697
217	340	353	693
218	334	386	720
219	343	370	713
220	341	371	712
221	344	363	707
222	340	345	685
223	327	343	670
224	324	370	694
225	335	354	689
226	324	369	693
227	333	370	703
228	333	380	713
229	326	350	676
230	348	349	697
231	351	361	712
232	328	350	678
233	332	351	683
234	329	359	688
235	351	333	684
236	347	346	693
237	335	368	703
238	319	344	663
239	343	352	695
240	322	349	671
241	329	355	684
242	288	373	661
243	345	365	710
244	330	373	703
245	328	376	704
246	335	368	703
247	337	357	694
248	330	351	681
249	333	359	692
250	332	360	692
251	339	375	714
252	319	353	672
253	335	373	708
254	322	385	707
255	339	366	705
256	347	366	713
257	344	348	692
258	333	363	696
259	346	359	705
260	344	341	685
261	345	371	716
262	333	377	710
263	338	362	700
264	329	382	711
265	330	362	692
266	341	357	698
267	351	378	729
268	338	354	692
269	321	354	675
270	337	377	714
271	319	361	680
272	328	342	670
273	328	343	671
274	334	352	686
275	324	366	690
276	342	366	708
277	350	361	711
278	323	360	683
279	327	357	684
280	330	344	674
281	327	345	672
282	326	367	693
283	344	347	691
284	327	346	673
285	334	346	680
286	332	351	683
287	335	345	680
288	340	375	715
289	303	362	665
290	328	379	707
291	329	368	697
292	320	338	658
293	342	347	689
294	323	360	683
295	317	347	664
296	342	368	710
297	341	374	715
298	357	376	733
299	346	344	690
300	337	355	692
301	328	337	665
302	333	333	666
303	333	345	678
304	314	360	674
305	317	361	678
306	330	377	707
307	346	380	726
308	365	346	711
309	328	356	684
310	340	352	692
311	326	376	702
312	346	369	715
313	339	368	707
314	323	368	691
315	328	353	681
316	337	368	705
317	342	365	707
318	326	334	660
319	330	337	667
320	330	351	681
321	311	340	651
322	335	348	683
323	346	379	725
324	319	364	683
325	317	366	683
326	346	335	681
327	340	345	685
328	340	357	697
329	334	345	679
330	327	370	697
331	324	373	697
332	337	355	692
333	333	354	687
334	334	340	674
335	346	369	715
336	329	363	692
337	330	357	687
338	332	362	694
339	310	377	687
340	360	351	711
341	335	358	693
342	347	377	724
343	333	376	709
344	330	360	690
345	332	357	689
346	333	366	699
347	345	368	713
348	347	356	703
349	339	353	692
350	323	362	685
351	336	373	709
352	339	368	707
353	339	333	672
354	326	370	696
355	327	353	680
356	327	346	673
357	342	373	715
358	334	353	687
359	328	373	701
360	312	367	679
361	333	339	672
362	331	370	701
363	329	364	693
364	314	360	674
365	318	372	690
366	345	359	704
367	339	365	704
368	317	370	687
369	319	357	676
370	316	350	666
371	341	347	688
372	351	362	713
373	327	348	675
374	312	354	666
375	315	347	662
376	307	355	662
377	318	370	688
378	344	349	693
379	337	370	707
380	336	352	688
381	345	353	698
382	330	358	688
383	344	357	701
384	339	354	693
385	310	374	684
386	348	346	694
387	339	385	724
388	341	370	711
389	345	359	704
390	329	364	693
391	328	367	695
392	349	357	706
393	333	364	697
394	322	348	670
395	328	350	678
396	349	353	702
397	328	385	713
398	344	374	718
399	328	368	696
400	324	349	673
401	325	356	681
402	306	358	664
403	334	337	671
404	349	377	726
405	307	382	689
406	330	356	686
407	333	345	678
408	327	332	659
409	326	358	684
410	335	360	695
411	356	348	704
412	356	342	698
413	317	356	673
414	317	371	688
415	328	364	692
416	339	394	733
417	354	369	723
418	323	347	670
419	332	363	695
420	345	365	710
421	356	355	711
422	339	349	688
423	341	353	694
424	328	360	688
425	359	338	697
426	325	359	684
427	342	347	689
428	331	373	704
429	324	363	687
430	339	373	712
431	323	363	686
432	330	335	665
433	325	353	678
434	335	366	701
435	348	361	709
436	350	357	707
437	332	364	696
438	316	344	660
439	331	362	693
440	344	358	702
441	366	373	739
442	323	350	673
443	317	391	708
444	349	351	700
445	329	344	673
446	293	364	657
447	336	341	677
448	336	362	698
449	336	360	696
450	332	369	701
451	327	347	674
452	322	323	645
453	313	354	667
454	334	358	692
455	344	366	710
456	319	366	685
457	320	380	700
458	320	365	685
459	314	358	672
460	334	380	714
461	352	366	718
462	351	348	699
463	331	359	690
464	321	335	656
465	325	363	688
466	349	367	716
467	342	362	704
468	345	346	691
469	325	364	689
470	345	360	705
471	329	359	688
472	332	359	691
473	327	358	685
474	323	357	680
475	329	360	689
476	328	361	689
477	331	353	684
478	312	358	670
479	345	359	704
480	363	348	711
481	324	335	659
482	346	350	696
483	354	337	691
484	334	353	687
485	321	370	691
486	326	363	689
487	342	367	709
488	344	359	703
489	351	357	708
490	346	361	707
491	331	362	693
492	347	357	704
493	332	306	638
494	337	330	667
495	327	328	655
496	356	311	667
497	344	304	648
498	320	283	603
499	315	284	599
500	348	325	673
501	357	306	663
502	321	328	649
503	325	311	636
504	312	284	596
505	320	291	611
506	343	294	637
507	322	287	609
508	342	284	626
509	348	273	621
510	341	266	607
511	337	273	610
512	329	269	598
513	334	262	596
514	315	264	579
515	317	260	577
516	307	276	583
517	310	282	592
518	325	266	591
519	304	273	577
520	315	270	585
521	308	292	600
522	301	295	596
523	294	292	586
524	315	314	629
525	299	315	614
526	312	348	660
527	302	340	642
528	336	346	682
529	326	347	673
530	330	358	688
531	325	368	693
532	337	350	687
533	340	375	715
534	323	378	701
535	331	394	725
536	328	370	698
537	330	372	702
538	334	352	686
539	344	337	681
540	335	365	700
541	299	368	667
542	325	345	670
543	337	363	700
544	316	345	661
545	316	368	684
546	320	366	686
547	336	365	701
548	315	350	665
549	282	372	654
550	333	349	682
551	358	358	716
552	317	369	686
553	319	363	682
554	332	363	695
555	339	359	698
556	327	383	710
557	325	377	702
558	332	364	696
559	323	354	677
560	320	338	658
561	316	361	677
562	320	386	706
563	318	367	685
564	345	365	710
565	319	365	684
566	336	351	687
567	339	350	689
568	326	365	691
569	330	359	689
570	367	360	727
571	327	379	706
572	315	382	697
573	338	352	690
574	354	351	705
575	328	365	693
576	316	375	691
577	325	351	676
578	342	364	706
579	334	377	711
580	334	367	701
581	339	355	694
582	354	366	720
583	336	363	699
584	359	354	713
585	341	352	693
586	313	384	697
587	334	367	701
588	319	378	697
589	339	378	717
590	351	367	718
591	338	351	689
592	361	349	710
593	341	351	692
594	325	372	697
595	338	371	709
596	312	369	681
597	334	372	706
598	344	372	716
599	355	362	717
600	332	369	701
601	354	360	714
602	341	350	691
603	366	376	742
604	342	365	707
605	356	360	716
606	332	372	704
607	326	383	709
608	343	348	691
609	338	351	689
610	338	337	675
611	323	349	672
612	323	358	681
613	336	381	717
614	315	386	701
615	328	359	687
616	336	360	696
617	314	362	676
618	330	344	674
619	296	352	648
620	300	339	639
621	328	369	697
622	338	338	676
623	327	357	684
624	340	365	705
625	331	355	686
626	332	366	698
627	334	355	689
628	338	339	677
629	324	354	678
630	325	368	693
631	344	347	691
632	356	333	689
633	340	366	706
634	329	384	713
635	330	358	688
636	346	365	711
637	336	368	704
638	322	345	667
639	338	386	724
640	314	346	660
641	330	334	664
642	327	356	683
643	317	363	680
644	306	366	672
645	316	353	669
646	341	336	677
647	327	346	673
648	317	340	657
649	349	324	673
650	329	356	685
651	342	368	710
652	334	386	720
653	338	367	705
654	350	378	728
655	337	385	722
656	341	365	706
657	355	359	714
658	346	373	719
659	335	349	684
660	318	356	674
661	315	364	679
662	321	352	673
663	314	376	690
664	325	371	696
665	320	341	661
666	346	329	675
667	335	367	702
668	334	350	684
669	334	346	680
670	331	372	703
671	342	365	707
672	326	378	704
673	326	365	691
674	326	381	707
675	329	375	704
676	341	372	713
677	331	367	698
678	338	372	710
679	330	359	689
680	331	352	683
681	316	351	667
682	330	375	705
683	331	360	691
684	316	363	679
685	339	362	701
686	343	352	695
687	343	370	713
688	337	361	698
689	315	357	672
690	323	355	678
691	329	382	711
692	336	371	707
693	332	339	671
694	346	351	697
695	339	359	698
696	334	354	688
697	318	363	681
698	318	372	690
699	316	390	706
700	319	366	685
701	352	363	715
702	355	352	707
703	339	352	691
704	326	375	701
705	310	371	681
706	322	341	663
707	326	359	685
708	315	363	678
709	326	342	668
710	348	352	700
711	333	369	702
712	332	345	677
713	308	344	652
714	304	355	659
715	325	367	692
716	334	338	672
717	321	348	669
718	333	348	681
719	332	369	701
720	350	354	704
721	358	363	721
722	367	360	727
723	330	348	678
724	321	357	678
725	346	365	711
726	326	370	696
727	349	367	716
728	322	353	675
729	322	382	704
730	316	371	687
731	312	371	683
732	346	353	699
733	341	338	679
734	341	348	689
735	320	349	669
736	329	375	704
737	351	358	709
738	352	362	714
739	324	355	679
740	317	346	663
741	325	334	659
742	337	325	662
743	328	359	687
744	331	371	702
745	320	366	686
746	338	364	702
747	327	345	672
748	339	368	707
749	343	354	697
750	338	362	700
751	303	346	649
752	311	352	663
753	328	368	696
754	329	354	683
755	349	342	691
756	319	340	659
757	337	353	690
758	335	375	710
759	347	365	712
760	369	374	743
761	340	363	703
762	345	372	717
763	342	376	718
764	340	339	679
765	364	339	703
766	353	347	700
767	342	369	711
768	309	377	686
769	326	356	682
770	336	380	716
771	305	367	672
772	297	353	650
773	320	381	701
774	328	369	697
775	310	365	675
776	311	389	700
777	312	359	671
778	322	366	688
779	317	365	682
780	331	364	695
781	339	358	697
782	329	362	691
783	341	368	709
784	319	386	705
785	353	362	715
786	323	357	680
787	329	372	701
788	318	371	689
789	336	351	687
790	329	347	676
791	335	339	674
792	326	371	697
793	335	379	714
794	337	364	701
795	333	350	683
796	338	338	676
797	321	344	665
798	335	366	701
799	317	365	682
800	325	375	700
801	331	362	693
802	328	374	702
803	350	355	705
804	334	352	686
805	347	360	707
806	333	347	680
807	343	342	685
808	338	357	695
809	343	367	710
810	348	364	712
811	313	364	677
812	320	354	674
813	340	366	706
814	332	362	694
815	310	361	671
816	352	380	732
817	350	359	709
818	336	375	711
819	325	359	684
820	332	350	682
821	339	360	699
822	324	354	678
823	333	369	702
824	347	366	713
825	353	356	709
826	345	370	715
827	344	350	694
828	334	348	682
829	348	377	725
830	346	365	711
831	341	348	689
832	327	342	669
833	325	360	685
834	328	353	681
835	339	371	710
836	318	356	674
837	322	353	675
838	322	356	678
839	329	354	683
840	323	338	661
841	348	374	722
842	334	356	690
843	341	364	705
844	336	357	693
845	365	353	718
846	356	343	699
847	363	362	725
848	323	374	697
849	319	378	697
850	331	372	703
851	341	369	710
852	340	367	707
853	316	362	678
854	349	359	708
855	353	343	696
856	355	343	698
857	356	370	726
858	324	357	681
859	311	340	651
860	347	347	694
861	356	351	707
862	335	356	691
863	326	357	683
864	329	351	680
865	298	351	649
866	319	355	674
867	341	363	704
868	309	342	651
869	341	356	697
870	322	353	675
871	339	364	703
872	339	378	717
873	355	369	724
874	334	358	692
875	339	353	692
876	318	365	683
877	347	387	734
878	322	352	674
879	320	367	687
880	346	363	709
881	328	360	688
882	321	381	702
883	325	352	677
884	336	330	666
885	338	371	709
886	353	349	702
887	322	357	679
888	324	334	658
889	328	309	637
890	318	300	618
891	364	304	668
892	376	284	660
893	338	313	651
894	329	288	617
895	311	307	618
896	333	297	630
897	314	302	616
898	312	322	634
899	335	329	664
900	315	331	646
901	326	322	648
902	344	310	654
903	330	330	660
904	318	346	664
905	341	325	666
906	316	326	642
907	346	330	676
908	346	318	664
909	352	317	669
910	344	327	671
911	339	329	668
912	327	350	677
913	325	375	700
914	333	382	715
915	343	351	694
916	306	352	658
917	318	352	670
918	341	338	679
919	326	356	682
920	318	360	678
921	331	365	696
922	344	361	705
923	332	372	704
924	324	357	681
925	316	372	688
926	320	373	693
927	352	386	738
928	342	354	696
929	337	336	673
930	335	376	711
931	337	362	699
932	325	361	686
933	316	364	680
934	313	353	666
935	327	362	689
936	311	376	687
937	339	364	703
938	366	355	721
939	340	357	697
940	328	368	696
941	335	360	695
942	345	353	698
943	336	348	684
944	327	357	684
945	346	344	690
946	313	370	683
947	305	363	668
948	323	353	676
949	338	367	705
950	356	351	707
951	337	385	722
952	335	354	689
953	321	359	680
954	335	351	686
955	343	359	702
956	337	352	689
957	332	354	686
958	341	357	698
959	342	363	705
960	339	402	741
961	331	374	705
962	328	365	693
963	320	370	690
964	336	378	714
965	346	363	709
966	353	375	728
967	353	350	703
968	327	351	678
969	345	388	733
970	348	363	711
971	341	359	700
972	326	369	695
973	320	353	673
974	327	360	687
975	337	365	702
976	323	366	689
977	343	368	711
978	339	368	707
979	331	392	723
980	343	359	702
981	334	393	727
982	315	362	677
983	329	366	695
984	326	365	691
985	350	348	698
986	326	368	694
987	327	361	688
988	324	365	689
989	336	366	702
990	330	372	702
991	325	374	699
992	358	365	723
993	342	372	714
994	343	361	704
995	336	354	690
996	337	364	701
997	335	352	687
998	360	363	723
999	346	371	717
1000	330	357	687
1001	342	371	713
1002	318	361	679
1003	341	367	708
1004	342	365	707
1005	328	364	692
1006	337	339	676
1007	339	365	704
1008	343	354	697
1009	346	362	708
1010	339	342	681
1011	327	351	678
1012	317	366	683
1013	317	373	690
1014	324	374	698
1015	340	360	700
1016	324	366	690
1017	338	339	677
1018	359	342	701
1019	346	360	706
1020	335	368	703
1021	315	356	671
1022	330	361	691
1023	336	337	673
1024	339	344	683
1025	327	386	713
1026	354	363	717
1027	336	364	700
1028	344	377	721
1029	330	379	709
1030	331	376	707
1031	365	347	712
1032	351	350	701
1033	319	357	676
1034	338	356	694
1035	357	335	692
1036	362	337	699
1037	353	356	709
1038	315	361	676
1039	320	380	700
1040	318	362	680
1041	336	356	692
1042	339	361	700
1043	328	360	688
1044	346	348	694
1045	331	372	703
1046	343	361	704
1047	335	365	700
1048	341	383	724
1049	324	380	704
1050	341	375	716
1051	322	347	669
1052	331	339	670
1053	329	359	688
1054	316	356	672
1055	324	367	691
1056	338	384	722
1057	332	356	688
1058	344	350	694
1059	357	355	712
1060	333	335	668
1061	351	369	720
1062	341	362	703
1063	333	342	675
1064	341	360	701
1065	334	355	689
1066	332	351	683
1067	321	356	677
1068	305	350	655
1069	318	382	700
1070	309	386	695
1071	323	373	696
1072	346	364	710
1073	353	363	716
1074	341	352	693
1075	351	366	717
1076	354	362	716
1077	319	387	706
1078	328	351	679
1079	333	348	681
1080	338	371	709
1081	340	384	724
1082	326	359	685
1083	355	377	732
1084	336	375	711
1085	300	364	664
1086	336	336	672
1087	339	350	689
1088	308	359	667
1089	325	353	678
1090	333	377	710
1091	319	368	687
1092	339	354	693
1093	337	357	694
1094	323	369	692
1095	356	363	719
1096	339	375	714
1097	322	368	690
1098	354	354	708
1099	346	374	720
1100	338	369	707
1101	323	377	700
1102	318	369	687
1103	293	372	665
1104	323	352	675
1105	341	358	699
1106	331	341	672
1107	345	352	697
1108	348	351	699
1109	352	339	691
1110	361	352	713
1111	332	357	689
1112	341	355	696
1113	334	366	700
1114	358	357	715
1115	324	357	681
1116	336	372	708
1117	341	363	704
1118	327	356	683
1119	344	332	676
1120	341	349	690
1121	323	349	672
1122	305	365	670
1123	336	375	711
1124	338	358	696
1125	339	350	689
1126	335	338	673
1127	343	349	692
1128	336	377	713
1129	324	370	694
1130	345	378	723
1131	349	361	710
1132	345	353	698
1133	304	344	648
1134	327	329	656
1135	349	359	708
1136	328	346	674
1137	348	369	717
1138	338	374	712
1139	347	358	705
1140	330	355	685
1141	324	369	693
1142	337	367	704
1143	329	368	697
1144	329	359	688
1145	336	357	693
1146	357	342	699
1147	328	376	704
1148	319	375	694
1149	341	361	702
1150	321	370	691
1151	318	367	685
1152	329	339	668
1153	343	372	715
1154	342	355	697
1155	341	366	707
1156	343	343	686
1157	338	370	708
1158	326	371	697
1159	350	378	728
1160	341	348	689
1161	335	353	688
1162	332	377	709
1163	305	359	664
1164	346	370	716
1165	324	346	670
1166	343	381	724
1167	354	390	744
1168	348	368	716
1169	332	340	672
1170	333	340	673
1171	341	349	690
1172	348	352	700
1173	365	345	710
1174	324	364	688
1175	325	356	681
1176	325	363	688
1177	329	353	682
1178	336	361	697
1179	357	373	730
1180	344	363	707
1181	356	352	708
1182	344	363	707
1183	329	378	707
1184	334	372	706
1185	324	368	692
1186	337	348	685
1187	317	370	687
1188	329	341	670
1189	328	354	682
1190	316	356	672
1191	343	367	710
1192	339	366	705
1193	323	363	686
1194	353	376	729
1195	335	392	727
1196	339	348	687
1197	325	372	697
1198	347	385	732
1199	332	347	679
1200	348	377	725
1201	343	349	692
1202	329	359	688
1203	329	355	684
1204	327	378	705
1205	322	384	706
1206	328	341	669
1207	355	363	718
1208	361	355	716
1209	341	366	707
1210	334	354	688
1211	359	327	686
1212	322	362	684
1213	326	345	671
1214	338	338	676
1215	319	368	687
1216	317	366	683
1217	326	352	678
1218	329	360	689
1219	330	377	707
1220	320	390	710
1221	314	362	676
1222	339	340	679
1223	334	346	680
1224	328	356	684
1225	328	348	676
1226	326	353	679
1227	333	364	697
1228	331	356	687
1229	343	347	690
1230	337	357	694
1231	315	359	674
1232	346	370	716
1233	344	344	688
1234	344	369	713
1235	337	345	682
1236	318	360	678
1237	323	362	685
1238	342	355	697
1239	336	346	682
1240	327	344	671
1241	346	336	682
1242	342	378	720
1243	339	354	693
1244	328	368	696
1245	330	353	683
1246	323	358	681
1247	330	364	694
1248	337	371	708
1249	323	355	678
1250	322	337	659
1251	336	334	670
1252	327	337	664
1253	331	348	679
1254	321	371	692
1255	328	362	690
1256	338	367	705
1257	332	359	691
1258	346	357	703
1259	327	343	670
1260	325	370	695
1261	340	342	682
1262	342	354	696
1263	331	355	686
1264	346	352	698
1265	338	354	692
1266	340	345	685
1267	329	345	674
1268	316	359	675
1269	340	350	690
1270	337	367	704
1271	325	347	672
1272	349	359	708
1273	341	351	692
1274	311	351	662
1275	345	372	717
1276	357	356	713
1277	347	355	702
1278	331	374	705
1279	349	377	726
1280	356	367	723
1281	339	372	711
1282	328	397	725
1283	343	352	695
1284	326	367	693
1285	357	361	718
1286	333	374	707
1287	335	356	691
1288	333	362	695
1289	328	356	684
1290	321	373	694
1291	333	385	718
1292	363	387	750
1293	350	360	710
1294	355	346	701
1295	333	365	698
1296	326	363	689
1297	320	349	669
1298	314	371	685
1299	344	384	728
1300	336	380	716
1301	359	361	720
1302	337	345	682
1303	343	342	685
1304	336	376	712
1305	343	384	727
1306	333	341	674
1307	342	353	695
1308	357	355	712
1309	325	379	704
1310	319	355	674
1311	336	354	690
1312	321	362	683
1313	330	368	698
1314	325	368	693
1315	341	356	697
1316	342	337	679
1317	347	366	713
1318	344	338	682
1319	316	380	696
1320	344	378	722
1321	344	347	691
1322	321	368	689
1323	328	383	711
1324	349	368	717
1325	336	378	714
1326	350	367	717
1327	322	350	672
1328	339	356	695
1329	322	368	690
1330	338	364	702
1331	328	366	694
1332	330	374	704
1333	349	355	704
1334	339	352	691
1335	347	360	707
1336	313	351	664
1337	328	352	680
1338	335	357	692
1339	323	337	660
1340	354	349	703
1341	350	353	703
1342	335	361	696
1343	336	361	697
1344	335	361	696
1345	340	350	690
1346	338	342	680
1347	341	355	696
1348	341	349	690
1349	360	377	737
1350	339	350	689
1351	322	345	667
1352	334	340	674
1353	334	365	699
1354	341	356	697
1355	330	352	682
1356	335	351	686
1357	328	341	669
1358	336	342	678
1359	338	360	698
1360	324	361	685
1361	314	356	670
1362	343	350	693
1363	345	370	715
1364	334	341	675
1365	320	361	681
1366	340	365	705
1367	332	364	696
1368	334	361	695
1369	340	368	708
1370	338	359	697
1371	313	376	689
1372	316	379	695
1373	316	349	665
1374	346	357	703
1375	314	365	679
1376	320	355	675
1377	326	366	692
1378	321	359	680
1379	316	375	691
1380	292	356	648
1381	307	366	673
1382	338	359	697
1383	348	369	717
1384	333	338	671
1385	351	354	705
1386	332	367	699
1387	335	355	690
1388	322	351	673
1389	300	362	662
1390	316	389	705
1391	333	373	706
1392	343	386	729
1393	365	352	717
1394	325	363	688
1395	337	378	715
1396	323	367	690
1397	337	361	698
1398	309	376	685
1399	322	374	696
1400	321	366	687
1401	340	372	712
1402	331	360	691
1403	335	347	682
1404	350	352	702
1405	326	363	689
1406	328	396	724
1407	329	368	697
1408	334	358	692
1409	329	369	698
1410	324	348	672
1411	332	370	702
1412	335	368	703
1413	330	362	692
1414	339	367	706
1415	332	378	710
1416	338	377	715
1417	325	369	694
1418	347	357	704
1419	332	354	686
1420	325	357	682
1421	332	349	681
1422	342	343	685
1423	317	336	653
1424	347	335	682
1425	363	361	724
1426	332	342	674
1427	330	331	661
1428	338	377	715
1429	356	369	725
1430	317	366	683
1431	331	355	686
1432	341	378	719
1433	345	362	707
1434	352	375	727
1435	345	363	708
1436	361	349	710
1437	306	351	657
1438	315	362	677
1439	329	371	700
1440	327	357	684
1441	324	345	669
1442	344	351	695
1443	335	341	676
1444	336	317	653
1445	319	344	663
1446	346	351	697
1447	338	350	688
1448	302	353	655
1449	339	349	688
1450	349	345	694
1451	345	373	718
1452	337	366	703
1453	344	361	705
1454	318	384	702
1455	342	376	718
1456	328	371	699
1457	353	340	693
1458	349	328	677
1459	333	309	642
1460	349	326	675
1461	341	327	668
1462	333	321	654
1463	339	311	650
1464	341	311	652
1465	332	311	643
1466	339	293	632
1467	352	317	669
1468	333	329	662
1469	312	326	638
1470	338	321	659
1471	362	292	654
1472	294	302	596
1473	340	294	634
1474	338	246	584
1475	323	248	571
1476	309	251	560
1477	330	266	596
1478	350	263	613
1479	333	274	607
1480	326	280	606
1481	321	281	602
1482	328	295	623
1483	332	281	613
1484	329	282	611
1485	348	254	602
1486	349	264	613
1487	323	253	576
1488	319	273	592
1489	342	264	606
1490	353	250	603
1491	307	268	575
1492	333	268	601
1493	336	281	617
1494	325	261	586
1495	310	265	575
1496	353	257	610
1497	330	252	582
1498	301	274	575
1499	305	245	550
1500	313	260	573
1501	302	266	568
1502	311	272	583
1503	283	237	520
1504	284	219	503
1505	329	240	569
1506	336	285	621
1507	337	288	625
1508	337	283	620
1509	355	283	638
1510	336	271	607
1511	325	274	599
1512	344	274	618
1513	363	298	661
1514	330	286	616
1515	330	321	651
1516	355	345	700
1517	345	353	698
1518	363	349	712
1519	343	343	686
1520	365	356	721
1521	352	359	711
1522	341	340	681
1523	347	335	682
1524	356	361	717
1525	352	360	712
1526	352	370	722
1527	348	350	698
1528	355	369	724
1529	360	357	717
1530	353	343	696
1531	342	333	675
1532	317	347	664
1533	354	326	680
1534	368	348	716
1535	341	356	697
1536	338	338	676
1537	364	373	737
1538	364	345	709
1539	367	352	719
1540	336	330	666
1541	353	360	713
1542	340	367	707
1543	352	353	705
1544	338	358	696
1545	352	346	698
1546	346	365	711
1547	342	341	683
1548	319	340	659
1549	348	337	685
1550	353	348	701
1551	353	369	722
1552	345	341	686
1553	347	359	706
1554	330	347	677
1555	358	358	716
1556	356	349	705
1557	361	359	720
1558	325	354	679
1559	362	335	697
1560	357	326	683
1561	357	360	717
1562	338	349	687
1563	324	347	671
1564	350	353	703
1565	354	346	700
1566	325	345	670
1567	337	330	667
1568	331	331	662
1569	333	341	674
1570	347	345	692
1571	346	330	676
1572	338	351	689
1573	336	340	676
1574	347	342	689
1575	369	332	701
1576	340	347	687
1577	365	365	730
1578	375	368	743
1579	343	352	695
1580	336	344	680
1581	351	333	684
1582	326	338	664
1583	345	322	667
1584	345	331	676
1585	325	328	653
1586	346	331	677
1587	353	353	706
1588	332	351	683
1589	343	350	693
1590	348	348	696
1591	362	333	695
1592	328	354	682
1593	362	333	695
1594	347	348	695
1595	341	362	703
1596	341	331	672
1597	344	336	680
1598	361	345	706
1599	343	338	681
1600	354	339	693
1601	372	356	728
1602	336	355	691
1603	346	363	709
1604	367	342	709
1605	338	367	705
1606	344	346	690
1607	358	351	709
1608	345	360	705
1609	354	348	702
1610	337	349	686
1611	356	335	691
1612	349	340	689
1613	339	353	692
1614	339	351	690
1615	342	355	697
1616	356	375	731
1617	359	318	677
1618	361	335	696
1619	376	341	717
1620	364	320	684
1621	346	332	678
1622	342	352	694
1623	345	358	703
1624	359	340	699
1625	349	327	676
1626	355	306	661
1627	348	337	685
1628	364	328	692
1629	340	337	677
1630	349	333	682
1631	337	334	671
1632	335	348	683
1633	360	331	691
1634	337	351	688
1635	361	348	709
1636	372	340	712
1637	355	368	723
1638	349	351	700
1639	365	325	690
1640	371	352	723
1641	367	343	710
1642	330	322	652
1643	334	344	678
1644	336	359	695
1645	358	381	739
1646	370	351	721
1647	357	349	706
1648	361	357	718
1649	361	341	702
1650	314	356	670
1651	341	336	677
1652	358	348	706
1653	349	336	685
1654	348	331	679
1655	322	339	661
1656	333	357	690
1657	342	334	676
1658	358	329	687
1659	350	339	689
1660	357	332	689
1661	345	320	665
1662	350	335	685
1663	353	348	701
1664	371	357	728
1665	358	323	681
1666	345	326	671
1667	327	327	654
1668	349	341	690
1669	334	353	687
1670	348	311	659
1671	359	297	656
1672	349	308	657
1673	334	313	647
1674	343	327	670
1675	343	304	647
1676	330	338	668
1677	342	363	705
1678	365	365	730
1679	365	356	721
1680	366	336	702
1681	345	362	707
1682	345	357	702
1683	346	364	710
1684	342	364	706
1685	356	339	695
1686	329	355	684
1687	319	368	687
1688	353	342	695
1689	342	347	689
1690	336	332	668
1691	338	340	678
1692	359	315	674
1693	375	344	719
1694	361	345	706
1695	365	323	688
1696	346	348	694
1697	355	343	698
1698	344	320	664
1699	342	347	689
1700	342	358	700
1701	351	323	674
1702	353	329	682
1703	348	356	704
1704	353	344	697
1705	352	327	679
1706	328	344	672
1707	343	336	679
1708	328	360	688
1709	336	355	691
1710	346	359	705
1711	357	344	701
1712	345	355	700
1713	369	352	721
1714	354	340	694
1715	356	347	703
1716	343	349	692
1717	393	356	749
1718	350	373	723
1719	362	344	706
1720	366	339	705
1721	355	330	685
1722	350	349	699
1723	367	346	713
1724	356	346	702
1725	334	339	673
1726	339	338	677
1727	355	316	671
1728	335	320	655
1729	326	353	679
1730	347	344	691
1731	349	355	704
1732	355	369	724
1733	366	355	721
1734	358	343	701
1735	362	344	706
1736	354	344	698
1737	374	319	693
1738	352	357	709
1739	353	355	708
1740	349	361	710
1741	335	339	674
1742	344	359	703
1743	355	337	692
1744	338	337	675
1745	348	346	694
1746	346	334	680
1747	353	336	689
1748	347	350	697
1749	329	337	666
1750	321	357	678
1751	352	352	704
1752	327	347	674
1753	359	353	712
1754	330	342	672
1755	348	325	673
1756	351	341	692
1757	361	344	705
1758	370	340	710
1759	343	347	690
1760	339	348	687
1761	356	332	688
1762	338	325	663
1763	348	344	692
1764	375	331	706
1765	352	333	685
1766	362	331	693
1767	370	326	696
1768	367	339	706
1769	336	333	669
1770	369	346	715
1771	329	340	669
1772	336	352	688
1773	340	335	675
1774	329	343	672
1775	325	350	675
1776	357	348	705
1777	359	349	708
1778	368	347	715
1779	349	348	697
1780	356	337	693
1781	338	346	684
1782	356	345	701
1783	349	352	701
1784	345	364	709
1785	347	363	710
1786	349	330	679
1787	341	359	700
1788	329	345	674
1789	345	365	710
1790	346	337	683
1791	345	343	688
1792	342	351	693
1793	344	339	683
1794	359	350	709
1795	337	349	686
1796	351	324	675
1797	350	343	693
1798	347	336	683
1799	342	337	679
1800	343	347	690
1801	344	328	672
1802	374	331	705
1803	361	338	699
1804	352	336	688
1805	349	340	689
1806	335	350	685
1807	335	345	680
1808	329	356	685
1809	337	350	687
1810	353	313	666
1811	356	349	705
1812	342	375	717
1813	356	357	713
1814	335	346	681
1815	348	333	681
1816	353	337	690
1817	343	348	691
1818	323	334	657
1819	346	346	692
1820	347	349	696
1821	340	347	687
1822	370	346	716
1823	335	336	671
1824	322	362	684
1825	336	361	697
1826	354	345	699
1827	357	333	690
1828	325	350	675
1829	347	354	701
1830	363	348	711
1831	367	357	724
1832	362	337	699
1833	338	359	697
1834	353	340	693
1835	353	333	686
1836	367	341	708
1837	356	324	680
1838	335	346	681
1839	314	344	658
1840	350	332	682
1841	322	352	674
1842	345	348	693
1843	354	380	734
1844	352	368	720
1845	366	345	711
1846	336	342	678
1847	341	336	677
1848	351	333	684
1849	346	351	697
1850	331	334	665
1851	327	326	653
1852	320	334	654
1853	344	315	659
1854	350	296	646
1855	328	334	662
1856	337	336	673
1857	339	338	677
1858	363	326	689
1859	332	344	676
1860	344	351	695
1861	355	347	702
1862	353	321	674
1863	339	337	676
1864	342	361	703
1865	367	350	717
1866	362	364	726
1867	341	341	682
1868	350	359	709
1869	332	349	681
1870	336	370	706
1871	313	376	689
1872	361	354	715
1873	348	347	695
1874	337	369	706
1875	341	357	698
1876	357	323	680
1877	348	353	701
1878	334	351	685
1879	330	363	693
1880	347	350	697
1881	335	327	662
1882	354	343	697
1883	337	344	681
1884	370	353	723
1885	361	365	726
1886	351	352	703
1887	364	372	736
1888	337	357	694
1889	356	348	704
1890	351	351	702
1891	343	340	683
1892	337	332	669
1893	353	361	714
1894	331	337	668
1895	341	350	691
1896	337	355	692
1897	337	329	666
1898	335	353	688
1899	364	324	688
1900	353	360	713
1901	340	351	691
1902	343	360	703
1903	342	361	703
1904	350	363	713
1905	339	354	693
1906	330	347	677
1907	337	361	698
1908	347	335	682
1909	360	351	711
1910	362	346	708
1911	372	341	713
1912	368	337	705
1913	341	334	675
1914	325	316	641
1915	341	355	696
1916	331	368	699
1917	375	341	716
1918	368	329	697
1919	363	363	726
1920	321	355	676
1921	339	371	710
1922	333	373	706
1923	338	332	670
1924	349	354	703
1925	332	344	676
1926	349	341	690
1927	349	346	695
1928	334	345	679
1929	338	349	687
1930	356	364	720
1931	335	342	677
1932	340	347	687
1933	336	349	685
1934	355	356	711
1935	360	346	706
1936	354	344	698
1937	354	325	679
1938	364	340	704
1939	350	336	686
1940	348	353	701
1941	355	328	683
1942	310	337	647
1943	314	331	645
1944	366	325	691
1945	337	345	682
1946	347	354	701
1947	322	327	649
1948	335	368	703
1949	351	362	713
1950	365	338	703
1951	343	343	686
1952	356	327	683
1953	350	344	694
1954	371	346	717
1955	327	364	691
1956	340	354	694
1957	347	360	707
1958	351	343	694
1959	362	333	695
1960	353	346	699
1961	362	357	719
1962	347	335	682
1963	369	338	707
1964	347	357	704
1965	352	333	685
1966	346	348	694
1967	362	348	710
1968	361	348	709
1969	340	341	681
1970	348	341	689
1971	371	332	703
1972	345	363	708
1973	361	358	719
1974	343	372	715
1975	366	346	712
1976	372	351	723
1977	346	327	673
1978	349	330	679
1979	364	348	712
1980	360	331	691
1981	328	344	672
1982	332	362	694
1983	356	339	695
1984	351	322	673
1985	338	342	680
1986	332	362	694
1987	333	331	664
1988	357	309	666
1989	355	335	690
1990	337	336	673
1991	341	333	674
1992	338	326	664
1993	348	327	675
1994	336	336	672
1995	355	326	681
1996	339	361	700
1997	341	354	695
1998	347	333	680
1999	333	343	676
2000	347	345	692
2001	330	375	705
2002	326	362	688
2003	327	343	670
2004	329	362	691
2005	362	348	710
2006	346	329	675
2007	339	349	688
2008	346	356	702
2009	356	335	691
2010	337	347	684
2011	334	363	697
2012	336	348	684
2013	352	338	690
2014	338	328	666
2015	358	332	690
2016	341	338	679
2017	341	341	682
2018	336	347	683
2019	363	352	715
2020	350	346	696
2021	352	349	701
2022	321	374	695
2023	349	340	689
2024	339	335	674
2025	346	341	687
2026	355	334	689
2027	345	359	704
2028	359	342	701
2029	338	370	708
2030	322	370	692
2031	341	352	693
2032	341	358	699
2033	357	374	731
2034	347	353	700
2035	363	365	728
2036	372	347	719
2037	354	361	715
2038	350	346	696
2039	348	333	681
2040	340	326	666
2041	325	320	645
2042	344	349	693
2043	357	357	714
2044	329	380	709
2045	360	350	710
2046	333	339	672
2047	340	326	666
2048	342	366	708
2049	352	339	691
2050	355	336	691
2051	346	366	712
2052	349	337	686
2053	366	329	695
2054	355	340	695
2055	356	336	692
2056	349	322	671
2057	341	313	654
2058	336	330	666
2059	338	327	665
2060	319	341	660
2061	349	346	695
2062	369	342	711
2063	351	347	698
2064	341	338	679
2065	341	353	694
2066	316	383	699
2067	331	345	676
2068	331	354	685
2069	341	371	712
2070	352	364	716
2071	331	365	696
2072	346	370	716
2073	338	347	685
2074	343	358	701
2075	318	352	670
2076	324	337	661
2077	346	343	689
2078	357	342	699
2079	344	343	687
2080	343	349	692
2081	348	326	674
2082	325	312	637
2083	334	312	646
2084	308	325	633
2085	306	348	654
2086	328	350	678
2087	340	336	676
2088	353	354	707
2089	345	347	692
2090	337	338	675
2091	343	347	690
2092	350	327	677
2093	358	328	686
2094	351	342	693
2095	351	350	701
2096	334	381	715
2097	329	353	682
2098	328	334	662
2099	338	351	689
2100	343	328	671
2101	361	326	687
2102	358	384	742
2103	359	361	720
2104	357	340	697
2105	360	324	684
2106	341	337	678
2107	348	351	699
2108	331	335	666
2109	356	354	710
2110	347	334	681
2111	356	334	690
2112	351	334	685
2113	347	345	692
2114	328	363	691
2115	336	338	674
2116	349	364	713
2117	335	337	672
2118	371	332	703
2119	342	351	693
2120	369	343	712
2121	348	327	675
2122	344	335	679
2123	335	348	683
2124	338	345	683
2125	361	333	694
2126	366	347	713
2127	350	322	672
2128	345	359	704
2129	373	344	717
2130	347	346	693
2131	363	359	722
2132	346	329	675
2133	344	329	673
2134	353	309	662
2135	341	305	646
2136	334	335	669
2137	328	345	673
2138	342	342	684
2139	321	336	657
2140	326	354	680
2141	323	363	686
2142	354	337	691
2143	327	331	658
2144	339	340	679
2145	349	346	695
2146	365	345	710
2147	342	360	702
2148	334	360	694
2149	336	358	694
2150	341	344	685
2151	351	324	675
2152	343	331	674
2153	363	347	710
2154	329	355	684
2155	337	370	707
2156	334	340	674
2157	338	328	666
2158	348	341	689
2159	360	356	716
2160	344	342	686
2161	348	333	681
2162	361	346	707
2163	345	356	701
2164	375	344	719
2165	361	318	679
2166	363	331	694
2167	322	339	661
2168	327	354	681
2169	340	336	676
2170	352	341	693
2171	343	359	702
2172	342	329	671
2173	359	348	707
2174	330	350	680
2175	339	364	703
2176	345	354	699
2177	346	353	699
2178	369	352	721
2179	342	321	663
2180	379	344	723
2181	344	354	698
2182	339	368	707
2183	350	343	693
2184	356	350	706
2185	372	344	716
2186	350	359	709
2187	367	332	699
2188	355	351	706
2189	332	346	678
2190	357	352	709
2191	336	349	685
2192	322	350	672
2193	323	339	662
2194	342	360	702
2195	351	339	690
2196	333	359	692
2197	358	347	705
2198	349	362	711
2199	354	354	708
2200	352	353	705
2201	365	353	718
2202	340	330	670
2203	350	329	679
2204	354	356	710
2205	365	346	711
2206	368	347	715
2207	346	351	697
2208	338	338	676
2209	378	353	731
2210	359	345	704
2211	337	376	713
2212	367	368	735
2213	362	365	727
2214	341	367	708
2215	357	329	686
2216	364	317	681
2217	356	334	690
2218	346	336	682
2219	360	369	729
2220	338	358	696
2221	352	330	682
2222	339	335	674
2223	327	340	667
2224	334	335	669
2225	343	356	699
2226	338	339	677
2227	339	348	687
2228	347	343	690
2229	357	336	693
2230	362	334	696
2231	357	339	696
2232	348	353	701
2233	359	364	723
2234	340	331	671
2235	338	370	708
2236	347	330	677
2237	338	332	670
2238	349	350	699
2239	337	353	690
2240	346	384	730
2241	336	357	693
2242	355	345	700
2243	360	354	714
2244	349	318	667
2245	355	346	701
2246	351	321	672
2247	353	349	702
2248	341	353	694
2249	344	328	672
2250	335	370	705
2251	352	364	716
2252	325	347	672
2253	336	328	664
2254	359	333	692
2255	334	354	688
2256	336	335	671
2257	370	356	726
2258	331	360	691
2259	361	358	719
2260	377	337	714
2261	344	337	681
2262	342	359	701
2263	351	354	705
2264	322	351	673
2265	337	327	664
2266	354	339	693
2267	335	340	675
2268	358	341	699
2269	350	339	689
2270	352	364	716
2271	350	334	684
2272	340	341	681
2273	337	351	688
2274	348	342	690
2275	364	346	710
2276	348	363	711
2277	342	348	690
2278	353	351	704
2279	337	337	674
2280	324	349	673
2281	333	359	692
2282	345	360	705
2283	354	345	699
2284	336	351	687
2285	357	333	690
2286	330	352	682
2287	332	357	689
2288	347	361	708
2289	339	360	699
2290	347	345	692
2291	349	354	703
2292	331	341	672
2293	355	330	685
2294	328	331	659
2295	348	350	698
2296	357	352	709
2297	339	341	680
2298	335	367	702
2299	337	352	689
2300	318	323	641
2301	355	336	691
2302	342	376	718
2303	344	343	687
2304	338	363	701
2305	339	360	699
2306	331	355	686
2307	340	332	672
2308	362	357	719
2309	349	344	693
2310	323	348	671
2311	348	351	699
2312	363	376	739
2313	377	358	735
2314	345	354	699
2315	341	341	682
2316	359	338	697
2317	344	359	703
2318	340	332	672
2319	335	309	644
2320	348	307	655
2321	354	366	720
2322	351	383	734
2323	346	355	701
2324	348	335	683
2325	328	350	678
2326	337	362	699
2327	339	358	697
2328	361	354	715
2329	348	352	700
2330	334	369	703
2331	366	368	734
2332	347	348	695
2333	318	346	664
2334	356	341	697
2335	348	360	708
2336	362	331	693
2337	377	349	726
2338	341	326	667
2339	322	340	662
2340	350	356	706
2341	323	353	676
2342	337	335	672
2343	315	315	630
2344	338	311	649
2345	321	330	651
2346	337	352	689
2347	370	361	731
2348	324	369	693
2349	332	347	679
2350	353	322	675
2351	353	341	694
2352	337	359	696
2353	330	336	666
2354	359	343	702
2355	356	344	700
2356	328	340	668
2357	370	323	693
2358	354	328	682
2359	370	361	731
2360	330	370	700
2361	335	376	711
2362	347	350	697
2363	344	363	707
2364	336	339	675
2365	347	333	680
2366	346	349	695
2367	332	356	688
2368	355	334	689
2369	351	313	664
2370	342	326	668
2371	343	371	714
2372	339	344	683
2373	359	335	694
2374	332	346	678
2375	347	350	697
2376	329	340	669
2377	345	344	689
2378	368	332	700
2379	370	339	709
2380	349	369	718
2381	358	337	695
2382	343	328	671
2383	328	361	689
2384	359	346	705
2385	367	320	687
2386	363	352	715
2387	346	374	720
2388	348	354	702
2389	349	353	702
2390	339	337	676
2391	355	346	701
2392	358	350	708
2393	363	335	698
2394	360	336	696
2395	369	349	718
2396	352	339	691
2397	342	332	674
2398	352	319	671
2399	359	363	722
2400	340	354	694
2401	326	348	674
2402	321	345	666
2403	358	353	711
2404	356	355	711
2405	354	337	691
2406	360	342	702
2407	364	322	686
2408	350	342	692
2409	358	348	706
2410	365	335	700
2411	338	356	694
2412	340	345	685
2413	356	328	684
2414	325	331	656
2415	373	342	715
2416	348	354	702
2417	357	341	698
2418	329	339	668
2419	357	369	726
2420	348	357	705
2421	349	341	690
2422	365	366	731
2423	331	357	688
2424	337	356	693
2425	352	354	706
2426	331	342	673
2427	326	359	685
2428	351	357	708
2429	347	354	701
2430	352	334	686
2431	362	328	690
2432	333	326	659
2433	352	327	679
2434	366	364	730
2435	359	344	703
2436	354	343	697
2437	351	315	666
2438	343	356	699
2439	349	363	712
2440	336	366	702
2441	348	349	697
2442	339	367	706
2443	346	347	693
2444	370	360	730
2445	348	354	702
2446	339	363	702
2447	357	327	684
2448	340	348	688
2449	332	349	681
2450	354	336	690
2451	355	359	714
2452	332	366	698
2453	334	357	691
2454	345	368	713
2455	343	357	700
2456	327	350	677
2457	353	355	708
2458	336	323	659
2459	314	344	658
2460	338	359	697
2461	345	357	702
2462	352	342	694
2463	335	344	679
2464	347	347	694
2465	346	348	694
2466	339	325	664
2467	341	353	694
2468	331	332	663
2469	349	325	674
2470	363	337	700
2471	349	347	696
2472	306	348	654
2473	336	340	676
2474	328	346	674
2475	339	355	694
2476	335	356	691
2477	316	379	695
2478	363	361	724
2479	347	343	690
2480	330	345	675
2481	355	374	729
2482	328	339	667
2483	345	342	687
2484	350	361	711
2485	376	347	723
2486	372	331	703
2487	352	324	676
2488	338	349	687
2489	359	336	695
2490	364	348	712
2491	344	339	683
2492	341	352	693
2493	342	313	655
2494	341	343	684
2495	345	335	680
2496	339	349	688
2497	328	355	683
2498	376	334	710
2499	377	301	678
2500	365	317	682
2501	339	323	662
2502	367	311	678
2503	342	318	660
2504	336	338	674
2505	349	337	686
2506	348	346	694
2507	368	354	722
2508	347	343	690
2509	353	336	689
2510	362	345	707
2511	356	336	692
2512	356	351	707
2513	342	360	702
2514	341	311	652
2515	333	335	668
2516	358	349	707
2517	360	344	704
2518	352	332	684
2519	344	329	673
2520	368	343	711
2521	352	321	673
2522	344	338	682
2523	330	348	678
2524	348	339	687
2525	356	342	698
2526	357	325	682
2527	360	342	702
2528	353	326	679
2529	379	346	725
2530	332	350	682
2531	343	346	689
2532	348	341	689
2533	345	346	691
2534	347	338	685
2535	371	361	732
2536	361	339	700
2537	351	338	689
2538	356	340	696
2539	353	352	705
2540	326	352	678
2541	361	351	712
2542	354	353	707
2543	355	382	737
2544	360	340	700
2545	373	346	719
2546	342	341	683
2547	352	349	701
2548	339	356	695
2549	333	359	692
2550	356	349	705
2551	332	338	670
2552	326	339	665
2553	332	335	667
2554	346	324	670
2555	347	343	690
2556	336	359	695
2557	331	350	681
2558	329	338	667
2559	322	349	671
2560	329	349	678
2561	359	342	701
2562	336	338	674
2563	334	349	683
2564	362	355	717
2565	347	348	695
2566	320	370	690
2567	354	334	688
2568	346	343	689
2569	340	364	704
2570	343	369	712
2571	360	345	705
2572	354	362	716
2573	346	374	720
2574	330	376	706
2575	363	343	706
2576	346	363	709
2577	372	362	734
2578	349	369	718
2579	385	338	723
2580	347	377	724
2581	355	331	686
2582	327	355	682
2583	355	345	700
2584	360	338	698
2585	330	344	674
2586	341	332	673
2587	329	362	691
2588	332	344	676
2589	335	332	667
2590	352	338	690
2591	370	320	690
2592	344	324	668
2593	349	340	689
2594	348	345	693
2595	346	333	679
2596	350	338	688
2597	337	327	664
2598	345	357	702
2599	348	340	688
2600	357	346	703
2601	350	347	697
2602	347	363	710
2603	338	364	702
2604	350	351	701
2605	341	332	673
2606	314	360	674
2607	340	327	667
2608	347	328	675
2609	353	364	717
2610	336	371	707
2611	348	348	696
2612	353	327	680
2613	350	330	680
2614	347	350	697
2615	348	348	696
2616	366	350	716
2617	363	337	700
2618	357	379	736
2619	354	355	709
2620	343	365	708
2621	338	337	675
2622	356	346	702
2623	355	332	687
2624	337	356	693
2625	351	355	706
2626	356	343	699
2627	339	327	666
2628	345	341	686
2629	363	361	724
2630	358	318	676
2631	355	326	681
2632	360	358	718
2633	360	346	706
2634	364	372	736
2635	370	358	728
2636	371	360	731
2637	356	330	686
2638	363	329	692
2639	360	343	703
2640	354	345	699
2641	344	351	695
2642	360	347	707
2643	359	326	685
2644	368	329	697
2645	377	335	712
2646	346	342	688
2647	335	336	671
2648	347	335	682
2649	342	331	673
2650	369	362	731
2651	355	337	692
2652	352	350	702
2653	350	350	700
2654	330	343	673
2655	342	352	694
2656	344	358	702
2657	367	348	715
2658	353	317	670
2659	335	334	669
2660	350	326	676
2661	346	333	679
2662	354	319	673
2663	343	331	674
2664	328	318	646
2665	326	333	659
2666	371	351	722
2667	351	337	688
2668	358	322	680
2669	361	340	701
2670	345	340	685
2671	359	344	703
2672	350	339	689
2673	352	346	698
2674	345	346	691
2675	359	346	705
2676	338	356	694
2677	352	355	707
2678	333	357	690
2679	339	343	682
2680	344	356	700
2681	356	332	688
2682	340	351	691
2683	349	338	687
2684	342	357	699
2685	360	319	679
2686	347	342	689
2687	361	354	715
2688	347	363	710
2689	355	341	696
2690	357	335	692
2691	347	349	696
2692	362	357	719
2693	354	334	688
2694	345	341	686
2695	357	356	713
2696	348	342	690
2697	331	350	681
2698	340	346	686
2699	323	342	665
2700	349	337	686
2701	347	347	694
2702	333	336	669
2703	342	345	687
2704	355	345	700
2705	339	361	700
2706	356	361	717
2707	350	355	705
2708	375	360	735
2709	356	356	712
2710	341	358	699
2711	374	349	723
2712	349	340	689
2713	341	342	683
2714	344	362	706
2715	354	363	717
2716	360	341	701
2717	343	345	688
2718	329	342	671
2719	340	333	673
2720	341	350	691
2721	341	315	656
2722	322	337	659
2723	346	355	701
2724	359	350	709
2725	356	341	697
2726	352	333	685
2727	352	332	684
2728	364	333	697
2729	365	338	703
2730	371	330	701
2731	345	352	697
2732	339	347	686
2733	354	362	716
2734	341	350	691
2735	337	338	675
2736	356	358	714
2737	356	349	705
2738	367	352	719
2739	338	356	694
2740	343	349	692
2741	354	336	690
2742	345	326	671
2743	358	325	683
2744	327	330	657
2745	327	353	680
2746	332	361	693
2747	313	333	646
2748	330	371	701
2749	321	349	670
2750	346	313	659
2751	320	335	655
2752	349	368	717
2753	329	347	676
2754	343	354	697
2755	372	348	720
2756	353	363	716
2757	305	359	664
2758	333	342	675
2759	341	332	673
2760	348	354	702
2761	328	330	658
2762	337	364	701
2763	355	366	721
2764	335	369	704
2765	333	347	680
2766	350	335	685
2767	354	342	696
2768	345	355	700
2769	343	360	703
2770	339	315	654
2771	329	317	646
2772	340	343	683
2773	330	346	676
2774	351	355	706
2775	339	349	688
2776	351	356	707
2777	328	342	670
2778	349	332	681
2779	347	320	667
2780	359	329	688
2781	361	325	686
2782	340	312	652
2783	337	350	687
2784	343	334	677
2785	357	342	699
2786	364	319	683
2787	365	339	704
2788	357	361	718
2789	372	326	698
2790	350	349	699
2791	348	340	688
2792	358	342	700
2793	354	367	721
2794	324	348	672
2795	377	344	721
2796	348	336	684
2797	358	344	702
2798	347	335	682
2799	329	350	679
2800	339	364	703
2801	339	354	693
2802	353	366	719
2803	355	336	691
2804	352	350	702
2805	359	358	717
2806	349	328	677
2807	338	361	699
2808	337	359	696
2809	352	356	708
2810	361	343	704
2811	342	348	690
2812	347	333	680
2813	333	354	687
2814	347	356	703
2815	353	356	709
2816	328	368	696
2817	342	356	698
2818	325	332	657
2819	328	347	675
2820	325	320	645
2821	340	349	689
2822	344	329	673
2823	322	347	669
2824	345	366	711
2825	348	339	687
2826	363	355	718
2827	332	360	692
2828	340	360	700
2829	330	351	681
2830	320	366	686
2831	334	324	658
2832	353	329	682
2833	355	338	693
2834	350	340	690
2835	357	316	673
2836	341	338	679
2837	365	335	700
2838	344	334	678
2839	356	359	715
2840	335	347	682
2841	345	341	686
2842	342	341	683
2843	347	340	687
2844	359	332	691
2845	373	339	712
2846	332	338	670
2847	347	342	689
2848	356	351	707
2849	347	369	716
2850	347	346	693
2851	340	344	684
2852	346	355	701
2853	330	374	704
2854	347	375	722
2855	370	358	728
2856	339	322	661
2857	341	347	688
2858	362	351	713
2859	324	347	671
2860	346	344	690
2861	331	360	691
2862	343	348	691
2863	345	349	694
2864	344	333	677
2865	355	299	654
2866	346	304	650
2867	369	312	681
2868	357	282	639
2869	335	255	590
2870	331	258	589
2871	346	259	605
2872	351	255	606
2873	336	271	607
2874	345	280	625
2875	338	285	623
2876	354	286	640
2877	340	310	650
2878	345	296	641
2879	328	289	617
2880	333	280	613
2881	348	284	632
2882	346	290	636
2883	336	301	637
2884	351	324	675
2885	335	298	633
2886	347	287	634
2887	354	309	663
2888	353	280	633
2889	341	295	636
2890	343	297	640
2891	333	269	602
2892	357	276	633
2893	369	288	657
2894	355	269	624
2895	341	283	624
2896	341	242	583
2897	331	275	606
2898	354	279	633
2899	342	295	637
2900	345	313	658
2901	347	313	660
2902	341	301	642
2903	319	292	611
2904	321	299	620
2905	324	285	609
2906	323	296	619
2907	325	307	632
2908	343	318	661
2909	333	309	642
2910	345	307	652
2911	376	309	685
2912	359	318	677
2913	337	332	669
2914	346	348	694
2915	347	345	692
2916	366	354	720
2917	360	330	690
2918	351	359	710
2919	358	338	696
2920	354	355	709
2921	342	333	675
2922	340	315	655
2923	343	343	686
2924	335	332	667
2925	333	338	671
2926	343	370	713
2927	331	341	672
2928	340	336	676
2929	344	338	682
2930	346	329	675
2931	361	340	701
2932	337	353	690
2933	341	346	687
2934	353	357	710
2935	362	342	704
2936	337	318	655
2937	360	349	709
2938	347	362	709
2939	346	333	679
2940	364	358	722
2941	349	329	678
2942	354	358	712
2943	350	358	708
2944	344	360	704
2945	353	351	704
2946	341	342	683
2947	346	332	678
2948	357	341	698
2949	362	334	696
2950	357	340	697
2951	312	330	642
2952	333	348	681
2953	327	353	680
2954	339	364	703
2955	365	334	699
2956	333	336	669
2957	347	321	668
2958	328	347	675
2959	346	335	681
2960	337	336	673
2961	340	364	704
2962	345	339	684
2963	344	329	673
2964	354	359	713
2965	361	357	718
2966	359	368	727
2967	354	365	719
2968	346	336	682
2969	362	349	711
2970	358	345	703
2971	368	356	724
2972	332	387	719
2973	357	343	700
2974	346	360	706
2975	365	355	720
2976	342	343	685
2977	347	352	699
2978	349	350	699
2979	331	349	680
2980	337	346	683
2981	340	331	671
2982	321	336	657
2983	351	348	699
2984	352	341	693
2985	361	340	701
2986	368	340	708
2987	356	337	693
2988	337	364	701
2989	344	343	687
2990	338	350	688
2991	343	340	683
2992	333	357	690
2993	348	328	676
2994	347	353	700
2995	375	342	717
2996	338	349	687
2997	352	359	711
2998	348	353	701
2999	340	351	691
3000	344	343	687
3001	358	343	701
3002	352	369	721
3003	351	343	694
3004	356	324	680
3005	332	365	697
3006	334	363	697
3007	345	369	714
3008	359	343	702
3009	354	348	702
3010	358	365	723
3011	367	341	708
3012	362	325	687
3013	354	332	686
3014	341	340	681
3015	338	347	685
3016	337	351	688
3017	348	330	678
3018	328	344	672
3019	340	349	689
3020	334	357	691
3021	346	347	693
3022	316	347	663
3023	346	351	697
3024	348	355	703
3025	366	340	706
3026	338	332	670
3027	349	341	690
3028	333	339	672
3029	343	341	684
3030	362	355	717
3031	351	336	687
3032	306	338	644
3033	346	337	683
3034	353	354	707
3035	343	350	693
3036	355	332	687
3037	346	333	679
3038	341	335	676
3039	331	358	689
3040	360	325	685
3041	330	342	672
3042	336	345	681
3043	338	353	691
3044	359	356	715
3045	357	354	711
3046	341	353	694
3047	300	374	674
3048	339	378	717
3049	344	353	697
3050	342	351	693
3051	323	350	673
3052	350	337	687
3053	346	337	683
3054	348	342	690
3055	340	345	685
3056	373	342	715
3057	338	358	696
3058	339	314	653
3059	354	302	656
3060	360	282	642
3061	330	311	641
3062	340	296	636
3063	357	287	644
3064	358	283	641
3065	347	328	675
3066	361	304	665
3067	353	312	665
3068	350	283	633
3069	343	290	633
3070	331	313	644
3071	337	336	673
3072	351	309	660
3073	328	341	669
3074	335	365	700
3075	347	336	683
3076	324	350	674
3077	362	333	695
3078	359	319	678
3079	354	315	669
3080	332	341	673
3081	352	336	688
3082	340	335	675
3083	344	352	696
3084	350	328	678
3085	350	336	686
3086	364	335	699
3087	339	349	688
3088	344	355	699
3089	344	346	690
3090	353	347	700
3091	347	342	689
3092	337	340	677
3093	354	333	687
3094	358	336	694
3095	328	341	669
3096	339	335	674
3097	362	356	718
3098	342	335	677
3099	332	371	703
3100	341	349	690
3101	327	321	648
3102	317	344	661
3103	332	350	682
3104	357	347	704
3105	365	345	710
3106	353	335	688
3107	352	350	702
3108	338	348	686
3109	334	363	697
3110	349	342	691
3111	348	345	693
3112	345	359	704
3113	346	366	712
3114	345	347	692
3115	364	331	695
3116	333	333	666
3117	328	362	690
3118	333	366	699
3119	359	335	694
3120	347	326	673
3121	350	356	706
3122	321	358	679
3123	339	366	705
3124	347	355	702
3125	359	340	699
3126	339	347	686
3127	359	335	694
3128	353	339	692
3129	348	343	691
3130	356	352	708
3131	345	357	702
3132	369	330	699
3133	351	323	674
3134	346	348	694
3135	364	360	724
3136	338	358	696
3137	346	336	682
3138	312	332	644
3139	329	340	669
3140	345	344	689
3141	347	340	687
3142	342	356	698
3143	361	345	706
3144	354	362	716
3145	357	338	695
3146	357	341	698
3147	345	349	694
3148	344	338	682
3149	347	320	667
3150	346	355	701
3151	321	342	663
3152	361	368	729
3153	354	362	716
3154	370	353	723
3155	360	346	706
3156	347	344	691
3157	358	356	714
3158	376	338	714
3159	359	351	710
3160	328	347	675
3161	326	350	676
3162	350	349	699
3163	371	374	745
3164	351	350	701
3165	332	363	695
3166	343	345	688
3167	357	338	695
3168	344	358	702
3169	337	365	702
3170	349	333	682
3171	370	345	715
3172	315	352	667
3173	352	342	694
3174	342	343	685
3175	338	351	689
3176	349	360	709
3177	364	351	715
3178	353	365	718
3179	343	359	702
3180	341	338	679
3181	330	339	669
3182	350	340	690
3183	322	338	660
3184	344	345	689
3185	364	347	711
3186	357	328	685
3187	316	348	664
3188	348	339	687
3189	347	343	690
3190	328	315	643
3191	355	346	701
3192	355	291	646
3193	328	333	661
3194	339	320	659
3195	329	328	657
3196	333	346	679
3197	354	341	695
3198	355	354	709
3199	357	330	687
3200	340	356	696
3201	335	356	691
3202	335	349	684
3203	351	359	710
3204	354	331	685
3205	345	336	681
3206	362	332	694
3207	365	357	722
3208	355	336	691
3209	346	348	694
3210	345	357	702
3211	337	360	697
3212	341	342	683
3213	340	350	690
3214	352	337	689
3215	347	334	681
3216	360	371	731
3217	360	360	720
3218	378	353	731
3219	357	351	708
3220	341	361	702
3221	357	345	702
3222	346	336	682
3223	345	343	688
3224	356	345	701
3225	356	337	693
3226	366	356	722
3227	340	359	699
3228	359	342	701
3229	348	354	702
3230	362	363	725
3231	361	348	709
3232	350	350	700
3233	350	357	707
3234	371	343	714
3235	356	333	689
3236	368	340	708
3237	346	340	686
3238	324	351	675
3239	360	316	676
3240	343	355	698
3241	332	356	688
3242	346	363	709
3243	329	344	673
3244	353	323	676
3245	325	345	670
3246	349	344	693
3247	352	345	697
3248	338	341	679
3249	336	345	681
3250	351	319	670
3251	356	318	674
3252	338	355	693
3253	361	363	724
3254	351	346	697
3255	345	360	705
3256	345	368	713
3257	340	331	671
3258	362	340	702
3259	347	343	690
3260	358	347	705
3261	349	333	682
3262	379	333	712
3263	366	369	735
3264	373	363	736
3265	358	342	700
3266	359	358	717
3267	349	332	681
3268	349	343	692
3269	341	360	701
3270	332	372	704
3271	333	351	684
3272	339	329	668
3273	322	345	667
3274	331	358	689
3275	350	358	708
3276	336	356	692
3277	341	343	684
3278	372	336	708
3279	353	357	710
3280	367	364	731
3281	328	348	676
3282	318	351	669
3283	350	365	715
3284	339	325	664
3285	359	333	692
3286	341	328	669
3287	326	355	681
3288	354	371	725
3289	338	364	702
3290	364	343	707
3291	353	341	694
3292	324	337	661
3293	346	357	703
3294	332	336	668
3295	339	323	662
3296	345	350	695
3297	345	343	688
3298	329	346	675
3299	337	338	675
3300	348	343	691
3301	349	358	707
3302	362	357	719
3303	334	339	673
3304	332	349	681
3305	337	333	670
3306	350	321	671
3307	355	296	651
3308	335	324	659
3309	350	332	682
3310	345	318	663
3311	363	307	670
3312	332	307	639
3313	338	291	629
3314	325	325	650
3315	335	320	655
3316	320	339	659
3317	341	336	677
3318	326	348	674
3319	345	328	673
3320	341	340	681
3321	357	359	716
3322	379	358	737
3323	345	349	694
3324	338	324	662
3325	342	360	702
3326	339	346	685
3327	361	351	712
3328	334	338	672
3329	353	336	689
3330	355	351	706
3331	341	338	679
3332	359	347	706
3333	345	328	673
3334	357	347	704
3335	374	340	714
3336	352	335	687
3337	355	348	703
3338	367	339	706
3339	350	359	709
3340	376	349	725
3341	357	329	686
3342	342	366	708
3343	374	341	715
3344	337	330	667
3345	332	316	648
3346	337	323	660
3347	373	344	717
3348	366	330	696
3349	331	346	677
3350	344	318	662
3351	355	350	705
3352	365	358	723
3353	372	345	717
3354	344	362	706
3355	347	345	692
3356	311	341	652
3357	331	336	667
3358	319	329	648
3359	329	334	663
3360	340	330	670
3361	319	324	643
3362	310	304	614
3363	351	344	695
3364	359	341	700
3365	335	344	679
3366	341	358	699
3367	336	341	677
3368	322	355	677
3369	374	337	711
3370	342	345	687
3371	353	334	687
3372	353	340	693
3373	359	334	693
3374	370	341	711
3375	359	326	685
3376	343	337	680
3377	347	328	675
3378	350	338	688
3379	356	332	688
3380	337	328	665
3381	340	329	669
3382	355	341	696
3383	344	323	667
3384	332	359	691
3385	344	346	690
3386	335	361	696
3387	359	347	706
3388	338	343	681
3389	341	349	690
3390	348	362	710
3391	343	358	701
3392	355	337	692
3393	359	326	685
3394	338	362	700
3395	357	332	689
3396	349	342	691
3397	338	344	682
3398	351	322	673
3399	346	344	690
3400	329	339	668
3401	347	366	713
3402	334	336	670
3403	350	351	701
3404	353	327	680
3405	347	338	685
3406	347	341	688
3407	358	334	692
3408	349	324	673
3409	339	350	689
3410	346	369	715
3411	338	341	679
3412	361	331	692
3413	353	327	680
3414	349	326	675
3415	314	354	668
3416	362	347	709
3417	341	361	702
3418	349	369	718
3419	330	338	668
3420	345	341	686
3421	348	359	707
3422	338	351	689
3423	341	361	702
3424	336	334	670
3425	372	351	723
3426	318	357	675
3427	331	335	666
3428	359	331	690
3429	354	357	711
3430	372	359	731
3431	330	372	702
3432	351	358	709
3433	350	334	684
3434	351	359	710
3435	339	356	695
3436	344	339	683
3437	354	338	692
3438	364	327	691
3439	348	343	691
3440	329	344	673
3441	325	344	669
3442	354	324	678
3443	340	333	673
3444	359	343	702
3445	357	327	684
3446	317	339	656
3447	336	329	665
3448	327	338	665
3449	327	361	688
3450	349	343	692
3451	317	358	675
3452	334	366	700
3453	338	343	681
3454	355	337	692
3455	340	323	663
3456	349	361	710
3457	366	356	722
3458	382	343	725
3459	351	353	704
3460	355	336	691
3461	352	330	682
3462	346	356	702
3463	343	351	694
3464	346	329	675
3465	346	341	687
3466	344	330	674
3467	343	363	706
3468	344	339	683
3469	340	350	690
3470	364	339	703
3471	354	327	681
3472	356	340	696
3473	344	345	689
3474	323	363	686
3475	324	352	676
3476	336	359	695
3477	346	372	718
3478	348	355	703
3479	360	332	692
3480	364	331	695
3481	346	340	686
3482	344	306	650
3483	361	331	692
3484	332	339	671
3485	350	349	699
3486	330	324	654
3487	356	362	718
3488	363	340	703
3489	351	366	717
3490	319	352	671
3491	325	350	675
3492	344	345	689
3493	348	337	685
3494	345	357	702
3495	357	358	715
3496	367	337	704
3497	344	359	703
3498	338	341	679
3499	336	330	666
3500	343	356	699
3501	345	368	713
3502	356	364	720
3503	348	351	699
3504	357	330	687
3505	339	348	687
3506	345	342	687
3507	342	353	695
3508	326	351	677
3509	349	340	689
3510	369	318	687
3511	380	319	699
3512	332	353	685
3513	347	363	710
3514	350	365	715
3515	389	355	744
3516	340	342	682
3517	366	329	695
3518	338	345	683
3519	333	346	679
3520	366	330	696
3521	372	318	690
3522	364	331	695
3523	336	340	676
3524	334	343	677
3525	318	334	652
3526	361	341	702
3527	344	325	669
3528	334	348	682
3529	367	333	700
3530	364	336	700
3531	366	355	721
3532	343	346	689
3533	333	343	676
3534	345	357	702
3535	347	349	696
3536	345	346	691
3537	369	345	714
3538	352	350	702
3539	344	363	707
3540	347	342	689
3541	333	354	687
3542	343	340	683
3543	337	345	682
3544	348	317	665
3545	331	347	678
3546	349	362	711
3547	357	326	683
3548	337	357	694
3549	361	365	726
3550	338	348	686
3551	340	330	670
3552	330	334	664
3553	347	340	687
3554	326	355	681
3555	351	345	696
3556	327	346	673
3557	369	353	722
3558	344	327	671
3559	328	359	687
3560	351	340	691
3561	361	333	694
3562	335	322	657
3563	335	308	643
3564	338	354	692
3565	354	353	707
3566	346	364	710
3567	331	345	676
3568	317	339	656
3569	349	334	683
3570	363	346	709
3571	346	340	686
3572	349	334	683
3573	360	340	700
3574	338	338	676
3575	360	320	680
3576	346	338	684
3577	352	338	690
3578	343	335	678
3579	337	357	694
3580	364	350	714
3581	336	361	697
3582	364	343	707
3583	351	333	684
3584	341	340	681
3585	342	332	674
3586	363	332	695
3587	350	363	713
3588	356	352	708
3589	330	336	666
3590	326	347	673
3591	347	330	677
3592	338	334	672
3593	373	346	719
3594	353	357	710
3595	354	338	692
3596	350	342	692
3597	346	340	686
3598	343	332	675
3599	341	332	673
3600	362	349	711
3601	364	342	706
3602	343	344	687
3603	337	355	692
3604	324	363	687
3605	354	334	688
3606	330	341	671
3607	333	331	664
3608	335	356	691
3609	359	349	708
3610	329	345	674
3611	359	347	706
3612	369	343	712
3613	347	350	697
3614	334	332	666
3615	340	343	683
3616	337	329	666
3617	356	353	709
3618	354	342	696
3619	342	334	676
3620	364	328	692
3621	339	332	671
3622	349	351	700
3623	355	350	705
3624	356	332	688
3625	349	322	671
3626	337	314	651
3627	348	298	646
3628	382	334	716
3629	347	336	683
3630	350	333	683
3631	348	352	700
3632	347	358	705
3633	344	349	693
3634	319	372	691
3635	331	348	679
3636	332	359	691
3637	384	332	716
3638	364	336	700
3639	350	341	691
3640	336	325	661
3641	345	348	693
3642	349	365	714
3643	344	363	707
3644	356	341	697
3645	343	321	664
3646	328	339	667
3647	346	346	692
3648	364	345	709
3649	341	346	687
3650	344	338	682
3651	339	348	687
3652	349	325	674
3653	342	344	686
3654	354	343	697
3655	351	338	689
3656	349	334	683
3657	368	343	711
3658	366	323	689
3659	336	336	672
3660	358	353	711
3661	355	325	680
3662	348	331	679
3663	344	332	676
3664	354	340	694
3665	362	322	684
3666	336	334	670
3667	336	340	676
3668	344	352	696
3669	339	373	712
3670	345	376	721
3671	351	348	699
3672	354	357	711
3673	348	349	697
3674	356	339	695
3675	345	341	686
3676	354	349	703
3677	345	356	701
3678	359	337	696
3679	333	348	681
3680	357	346	703
3681	329	333	662
3682	333	342	675
3683	337	320	657
3684	312	328	640
3685	354	334	688
3686	338	356	694
3687	357	336	693
3688	347	331	678
3689	341	359	700
3690	354	362	716
3691	348	337	685
3692	346	359	705
3693	340	361	701
3694	339	349	688
3695	344	336	680
3696	350	352	702
3697	351	326	677
3698	343	340	683
3699	343	359	702
3700	322	379	701
3701	362	364	726
3702	359	341	700
3703	359	342	701
3704	346	335	681
3705	350	321	671
3706	329	323	652
3707	355	350	705
3708	364	357	721
3709	336	380	716
3710	322	359	681
3711	331	330	661
3712	349	346	695
3713	362	340	702
3714	345	330	675
3715	341	356	697
3716	331	366	697
3717	343	368	711
3718	358	356	714
3719	350	341	691
3720	360	332	692
3721	357	358	715
3722	346	336	682
3723	355	333	688
3724	361	324	685
3725	361	328	689
3726	344	342	686
3727	331	339	670
3728	363	353	716
3729	350	319	669
3730	353	349	702
3731	365	369	734
3732	338	347	685
3733	358	374	732
3734	346	351	697
3735	348	378	726
3736	346	372	718
3737	342	339	681
3738	341	330	671
3739	348	335	683
3740	366	351	717
3741	355	348	703
3742	372	346	718
3743	359	332	691
3744	340	336	676
3745	371	320	691
3746	366	338	704
3747	337	359	696
3748	375	345	720
3749	345	332	677
3750	333	346	679
3751	354	369	723
3752	350	332	682
3753	354	331	685
3754	353	368	721
3755	355	341	696
3756	347	360	707
3757	353	359	712
3758	337	349	686
3759	342	334	676
3760	353	324	677
3761	351	341	692
3762	329	340	669
3763	342	338	680
3764	351	353	704
3765	346	347	693
3766	357	334	691
3767	369	349	718
3768	381	330	711
3769	364	343	707
3770	344	324	668
3771	333	319	652
3772	335	316	651
3773	330	320	650
3774	346	334	680
3775	338	328	666
3776	352	353	705
3777	331	341	672
3778	340	345	685
3779	364	346	710
3780	334	344	678
3781	347	360	707
3782	357	350	707
3783	337	345	682
3784	335	352	687
3785	319	358	677
3786	347	327	674
3787	352	316	668
3788	341	326	667
3789	333	327	660
3790	340	325	665
3791	345	336	681
3792	336	330	666
3793	364	350	714
3794	361	336	697
3795	341	357	698
3796	350	363	713
3797	349	327	676
3798	356	342	698
3799	371	363	734
3800	336	344	680
3801	358	341	699
3802	348	337	685
3803	349	340	689
3804	357	358	715
3805	372	342	714
3806	355	331	686
3807	342	335	677
3808	344	359	703
3809	323	364	687
3810	350	340	690
3811	357	329	686
3812	349	343	692
3813	352	341	693
3814	331	368	699
3815	334	354	688
3816	346	337	683
3817	361	328	689
3818	350	330	680
3819	353	310	663
3820	365	280	645
3821	357	295	652
3822	351	316	667
3823	355	302	657
3824	353	308	661
3825	371	320	691
3826	343	307	650
3827	340	320	660
3828	347	292	639
3829	363	278	641
3830	368	294	662
3831	370	287	657
3832	362	266	628
3833	362	266	628
3834	341	259	600
3835	364	253	617
3836	350	256	606
3837	338	249	587
3838	347	243	590
3839	353	233	586
3840	368	209	577
3841	342	205	547
3842	353	220	573
3843	330	244	574
3844	348	240	588
3845	339	242	581
3846	311	221	532
3847	286	260	546
3848	324	235	559
3849	357	302	659
3850	360	342	702
3851	368	347	715
3852	369	344	713
3853	365	344	709
3854	363	333	696
3855	368	334	702
3856	369	325	694
3857	364	305	669
3858	359	318	677
3859	368	354	722
3860	349	336	685
3861	347	341	688
3862	363	351	714
3863	362	346	708
3864	362	330	692
3865	354	350	704
3866	361	318	679
3867	360	329	689
3868	363	326	689
3869	361	327	688
3870	370	344	714
3871	368	328	696
3872	369	329	698
3873	362	314	676
3874	344	315	659
3875	349	352	701
3876	359	345	704
3877	339	322	661
3878	346	325	671
3879	348	331	679
3880	368	318	686
3881	372	323	695
3882	376	321	697
3883	362	336	698
3884	350	335	685
3885	365	337	702
3886	361	345	706
3887	366	358	724
3888	370	353	723
3889	359	307	666
3890	372	318	690
3891	370	328	698
3892	352	321	673
3893	339	334	673
3894	355	309	664
3895	375	308	683
3896	377	326	703
3897	366	331	697
3898	370	325	695
3899	369	321	690
3900	368	318	686
3901	352	332	684
3902	348	329	677
3903	369	332	701
3904	347	347	694
3905	360	335	695
3906	379	326	705
3907	376	345	721
3908	361	340	701
3909	366	336	702
3910	357	325	682
3911	354	332	686
3912	363	331	694
3913	353	319	672
3914	366	322	688
3915	365	330	695
3916	361	327	688
3917	355	329	684
3918	337	318	655
3919	370	326	696
3920	343	344	687
3921	346	340	686
3922	361	315	676
3923	354	302	656
3924	331	333	664
3925	347	331	678
3926	343	338	681
3927	375	318	693
3928	382	312	694
3929	346	316	662
3930	369	336	705
3931	370	341	711
3932	347	333	680
3933	357	343	700
3934	332	352	684
3935	352	341	693
3936	383	326	709
3937	350	330	680
3938	362	325	687
3939	350	310	660
3940	334	346	680
3941	371	315	686
3942	379	328	707
3943	349	334	683
3944	349	362	711
3945	369	339	708
3946	361	319	680
3947	345	341	686
3948	338	330	668
3949	362	309	671
3950	361	323	684
3951	361	320	681
3952	344	320	664
3953	357	342	699
3954	339	341	680
3955	356	340	696
3956	362	338	700
3957	363	325	688
3958	366	324	690
3959	344	349	693
3960	347	356	703
3961	328	326	654
3962	356	312	668
3963	368	326	694
3964	355	351	706
3965	371	321	692
3966	353	334	687
3967	374	325	699
3968	377	341	718
3969	347	326	673
3970	358	324	682
3971	347	345	692
3972	342	324	666
3973	360	326	686
3974	339	342	681
3975	350	357	707
3976	355	351	706
3977	340	334	674
3978	360	316	676
3979	380	346	726
3980	358	355	713
3981	382	359	741
3982	357	348	705
3983	348	315	663
3984	365	322	687
3985	353	321	674
3986	367	316	683
3987	354	340	694
3988	363	350	713
3989	346	313	659
3990	355	328	683
3991	359	332	691
3992	365	335	700
3993	372	326	698
3994	369	337	706
3995	362	354	716
3996	354	336	690
3997	345	336	681
3998	378	336	714
3999	354	330	684
4000	363	322	685
4001	363	323	686
4002	365	316	681
4003	361	335	696
4004	356	340	696
4005	355	332	687
4006	353	348	701
4007	355	326	681
4008	333	322	655
4009	326	345	671
4010	360	323	683
4011	349	314	663
4012	360	318	678
4013	351	345	696
4014	363	330	693
4015	365	311	676
4016	364	326	690
4017	343	322	665
4018	355	343	698
4019	362	339	701
4020	369	335	704
4021	380	337	717
4022	361	329	690
4023	358	327	685
4024	371	345	716
4025	383	324	707
4026	360	332	692
4027	354	332	686
4028	367	362	729
4029	363	324	687
4030	377	345	722
4031	356	333	689
4032	363	316	679
4033	353	329	682
4034	370	320	690
4035	360	359	719
4036	350	338	688
4037	368	352	720
4038	345	325	670
4039	381	350	731
4040	370	323	693
4041	344	337	681
4042	352	340	692
4043	347	343	690
4044	352	374	726
4045	382	332	714
4046	365	336	701
4047	356	342	698
4048	368	338	706
4049	352	306	658
4050	363	321	684
4051	333	346	679
4052	356	334	690
4053	338	333	671
4054	379	322	701
4055	346	341	687
4056	355	350	705
4057	350	340	690
4058	363	331	694
4059	343	334	677
4060	341	322	663
4061	354	332	686
4062	363	320	683
4063	372	312	684
4064	367	336	703
4065	376	346	722
4066	375	323	698
4067	372	325	697
4068	366	325	691
4069	384	323	707
4070	364	325	689
4071	361	322	683
4072	357	335	692
4073	356	344	700
4074	356	331	687
4075	349	345	694
4076	347	337	684
4077	359	307	666
4078	359	317	676
4079	357	320	677
4080	365	355	720
4081	365	324	689
4082	365	331	696
4083	371	335	706
4084	373	336	709
4085	375	303	678
4086	367	314	681
4087	369	347	716
4088	324	329	653
4089	350	316	666
4090	355	339	694
4091	351	333	684
4092	361	299	660
4093	343	332	675
4094	351	336	687
4095	371	323	694
4096	381	318	699
4097	375	315	690
4098	349	337	686
4099	352	324	676
4100	364	312	676
4101	336	346	682
4102	344	334	678
4103	357	327	684
4104	342	331	673
4105	355	348	703
4106	366	352	718
4107	348	340	688
4108	345	337	682
4109	365	322	687
4110	361	328	689
4111	348	306	654
4112	347	320	667
4113	379	328	707
4114	366	341	707
4115	361	325	686
4116	374	350	724
4117	350	321	671
4118	381	326	707
4119	371	311	682
4120	374	343	717
4121	346	339	685
4122	336	324	660
4123	371	336	707
4124	388	338	726
4125	378	323	701
4126	361	335	696
4127	358	324	682
4128	365	310	675
4129	357	318	675
4130	360	336	696
4131	348	332	680
4132	357	329	686
4133	379	319	698
4134	368	309	677
4135	365	355	720
4136	345	347	692
4137	341	331	672
4138	365	340	705
4139	391	314	705
4140	378	336	714
4141	365	344	709
4142	375	327	702
4143	368	321	689
4144	361	320	681
4145	358	320	678
4146	346	334	680
4147	367	316	683
4148	355	342	697
4149	376	335	711
4150	340	316	656
4151	341	342	683
4152	359	330	689
4153	392	332	724
4154	377	344	721
4155	365	336	701
4156	353	319	672
4157	346	308	654
4158	365	327	692
4159	364	336	700
4160	357	347	704
4161	351	328	679
4162	357	349	706
4163	378	316	694
4164	356	341	697
4165	362	343	705
4166	345	344	689
4167	361	311	672
4168	341	331	672
4169	352	329	681
4170	342	339	681
4171	354	347	701
4172	350	331	681
4173	344	327	671
4174	352	326	678
4175	342	325	667
4176	360	320	680
4177	357	341	698
4178	347	348	695
4179	360	352	712
4180	374	329	703
4181	373	348	721
4182	368	335	703
4183	352	333	685
4184	361	321	682
4185	352	358	710
4186	371	347	718
4187	354	343	697
4188	372	328	700
4189	346	331	677
4190	347	338	685
4191	383	331	714
4192	362	324	686
4193	368	324	692
4194	369	332	701
4195	366	331	697
4196	373	321	694
4197	345	319	664
4198	369	327	696
4199	348	321	669
4200	361	326	687
4201	346	335	681
4202	353	346	699
4203	375	327	702
4204	360	329	689
4205	358	338	696
4206	345	333	678
4207	375	315	690
4208	373	327	700
4209	349	318	667
4210	356	319	675
4211	329	345	674
4212	357	327	684
4213	363	321	684
4214	374	327	701
4215	378	341	719
4216	356	356	712
4217	379	346	725
4218	372	331	703
4219	384	331	715
4220	370	347	717
4221	375	354	729
4222	360	330	690
4223	347	342	689
4224	350	345	695
4225	354	332	686
4226	350	344	694
4227	370	341	711
4228	379	347	726
4229	355	301	656
4230	352	339	691
4231	328	344	672
4232	317	347	664
4233	333	338	671
4234	362	315	677
4235	359	336	695
4236	359	349	708
4237	361	318	679
4238	365	317	682
4239	327	343	670
4240	354	315	669
4241	385	323	708
4242	367	331	698
4243	365	317	682
4244	363	325	688
4245	380	314	694
4246	342	336	678
4247	358	327	685
4248	355	339	694
4249	371	357	728
4250	378	337	715
4251	365	343	708
4252	375	327	702
4253	352	331	683
4254	333	317	650
4255	373	300	673
4256	387	323	710
4257	373	317	690
4258	373	342	715
4259	358	352	710
4260	351	320	671
4261	346	345	691
4262	368	361	729
4263	355	339	694
4264	377	359	736
4265	357	334	691
4266	363	330	693
4267	379	309	688
4268	358	309	667
4269	367	316	683
4270	381	349	730
4271	345	325	670
4272	342	340	682
4273	339	346	685
4274	344	357	701
4275	328	339	667
4276	360	342	702
4277	354	317	671
4278	364	327	691
4279	353	321	674
4280	343	317	660
4281	368	294	662
4282	382	323	705
4283	362	333	695
4284	359	309	668
4285	357	318	675
4286	356	340	696
4287	353	346	699
4288	349	318	667
4289	362	310	672
4290	346	319	665
4291	368	296	664
4292	341	319	660
4293	356	329	685
4294	345	346	691
4295	352	342	694
4296	351	320	671
4297	363	324	687
4298	359	330	689
4299	358	331	689
4300	362	300	662
4301	361	333	694
4302	348	336	684
4303	359	341	700
4304	368	335	703
4305	358	319	677
4306	367	341	708
4307	361	325	686
4308	359	314	673
4309	364	342	706
4310	375	319	694
4311	349	329	678
4312	377	321	698
4313	344	329	673
4314	336	320	656
4315	354	325	679
4316	388	317	705
4317	346	347	693
4318	346	336	682
4319	368	323	691
4320	348	316	664
4321	357	322	679
4322	378	334	712
4323	361	328	689
4324	379	332	711
4325	368	319	687
4326	353	326	679
4327	366	346	712
4328	369	327	696
4329	366	348	714
4330	382	344	726
4331	370	337	707
4332	375	348	723
4333	363	331	694
4334	365	340	705
4335	349	341	690
4336	363	339	702
4337	374	340	714
4338	338	320	658
4339	381	337	718
4340	354	336	690
4341	352	332	684
4342	368	314	682
4343	375	332	707
4344	375	319	694
4345	361	329	690
4346	369	316	685
4347	365	325	690
4348	375	328	703
4349	366	340	706
4350	345	347	692
4351	347	330	677
4352	327	330	657
4353	367	345	712
4354	363	349	712
4355	367	323	690
4356	353	338	691
4357	377	350	727
4358	379	310	689
4359	359	316	675
4360	348	325	673
4361	334	341	675
4362	383	325	708
4363	369	334	703
4364	368	338	706
4365	354	325	679
4366	362	321	683
4367	364	328	692
4368	349	323	672
4369	364	320	684
4370	351	347	698
4371	367	333	700
4372	363	346	709
4373	367	344	711
4374	381	312	693
4375	360	339	699
4376	338	338	676
4377	363	341	704
4378	379	320	699
4379	380	324	704
4380	367	334	701
4381	364	327	691
4382	365	339	704
4383	361	354	715
4384	367	332	699
4385	386	317	703
4386	371	337	708
4387	358	330	688
4388	347	329	676
4389	367	331	698
4390	364	327	691
4391	366	318	684
4392	370	347	717
4393	353	322	675
4394	352	321	673
4395	350	341	691
4396	351	318	669
4397	345	328	673
4398	373	331	704
4399	349	350	699
4400	335	332	667
4401	364	337	701
4402	350	348	698
4403	354	324	678
4404	381	309	690
4405	352	344	696
4406	356	336	692
4407	354	331	685
4408	362	327	689
4409	355	326	681
4410	342	326	668
4411	335	326	661
4412	342	348	690
4413	355	333	688
4414	360	336	696
4415	345	342	687
4416	379	334	713
4417	381	328	709
4418	366	303	669
4419	349	308	657
4420	360	322	682
4421	352	333	685
4422	360	350	710
4423	354	354	708
4424	362	339	701
4425	363	353	716
4426	350	347	697
4427	371	339	710
4428	369	339	708
4429	359	322	681
4430	372	312	684
4431	378	320	698
4432	342	327	669
4433	361	326	687
4434	352	325	677
4435	340	321	661
4436	351	327	678
4437	367	340	707
4438	345	348	693
4439	355	334	689
4440	370	330	700
4441	377	308	685
4442	372	348	720
4443	378	336	714
4444	359	320	679
4445	338	354	692
4446	361	337	698
4447	363	326	689
4448	363	319	682
4449	365	337	702
4450	343	344	687
4451	342	325	667
4452	342	312	654
4453	354	328	682
4454	377	349	726
4455	370	319	689
4456	362	314	676
4457	350	318	668
4458	366	341	707
4459	363	344	707
4460	344	332	676
4461	341	330	671
4462	375	332	707
4463	355	342	697
4464	349	361	710
4465	355	338	693
4466	360	326	686
4467	353	345	698
4468	337	333	670
4469	341	350	691
4470	329	347	676
4471	351	345	696
4472	350	333	683
4473	376	336	712
4474	351	316	667
4475	363	305	668
4476	368	328	696
4477	360	338	698
4478	355	313	668
4479	367	338	705
4480	350	353	703
4481	348	324	672
4482	342	331	673
4483	351	315	666
4484	346	341	687
4485	373	330	703
4486	355	355	710
4487	362	332	694
4488	361	340	701
4489	354	336	690
4490	346	336	682
4491	342	340	682
4492	350	323	673
4493	357	336	693
4494	362	325	687
4495	343	347	690
4496	360	324	684
4497	390	326	716
4498	365	320	685
4499	395	318	713
4500	372	338	710
4501	375	336	711
4502	351	324	675
4503	366	332	698
4504	359	346	705
4505	358	341	699
4506	377	333	710
4507	370	337	707
4508	374	353	727
4509	381	320	701
4510	347	319	666
4511	341	336	677
4512	362	335	697
4513	353	336	689
4514	357	335	692
4515	351	338	689
4516	364	348	712
4517	343	330	673
4518	358	341	699
4519	376	326	702
4520	374	331	705
4521	353	345	698
4522	362	337	699
4523	376	315	691
4524	357	322	679
4525	364	328	692
4526	361	327	688
4527	354	330	684
4528	350	334	684
4529	354	314	668
4530	352	329	681
4531	389	316	705
4532	376	340	716
4533	369	313	682
4534	335	329	664
4535	333	349	682
4536	365	336	701
4537	378	323	701
4538	366	336	702
4539	354	349	703
4540	364	309	673
4541	363	337	700
4542	385	322	707
4543	363	312	675
4544	371	329	700
4545	354	353	707
4546	361	334	695
4547	361	316	677
4548	360	311	671
4549	343	308	651
4550	368	334	702
4551	349	337	686
4552	368	336	704
4553	352	330	682
4554	363	314	677
