0	0	0	0	0	0	0	0	0	0	0	0	0	0	0	0	0	0	0	0	0	0	0	0	0	0	0	0	0	0	0	0	0	0	0	0	0	0	0	0	0	0	0	0	0	0	0	0	0	0	0	0	0	0	0	0	0	0	0	0	0	0	0	0	0	0	0	0	0	0	0	0	0	0	0	0	0	0	0	0	0	0	0	0	0	0	0	0	0	0	0	0	0	0	0	0	0	0	0	0	0	0	0	0	0	0	0	0	0	0	0	0	0	0	0	0	0	0	0	0	0	0	0	0	0	0	0	0	0	0	0	0	0	0	0	0	0	0	0	0	0	0	0	0	0	0	0	0	0	0	0	0	0	0	0	0	0	0	0	0	0	0	0	0	0	0	0	0	0	0	0	0	0	0	0	0	0	0	0	0	0	0	0	0	0	0	0	0	0	0	0	0	0	0	0	0	0	0	0	0	0	0	0	0	0	0	0	0	0	0	0	0	0	0	0	0	0	0	0	0	0	0	0	0	0	0	0	0	0	0	0	0	0	0	0	0	0	0	0	0	0	0	0	0	0	0	0	0	0	0	0	0	0	0	0	0	0	0	0	0	0	0	0	0	0	0	0	0	0	0	0	0	0	0	0	0	0	0	0	0	0	0	0	0	0	0	0	0	0	0	0	0	0	0	0	0	0	0	0	0	0	0	0	0	0	0	0	0	0	0	0	0	0	0	0	0	0	0	0	0	0	0	0	0	0	0	0	0	0	0	0	0	0	0	0	0	0	0	0	0	0	0	0	0	0	0	0	0	0	0	0	0	0	0	0	0	0	0	0	0	0	0	0	0	0	0	0	0	0	0	0	0	0	0	0	0	0	0	0	0	0	0	0	0	0	0	0	0	0	0	0	0	0	0	0	0	0	0	0	0	0	0	0	0	0	0	0	0	0	0	0	0	0	0	0	0	0	0	0	0	0	0	0	0	0	0	0	0	0	0	0	0	0	0	0	0	0	0	0	0	0	0	0	0	0	0	0	0	0	0	0	0	0	0	0	0	0	0	0	0	0	0	0	0	0	0	0	0	0	0	0	0	0	0	0	0	0	0	0	0	0	0	0	0	0	0	0	0	0	0	0	0	0	0	0	0	0	0	0	0	0	0	0	0	0	0	0	0	0	0	0	0	
133	424	
133	424	425	488	457	480	
133	424	425	488	457	417	149	421	145	
133	424	425	488	457	417	149	428	329	393	39	429	5	
133	424	425	488	457	417	149	428	329	39	38	36	
133	488	457	149	428	329	39	38	456	331	167	132	
133	488	457	428	329	38	167	149	5	360	
133	488	457	428	167	300	
133	488	457	428	167	141	444	
133	488	457	428	167	141	157	360	396	149	166	412	
133	488	457	428	167	141	157	360	45	29	93	
133	488	457	428	167	141	157	
133	488	457	428	167	141	157	459	173	393	163	
133	488	457	428	167	141	157	396	393	
133	488	457	428	167	141	157	430	480	
133	488	428	167	141	157	480	159	
133	488	428	167	141	157	
133	488	428	167	141	157	420	424	421	392	
488	428	167	141	157	424	492	420	
488	428	167	141	157	424	492	508	456	396	
488	428	141	157	424	490	492	362	
488	428	141	157	424	490	362	366	492	456	367	378	
488	428	141	157	490	362	366	492	456	303	494	159	173	430	
488	141	157	490	362	366	492	456	494	
488	141	157	490	362	366	492	491	
488	141	157	490	362	366	491	363	137	
488	141	157	362	366	491	364	
488	141	157	362	366	143	13	
141	157	362	366	153	
141	366	140	142	14	
141	366	382	143	
141	366	
141	366	
141	366	
141	366	13	
141	366	
141	366	
141	366	382	
141	366	334	
141	366	
141	366	45	
141	366	45	
141	366	45	
141	366	45	
141	366	45	44	
141	366	45	61	
141	366	45	358	
141	366	45	
141	366	45	362	109	491	
141	366	45	362	354	
141	366	45	362	302	
141	366	45	362	302	
141	366	45	362	302	358	298	
141	366	45	362	302	363	298	300	137	
141	366	45	362	302	270	334	300	
141	366	45	362	302	270	334	47	298	
141	366	45	362	302	270	282	367	318	
141	366	45	362	302	270	
141	366	45	362	302	13	37	47	
141	45	362	302	137	197	136	41	
45	362	302	137	136	430	422	
45	362	302	137	136	8	129	330	
45	362	302	137	47	46	361	367	
45	362	302	137	47	46	303	367	298	430	38	
45	362	302	137	47	46	367	430	38	13	296	363	365	44	54	
45	362	302	137	47	46	430	38	264	256	363	13	491	
45	362	302	137	47	46	38	264	256	363	13	428	167	42	174	331	39	257	238	347	
45	362	302	137	46	38	264	256	363	428	167	331	444	335	366	34	412	41	172	
45	362	302	137	46	38	264	256	363	428	167	331	444	335	366	412	39	298	328	290	
45	362	302	137	46	38	256	363	428	167	331	444	335	412	39	62	404	303	400	35	
45	362	302	137	46	38	363	428	167	331	444	335	412	303	400	354	42	329	430	
45	362	302	137	46	38	363	428	167	331	444	412	400	430	367	323	175	424	300	416	
45	362	302	137	46	38	428	331	444	412	400	424	440	318	167	37	300	
362	302	137	46	38	428	331	444	412	400	424	300	37	406	47	270	459	440	
362	302	137	46	38	428	331	444	412	400	492	363	
302	137	46	38	428	331	444	412	400	
302	137	46	38	331	444	412	400	102	54	472	
302	46	38	331	444	412	400	102	54	42	174	
302	46	38	331	444	412	400	102	54	98	99	401	238	464	
302	46	38	331	444	412	400	102	54	98	238	66	226	404	118	70	32	
302	46	38	331	444	400	66	226	230	445	
302	46	38	331	444	400	36	
302	46	38	331	400	330	459	491	
302	46	38	331	400	126	
302	46	38	331	400	174	318	
302	46	331	400	174	190	
302	46	331	400	174	172	175	190	191	
46	331	400	174	
46	331	400	170	
46	331	400	170	459	154	329	
46	331	400	170	459	154	158	142	171	150	
46	331	400	459	154	158	30	156	
46	331	400	459	154	158	218	43	142	134	41	
46	331	400	459	154	158	218	43	138	171	38	
46	331	400	459	154	158	218	43	138	222	
46	331	400	459	154	158	218	43	335	
46	331	400	459	154	158	218	43	
46	331	400	459	154	158	218	43	210	159	
46	331	400	459	154	158	218	43	123	110	
46	331	400	459	154	158	218	43	267	107	259	138	
46	331	400	459	154	158	218	43	457	138	
46	331	400	459	154	158	218	43	457	38	159	
331	400	154	158	218	43	457	329	171	186	
331	400	154	158	218	43	457	329	393	459	
331	400	154	158	218	43	457	329	
331	400	154	158	43	457	329	186	
331	400	154	158	43	457	329	186	107	328	99	
331	400	154	158	43	457	329	186	328	59	35	384	386	
331	400	154	158	43	457	329	186	328	142	384	
331	400	154	158	43	457	329	186	142	14	140	174	171	
331	400	154	158	43	457	329	186	142	464	190	472	408	401	
331	154	158	43	457	329	186	142	461	400	190	
331	154	158	43	457	329	186	461	400	404	11	
331	154	158	43	457	329	186	400	464	190	
331	154	158	43	457	329	186	400	190	73	235	147	489	
331	154	158	43	457	329	186	190	489	461	481	473	
331	154	158	43	457	329	186	489	473	142	222	505	134	
331	154	158	43	457	329	186	489	330	497	170	346	168	
331	154	158	43	457	186	489	330	497	346	481	267	170	190	168	395	
331	154	158	43	457	186	489	346	267	168	350	160	58	224	259	
331	154	158	43	457	186	489	346	168	170	329	425	187	
331	154	43	457	186	489	346	168	170	425	158	234	232	
331	154	43	457	186	489	346	168	170	234	361	347	226	491	
331	154	43	457	186	489	346	168	170	234	218	42	335	147	463	
331	154	43	457	186	489	346	168	170	218	42	234	107	46	
331	154	457	186	489	346	168	170	218	42	107	171	43	169	47	493	
154	457	186	489	346	168	42	107	461	139	170	11	43	425	34	333	46	473	218	234	
154	457	186	489	42	107	461	170	11	425	505	24	152	397	417	138	
154	457	186	489	42	107	170	425	397	111	138	155	58	505	159	146	
154	457	186	489	42	107	425	397	111	138	155	509	456	507	203	505	109	
154	457	186	489	42	107	425	397	111	138	509	456	203	15	106	207	142	47	
154	457	186	489	42	107	425	111	509	456	203	142	15	171	170	460	501	500	207	461	99	
154	457	186	489	42	107	425	111	509	15	170	460	99	207	473	461	409	333	
154	457	186	489	42	107	425	111	509	460	138	381	7	43	106	239	15	
154	457	186	489	42	107	111	509	460	138	43	365	449	190	123	367	8	425	
154	457	186	489	42	107	111	509	460	138	365	105	218	462	
154	457	186	489	42	107	111	138	
154	457	186	489	107	111	138	493	495	
154	457	186	489	107	111	138	473	488	
154	457	186	489	107	111	138	505	110	170	
154	457	186	489	107	111	138	155	99	67	
154	457	186	489	107	111	138	127	
457	186	489	107	111	138	488	
457	186	489	107	111	138	361	321	363	
457	489	107	111	138	361	43	
457	489	107	111	138	361	
457	489	107	111	361	353	127	
457	489	107	111	361	481	
457	489	107	111	361	329	
457	489	107	111	361	449	43	
457	489	107	111	361	459	
457	489	107	111	361	75	14	15	11	
457	489	107	111	361	75	15	
457	489	107	111	361	75	15	235	203	41	
457	489	107	111	361	15	73	
457	489	107	111	361	15	
457	489	107	361	15	456	43	
457	489	107	361	456	448	460	492	
457	107	361	456	392	115	458	459	
107	361	456	392	488	
107	361	456	392	488	105	235	
107	361	456	392	457	472	
107	361	456	392	424	394	
107	361	456	392	43	
107	456	392	
107	456	392	394	328	
107	456	392	393	
107	456	392	
107	456	392	106	
107	456	392	
107	456	392	
107	456	392	
107	456	111	
107	456	
107	456	
107	456	
107	456	
107	456	
107	456	
107	456	105	
107	456	
107	456	460	
107	456	458	
107	456	
107	456	472	
107	456	392	
107	456	392	393	
107	456	75	
107	456	
107	456	472	
107	456	
107	456	448	
107	456	
107	456	
107	456	111	
107	456	
107	456	75	105	
107	456	
107	456	59	27	
107	456	
107	456	488	
107	456	488	
107	456	106	
107	456	
107	456	
107	456	392	384	
107	456	
107	456	
107	456	392	
107	456	
107	456	
107	456	
107	456	
107	456	
107	456	
107	456	488	448	
107	456	
107	456	448	
107	456	74	
107	456	
107	456	
107	456	111	47	
107	456	
107	456	
107	456	
107	456	
107	456	392	
107	456	488	
107	456	
107	456	
107	456	
107	456	
107	456	99	
107	456	
107	456	392	123	
107	456	
107	456	
107	456	457	
107	456	
107	456	
107	456	99	123	
107	456	75	
107	456	392	105	
107	456	106	
107	456	75	
107	456	
107	456	111	
107	456	
107	456	
107	456	
107	456	
107	456	
107	456	488	
107	456	
107	456	
107	456	
107	456	
107	456	75	
107	456	
107	456	460	458	
107	456	
107	456	
107	456	
107	456	
107	456	
107	456	111	
107	456	
107	456	
107	456	123	
107	456	
107	456	392	
107	456	
107	456	
107	456	
107	456	
107	456	
107	456	
107	456	
107	456	
107	456	392	105	
107	456	
107	456	111	
107	456	
107	456	488	
107	456	105	
107	456	75	43	
107	456	
107	456	
107	456	472	
107	456	43	123	
107	456	457	
107	456	
107	456	
107	456	
107	456	99	
107	456	457	472	
107	456	
107	456	328	123	
107	456	
107	456	
107	456	448	
107	456	98	226	
107	456	424	392	
107	456	
107	456	105	
107	456	
107	456	75	
107	456	
107	456	43	
107	456	43	123	
107	456	
107	456	
107	456	
107	456	106	
107	456	
107	456	
107	456	
107	456	
107	456	
107	456	
107	456	
107	456	106	
107	456	392	
107	456	392	
107	456	
107	456	
107	456	
107	456	472	
107	456	
107	456	457	
107	456	123	
107	456	
107	456	75	
107	456	392	
107	456	
107	456	408	
107	456	472	
107	456	
107	456	106	
107	456	
107	456	392	328	
107	456	
107	456	392	
107	456	99	
107	456	
107	456	106	
107	456	
107	456	
107	456	
107	456	
107	456	99	
107	456	
107	456	
107	456	67	99	
107	456	123	
107	456	
107	456	
107	456	99	
107	456	
107	456	458	
107	456	488	
107	456	472	392	
107	456	
107	456	
107	456	43	
107	456	
107	456	
107	456	
107	456	
107	456	488	
107	456	43	472	
107	456	
107	456	
107	456	
107	456	392	235	
107	456	99	
107	456	
107	456	
107	456	
107	456	106	
107	456	
107	456	
107	456	
107	456	
107	456	
107	456	
107	456	488	
107	456	
107	456	
107	456	
107	456	
107	456	
107	456	105	
107	456	
107	456	
107	456	
107	456	
107	456	123	
107	456	235	
107	456	
107	456	
107	456	
107	456	106	123	
107	456	43	
107	456	
107	456	
107	456	
107	456	235	
107	456	106	
107	456	
107	456	
107	456	
107	456	105	
107	456	
107	456	
107	456	
107	456	
107	456	123	
107	456	392	
107	456	
107	456	424	457	
107	456	
107	456	106	
107	456	392	
107	456	472	458	
107	456	392	
107	456	
107	456	106	
107	456	
107	456	
107	456	
107	456	
107	456	392	
107	456	
107	456	
107	456	448	
107	456	488	448	
107	456	
107	456	235	
107	456	235	
107	456	
107	456	
107	456	
107	456	
107	456	488	448	
107	456	457	
107	456	328	43	
107	456	448	
107	456	
107	456	
107	456	
107	456	99	
107	456	472	
107	456	
107	456	472	
107	456	99	
107	456	
107	456	
107	456	
107	456	
107	456	
107	456	
107	456	
107	456	
107	456	
107	456	448	
107	456	
107	456	
107	456	
107	456	448	
107	456	
107	456	99	235	
107	456	458	460	
107	456	
107	456	
107	456	
107	456	
107	456	75	
107	456	
107	456	
107	456	472	
107	456	
107	456	
107	456	
107	456	458	
107	456	
107	456	123	
107	456	488	
107	456	
107	456	
107	456	
107	456	59	448	
107	456	59	57	
107	456	59	
107	456	59	51	
107	456	59	43	
107	456	59	99	
107	456	59	63	
107	456	59	
107	456	59	
107	456	59	
107	456	59	75	472	
107	456	59	
107	456	59	
107	456	59	392	424	
107	456	59	392	121	
107	456	59	
107	456	59	457	
107	456	59	235	
107	456	59	
107	456	59	
107	456	59	460	
107	456	59	392	
107	456	59	386	392	460	450	332	451	
107	456	59	386	58	63	
107	456	59	386	394	450	
107	456	59	386	
107	456	59	386	394	
107	456	59	386	457	387	51	
107	456	59	386	
107	456	59	386	75	
107	456	59	386	472	
107	456	59	386	
107	456	59	386	392	
107	456	386	235	
107	456	386	392	75	
107	456	392	
107	456	488	
107	456	106	
107	456	
107	456	
107	456	235	
107	456	
107	456	
107	456	
107	456	
107	456	457	
107	456	
107	456	
107	456	
107	456	
107	456	
107	456	448	43	
107	456	448	
107	456	99	
107	456	
107	456	
107	456	
107	456	
107	456	
107	456	
107	456	111	
107	456	111	
107	456	
107	456	
107	456	123	
107	456	
107	456	59	63	
107	456	392	
107	456	458	
107	456	
107	456	
107	456	
107	456	
107	456	
107	456	
107	456	
107	456	392	
107	456	
107	456	235	
107	456	392	
107	456	235	
107	456	106	
107	456	
107	456	
107	456	
107	456	
107	456	457	
107	456	
107	456	
107	456	
107	456	
107	456	
107	456	
107	456	
107	456	
107	456	235	328	
107	456	
107	456	
107	456	
107	456	
107	456	457	
107	456	
107	456	
107	456	
107	456	111	
107	456	235	
107	456	
107	456	472	
107	456	
107	456	
107	456	
107	456	
107	456	
107	456	
107	456	
107	456	
107	456	
107	456	457	
107	456	
107	456	75	
107	456	
107	456	111	
107	456	
107	456	
107	456	235	
107	456	111	105	
107	456	
107	456	392	472	
107	456	392	
107	456	99	
107	456	
107	456	
107	456	
107	456	
107	456	99	103	
107	456	
107	456	
107	456	
107	456	
107	456	
107	456	472	
107	456	106	
107	456	328	
107	456	111	
107	456	
107	456	
107	456	235	
107	456	
107	456	
107	456	
107	456	
107	456	
107	456	96	
107	456	
107	456	
107	456	
107	456	
107	456	392	
107	456	392	488	
107	456	
107	456	106	111	
107	456	
107	456	
107	456	75	
107	456	
107	456	
107	456	
107	456	
107	456	
107	456	
107	456	472	
107	456	
107	456	
107	456	
107	456	75	
107	456	
107	456	472	
107	456	392	
107	456	
107	456	
107	456	392	
107	456	
107	456	392	
107	456	
107	456	
107	456	
107	456	392	
107	456	
107	456	
107	456	
107	456	
107	456	
107	456	
107	456	75	
107	456	
107	456	
107	456	
107	456	99	457	
107	456	75	43	
107	456	
107	456	
107	456	
107	456	
107	456	457	
107	456	
107	456	392	448	
107	456	
107	456	
107	456	79	75	
107	456	235	
107	456	
107	456	
107	456	
107	456	
107	456	
107	456	
107	456	457	
107	456	
107	456	
107	456	488	
107	456	
107	456	
107	456	43	123	
107	456	392	
107	456	
107	456	75	
107	456	
107	456	
107	456	
107	456	
107	456	392	
107	456	235	
107	456	
107	456	
107	456	
107	456	
107	456	
107	456	458	
107	456	123	328	488	
107	456	123	
107	456	105	
107	456	
107	456	
107	456	
107	456	
107	456	235	
107	456	
107	456	
107	456	
107	456	460	332	75	
107	456	
107	456	
107	456	
107	456	472	
107	456	392	488	360	448	
107	456	99	
107	456	392	424	
107	456	392	43	
107	456	
107	456	43	
107	456	
107	456	472	
107	456	
107	456	
107	456	43	
107	456	
107	456	105	
107	456	
107	456	111	
107	456	
107	456	
107	456	99	472	
107	456	
107	456	472	
107	456	
107	456	
107	456	235	
107	456	328	
107	456	
107	456	
107	456	
107	456	
107	456	
107	456	392	99	
107	456	235	
107	456	75	
107	456	
107	456	460	
107	456	392	
107	456	
107	456	
107	456	99	
107	456	392	
107	456	457	
107	456	
107	456	
107	456	
107	456	
107	456	460	
107	456	
107	456	
107	456	106	
107	456	
107	456	
107	456	460	
107	456	235	
107	456	
107	456	
107	456	
107	456	
107	456	392	
107	456	
107	456	
107	456	
107	456	
107	456	123	
107	456	392	
107	456	457	329	
107	456	488	
107	456	
107	456	
107	456	448	460	
107	456	
107	456	
107	456	
107	456	
107	456	106	
107	456	105	
107	456	490	43	
107	456	
107	456	
107	456	448	
107	456	111	
107	456	
107	456	460	
107	456	
107	456	
107	456	
107	456	
107	456	
107	456	
107	456	392	460	
107	456	460	
107	456	75	460	
107	456	
107	456	
107	456	111	
107	456	
107	456	111	
107	456	448	
107	456	
107	456	488	
107	456	106	449	
107	456	
107	456	
107	456	106	
107	456	458	
107	456	392	
107	456	
107	456	448	328	
107	456	
107	456	
107	456	
107	456	
107	456	
107	456	
107	456	
107	456	
107	456	392	
107	456	
107	456	
107	456	
107	456	392	408	
107	456	
107	456	328	
107	456	
107	456	
107	456	59	
107	456	
107	456	
107	456	99	
107	456	
107	456	
107	456	
107	456	392	472	
107	456	
107	456	458	
107	456	122	
107	456	458	235	
107	456	
107	456	
107	456	
107	456	
107	456	
107	456	
107	456	106	
107	456	59	123	
107	456	59	
107	456	59	235	
107	456	59	
107	456	59	457	
107	456	59	392	
107	456	59	393	
107	456	59	
107	456	59	58	43	
107	456	59	
107	456	59	
107	456	59	
107	456	59	
107	456	59	
107	456	59	
107	456	59	
107	456	59	460	123	
107	456	59	
107	456	59	
107	456	59	123	
107	456	59	488	155	43	
107	456	59	27	
107	456	59	328	
107	456	59	448	
107	456	99	
107	456	
107	456	
107	456	328	
107	456	
107	456	392	
107	456	472	457	
107	456	
107	456	
107	456	460	
107	456	105	
107	456	472	
107	456	392	
107	456	99	
107	456	472	75	
107	456	75	
107	456	
107	456	106	
107	456	
107	456	
107	456	
107	456	
107	456	106	
107	456	
107	456	328	
107	456	
107	456	
107	456	123	105	
107	456	
107	456	
107	456	392	75	235	
107	456	
107	456	392	
107	456	
107	456	
107	456	
107	456	
107	456	
107	456	
107	456	392	
107	456	235	328	
107	456	392	393	
107	456	328	488	
107	456	
107	456	
107	456	
107	456	457	
107	456	460	
107	456	
107	456	
107	456	458	
107	456	
107	456	
107	456	99	235	
107	456	
107	456	
107	456	235	
107	456	
107	456	111	
107	456	
107	456	448	
107	456	
107	456	392	
107	456	105	
107	456	
107	456	448	
107	456	
107	456	
107	456	
107	456	
107	456	488	
107	456	
107	456	
107	456	392	
107	456	
107	456	488	457	
107	456	123	457	
107	456	
107	456	264	
107	456	
107	456	
107	456	
107	456	
107	456	111	
107	456	
107	456	
107	456	
107	456	488	
107	456	122	123	
107	456	
107	456	328	
107	456	
107	456	
107	456	
107	456	
107	456	488	489	
107	456	99	
107	456	
107	456	
107	456	
107	456	
107	456	
107	456	235	
107	456	
107	456	392	
107	456	99	111	
107	456	
107	456	
107	456	
107	456	
107	456	392	
107	456	
107	456	
107	456	
107	456	
107	456	106	
107	456	
107	456	
107	456	
107	456	
107	456	
107	456	
107	456	106	
107	456	
107	456	
107	456	392	
107	456	
107	456	75	
107	456	460	
107	456	448	235	
107	456	
107	456	460	
107	456	472	
107	456	
107	456	328	
107	456	
107	456	75	
107	456	
107	456	111	
107	456	488	
107	456	
107	456	
107	456	
107	456	488	489	
107	456	105	
107	456	106	
107	456	235	458	
107	456	
107	456	
107	456	392	
107	456	
107	456	
107	456	
107	456	392	106	
107	456	448	
107	456	448	
107	456	
107	456	43	408	392	
107	456	392	
107	456	
107	456	
107	456	
107	456	460	
107	456	
107	456	488	
107	456	
107	456	392	
107	456	472	
107	456	
107	456	
107	456	
107	456	
107	456	392	
107	456	
107	456	
107	456	
107	456	
107	456	
107	456	99	
107	456	99	
107	456	
107	456	
107	456	
107	456	106	
107	456	
107	456	448	
107	456	
107	456	106	
107	456	
107	456	
107	456	
107	456	235	
107	456	
107	456	
107	456	
107	456	
107	456	
107	456	
107	456	
107	456	
107	456	
107	456	
107	456	
107	456	463	460	334	
107	456	99	
107	456	
107	456	
107	456	
107	456	
107	456	392	
107	456	472	
107	456	
107	456	47	
107	456	
107	456	
107	456	
107	456	
107	456	111	
107	456	
107	456	488	
107	456	
107	456	43	488	
107	456	458	
107	456	
107	456	
107	456	
107	456	
107	456	235	
107	456	
107	456	392	460	
107	456	111	109	
107	456	473	
107	456	392	472	
107	456	458	
107	456	
107	456	
107	456	
107	456	
107	456	472	
107	456	
107	456	78	
107	456	
107	456	123	
107	456	111	
107	456	105	392	
107	456	
107	456	
107	456	
107	456	105	
107	456	105	
107	456	
107	456	
107	456	
107	456	43	
107	456	392	
107	456	460	448	
107	456	99	111	
107	456	448	
107	456	392	
107	456	123	
107	456	
107	456	
107	456	
107	456	
107	456	
107	456	105	
107	456	
107	456	448	106	
107	456	328	
107	456	460	
107	456	328	
107	456	
107	456	458	
107	456	
107	456	392	457	393	396	
107	456	
107	456	
107	456	
107	456	
107	456	
107	456	457	
107	456	235	
107	456	
107	456	392	448	
107	456	448	
107	456	488	
107	456	123	
107	456	
107	456	
107	456	
107	456	
107	456	
107	456	457	
107	456	
107	456	
107	456	
107	456	457	
107	456	
107	456	
107	456	
107	456	
107	456	
107	456	
107	456	
107	456	488	
107	456	111	
107	456	
107	456	
107	456	235	
107	456	
107	456	99	227	
107	456	99	
107	456	460	
107	456	392	
107	456	
107	456	457	
107	456	105	
107	456	488	
107	456	106	
107	456	
107	456	
107	456	43	
107	456	
107	456	111	
107	456	488	235	
107	456	
107	456	123	
107	456	457	
107	456	
107	456	
107	456	
107	456	460	
107	456	458	111	
107	456	392	111	
107	456	
107	456	457	
107	456	
107	456	392	472	
107	456	460	
107	456	
107	456	392	
107	456	
107	456	
107	456	344	472	123	
107	456	
107	456	392	
107	456	392	
107	456	
107	456	
107	456	
107	456	
107	456	75	
107	456	123	
107	456	111	
107	456	
107	456	
107	456	
107	456	
107	456	458	488	
107	456	460	
107	456	99	
107	456	
107	456	
107	456	
107	456	
107	456	
107	456	392	235	
107	456	235	
107	456	457	
107	456	
107	456	
107	456	
107	456	448	
107	456	
107	456	106	
107	456	
107	456	
107	456	328	
107	456	75	392	
107	456	
107	456	
107	456	
107	456	
107	456	106	
107	456	
107	456	
107	456	111	
107	456	392	
107	456	458	
107	456	488	
107	456	
107	456	
107	456	
107	456	
107	456	457	
107	456	
107	456	
107	456	
107	456	
107	456	
107	456	
107	456	
107	456	
107	456	
107	456	384	
107	456	
107	456	
107	456	
107	456	
107	456	
107	456	
107	456	
107	456	
107	456	
107	456	457	105	
107	456	460	
107	456	
107	456	
107	456	123	
107	456	43	488	
107	456	392	
107	456	
107	456	448	
107	456	
107	456	
107	456	457	111	
107	456	
107	456	
107	456	457	
107	456	
107	456	392	
107	456	
107	456	99	
107	456	457	448	
107	456	392	394	
107	456	
107	456	105	458	
107	456	458	392	
107	456	
107	456	
107	456	
107	456	
107	456	
107	456	
107	456	
107	456	
107	456	392	
107	456	
107	456	
107	456	
107	456	458	
107	456	105	
107	456	
107	456	
107	456	
107	456	99	
107	456	320	328	
107	456	
107	456	392	
107	456	
107	456	
107	456	
107	456	
107	456	
107	456	123	99	
107	456	99	
107	456	106	448	
107	456	
107	456	472	
107	456	392	394	386	
107	456	
107	456	392	
107	456	392	123	
107	456	99	75	
107	456	
107	456	
107	456	392	
107	456	
107	456	
107	456	106	105	
107	456	
107	456	235	
107	456	392	
107	456	
107	456	392	
107	456	488	
107	456	
107	456	
107	456	43	
107	456	392	
107	456	472	
107	456	75	472	
107	456	
107	456	43	
107	456	
107	456	99	
107	456	457	
107	456	392	99	
107	456	
107	456	
107	456	
107	456	123	
107	456	392	
107	456	
107	456	
107	456	
107	456	458	
107	456	
107	456	123	
107	456	
107	456	
107	456	105	458	
107	456	
107	456	
107	456	
107	456	
107	456	472	
107	456	
107	456	235	458	
107	456	
107	456	448	450	
107	456	
107	456	392	
107	456	
107	456	111	
107	456	
107	456	392	
107	456	
107	456	106	
107	456	
107	456	
107	456	460	
107	456	11	43	10	
107	456	
107	456	111	
107	456	234	
107	456	
107	456	
107	456	
107	456	105	
107	456	
107	456	
107	456	
107	456	59	
107	456	59	328	
107	456	59	123	
107	456	59	
107	456	59	63	
107	456	59	
107	456	59	
107	456	59	
107	456	59	
107	456	59	27	
107	456	59	
107	456	59	49	
107	456	59	
107	456	59	127	99	
107	456	59	99	
107	456	59	
107	456	59	235	
107	456	59	
107	456	59	
107	456	59	106	
107	456	59	
107	456	59	63	
107	456	59	123	
107	456	59	75	
107	456	59	111	
107	456	59	
107	456	59	
107	456	59	
107	456	59	
107	456	59	457	
107	456	59	488	
107	456	59	105	457	
107	456	59	47	448	
107	456	59	
107	456	59	
107	456	59	
107	456	59	328	
107	456	59	
107	456	59	
107	456	59	123	
107	456	59	
107	456	59	460	332	
107	456	59	459	463	58	462	
107	456	59	459	
107	456	59	459	
107	456	59	459	
107	456	59	459	
107	456	59	459	
107	456	59	459	43	
107	456	59	459	43	328	
59	459	43	475	463	
59	459	43	42	458	170	
59	459	43	
59	459	43	
59	459	43	
59	459	43	
59	459	43	42	170	
59	459	43	171	
59	459	43	58	
59	459	43	
59	459	43	
59	459	63	
59	459	
59	459	
59	459	58	
59	459	57	
59	459	
59	459	
59	459	
59	459	
59	459	
59	459	457	
59	459	
59	459	
59	459	
59	459	
59	459	
59	459	
59	459	
59	459	107	
59	459	
59	459	
59	459	57	63	
59	459	
59	459	43	
59	459	
59	459	
59	459	187	
59	459	
59	459	
59	459	
59	459	491	51	
59	459	43	51	
59	459	57	
59	459	51	
59	459	331	
59	459	
59	459	
59	459	
59	459	
59	459	
59	459	63	57	
59	459	
59	459	491	
59	459	
59	459	
59	459	61	
59	459	51	
59	459	49	
59	459	
59	459	
59	459	
59	459	43	
59	459	43	
59	459	
59	459	
59	459	457	
59	459	
59	459	
59	459	49	
59	459	
59	459	475	
59	459	395	
59	459	
59	459	331	
59	459	457	
59	459	
59	459	395	
59	459	
59	459	
59	459	
59	459	
59	459	
59	459	
59	459	
59	459	
59	459	43	171	457	
59	459	
59	459	
59	459	
59	459	451	
59	459	
59	459	
59	459	
59	459	491	
59	459	
59	459	
59	459	474	475	
59	459	57	
59	459	31	
59	459	395	
59	459	
59	459	51	
59	459	43	
59	459	123	
59	459	
59	459	458	
59	459	187	
59	459	
59	459	
59	459	57	
59	459	
59	459	
59	459	
59	459	
59	459	
59	459	
59	459	
59	459	43	
59	459	491	
59	459	
59	459	43	
59	459	
59	459	57	
59	459	
59	459	43	
59	459	
59	459	475	463	
59	459	
59	459	43	
59	459	43	
59	459	395	
59	459	
59	459	
59	459	
59	459	
59	459	
59	459	475	
59	459	
59	459	
59	459	63	
59	459	43	
59	459	63	
59	459	43	463	
59	459	
59	459	
59	459	
59	459	
59	459	
59	459	123	
59	459	
59	459	
59	459	
59	459	
59	459	
59	459	
59	459	
59	459	463	
59	459	
59	459	
59	459	331	
59	459	
59	459	43	
59	459	
59	459	57	58	25	
59	459	43	
59	459	43	
59	459	43	395	
59	459	43	491	51	
59	459	43	11	
59	459	43	
59	459	
59	459	
59	459	457	
59	459	
59	459	
59	459	
59	459	
59	459	
59	459	
59	459	
59	459	
59	459	
59	459	
59	459	
59	459	43	42	463	
59	459	43	
59	459	
59	459	57	25	
59	459	395	
59	459	451	
59	459	463	
59	459	
59	459	
59	459	
59	459	
59	459	457	
59	459	458	
59	459	331	
59	459	
59	459	451	
59	459	
59	459	
59	459	
59	459	27	
59	459	43	
59	459	
59	459	63	
59	459	
59	459	
59	459	
59	459	463	
59	459	43	
59	459	451	
59	459	43	
59	459	58	
59	459	57	458	
59	459	58	
59	459	
59	459	
59	459	
59	459	43	458	
59	459	43	
59	459	457	
59	459	
59	459	475	
59	459	
59	459	
59	459	
59	459	
59	459	
59	459	
59	459	
59	459	331	
59	459	451	
59	459	
59	459	51	457	
59	459	
59	459	457	
59	459	411	
59	459	
59	459	57	27	
59	459	
59	459	123	
59	459	
59	459	463	
59	459	
59	459	63	
59	459	63	
59	459	
59	459	
59	459	57	
59	459	58	
59	459	
59	459	57	395	457	458	
59	459	
59	459	
59	459	491	
59	459	458	43	
59	459	123	
59	459	
59	459	395	
59	459	331	
59	459	451	
59	459	
59	459	
59	459	395	
59	459	43	27	
59	459	43	458	107	
59	459	451	
59	459	187	
59	459	
59	459	
59	459	331	
59	459	451	
59	459	463	
59	459	
59	459	
59	459	
59	459	
59	459	
59	459	
59	459	43	
59	459	491	
59	459	
59	459	
59	459	
59	459	
59	459	187	
59	459	
59	459	63	
59	459	
59	459	
59	459	
59	459	
59	459	
59	459	57	
59	459	
59	459	475	491	
59	459	
59	459	
59	459	
59	459	
59	459	43	
59	459	43	63	
59	459	43	
59	459	63	
59	459	57	121	451	
59	459	395	
59	459	
59	459	43	51	
59	459	43	
59	459	
59	459	331	458	491	
59	459	387	457	
59	459	
59	459	
59	459	475	
59	459	
59	459	
59	459	
59	459	
59	459	
59	459	475	
59	459	
59	459	43	
59	459	58	458	
59	459	463	
59	459	
59	459	
59	459	395	
59	459	
59	459	
59	459	
59	459	449	
59	459	
59	459	
59	459	
59	459	
59	459	
59	459	123	
59	459	
59	459	
59	459	
59	459	43	51	
59	459	43	
59	459	43	
59	459	43	491	
59	459	43	
59	459	43	
59	459	43	463	457	
59	459	43	
59	459	43	
59	459	43	
59	459	43	
59	459	43	
59	459	
59	459	
59	459	
59	459	
59	459	123	
59	459	451	
59	459	
59	459	27	
59	459	
59	459	
59	459	463	
59	459	63	
59	459	43	
59	459	
59	459	395	479	
59	459	
59	459	475	
59	459	
59	459	57	
59	459	43	27	
59	459	43	
59	459	43	57	
59	459	
59	459	27	
59	459	
59	459	
59	459	
59	459	
59	459	395	
59	459	27	
59	459	458	
59	459	
59	459	43	63	
59	459	475	
59	459	
59	459	
59	459	
59	459	
59	459	57	
59	459	457	
59	459	123	
59	459	
59	459	27	
59	459	43	
59	459	
59	459	
59	459	
59	459	
59	459	
59	459	395	
59	459	
59	459	43	63	
59	459	331	458	
59	459	
59	459	57	
59	459	
59	459	
59	459	27	
59	459	
59	459	395	
59	459	
59	459	
59	459	121	
59	459	
59	459	
59	459	
59	459	58	
59	459	57	
59	459	
59	459	
59	459	457	
59	459	43	
59	459	123	
59	459	
59	459	
59	459	
59	459	
59	459	27	
59	459	43	
59	459	43	
59	459	43	
59	459	43	
59	459	43	
59	459	43	
59	459	
59	459	
59	459	
59	459	
59	459	
59	459	11	
59	459	123	
59	459	
59	459	
59	459	
59	459	
59	459	42	43	
59	459	
59	459	
59	459	395	
59	459	
59	459	58	451	
59	459	451	
59	459	
59	459	42	43	
59	459	
59	459	
59	459	43	57	
59	459	43	
59	459	
59	459	
59	459	331	
59	459	457	
59	459	
59	459	
59	459	
59	459	
59	459	
59	459	43	
59	459	
59	459	43	
59	459	63	187	
59	459	
59	459	
59	459	43	27	
59	459	
59	459	
59	459	43	
59	459	43	
59	459	62	57	
59	459	
59	459	
59	459	
59	459	463	
59	459	
59	459	43	27	
59	459	475	
59	459	57	121	
59	459	43	42	
59	459	155	
59	459	
59	459	43	
59	459	
59	459	
59	459	
59	459	458	
59	459	58	
59	459	
59	459	51	
59	459	57	
59	459	
59	459	
59	459	
59	459	
59	459	
59	459	
59	459	
59	459	27	
59	459	
59	459	458	
59	459	
59	459	57	451	49	
59	459	
59	459	
59	459	
59	459	
59	459	
59	459	
59	459	43	
59	459	491	
59	459	
59	459	475	
59	459	58	
59	459	43	47	63	
59	459	
59	459	
59	459	27	
59	459	43	
59	459	
59	459	
59	459	51	
59	459	
59	459	
59	459	43	
59	459	
59	459	
59	459	
59	459	457	
59	459	
59	459	
59	459	
59	459	463	
59	459	
59	459	491	
59	459	187	
59	459	27	
59	459	
59	459	
59	459	331	
59	459	
59	459	
59	459	43	451	
59	459	43	
59	459	458	
59	459	
59	459	
59	459	
59	459	
59	459	395	
59	459	187	63	
59	459	491	
59	459	43	
59	459	
59	459	
59	459	
59	459	
59	459	
59	459	
59	459	
59	459	
59	459	
59	459	43	457	
59	459	43	
59	459	43	
59	459	
59	459	58	
59	459	
59	459	
59	459	
59	459	43	
59	459	
59	459	395	
59	459	
59	459	463	
59	459	474	
59	459	58	
59	459	57	451	
59	459	58	
59	459	43	11	475	47	
59	459	43	27	
59	459	43	463	
59	459	
59	459	
59	459	
59	459	475	
59	459	
59	459	
59	459	458	
59	459	
59	459	475	
59	459	
59	459	463	
59	459	58	
59	459	
59	459	
59	459	63	61	187	
59	459	
59	459	457	475	
59	459	57	43	457	
59	459	187	
59	459	43	
59	459	
59	459	43	
59	459	
59	459	
59	459	
59	459	43	475	
59	459	43	
59	459	
59	459	
59	459	
59	459	491	475	
59	459	
59	459	43	
59	459	43	
59	459	43	463	
59	459	43	63	
59	459	43	
59	459	491	
59	459	27	
59	459	458	
59	459	58	
59	459	43	170	42	
59	459	
59	459	43	
59	459	43	
59	459	
59	459	
59	459	
59	459	
59	459	63	
59	459	
59	459	451	
59	459	
59	459	
59	459	
59	459	395	
59	459	
59	459	
59	459	
59	459	43	107	
59	459	
59	459	51	
59	459	451	463	
59	459	43	
59	459	
59	459	
59	459	
59	459	
59	459	
59	459	57	395	
59	459	
59	459	57	
59	459	
59	459	
59	459	
59	459	
59	459	123	
59	459	51	
59	459	123	463	
59	459	
59	459	458	330	
59	459	
59	459	
59	459	57	43	171	
59	459	
59	459	427	
59	459	
59	459	
59	459	
59	459	57	
59	459	
59	459	457	27	
59	459	
59	459	
59	459	43	
59	459	331	
59	459	
59	459	
59	459	43	11	
59	459	
59	459	
59	459	463	
59	459	
59	459	
59	459	457	
59	459	
59	459	
59	459	
59	459	
59	459	
59	459	
59	459	
59	459	
59	459	
59	459	457	
59	459	
59	459	463	
59	459	57	
59	459	
59	459	27	
59	459	
59	459	43	58	475	
59	459	
59	459	
59	459	
59	459	43	35	
59	459	
59	459	463	
59	459	35	43	
59	459	
59	459	
59	459	
59	459	
59	459	
59	459	27	
59	459	
59	459	463	
59	459	
59	459	
59	459	43	395	
59	459	463	
59	459	
59	459	
59	459	
59	459	
59	459	457	27	
59	459	
59	459	
59	459	
59	459	27	
59	459	
59	459	395	
59	459	27	
59	459	463	399	
59	459	458	
59	459	27	
59	459	43	
59	459	475	
59	459	463	
59	459	463	
59	459	57	
59	459	
59	459	
59	459	
59	459	
59	459	43	
59	459	43	
59	459	
59	459	
59	459	123	
59	459	
59	459	
59	459	
59	459	
59	459	27	
59	459	
59	459	
59	459	395	43	
59	459	
59	459	
59	459	
59	459	
59	459	
59	459	57	
59	459	
59	459	
59	459	491	
59	459	
59	459	
59	459	331	
59	459	475	507	347	
59	459	43	
59	459	43	58	
59	459	
59	459	11	
59	459	463	
59	459	
59	459	
59	459	43	
59	459	57	27	
59	459	
59	459	457	
59	459	457	
59	459	
59	459	
59	459	
59	459	
59	459	
59	459	58	
59	459	
59	459	51	57	
59	459	27	43	
59	459	
59	459	491	
59	459	
59	459	475	
59	459	
59	459	43	
59	459	43	
59	459	43	427	
59	459	57	
59	459	43	395	
59	459	
59	459	
59	459	
59	459	
59	459	
59	459	
59	459	
59	459	27	
59	459	27	
59	459	
59	459	27	
59	459	43	395	
59	459	
59	459	
59	459	187	
59	459	
59	459	43	
59	459	
59	459	
59	459	43	11	
59	459	43	
59	459	43	63	
59	459	
59	459	43	
59	459	
59	459	
59	459	43	
59	459	
59	459	
59	459	
59	459	27	
59	459	331	
59	459	331	
59	459	
59	459	27	
59	459	
59	459	187	
59	459	
59	459	
59	459	
59	459	43	
59	459	
59	459	
59	459	123	
59	459	57	
59	459	
59	459	43	
59	459	
59	459	
59	459	
59	459	51	
59	459	458	
59	459	
59	459	
59	459	
59	459	
59	459	
59	459	
59	459	
59	459	43	47	
59	459	
59	459	475	
59	459	
59	459	
59	459	
59	459	
59	459	475	
59	459	57	41	
59	459	458	187	191	330	
59	459	395	
59	459	
59	459	
59	459	
59	459	
59	459	
59	459	
59	459	
59	459	
59	459	
59	459	27	
59	459	57	
59	459	57	58	
59	459	43	
59	459	43	58	463	
59	459	
59	459	
59	459	58	
59	459	
59	459	
59	459	
59	459	331	
59	459	
59	459	57	
59	459	
59	459	457	
59	459	
59	459	58	
59	459	
59	459	
59	459	57	
59	459	463	
59	459	43	
59	459	463	491	
59	459	
59	459	475	
59	459	457	
59	459	
59	459	43	63	
59	459	450	
59	459	451	
59	459	43	
59	459	
59	459	51	
59	459	
59	459	
59	459	
59	459	
59	459	
59	459	
59	459	
59	459	
59	459	58	123	
59	459	
59	459	43	457	
59	459	43	
59	459	475	
59	459	458	
59	459	
59	459	43	
59	459	463	
59	459	
59	459	
59	459	43	
59	459	43	
59	459	43	
59	459	
59	459	27	
59	459	
59	459	451	
59	459	451	
59	459	
59	459	187	
59	459	
59	459	
59	459	43	
59	459	463	
59	459	187	43	
59	459	
59	459	27	63	
59	459	
59	459	
59	459	
59	459	395	458	
59	459	491	
59	459	43	
59	459	
59	459	
59	459	395	
59	459	
59	459	50	
59	459	187	
59	459	
59	459	457	43	
59	459	457	451	
59	459	
59	459	
59	459	
59	459	
59	459	
59	459	
59	459	43	451	41	47	
59	459	43	
59	459	
59	459	43	
59	459	62	335	
59	459	62	457	
59	459	62	
59	459	62	50	54	
59	459	62	
59	459	62	54	
59	459	62	43	457	
59	459	63	
59	459	43	
59	459	456	
59	459	57	
59	459	
59	459	43	
59	459	
59	459	43	
59	459	43	51	
59	459	43	57	
59	459	43	
59	459	
59	459	
59	459	27	
59	459	
59	459	
59	459	
59	459	
59	459	51	
59	459	
59	459	57	
59	459	63	
59	459	
59	459	
59	459	
59	459	43	
59	459	43	
59	459	
59	459	
59	459	43	11	
59	459	
59	459	
59	459	
59	459	
59	459	
59	459	
59	459	
59	459	
59	459	
59	459	
59	459	
59	459	
59	459	
59	459	
59	459	
59	459	
59	459	43	395	
59	459	
59	459	43	27	
59	459	43	47	
59	459	43	
59	459	
59	459	51	
59	459	
59	459	
59	459	
59	459	63	
59	459	43	57	
59	459	43	463	
59	459	
59	459	
59	459	123	58	
59	459	458	475	
59	459	
59	459	27	
59	459	475	63	
59	459	
59	459	
59	459	451	
59	459	
59	459	191	63	395	
59	459	411	187	
59	459	
59	459	
59	459	63	
59	459	
59	459	
59	459	
59	459	43	
59	459	475	457	
59	459	458	457	
59	459	
59	459	
59	459	
59	459	
59	459	451	
59	459	
59	459	43	463	
59	459	
59	459	
59	459	
59	459	43	
59	459	43	57	
59	459	43	121	
59	459	43	
59	459	43	
59	459	
59	459	
59	459	57	331	
59	459	
59	459	
59	459	43	
59	459	
59	459	58	
59	459	457	
59	459	43	
59	459	
59	459	43	475	
59	459	331	
59	459	123	57	
59	459	
59	459	
59	459	
59	459	
59	459	
59	459	457	
59	459	451	
59	459	
59	459	
59	459	
59	459	
59	459	43	57	
59	459	43	
59	459	51	57	
59	459	58	
59	459	
59	459	463	
59	459	43	
59	459	
59	459	41	43	
59	459	
59	459	27	
59	459	43	
59	459	43	
59	459	
59	459	
59	459	491	
59	459	
59	459	
59	459	
59	459	57	
59	459	
59	459	63	
59	459	123	
59	459	
59	459	
59	459	
59	459	
59	459	123	57	
59	459	
59	459	
59	459	
59	459	
59	459	395	
59	459	43	
59	459	43	63	
59	459	
59	459	123	
59	459	51	
59	459	63	
59	459	63	458	
59	459	
59	459	
59	459	
59	459	
59	459	
59	459	
59	459	457	
59	459	463	
59	459	
59	459	
59	459	451	63	
59	459	
59	459	27	
59	459	395	
59	459	
59	459	
59	459	
59	459	
59	459	
59	459	
59	459	451	
59	459	
59	459	
59	459	451	
59	459	43	
59	459	491	
59	459	187	
59	459	
59	459	
59	459	43	
59	459	
59	459	395	
59	459	
59	459	57	
59	459	395	
59	459	43	
59	459	331	
59	459	63	
59	459	
59	459	
59	459	57	
59	459	
59	459	
59	459	
59	459	457	491	
59	459	
59	459	323	
59	459	475	
59	459	
59	459	
59	459	475	
59	459	
59	459	
59	459	
59	459	
59	459	123	
59	459	43	
59	459	491	395	399	43	
59	459	
59	459	
59	459	57	
59	459	
59	459	
59	459	
59	459	
59	459	457	
59	459	
59	459	
59	459	43	47	
59	459	
59	459	463	
59	459	
59	459	
59	459	
59	459	
59	459	
59	459	
59	459	
59	459	43	
59	459	
59	459	43	
59	459	395	
59	459	457	
59	459	57	
59	459	
59	459	475	43	331	
59	459	458	
59	459	51	458	
59	459	
59	459	
59	459	475	57	43	491	
59	459	43	
59	459	411	
59	459	
59	459	
59	459	
59	459	458	
59	459	58	
59	459	
59	459	
59	459	
59	459	187	
59	459	
59	459	123	
59	459	43	
59	459	43	
59	459	43	63	123	
59	459	43	51	
59	459	
59	459	
59	459	43	
59	459	
59	459	43	
59	459	
59	459	43	
59	459	43	
59	459	43	
59	459	43	
59	459	51	43	47	123	
59	459	43	42	11	
59	459	
59	459	463	
59	459	463	
59	459	
59	459	
59	459	
59	459	
59	459	
59	459	
59	459	
59	459	57	
59	459	187	
59	459	
59	459	43	491	
59	459	395	
59	459	
59	459	458	
59	459	
59	459	
59	459	
59	459	
59	459	
59	459	
59	459	
59	459	
59	459	
59	459	
59	459	
59	459	
59	459	
59	459	
59	459	458	
59	459	
59	459	491	
59	459	57	
59	459	475	
59	459	457	57	
59	459	57	63	
59	459	
59	459	
59	459	
59	459	331	
59	459	
59	459	
59	459	
59	459	
59	459	43	
59	459	
59	459	123	58	
59	459	43	
59	459	43	58	
59	459	
59	459	57	
59	459	
59	459	43	
59	459	
59	459	
59	459	
59	459	457	
59	459	
59	459	
59	459	
59	459	475	
59	459	
59	459	
59	459	457	
59	459	
59	459	
59	459	51	
59	459	
59	459	395	
59	459	395	
59	459	51	
59	459	
59	459	57	
59	459	
59	459	51	
59	459	62	43	54	
59	459	62	43	
59	459	62	458	
59	459	62	
59	459	62	458	63	
59	459	62	43	463	
59	459	62	11	
59	459	62	
59	459	62	27	
59	459	62	63	
59	459	62	
59	459	62	
59	459	62	
59	459	62	
59	459	62	57	
59	459	62	
59	459	62	491	
59	459	62	43	
59	459	62	43	
59	459	62	43	
59	459	62	
59	459	62	
59	459	62	43	
59	459	62	46	
59	459	62	463	475	
59	459	62	
59	459	62	91	
59	459	62	
59	459	62	51	
59	459	62	
59	459	62	
59	459	62	
59	459	62	395	
59	459	62	
59	459	62	
59	459	62	58	
59	459	62	43	475	
59	459	62	
59	459	62	
59	459	62	
59	459	62	
59	459	62	
59	459	62	
59	459	62	57	123	
59	459	62	395	
59	459	62	63	
59	459	62	
59	459	62	
59	459	62	
59	459	62	190	51	57	
59	459	62	491	
59	459	
59	459	43	
59	459	43	
59	459	
59	459	
59	459	50	51	
59	459	331	
59	459	
59	459	
59	459	
59	459	399	
59	459	
59	459	
59	459	
59	459	27	
59	459	
59	459	
59	459	57	
59	459	
59	459	457	
59	459	
59	459	
59	459	58	
59	459	
59	459	123	
59	459	
59	459	
59	459	
59	459	43	
59	459	43	11	451	
59	459	
59	459	475	
59	459	
59	459	451	
59	459	
59	459	463	
59	459	
59	459	43	58	
59	459	57	
59	459	57	
59	459	
59	459	
59	459	451	
59	459	
59	459	27	
59	459	58	
59	459	
59	459	57	463	
59	459	
59	459	
59	459	
59	459	
59	459	43	458	
59	459	
59	459	43	
59	459	
59	459	43	
59	459	27	63	
59	459	475	
59	459	
59	459	
59	459	
59	459	
59	459	395	491	
59	459	58	
59	459	
59	459	
59	459	51	
59	459	
59	459	491	
59	459	
59	459	463	
59	459	43	475	
59	459	
59	459	
59	459	
59	459	43	42	27	171	
59	459	
59	459	395	
59	459	457	
59	459	43	
59	459	
59	459	
59	459	43	
59	459	
59	459	
59	459	
59	459	
59	459	
59	459	
59	459	331	
59	459	
59	459	
59	459	
59	459	427	
59	459	43	451	
59	459	
59	459	
59	459	
59	459	
59	459	57	
59	459	
59	459	491	
59	459	57	43	457	
59	459	43	
59	459	43	
59	459	331	58	
59	459	267	
59	459	63	
59	459	
59	459	
59	459	43	475	
59	459	43	
59	459	451	
59	459	
59	459	
59	459	
59	459	
59	459	395	187	
59	459	
59	459	27	
59	459	
59	459	
59	459	57	
59	459	57	
59	459	
59	459	
59	459	
59	459	458	451	
59	459	463	
59	459	463	
59	459	
59	459	
59	459	
59	459	491	
59	459	458	
59	459	
59	459	
59	459	
59	459	
59	459	
59	459	
59	459	27	
59	459	
59	459	
59	459	62	30	63	
59	459	62	
59	459	62	
59	459	62	171	163	
59	459	62	451	
59	459	62	491	475	
59	459	62	
59	459	62	
59	459	62	121	120	56	104	
59	459	62	
59	459	62	
59	459	62	43	
59	459	62	
59	459	62	
59	459	62	
59	459	331	
59	459	
59	459	51	
59	459	
59	459	43	
59	459	43	11	
59	459	
59	459	122	
59	459	
59	459	
59	459	
59	459	27	
59	459	463	
59	459	457	
59	459	457	463	458	
59	459	43	
59	459	
59	459	43	
59	459	
59	459	
59	459	
59	459	
59	459	
59	459	455	
59	459	57	
59	459	57	
59	459	
59	459	43	395	
59	459	
59	459	
59	459	123	
59	459	
59	459	43	
59	459	
59	459	
59	459	457	
59	459	
59	459	323	
59	459	57	
59	459	51	491	483	
59	459	58	
59	459	
59	459	
59	459	
59	459	43	475	
59	459	
59	459	
59	459	
59	459	43	57	458	
59	459	43	
59	459	
59	459	
59	459	
59	459	
59	459	43	
59	459	123	
59	459	43	
59	459	
59	459	457	
59	459	
59	459	
59	459	
59	459	331	475	
59	459	
59	459	57	
59	459	43	
59	459	463	
59	459	
59	459	
59	459	
59	459	
59	459	51	
59	459	
59	459	187	
59	459	57	
59	459	
59	459	
59	459	458	
59	459	
59	459	
59	459	
59	459	
59	459	41	
59	459	56	
59	459	57	
59	459	43	451	463	
59	459	
59	459	
59	459	
59	459	
59	459	
59	459	27	
59	459	
59	459	51	
59	459	
59	459	463	475	
59	459	63	
59	459	43	457	
59	459	491	
59	459	331	
59	459	43	491	
59	459	123	
59	459	
59	459	
59	459	57	
59	459	43	475	
59	459	
59	459	
59	459	
59	459	
59	459	457	
59	459	
59	459	451	
59	459	
59	459	
59	459	
59	459	57	
59	459	
59	459	43	57	
59	459	43	
59	459	43	
59	459	43	
59	459	
59	459	
59	459	
59	459	
59	459	
59	459	
59	459	
59	459	123	
59	459	
59	459	475	
59	459	
59	459	
59	459	
59	459	
59	459	43	58	
59	459	43	331	
59	459	395	
59	459	43	58	
59	459	43	491	
59	459	
59	459	
59	459	
59	459	
59	459	395	
59	459	475	
59	459	
59	459	
59	459	58	
59	459	457	
59	459	
59	459	121	
59	459	
59	459	57	
59	459	57	
59	459	
59	459	457	
59	459	
59	459	463	475	
59	459	
59	459	43	41	
59	459	
59	459	
59	459	43	
59	459	43	
59	459	43	
59	459	
59	459	
59	459	51	
59	459	
59	459	57	
59	459	123	
59	459	43	
59	459	43	123	
59	459	
59	459	
59	459	451	457	
59	459	395	
59	459	
59	459	27	395	187	
59	459	
59	459	
59	459	
59	459	43	47	
59	459	
59	459	
59	459	43	107	
59	459	
59	459	
59	459	
59	459	
59	459	
59	459	
59	459	
59	459	
59	459	
59	459	57	
59	459	43	
59	459	43	458	
59	459	63	
59	459	
59	459	
59	459	
59	459	457	
59	459	
59	459	
59	459	
59	459	
59	459	187	
59	459	
59	459	451	
59	459	
59	459	451	
59	459	
59	459	43	
59	459	395	
59	459	
59	459	50	
59	459	123	
59	459	63	
59	459	491	
59	459	
59	459	123	
59	459	
59	459	
59	459	463	57	
59	459	43	
59	459	
59	459	
59	459	
59	459	
59	459	43	58	42	
59	459	43	
59	459	43	
59	459	43	
59	459	43	
59	459	43	
59	459	43	331	187	
59	459	43	451	
59	459	43	
59	459	43	
59	459	43	
59	459	43	
59	459	
59	459	
59	459	
59	459	123	
59	459	
59	459	
59	459	394	
59	459	331	
59	459	
59	459	
59	459	
59	459	
59	459	
59	459	
59	459	463	58	
59	459	
59	459	491	
59	459	458	
59	459	
59	459	
59	459	
59	459	
59	459	
59	459	
59	459	187	
59	459	331	
59	459	43	11	475	
59	459	43	
59	459	43	
59	459	
59	459	187	
59	459	491	
59	459	491	
59	459	
59	459	
59	459	
59	459	51	
59	459	107	27	43	
59	459	
59	459	43	
59	459	43	
59	459	43	475	
59	459	43	331	
59	459	43	458	
59	459	43	171	
59	459	43	
59	459	
59	459	
59	459	
59	459	
59	459	
59	459	458	395	
59	459	186	
59	459	
59	459	
59	459	43	
59	459	57	
59	459	
59	459	43	11	
59	459	
59	459	
59	459	475	
59	459	123	
59	459	51	
59	459	
59	459	
59	459	
59	459	43	
59	459	
59	459	
59	459	
59	459	
59	459	43	
59	459	43	51	
59	459	
59	459	43	
59	459	
59	459	27	
59	459	57	
59	459	57	
59	459	
59	459	
59	459	
59	459	
59	459	43	451	
59	459	43	
59	459	123	
59	459	63	
59	459	
59	459	
59	459	43	331	
59	459	
59	459	
59	459	43	
59	459	463	455	
59	459	57	
59	459	
59	459	451	395	475	
59	459	
59	459	
59	459	57	463	
59	459	491	
59	459	
59	459	43	58	
59	459	463	
59	459	43	
59	459	57	
59	459	
59	459	
59	459	
59	459	
59	459	123	
59	459	
59	459	
59	459	
59	459	
59	459	395	
59	459	
59	459	
59	459	
59	459	451	
59	459	451	
59	459	43	
59	459	43	
59	459	451	43	
59	459	
59	459	51	
59	459	331	
59	459	58	
59	459	57	
59	459	57	473	49	187	
59	459	
59	459	
59	459	43	
59	459	
59	459	43	
59	459	475	
59	459	
59	459	
59	459	
59	459	
59	459	
59	459	458	
59	459	
59	459	
59	459	
59	459	
59	459	457	
59	459	457	458	
59	459	
59	459	
59	459	475	
59	459	57	
59	459	43	
59	459	27	
59	459	395	43	51	
59	459	
59	459	
59	459	
59	459	
59	459	
59	459	
59	459	43	
59	459	57	
59	459	43	
59	459	43	
59	459	43	
59	459	
59	459	458	
59	459	27	
59	459	
59	459	
59	459	43	
59	459	
59	459	27	491	
59	459	43	463	
59	459	58	
59	459	58	186	
59	459	179	
59	459	43	
59	459	491	
59	459	
59	459	
59	459	51	
59	459	27	43	
59	459	43	
59	459	
59	459	
59	459	
59	459	
59	459	51	63	
59	459	
59	459	43	27	
59	459	43	
59	459	475	251	
59	459	457	
59	459	58	
59	459	27	
59	459	
59	459	
59	459	43	11	139	
59	459	
59	459	
59	459	
59	459	
59	459	
59	459	123	
59	459	451	
59	459	
59	459	
59	459	
59	459	51	
59	459	43	
59	459	
59	459	
59	459	43	58	
59	459	
59	459	
59	459	
59	459	
59	459	58	
59	459	
59	459	
59	459	51	
59	459	
59	459	
59	459	
59	459	
59	459	
59	459	
59	459	
59	459	
59	459	
59	459	
59	459	
59	459	27	
59	459	
59	459	
59	459	27	
59	459	
59	459	
59	459	
59	459	43	
59	459	
59	459	331	
59	459	
59	459	
59	459	
59	459	
59	459	
59	459	
59	459	
59	459	
59	459	
59	459	
59	459	43	
59	459	
59	459	491	
59	459	
59	459	
59	459	
59	459	43	
59	459	331	63	457	
59	459	43	42	
59	459	
59	459	43	41	123	
59	459	
59	459	
59	459	
59	459	43	107	
59	459	58	
59	459	58	
59	459	58	51	
59	459	
59	459	57	
59	459	451	
59	459	491	
59	459	
59	459	
59	459	187	
59	459	
59	459	491	
59	459	
59	459	58	
59	459	
59	459	
59	459	115	27	
59	459	
59	459	43	
59	459	123	491	
59	459	
59	459	
59	459	
59	459	
59	459	
59	459	
59	459	
59	459	
59	459	
59	459	
59	459	
59	459	
59	459	451	
59	459	
59	459	
59	459	
59	459	62	
59	459	62	475	
59	459	62	
59	459	62	43	475	
59	459	
59	459	395	
59	459	
59	459	491	
59	459	475	
59	459	58	
59	459	
59	459	
59	459	
59	459	489	
59	459	43	107	
59	459	
59	459	
59	459	
59	459	51	331	
59	459	
59	459	
59	459	331	
59	459	458	
59	459	
59	459	
59	459	
59	459	
59	459	
59	459	
59	459	
59	459	
59	459	458	
59	459	
59	459	
59	459	
59	459	
59	459	
59	459	43	57	
59	459	43	47	
59	459	43	
59	459	43	331	
59	459	43	
59	459	
59	459	51	
59	459	
59	459	
59	459	
59	459	43	
59	459	43	57	
59	459	
59	459	
59	459	43	41	
59	459	58	
59	459	
59	459	
59	459	
59	459	
59	459	
59	459	
59	459	451	
59	459	58	
59	459	
59	459	
59	459	43	
59	459	187	57	
59	459	57	395	
59	459	
59	459	
59	459	
59	459	
59	459	
59	459	
59	459	
59	459	
59	459	
59	459	
59	459	43	
59	459	331	
59	459	331	
59	459	
59	459	
59	459	475	
59	459	58	
59	459	
59	459	
59	459	
59	459	51	
59	459	
59	459	331	
59	459	
59	459	
59	459	
59	459	
59	459	475	
59	459	
59	459	
59	459	
59	459	458	
59	459	
59	459	43	41	
59	459	
59	459	43	57	457	
59	459	43	27	395	
59	459	43	
59	459	43	63	
59	459	43	
59	459	43	
59	459	331	
59	459	57	
59	459	43	
59	459	
59	459	
59	459	57	
59	459	458	
59	459	
59	459	451	
59	459	43	
59	459	
59	459	
59	459	43	
59	459	123	
59	459	
59	459	57	
59	459	43	
59	459	
59	459	
59	459	
59	459	
59	459	123	
59	459	43	57	
59	459	63	
59	459	
59	459	35	
59	459	
59	459	
59	459	43	63	
59	459	
59	459	458	
59	459	43	
59	459	43	
59	459	27	
59	459	
59	459	
59	459	43	
59	459	43	
59	459	
59	459	
59	459	43	457	
59	459	43	
59	459	43	123	
59	459	57	457	63	
59	459	395	
59	459	
59	459	43	
59	459	27	
59	459	187	
59	459	123	
59	459	
59	459	
59	459	58	
59	459	43	
59	459	43	27	
59	459	
59	459	43	
59	459	43	58	35	
59	459	43	
59	459	57	27	
59	459	
59	459	
59	459	
59	459	
59	459	
59	459	
59	459	43	
59	459	
59	459	
59	459	
59	459	
59	459	
59	459	
59	459	
59	459	43	
59	459	491	
59	459	
59	459	57	
59	459	
59	459	331	123	
59	459	57	
59	459	451	
59	459	
59	459	
59	459	
59	459	
59	459	57	
59	459	120	43	51	
59	459	120	491	104	
59	459	120	
59	459	120	
59	459	120	
59	459	120	122	
59	459	120	
59	459	120	58	
59	459	120	
59	459	120	
59	459	120	463	122	457	
59	459	120	
59	459	120	63	
59	459	120	463	124	
59	459	120	
59	459	120	328	491	
59	459	120	
59	459	120	
59	459	120	451	457	
59	459	120	
59	459	120	395	124	
59	459	120	121	187	
59	459	120	457	
59	459	120	
59	459	120	
59	459	120	491	419	483	
59	459	120	491	331	363	489	
59	459	120	491	112	
59	459	120	491	419	482	
59	459	120	491	331	
59	459	120	491	331	495	
120	491	331	
120	491	88	
120	491	124	
120	491	
120	491	
120	491	
120	491	
120	491	427	56	
120	491	
120	491	124	121	104	
120	491	121	
120	491	
120	491	507	
120	491	121	
120	491	
120	491	
120	491	490	
120	491	
120	491	
120	491	
120	491	
120	491	
120	491	
120	491	248	
120	491	
120	491	451	
120	491	507	
120	491	112	
120	491	124	
120	491	490	
120	491	124	
120	491	
120	491	
120	491	
120	491	
120	491	
120	491	124	495	487	
120	491	
120	491	
120	491	
120	491	
120	491	88	
120	491	112	
120	491	363	56	
120	491	
120	491	
120	491	
120	491	
120	491	
120	491	
120	491	
120	491	
120	491	
120	491	489	
120	491	427	
120	491	495	
120	491	
120	491	
120	491	92	124	
120	491	122	124	
120	491	124	
120	491	
120	491	122	
120	491	
120	491	
120	491	
120	491	
120	491	216	248	
120	491	483	
120	491	
120	491	459	
120	491	
120	491	363	
120	491	
120	491	490	495	
120	491	363	
120	491	
120	491	
120	491	
120	491	355	
120	491	
120	491	
120	491	490	427	
120	491	427	
120	491	
120	491	489	
120	491	88	
120	491	363	
120	491	124	
120	491	
120	491	
120	491	124	490	
120	491	121	
120	491	490	
120	491	
120	491	56	
120	491	
120	491	490	
120	491	112	
120	491	495	
120	491	
120	491	
120	491	105	
120	491	
120	491	
120	491	
120	491	363	
120	491	248	
120	491	
120	491	
120	491	459	124	
120	491	
120	491	
120	491	
120	491	
120	491	483	
120	491	
120	491	124	
120	491	
120	491	
120	491	490	
120	491	363	
120	491	
120	491	
120	491	490	
120	491	
120	491	
120	491	
120	491	124	507	
120	491	
120	491	
120	491	
120	491	
120	491	
120	491	252	459	
120	491	88	
120	491	
120	491	
120	491	
120	491	
120	491	363	
120	491	
120	491	124	495	
120	491	
120	491	104	
120	491	
120	491	363	
120	491	124	
120	491	
120	491	
120	491	507	248	
120	491	124	483	
120	491	
120	491	
120	491	489	
120	491	
120	491	
120	491	
120	491	459	
120	491	
120	491	
120	491	
120	491	490	
120	491	121	
120	491	
120	491	362	459	
120	491	
120	491	363	
120	491	
120	491	483	
120	491	
120	491	
120	491	56	104	
120	491	
120	491	
120	491	121	
120	491	
120	491	124	116	112	
120	491	112	
120	491	507	
120	491	489	
120	491	483	
120	491	
120	491	
120	491	
120	491	
120	491	
120	491	124	
120	491	56	
120	491	
120	491	490	
120	491	
120	491	
120	491	124	
120	491	248	
120	491	
120	491	
120	491	490	
120	491	
120	491	
120	491	
120	491	
120	491	427	
120	491	
120	491	
120	491	88	
120	491	56	
120	491	507	
120	491	
120	491	56	
120	491	124	
120	491	122	490	
120	491	
120	491	495	
120	491	363	
120	491	
120	491	
120	491	
120	491	490	
120	491	
120	491	
120	491	
120	491	459	
120	491	124	
120	491	
120	491	122	112	
120	491	
120	491	
120	491	
120	491	
120	491	459	
120	491	96	
120	491	490	
120	491	483	
120	491	
120	491	
120	491	
120	491	56	
120	491	
120	491	
120	491	248	
120	491	72	
120	491	56	
120	491	
120	491	112	
120	491	459	
120	491	495	
120	491	121	
120	491	
120	491	
120	491	64	
120	491	
120	491	88	
120	491	
120	491	
120	491	
120	491	
120	491	
120	491	
120	491	104	495	
120	491	483	
120	491	
120	491	
120	491	248	507	
120	491	507	
120	491	112	
120	491	
120	491	459	
120	491	124	483	
120	491	
120	491	
120	491	490	362	
120	491	
120	491	244	
120	491	244	
120	491	
120	491	
120	491	
120	491	124	
120	491	
120	491	
120	491	
120	491	
120	491	
120	491	
120	491	
120	491	
120	491	
120	491	
120	491	489	
120	491	511	495	
120	491	104	
120	491	427	
120	491	
120	491	
120	491	
120	491	
120	491	495	121	
120	491	124	
120	491	
120	491	
120	491	427	
120	491	
120	491	495	
120	491	
120	491	489	104	
120	491	
120	491	
120	491	
120	491	
120	491	
120	491	
120	491	
120	491	
120	491	
120	491	
120	491	
120	491	
120	491	
120	491	
120	491	
120	491	121	
120	491	489	
120	491	
120	491	
120	491	112	
120	491	
120	491	
120	491	507	
120	491	
120	491	
120	491	
120	491	506	
120	491	
120	491	124	507	
120	491	
120	491	
120	491	
120	491	
120	491	507	
120	491	
120	491	
120	491	
120	491	122	
120	491	
120	491	
120	491	112	
120	491	112	
120	491	
120	491	363	
120	491	
120	491	104	
120	491	
120	491	
120	491	
120	491	363	
120	491	
120	491	
120	491	124	
120	491	
120	491	
120	491	363	
120	491	
120	491	
120	491	122	
120	491	
120	491	112	
120	491	459	
120	491	
120	491	
120	491	363	
120	491	
120	491	
120	491	483	
120	491	
120	491	
120	491	
120	491	
120	491	
120	491	
120	491	88	
120	491	88	
120	491	
120	491	
120	491	
120	491	124	483	
120	491	
120	491	
120	491	
120	491	104	
120	491	
120	491	
120	491	124	
120	491	
120	491	216	
120	491	
120	491	
120	491	
120	491	363	
120	491	
120	491	121	
120	491	489	
120	491	
120	491	121	
120	491	124	
120	491	248	
120	491	
120	491	
120	491	
120	491	
120	491	88	
120	491	
120	491	363	489	
120	491	
120	491	363	
120	491	
120	491	
120	491	
120	491	
120	491	124	
120	491	
120	491	458	
120	491	
120	491	
120	491	
120	491	
120	491	
120	491	
120	491	
120	491	
120	491	
120	491	
120	491	88	
120	491	489	
120	491	124	495	489	
120	491	
120	491	124	252	
120	491	
120	491	
120	491	
120	491	124	
120	491	124	
120	491	
120	491	124	
120	491	122	
120	491	
120	491	56	
120	491	363	88	
120	491	427	104	
120	491	124	
120	491	483	
120	491	
120	491	
120	491	
120	491	
120	491	
120	491	
120	491	490	124	
120	491	
120	491	
120	491	
120	491	56	
120	491	
120	491	
120	491	
120	491	
120	491	
120	491	124	
120	491	489	
120	491	427	
120	491	
120	491	489	124	
120	491	459	
120	491	
120	491	
120	491	
120	491	248	
120	491	124	252	
120	491	124	
120	491	
120	491	
120	491	104	489	
120	491	483	
120	491	489	
120	491	
120	491	
120	491	
120	491	
120	491	122	
120	491	483	
120	491	507	
120	491	490	
120	491	
120	491	124	
120	491	
120	491	
120	491	495	
120	491	
120	491	
120	491	
120	491	
120	491	
120	491	427	459	
120	491	
120	491	
120	491	
120	491	427	
120	491	88	
120	491	
120	491	495	
120	491	483	
120	491	
120	491	
120	491	459	
120	491	
120	491	489	
120	491	
120	491	
120	491	
120	491	
120	491	
120	491	56	
120	491	
120	491	
120	491	121	
120	491	
120	491	507	
120	491	
120	491	
120	491	
120	491	
120	491	
120	491	104	
120	491	
120	491	
120	491	
120	491	427	104	
120	491	507	
120	491	427	121	122	
120	491	495	
120	491	
120	491	
120	491	
120	491	
120	491	124	
120	491	
120	491	
120	491	
120	491	
120	491	
120	491	
120	491	112	
120	491	367	495	
120	491	
120	491	490	
120	491	112	
120	491	
120	491	
120	491	
120	491	
120	491	124	
120	491	
120	491	104	
120	491	
120	491	
120	491	490	
120	491	
120	491	248	124	
120	491	
120	491	248	
120	491	
120	491	507	124	125	
120	491	124	252	
120	491	248	
120	491	
120	491	
120	491	124	
120	491	88	
120	491	458	
120	491	121	104	
120	491	124	
120	491	483	
120	491	
120	491	
120	491	
120	491	
120	491	
120	491	
120	491	
120	491	
120	491	
120	491	
120	491	
120	491	
120	491	
120	491	88	
120	491	
120	491	361	363	
120	491	
120	491	
120	491	490	122	
120	491	104	
120	491	
120	491	88	121	
120	491	
120	491	511	431	
120	491	511	
120	491	459	
120	491	124	
120	491	124	
120	491	
120	491	248	
120	491	124	459	
120	491	490	
120	491	
120	491	
120	491	112	
120	491	363	
120	491	507	
120	491	
120	491	
120	491	104	
120	491	490	
120	491	
120	491	
120	491	124	
120	491	
120	491	
120	491	
120	491	
120	491	
120	491	
120	491	511	
120	491	
120	491	121	
120	491	507	490	
120	491	124	
120	491	104	
120	491	
120	491	
120	491	
120	491	483	
120	491	
120	491	
120	491	104	
120	491	363	
120	491	
120	491	427	
120	491	
120	491	
120	491	
120	491	507	
120	491	
120	491	
120	491	
120	491	
120	491	459	
120	491	
120	491	
120	491	124	88	
120	491	
120	491	
120	491	459	
120	491	490	
120	491	
120	491	
120	491	
120	491	
120	491	419	
120	491	121	
120	491	
120	491	
120	491	363	
120	491	
120	491	
120	491	
120	491	
120	491	
120	491	
120	491	507	
120	491	
120	491	
120	491	112	
120	491	124	
120	491	
120	491	363	
120	491	
120	491	
120	491	
120	491	
120	491	507	
120	491	
120	491	
120	491	
120	491	
120	491	
120	491	483	
120	491	490	104	
120	491	
120	491	
120	491	
120	491	
120	491	
120	491	
120	491	495	
120	491	124	92	
120	491	507	124	122	
