1	239	237	476
2	220	209	429
3	188	198	386
4	223	204	427
5	219	213	432
6	222	198	420
7	216	229	445
8	219	264	483
9	251	262	513
10	241	255	496
11	266	253	519
12	239	270	509
13	246	281	527
14	241	288	529
15	227	313	540
16	229	357	586
17	270	344	614
18	319	390	709
19	446	377	823
20	707	495	1202
21	842	773	1615
22	854	814	1668
23	861	831	1692
24	873	821	1694
25	888	821	1709
26	856	831	1687
27	844	787	1631
28	868	804	1672
29	853	793	1646
30	882	790	1672
31	847	811	1658
32	877	815	1692
33	886	769	1655
34	883	787	1670
35	872	801	1673
36	874	783	1657
37	892	764	1656
38	876	758	1634
39	908	774	1682
40	870	793	1663
41	874	786	1660
42	893	763	1656
43	885	796	1681
44	861	798	1659
45	868	769	1637
46	861	794	1655
47	874	778	1652
48	853	795	1648
49	886	789	1675
50	866	748	1614
51	882	802	1684
52	872	783	1655
53	874	782	1656
54	871	773	1644
55	872	798	1670
56	871	798	1669
57	904	795	1699
58	897	755	1652
59	879	779	1658
60	884	791	1675
61	863	790	1653
62	873	777	1650
63	880	788	1668
64	867	789	1656
65	880	756	1636
66	900	765	1665
67	885	770	1655
68	904	766	1670
69	888	785	1673
70	871	805	1676
71	880	774	1654
72	889	787	1676
73	861	799	1660
74	853	812	1665
75	894	787	1681
76	880	785	1665
77	864	785	1649
78	871	771	1642
79	893	799	1692
80	850	788	1638
81	866	773	1639
82	881	798	1679
83	864	783	1647
84	889	798	1687
85	884	789	1673
86	866	787	1653
87	869	770	1639
88	893	788	1681
89	872	770	1642
90	869	792	1661
91	882	803	1685
92	866	783	1649
93	876	801	1677
94	882	786	1668
95	874	789	1663
96	864	765	1629
97	866	779	1645
98	864	810	1674
99	884	777	1661
100	879	786	1665
101	860	781	1641
102	876	775	1651
103	867	803	1670
104	878	791	1669
105	868	800	1668
106	882	773	1655
107	886	795	1681
108	830	803	1633
109	884	781	1665
110	866	765	1631
111	850	778	1628
112	885	762	1647
113	884	770	1654
114	892	779	1671
115	904	775	1679
116	840	802	1642
117	866	787	1653
118	870	794	1664
119	879	781	1660
120	867	797	1664
121	883	781	1664
122	873	783	1656
123	867	776	1643
124	879	776	1655
125	879	783	1662
126	879	786	1665
127	856	768	1624
128	889	787	1676
129	885	798	1683
130	875	783	1658
131	867	803	1670
132	879	777	1656
133	861	785	1646
134	880	783	1663
135	882	777	1659
136	878	793	1671
137	884	761	1645
138	886	790	1676
139	886	800	1686
140	871	779	1650
141	867	784	1651
142	880	779	1659
143	861	803	1664
144	894	807	1701
145	880	794	1674
146	870	783	1653
147	869	773	1642
148	885	757	1642
149	858	781	1639
150	871	790	1661
151	866	792	1658
152	865	806	1671
153	854	788	1642
154	864	784	1648
155	889	786	1675
156	883	779	1662
157	882	776	1658
158	868	789	1657
159	898	782	1680
160	864	776	1640
161	860	793	1653
162	909	793	1702
163	873	778	1651
164	891	780	1671
165	873	788	1661
166	863	767	1630
167	884	806	1690
168	860	780	1640
169	871	750	1621
170	900	785	1685
171	858	772	1630
172	886	772	1658
173	867	785	1652
174	885	794	1679
175	873	779	1652
176	889	788	1677
177	881	792	1673
178	892	786	1678
179	903	788	1691
180	887	783	1670
181	879	800	1679
182	885	785	1670
183	900	821	1721
184	869	787	1656
185	884	781	1665
186	883	795	1678
187	903	801	1704
188	864	772	1636
189	871	801	1672
190	900	792	1692
191	871	804	1675
192	904	789	1693
193	886	776	1662
194	870	830	1700
195	874	772	1646
196	874	785	1659
197	854	790	1644
198	890	784	1674
199	876	776	1652
200	848	814	1662
201	886	798	1684
202	859	795	1654
203	848	802	1650
204	874	783	1657
205	877	807	1684
206	871	784	1655
207	886	776	1662
208	880	795	1675
209	870	812	1682
210	882	785	1667
211	854	778	1632
212	862	790	1652
213	894	766	1660
214	891	783	1674
215	881	777	1658
216	904	781	1685
217	884	801	1685
218	869	771	1640
219	879	784	1663
220	868	777	1645
221	867	810	1677
222	893	782	1675
223	879	784	1663
224	854	788	1642
225	868	799	1667
226	884	796	1680
227	872	787	1659
228	899	786	1685
229	879	771	1650
230	866	782	1648
231	864	785	1649
232	869	785	1654
233	896	790	1686
234	890	802	1692
235	877	780	1657
236	869	799	1668
237	882	797	1679
238	898	803	1701
239	869	782	1651
240	890	801	1691
241	883	782	1665
242	874	775	1649
243	867	793	1660
244	870	772	1642
245	879	787	1666
246	860	796	1656
247	870	790	1660
248	880	775	1655
249	889	773	1662
250	885	785	1670
251	867	800	1667
252	883	789	1672
253	871	790	1661
254	873	774	1647
255	868	782	1650
256	877	795	1672
257	891	789	1680
258	865	795	1660
259	864	777	1641
260	880	801	1681
261	879	767	1646
262	878	790	1668
263	859	771	1630
264	874	771	1645
265	893	797	1690
266	860	816	1676
267	859	782	1641
268	875	792	1667
269	879	781	1660
270	876	781	1657
271	884	789	1673
272	869	778	1647
273	907	779	1686
274	893	783	1676
275	867	765	1632
276	868	792	1660
277	864	801	1665
278	856	795	1651
279	857	811	1668
280	863	779	1642
281	898	784	1682
282	896	776	1672
283	884	762	1646
284	877	783	1660
285	854	795	1649
286	884	787	1671
287	890	789	1679
288	878	789	1667
289	869	763	1632
290	862	795	1657
291	879	776	1655
292	880	787	1667
293	879	797	1676
294	893	758	1651
295	860	783	1643
296	878	791	1669
297	869	800	1669
298	858	782	1640
299	870	794	1664
300	856	800	1656
301	876	771	1647
302	862	805	1667
303	876	800	1676
304	864	810	1674
305	896	776	1672
306	878	782	1660
307	896	771	1667
308	864	772	1636
309	861	792	1653
310	875	795	1670
311	886	764	1650
312	884	772	1656
313	905	780	1685
314	881	778	1659
315	882	763	1645
316	879	811	1690
317	862	789	1651
318	900	790	1690
319	872	791	1663
320	890	801	1691
321	887	770	1657
322	872	787	1659
323	897	769	1666
324	857	794	1651
325	877	799	1676
326	885	788	1673
327	880	777	1657
328	891	787	1678
329	883	779	1662
330	887	781	1668
331	897	758	1655
332	872	808	1680
333	886	768	1654
334	866	791	1657
335	881	791	1672
336	867	783	1650
337	883	788	1671
338	881	772	1653
339	871	800	1671
340	868	799	1667
341	887	774	1661
342	854	807	1661
343	853	774	1627
344	887	788	1675
345	888	763	1651
346	886	766	1652
347	875	777	1652
348	881	776	1657
349	883	774	1657
350	890	783	1673
351	873	775	1648
352	879	778	1657
353	882	781	1663
354	860	780	1640
355	871	787	1658
356	873	755	1628
357	875	792	1667
358	886	800	1686
359	876	783	1659
360	880	782	1662
361	880	804	1684
362	879	800	1679
363	906	807	1713
364	896	771	1667
365	862	765	1627
366	883	798	1681
367	883	776	1659
368	887	810	1697
369	869	801	1670
370	874	785	1659
371	877	763	1640
372	867	796	1663
373	873	790	1663
374	895	770	1665
375	877	794	1671
376	894	806	1700
377	885	801	1686
378	849	777	1626
379	885	768	1653
380	861	771	1632
381	884	803	1687
382	874	786	1660
383	884	773	1657
384	891	792	1683
385	896	813	1709
386	866	791	1657
387	875	772	1647
388	892	776	1668
389	893	776	1669
390	888	763	1651
391	888	768	1656
392	871	778	1649
393	859	790	1649
394	872	784	1656
395	880	782	1662
396	860	787	1647
397	869	795	1664
398	893	758	1651
399	895	787	1682
400	865	801	1666
401	882	771	1653
402	881	763	1644
403	896	794	1690
404	849	775	1624
405	861	796	1657
406	887	777	1664
407	854	775	1629
408	888	760	1648
409	866	762	1628
410	886	785	1671
411	878	759	1637
412	851	773	1624
413	899	755	1654
414	892	774	1666
415	890	802	1692
416	870	783	1653
417	885	788	1673
418	880	769	1649
419	880	766	1646
420	855	792	1647
421	886	783	1669
422	877	767	1644
423	898	799	1697
424	893	788	1681
425	866	761	1627
426	880	790	1670
427	886	769	1655
428	902	789	1691
429	870	776	1646
430	878	777	1655
431	888	785	1673
432	903	764	1667
433	866	784	1650
434	885	797	1682
435	876	784	1660
436	852	787	1639
437	875	796	1671
438	898	790	1688
439	867	786	1653
440	904	777	1681
441	886	793	1679
442	879	776	1655
443	863	785	1648
444	894	783	1677
445	866	773	1639
446	871	788	1659
447	867	781	1648
448	891	760	1651
449	885	775	1660
450	860	787	1647
451	880	822	1702
452	876	778	1654
453	866	783	1649
454	874	756	1630
455	876	790	1666
456	857	779	1636
457	906	771	1677
458	890	791	1681
459	889	773	1662
460	887	785	1672
461	866	809	1675
462	869	780	1649
463	889	778	1667
464	886	776	1662
465	849	793	1642
466	864	792	1656
467	878	787	1665
468	884	779	1663
469	883	757	1640
470	865	792	1657
471	854	786	1640
472	864	793	1657
473	874	776	1650
474	846	782	1628
475	856	790	1646
476	891	753	1644
477	878	812	1690
478	886	814	1700
479	883	769	1652
480	875	802	1677
481	885	786	1671
482	848	803	1651
483	874	784	1658
484	892	764	1656
485	896	773	1669
486	860	784	1644
487	868	783	1651
488	881	774	1655
489	884	806	1690
490	855	793	1648
491	879	805	1684
492	901	785	1686
493	868	786	1654
494	886	776	1662
495	872	778	1650
496	859	791	1650
497	879	794	1673
498	864	761	1625
499	890	758	1648
500	879	769	1648
501	898	798	1696
502	879	768	1647
503	887	781	1668
504	907	771	1678
505	867	796	1663
506	878	776	1654
507	881	791	1672
508	879	780	1659
509	859	786	1645
510	887	798	1685
511	875	787	1662
512	859	799	1658
513	888	793	1681
514	877	785	1662
515	905	801	1706
516	873	781	1654
517	869	771	1640
518	879	734	1613
519	868	804	1672
520	899	783	1682
521	866	779	1645
522	882	788	1670
523	879	786	1665
524	849	785	1634
525	892	807	1699
526	877	776	1653
527	891	767	1658
528	866	780	1646
529	870	790	1660
530	849	808	1657
531	892	769	1661
532	894	769	1663
533	871	777	1648
534	893	781	1674
535	881	791	1672
536	889	769	1658
537	896	791	1687
538	868	778	1646
539	894	787	1681
540	887	794	1681
541	893	806	1699
542	890	798	1688
543	871	772	1643
544	886	765	1651
545	884	778	1662
546	875	808	1683
547	869	787	1656
548	884	779	1663
549	886	766	1652
550	903	780	1683
551	866	758	1624
552	880	770	1650
553	893	768	1661
554	858	774	1632
555	862	812	1674
556	873	776	1649
557	863	794	1657
558	883	771	1654
559	879	783	1662
560	888	793	1681
561	895	794	1689
562	867	801	1668
563	894	745	1639
564	867	762	1629
565	854	769	1623
566	889	785	1674
567	878	777	1655
568	879	802	1681
569	891	792	1683
570	891	800	1691
571	880	797	1677
572	856	810	1666
573	875	795	1670
574	882	780	1662
575	862	802	1664
576	886	769	1655
577	873	799	1672
578	872	792	1664
579	880	806	1686
580	886	786	1672
581	870	781	1651
582	877	807	1684
583	888	804	1692
584	868	788	1656
585	884	803	1687
586	902	775	1677
587	872	778	1650
588	844	789	1633
589	873	775	1648
590	880	787	1667
591	888	791	1679
592	875	799	1674
593	889	790	1679
594	894	746	1640
595	876	796	1672
596	874	778	1652
597	878	791	1669
598	889	755	1644
599	884	785	1669
600	875	784	1659
601	863	801	1664
602	889	757	1646
603	860	785	1645
604	871	781	1652
605	873	801	1674
606	879	784	1663
607	898	773	1671
608	894	786	1680
609	888	797	1685
610	889	782	1671
611	880	795	1675
612	894	782	1676
613	866	793	1659
614	879	775	1654
615	871	809	1680
616	895	788	1683
617	871	805	1676
618	864	794	1658
619	886	774	1660
620	887	775	1662
621	851	782	1633
622	867	778	1645
623	872	789	1661
624	870	782	1652
625	888	823	1711
626	887	798	1685
627	884	773	1657
628	859	784	1643
629	877	789	1666
630	862	783	1645
631	862	794	1656
632	879	787	1666
633	872	788	1660
634	879	791	1670
635	890	778	1668
636	884	790	1674
637	875	773	1648
638	870	776	1646
639	883	778	1661
640	885	804	1689
641	890	749	1639
642	859	795	1654
643	873	788	1661
644	868	800	1668
645	866	785	1651
646	878	781	1659
647	870	818	1688
648	876	792	1668
649	867	807	1674
650	884	783	1667
651	879	785	1664
652	859	783	1642
653	862	778	1640
654	888	775	1663
655	857	793	1650
656	897	819	1716
657	864	748	1612
658	876	792	1668
659	879	782	1661
660	868	766	1634
661	872	777	1649
662	884	801	1685
663	870	790	1660
664	875	784	1659
665	868	793	1661
666	861	793	1654
667	860	770	1630
668	889	778	1667
669	847	795	1642
670	848	766	1614
671	870	758	1628
672	857	779	1636
673	879	777	1656
674	854	781	1635
675	875	774	1649
676	874	782	1656
677	898	786	1684
678	866	788	1654
679	910	786	1696
680	861	791	1652
681	867	800	1667
682	870	777	1647
683	876	777	1653
684	847	786	1633
685	891	784	1675
686	882	769	1651
687	890	784	1674
688	898	771	1669
689	896	770	1666
690	844	796	1640
691	871	771	1642
692	885	793	1678
693	876	792	1668
694	895	798	1693
695	873	779	1652
696	862	774	1636
697	874	778	1652
698	883	784	1667
699	873	799	1672
700	873	756	1629
701	861	804	1665
702	883	796	1679
703	871	763	1634
704	889	775	1664
705	883	789	1672
706	870	800	1670
707	892	763	1655
708	859	794	1653
709	893	771	1664
710	868	792	1660
711	890	799	1689
712	881	792	1673
713	855	795	1650
714	885	810	1695
715	870	771	1641
716	872	780	1652
717	891	777	1668
718	863	789	1652
719	882	780	1662
720	884	780	1664
721	861	797	1658
722	887	789	1676
723	876	780	1656
724	862	781	1643
725	904	792	1696
726	881	786	1667
727	863	794	1657
728	889	789	1678
729	882	774	1656
730	893	792	1685
731	864	774	1638
732	891	781	1672
733	883	770	1653
734	880	789	1669
735	875	777	1652
736	874	776	1650
737	876	778	1654
738	877	773	1650
739	856	802	1658
740	875	804	1679
741	864	796	1660
742	899	801	1700
743	864	794	1658
744	873	805	1678
745	881	779	1660
746	880	784	1664
747	883	778	1661
748	874	806	1680
749	887	783	1670
750	898	777	1675
751	875	800	1675
752	873	774	1647
753	886	762	1648
754	866	783	1649
755	874	802	1676
756	866	763	1629
757	886	782	1668
758	884	782	1666
759	869	763	1632
760	851	789	1640
761	862	789	1651
762	878	790	1668
763	855	779	1634
764	883	786	1669
765	871	756	1627
766	857	790	1647
767	857	765	1622
768	876	761	1637
769	876	793	1669
770	874	791	1665
771	872	779	1651
772	880	793	1673
773	885	783	1668
774	886	784	1670
775	889	770	1659
776	876	768	1644
777	889	780	1669
778	870	788	1658
779	879	782	1661
780	876	808	1684
781	877	792	1669
782	880	787	1667
783	887	785	1672
784	889	787	1676
785	892	812	1704
786	887	779	1666
787	879	774	1653
788	881	791	1672
789	864	780	1644
790	870	799	1669
791	876	796	1672
792	866	801	1667
793	884	790	1674
794	881	769	1650
795	876	801	1677
796	887	781	1668
797	875	780	1655
798	886	780	1666
799	887	794	1681
800	876	782	1658
801	870	805	1675
802	855	781	1636
803	897	760	1657
804	873	786	1659
805	887	807	1694
806	859	794	1653
807	882	743	1625
808	865	792	1657
809	881	804	1685
810	890	776	1666
811	869	811	1680
812	871	794	1665
813	874	798	1672
814	891	792	1683
815	873	775	1648
816	876	777	1653
817	874	764	1638
818	876	777	1653
819	878	779	1657
820	880	781	1661
821	863	795	1658
822	869	780	1649
823	888	792	1680
824	866	792	1658
825	870	780	1650
826	872	785	1657
827	896	802	1698
828	886	780	1666
829	870	769	1639
830	878	777	1655
831	871	774	1645
832	879	794	1673
833	873	787	1660
834	903	791	1694
835	878	788	1666
836	885	784	1669
837	865	801	1666
838	871	800	1671
839	853	799	1652
840	868	784	1652
841	863	788	1651
842	876	753	1629
843	887	774	1661
844	858	782	1640
845	866	759	1625
846	863	765	1628
847	869	793	1662
848	876	778	1654
849	889	821	1710
850	878	786	1664
851	875	786	1661
852	860	779	1639
853	882	761	1643
854	885	764	1649
855	876	791	1667
856	871	774	1645
857	871	785	1656
858	876	783	1659
859	878	751	1629
860	898	784	1682
861	894	780	1674
862	879	811	1690
863	887	767	1654
864	901	794	1695
865	872	776	1648
866	859	787	1646
867	860	759	1619
868	867	785	1652
869	863	785	1648
870	882	791	1673
871	869	807	1676
872	888	798	1686
873	873	793	1666
874	881	769	1650
875	873	789	1662
876	898	792	1690
877	869	761	1630
878	867	796	1663
879	884	782	1666
880	875	804	1679
881	890	786	1676
882	874	787	1661
883	839	795	1634
884	868	791	1659
885	895	780	1675
886	882	782	1664
887	900	789	1689
888	878	791	1669
889	891	757	1648
890	875	797	1672
891	881	774	1655
892	889	805	1694
893	869	795	1664
894	897	778	1675
895	889	789	1678
896	875	788	1663
897	875	782	1657
898	884	785	1669
899	861	816	1677
900	867	779	1646
901	865	774	1639
902	874	784	1658
903	871	778	1649
904	838	796	1634
905	869	786	1655
906	885	792	1677
907	867	780	1647
908	888	777	1665
909	883	780	1663
910	885	779	1664
911	859	785	1644
912	884	772	1656
913	871	777	1648
914	881	803	1684
915	859	802	1661
916	891	766	1657
917	844	810	1654
918	880	789	1669
919	873	795	1668
920	887	794	1681
921	877	796	1673
922	879	771	1650
923	877	812	1689
924	871	772	1643
925	896	797	1693
926	865	807	1672
927	880	765	1645
928	887	781	1668
929	880	801	1681
930	876	769	1645
931	870	770	1640
932	871	794	1665
933	870	784	1654
934	869	804	1673
935	861	772	1633
936	875	799	1674
937	873	778	1651
938	846	783	1629
939	883	754	1637
940	891	772	1663
941	874	789	1663
942	884	788	1672
943	886	774	1660
944	859	806	1665
945	885	800	1685
946	868	798	1666
947	870	789	1659
948	885	777	1662
949	885	788	1673
950	868	781	1649
951	895	794	1689
952	890	791	1681
953	881	815	1696
954	863	790	1653
955	865	796	1661
956	878	784	1662
957	877	780	1657
958	860	780	1640
959	886	799	1685
960	867	794	1661
961	865	871	1736
962	860	840	1700
963	864	837	1701
964	837	834	1671
965	842	841	1683
966	847	859	1706
967	838	894	1732
968	831	899	1730
969	848	916	1764
970	825	907	1732
971	835	890	1725
972	824	884	1708
973	808	893	1701
974	830	892	1722
975	815	881	1696
976	833	918	1751
977	802	879	1681
978	832	906	1738
979	826	892	1718
980	834	890	1724
981	827	859	1686
982	836	871	1707
983	839	866	1705
984	809	875	1684
985	815	865	1680
986	831	896	1727
987	841	888	1729
988	821	889	1710
989	824	883	1707
990	843	893	1736
991	831	889	1720
992	819	878	1697
993	839	905	1744
994	854	881	1735
995	818	877	1695
996	826	893	1719
997	835	876	1711
998	825	906	1731
999	846	907	1753
1000	843	888	1731
1001	818	897	1715
1002	847	881	1728
1003	823	888	1711
1004	833	888	1721
1005	834	884	1718
1006	859	879	1738
1007	836	874	1710
1008	836	881	1717
1009	841	888	1729
1010	839	906	1745
1011	840	871	1711
1012	828	891	1719
1013	828	903	1731
1014	830	877	1707
1015	823	889	1712
1016	820	906	1726
1017	817	902	1719
1018	836	891	1727
1019	835	894	1729
1020	831	916	1747
1021	802	900	1702
1022	832	874	1706
1023	803	867	1670
1024	837	877	1714
1025	853	884	1737
1026	811	885	1696
1027	827	893	1720
1028	851	875	1726
1029	827	900	1727
1030	832	882	1714
1031	815	882	1697
1032	820	888	1708
1033	852	861	1713
1034	852	896	1748
1035	836	886	1722
1036	838	871	1709
1037	856	859	1715
1038	830	903	1733
1039	840	889	1729
1040	827	905	1732
1041	858	887	1745
1042	851	879	1730
1043	845	891	1736
1044	844	903	1747
1045	840	893	1733
1046	841	891	1732
1047	816	887	1703
1048	849	891	1740
1049	840	883	1723
1050	811	867	1678
1051	826	884	1710
1052	820	888	1708
1053	823	853	1676
1054	828	874	1702
1055	834	877	1711
1056	827	871	1698
1057	823	901	1724
1058	827	900	1727
1059	826	883	1709
1060	817	887	1704
1061	829	874	1703
1062	822	854	1676
1063	830	909	1739
1064	837	885	1722
1065	846	887	1733
1066	836	891	1727
1067	833	875	1708
1068	835	890	1725
1069	829	899	1728
1070	842	877	1719
1071	840	890	1730
1072	818	865	1683
1073	839	877	1716
1074	839	876	1715
1075	814	914	1728
1076	843	894	1737
1077	826	896	1722
1078	831	902	1733
1079	813	885	1698
1080	819	873	1692
1081	795	899	1694
1082	842	888	1730
1083	835	902	1737
1084	810	882	1692
1085	832	896	1728
1086	830	900	1730
1087	845	902	1747
1088	843	900	1743
1089	862	898	1760
1090	830	886	1716
1091	837	901	1738
1092	850	880	1730
1093	838	919	1757
1094	852	873	1725
1095	836	905	1741
1096	838	896	1734
1097	850	878	1728
1098	807	885	1692
1099	801	896	1697
1100	840	881	1721
1101	832	898	1730
1102	817	887	1704
1103	825	890	1715
1104	834	896	1730
1105	820	902	1722
1106	822	873	1695
1107	851	884	1735
1108	829	871	1700
1109	839	885	1724
1110	843	876	1719
1111	841	894	1735
1112	824	892	1716
1113	815	895	1710
1114	832	865	1697
1115	839	861	1700
1116	829	873	1702
1117	847	901	1748
1118	821	873	1694
1119	830	877	1707
1120	834	900	1734
1121	825	900	1725
1122	822	886	1708
1123	828	884	1712
1124	831	863	1694
1125	839	906	1745
1126	826	900	1726
1127	844	878	1722
1128	827	876	1703
1129	825	875	1700
1130	818	911	1729
1131	828	883	1711
1132	830	881	1711
1133	830	876	1706
1134	850	882	1732
1135	843	878	1721
1136	824	863	1687
1137	837	881	1718
1138	843	881	1724
1139	836	865	1701
1140	837	874	1711
1141	825	883	1708
1142	815	878	1693
1143	838	879	1717
1144	841	888	1729
1145	821	889	1710
1146	817	896	1713
1147	844	869	1713
1148	824	893	1717
1149	818	871	1689
1150	840	872	1712
1151	836	890	1726
1152	830	885	1715
1153	839	877	1716
1154	847	868	1715
1155	850	873	1723
1156	812	883	1695
1157	821	869	1690
1158	812	891	1703
1159	808	863	1671
1160	839	895	1734
1161	841	892	1733
1162	834	889	1723
1163	805	904	1709
1164	847	919	1766
1165	826	876	1702
1166	836	907	1743
1167	856	894	1750
1168	856	884	1740
1169	835	906	1741
1170	836	901	1737
1171	833	861	1694
1172	814	912	1726
1173	823	867	1690
1174	827	893	1720
1175	797	898	1695
1176	821	877	1698
1177	812	886	1698
1178	823	889	1712
1179	844	898	1742
1180	842	921	1763
1181	825	911	1736
1182	846	890	1736
1183	820	888	1708
1184	847	903	1750
1185	843	885	1728
1186	834	905	1739
1187	835	889	1724
1188	831	880	1711
1189	809	900	1709
1190	843	863	1706
1191	824	902	1726
1192	831	877	1708
1193	826	894	1720
1194	833	865	1698
1195	810	886	1696
1196	835	881	1716
1197	838	909	1747
1198	821	890	1711
1199	838	907	1745
1200	833	890	1723
1201	834	877	1711
1202	854	878	1732
1203	822	900	1722
1204	836	876	1712
1205	818	888	1706
1206	826	900	1726
1207	829	892	1721
1208	845	878	1723
1209	853	901	1754
1210	838	879	1717
1211	841	871	1712
1212	830	864	1694
1213	832	870	1702
1214	845	873	1718
1215	815	881	1696
1216	842	903	1745
1217	831	892	1723
1218	807	878	1685
1219	843	887	1730
1220	814	893	1707
1221	824	886	1710
1222	831	877	1708
1223	848	907	1755
1224	843	877	1720
1225	845	887	1732
1226	822	892	1714
1227	822	873	1695
1228	832	880	1712
1229	832	895	1727
1230	833	899	1732
1231	837	889	1726
1232	827	882	1709
1233	829	891	1720
1234	839	862	1701
1235	853	904	1757
1236	822	876	1698
1237	830	880	1710
1238	835	889	1724
1239	850	886	1736
1240	812	889	1701
1241	840	886	1726
1242	831	857	1688
1243	828	881	1709
1244	838	895	1733
1245	833	864	1697
1246	825	880	1705
1247	860	889	1749
1248	826	886	1712
1249	842	903	1745
1250	826	872	1698
1251	824	890	1714
1252	836	893	1729
1253	834	877	1711
1254	815	888	1703
1255	840	878	1718
1256	824	869	1693
1257	811	872	1683
1258	822	901	1723
1259	816	905	1721
1260	830	876	1706
1261	788	874	1662
1262	841	876	1717
1263	836	880	1716
1264	838	878	1716
1265	808	880	1688
1266	846	899	1745
1267	834	883	1717
1268	832	872	1704
1269	837	883	1720
1270	820	881	1701
1271	836	874	1710
1272	839	888	1727
1273	828	887	1715
1274	843	887	1730
1275	828	879	1707
1276	810	883	1693
1277	825	907	1732
1278	825	864	1689
1279	857	874	1731
1280	822	888	1710
1281	823	881	1704
1282	841	877	1718
1283	826	858	1684
1284	852	877	1729
1285	819	876	1695
1286	832	886	1718
1287	861	898	1759
1288	826	885	1711
1289	843	891	1734
1290	823	897	1720
1291	839	874	1713
1292	826	890	1716
1293	846	883	1729
1294	827	910	1737
1295	843	870	1713
1296	872	888	1760
1297	832	897	1729
1298	809	870	1679
1299	818	880	1698
1300	830	881	1711
1301	828	909	1737
1302	828	883	1711
1303	827	901	1728
1304	815	890	1705
1305	849	891	1740
1306	849	867	1716
1307	827	895	1722
1308	830	882	1712
1309	821	883	1704
1310	836	911	1747
1311	863	900	1763
1312	832	869	1701
1313	834	874	1708
1314	829	891	1720
1315	823	894	1717
1316	839	895	1734
1317	837	898	1735
1318	825	900	1725
1319	829	870	1699
1320	829	888	1717
1321	820	880	1700
1322	838	898	1736
1323	842	870	1712
1324	832	895	1727
1325	820	898	1718
1326	836	891	1727
1327	837	897	1734
1328	861	872	1733
1329	822	878	1700
1330	821	883	1704
1331	831	898	1729
1332	814	873	1687
1333	811	898	1709
1334	825	891	1716
1335	820	883	1703
1336	832	879	1711
1337	847	894	1741
1338	858	868	1726
1339	837	872	1709
1340	835	869	1704
1341	823	877	1700
1342	832	912	1744
1343	829	880	1709
1344	838	884	1722
1345	825	900	1725
1346	831	908	1739
1347	840	870	1710
1348	824	889	1713
1349	828	875	1703
1350	834	874	1708
1351	838	911	1749
1352	836	881	1717
1353	831	902	1733
1354	820	880	1700
1355	870	895	1765
1356	853	883	1736
1357	804	895	1699
1358	846	886	1732
1359	818	919	1737
1360	848	871	1719
1361	831	885	1716
1362	830	916	1746
1363	844	887	1731
1364	848	879	1727
1365	821	896	1717
1366	841	887	1728
1367	861	887	1748
1368	843	876	1719
1369	819	893	1712
1370	817	903	1720
1371	861	897	1758
1372	824	885	1709
1373	846	903	1749
1374	813	892	1705
1375	824	875	1699
1376	854	894	1748
1377	817	877	1694
1378	838	891	1729
1379	824	880	1704
1380	827	873	1700
1381	833	893	1726
1382	844	895	1739
1383	833	903	1736
1384	833	874	1707
1385	830	873	1703
1386	842	874	1716
1387	842	901	1743
1388	816	868	1684
1389	843	899	1742
1390	829	877	1706
1391	832	884	1716
1392	844	874	1718
1393	855	888	1743
1394	831	887	1718
1395	836	887	1723
1396	844	901	1745
1397	855	905	1760
1398	826	898	1724
1399	858	872	1730
1400	851	901	1752
1401	829	870	1699
1402	852	880	1732
1403	854	879	1733
1404	829	891	1720
1405	828	918	1746
1406	845	867	1712
1407	822	895	1717
1408	832	896	1728
1409	833	894	1727
1410	839	869	1708
1411	801	883	1684
1412	824	880	1704
1413	847	883	1730
1414	831	892	1723
1415	819	870	1689
1416	829	867	1696
1417	826	891	1717
1418	818	877	1695
1419	825	867	1692
1420	811	899	1710
1421	834	881	1715
1422	852	880	1732
1423	851	857	1708
1424	850	890	1740
1425	841	889	1730
1426	834	888	1722
1427	816	869	1685
1428	811	883	1694
1429	815	880	1695
1430	833	883	1716
1431	817	870	1687
1432	832	890	1722
1433	833	901	1734
1434	827	881	1708
1435	833	880	1713
1436	823	892	1715
1437	839	878	1717
1438	824	902	1726
1439	850	888	1738
1440	835	902	1737
1441	825	890	1715
1442	841	874	1715
1443	815	866	1681
1444	797	895	1692
1445	751	875	1626
1446	705	890	1595
1447	756	891	1647
1448	765	886	1651
1449	749	905	1654
1450	679	898	1577
1451	647	882	1529
1452	619	888	1507
1453	584	893	1477
1454	618	893	1511
1455	615	894	1509
1456	582	898	1480
1457	544	861	1405
1458	566	885	1451
1459	522	905	1427
1460	484	922	1406
1461	571	787	1358
1462	620	522	1142
1463	637	425	1062
1464	678	355	1033
1465	723	352	1075
1466	651	374	1025
1467	565	367	932
1468	578	336	914
1469	497	378	875
1470	524	413	937
1471	469	397	866
1472	446	434	880
1473	399	466	865
1474	345	465	810
1475	335	474	809
1476	364	484	848
1477	359	453	812
1478	323	416	739
1479	277	378	655
1480	227	367	594
1481	190	374	564
1482	190	354	544
1483	276	351	627
1484	268	362	630
1485	277	387	664
1486	258	376	634
1487	279	376	655
1488	302	435	737
1489	377	452	829
1490	318	451	769
1491	226	418	644
1492	261	389	650
1493	324	305	629
1494	377	220	597
1495	393	248	641
1496	435	362	797
1497	499	441	940
1498	654	586	1240
1499	768	669	1437
1500	733	710	1443
1501	745	708	1453
1502	764	708	1472
1503	731	743	1474
1504	751	760	1511
1505	751	773	1524
1506	752	752	1504
1507	828	746	1574
1508	823	712	1535
1509	823	728	1551
1510	830	724	1554
1511	824	681	1505
1512	862	694	1556
1513	853	690	1543
1514	861	695	1556
1515	862	705	1567
1516	889	675	1564
1517	843	698	1541
1518	876	691	1567
1519	850	672	1522
1520	882	678	1560
1521	861	699	1560
1522	871	677	1548
1523	865	691	1556
1524	869	688	1557
1525	878	713	1591
1526	861	699	1560
1527	857	722	1579
1528	885	693	1578
1529	889	669	1558
1530	851	687	1538
1531	872	712	1584
1532	873	688	1561
1533	885	690	1575
1534	871	692	1563
1535	860	675	1535
1536	857	714	1571
1537	872	705	1577
1538	877	672	1549
1539	872	690	1562
1540	878	663	1541
1541	864	689	1553
1542	861	684	1545
1543	868	662	1530
1544	896	686	1582
1545	851	664	1515
1546	874	675	1549
1547	861	676	1537
1548	884	706	1590
1549	878	693	1571
1550	862	683	1545
1551	872	698	1570
1552	855	674	1529
1553	863	690	1553
1554	883	706	1589
1555	895	692	1587
1556	865	678	1543
1557	865	674	1539
1558	872	686	1558
1559	864	699	1563
1560	879	696	1575
1561	895	696	1591
1562	862	704	1566
1563	853	706	1559
1564	855	703	1558
1565	868	676	1544
1566	847	693	1540
1567	867	704	1571
1568	861	677	1538
1569	838	675	1513
1570	875	703	1578
1571	851	699	1550
1572	870	699	1569
1573	877	697	1574
1574	881	695	1576
1575	866	700	1566
1576	882	691	1573
1577	860	668	1528
1578	875	698	1573
1579	863	693	1556
1580	872	665	1537
1581	873	703	1576
1582	890	701	1591
1583	878	699	1577
1584	870	697	1567
1585	893	683	1576
1586	881	681	1562
1587	865	647	1512
1588	872	680	1552
1589	862	691	1553
1590	879	677	1556
1591	862	689	1551
1592	874	687	1561
1593	890	684	1574
1594	882	686	1568
1595	861	678	1539
1596	848	695	1543
1597	872	674	1546
1598	891	692	1583
1599	882	688	1570
1600	870	687	1557
1601	886	688	1574
1602	865	673	1538
1603	877	695	1572
1604	861	699	1560
1605	865	704	1569
1606	849	687	1536
1607	863	688	1551
1608	866	687	1553
1609	873	680	1553
1610	857	678	1535
1611	860	712	1572
1612	845	684	1529
1613	878	673	1551
1614	880	674	1554
1615	846	686	1532
1616	848	689	1537
1617	886	694	1580
1618	845	695	1540
1619	877	679	1556
1620	865	687	1552
1621	848	687	1535
1622	866	680	1546
1623	833	669	1502
1624	885	665	1550
1625	879	670	1549
1626	866	688	1554
1627	867	666	1533
1628	864	683	1547
1629	849	680	1529
1630	875	697	1572
1631	861	685	1546
1632	872	706	1578
1633	860	666	1526
1634	881	677	1558
1635	865	690	1555
1636	870	679	1549
1637	867	696	1563
1638	855	686	1541
1639	871	682	1553
1640	873	669	1542
1641	885	660	1545
1642	853	691	1544
1643	889	665	1554
1644	856	699	1555
1645	866	686	1552
1646	862	695	1557
1647	861	701	1562
1648	862	703	1565
1649	871	702	1573
1650	857	705	1562
1651	876	690	1566
1652	864	682	1546
1653	885	676	1561
1654	890	710	1600
1655	843	715	1558
1656	872	686	1558
1657	896	676	1572
1658	869	670	1539
1659	877	678	1555
1660	851	696	1547
1661	858	691	1549
1662	876	684	1560
1663	880	706	1586
1664	866	701	1567
1665	861	665	1526
1666	887	684	1571
1667	859	679	1538
1668	871	687	1558
1669	865	706	1571
1670	866	674	1540
1671	851	703	1554
1672	867	695	1562
1673	863	673	1536
1674	884	688	1572
1675	860	668	1528
1676	881	693	1574
1677	877	672	1549
1678	870	675	1545
1679	887	698	1585
1680	886	672	1558
1681	873	688	1561
1682	873	696	1569
1683	855	679	1534
1684	870	706	1576
1685	860	688	1548
1686	874	689	1563
1687	861	683	1544
1688	855	681	1536
1689	882	680	1562
1690	860	667	1527
1691	860	694	1554
1692	850	683	1533
1693	875	702	1577
1694	872	697	1569
1695	854	693	1547
1696	885	687	1572
1697	853	689	1542
1698	852	696	1548
1699	848	667	1515
1700	861	666	1527
1701	861	693	1554
1702	872	700	1572
1703	863	715	1578
1704	878	670	1548
1705	874	689	1563
1706	898	681	1579
1707	879	696	1575
1708	871	682	1553
1709	867	694	1561
1710	871	691	1562
1711	832	674	1506
1712	873	688	1561
1713	868	701	1569
1714	873	681	1554
1715	885	690	1575
1716	869	693	1562
1717	864	679	1543
1718	876	688	1564
1719	882	694	1576
1720	847	695	1542
1721	881	654	1535
1722	848	686	1534
1723	847	711	1558
1724	865	668	1533
1725	865	686	1551
1726	865	703	1568
1727	851	708	1559
1728	876	683	1559
1729	885	681	1566
1730	854	697	1551
1731	872	694	1566
1732	871	693	1564
1733	857	680	1537
1734	875	713	1588
1735	897	692	1589
1736	864	689	1553
1737	858	698	1556
1738	875	690	1565
1739	864	690	1554
1740	856	670	1526
1741	890	698	1588
1742	877	695	1572
1743	875	691	1566
1744	859	684	1543
1745	863	692	1555
1746	842	717	1559
1747	861	683	1544
1748	857	690	1547
1749	854	688	1542
1750	872	686	1558
1751	863	683	1546
1752	884	686	1570
1753	862	707	1569
1754	853	685	1538
1755	886	723	1609
1756	863	674	1537
1757	867	712	1579
1758	872	671	1543
1759	855	677	1532
1760	850	688	1538
1761	875	683	1558
1762	874	677	1551
1763	870	692	1562
1764	872	681	1553
1765	896	686	1582
1766	858	716	1574
1767	838	702	1540
1768	887	696	1583
1769	894	677	1571
1770	871	686	1557
1771	867	679	1546
1772	853	692	1545
1773	876	661	1537
1774	868	696	1564
1775	877	675	1552
1776	847	692	1539
1777	869	670	1539
1778	867	694	1561
1779	864	697	1561
1780	876	705	1581
1781	875	689	1564
1782	860	682	1542
1783	865	677	1542
1784	863	685	1548
1785	872	691	1563
1786	865	692	1557
1787	843	681	1524
1788	876	718	1594
1789	860	681	1541
1790	862	683	1545
1791	863	668	1531
1792	851	681	1532
1793	860	685	1545
1794	871	693	1564
1795	865	690	1555
1796	867	684	1551
1797	862	702	1564
1798	876	683	1559
1799	870	671	1541
1800	879	697	1576
1801	854	680	1534
1802	846	715	1561
1803	866	687	1553
1804	874	701	1575
1805	886	679	1565
1806	872	690	1562
1807	877	696	1573
1808	877	681	1558
1809	862	698	1560
1810	841	681	1522
1811	882	700	1582
1812	881	685	1566
1813	875	660	1535
1814	863	667	1530
1815	883	674	1557
1816	884	681	1565
1817	877	719	1596
1818	872	683	1555
1819	873	693	1566
1820	869	691	1560
1821	864	683	1547
1822	854	713	1567
1823	852	693	1545
1824	865	706	1571
1825	885	671	1556
1826	865	702	1567
1827	879	663	1542
1828	856	683	1539
1829	868	691	1559
1830	864	679	1543
1831	881	688	1569
1832	885	692	1577
1833	874	700	1574
1834	860	702	1562
1835	874	677	1551
1836	877	705	1582
1837	884	703	1587
1838	863	681	1544
1839	880	707	1587
1840	868	692	1560
1841	877	692	1569
1842	868	677	1545
1843	879	686	1565
1844	861	687	1548
1845	867	664	1531
1846	883	694	1577
1847	861	664	1525
1848	867	700	1567
1849	868	682	1550
1850	858	663	1521
1851	850	658	1508
1852	861	666	1527
1853	869	650	1519
1854	848	704	1552
1855	864	682	1546
1856	888	695	1583
1857	852	685	1537
1858	856	675	1531
1859	852	713	1565
1860	866	682	1548
1861	878	676	1554
1862	869	704	1573
1863	862	694	1556
1864	874	688	1562
1865	878	683	1561
1866	854	679	1533
1867	872	674	1546
1868	865	673	1538
1869	879	692	1571
1870	865	707	1572
1871	867	692	1559
1872	871	705	1576
1873	864	674	1538
1874	866	688	1554
1875	880	692	1572
1876	900	671	1571
1877	860	698	1558
1878	845	675	1520
1879	872	709	1581
1880	868	684	1552
1881	878	660	1538
1882	859	691	1550
1883	875	689	1564
1884	871	676	1547
1885	852	687	1539
1886	872	691	1563
1887	885	690	1575
1888	855	699	1554
1889	884	689	1573
1890	877	678	1555
1891	873	706	1579
1892	865	665	1530
1893	863	683	1546
1894	880	695	1575
1895	869	683	1552
1896	877	698	1575
1897	885	694	1579
1898	870	691	1561
1899	857	722	1579
1900	868	693	1561
1901	836	685	1521
1902	871	681	1552
1903	868	683	1551
1904	886	685	1571
1905	859	691	1550
1906	879	707	1586
1907	867	692	1559
1908	890	672	1562
1909	870	704	1574
1910	876	693	1569
1911	843	701	1544
1912	847	671	1518
1913	873	677	1550
1914	867	685	1552
1915	865	699	1564
1916	894	702	1596
1917	882	689	1571
1918	878	695	1573
1919	875	697	1572
1920	859	665	1524
1921	894	697	1591
1922	837	711	1548
1923	853	690	1543
1924	884	667	1551
1925	881	676	1557
1926	872	698	1570
1927	872	680	1552
1928	862	692	1554
1929	865	717	1582
1930	874	671	1545
1931	863	677	1540
1932	875	685	1560
1933	865	673	1538
1934	876	691	1567
1935	884	687	1571
1936	860	677	1537
1937	859	661	1520
1938	856	705	1561
1939	886	668	1554
1940	869	695	1564
1941	867	682	1549
1942	879	694	1573
1943	857	677	1534
1944	863	698	1561
1945	855	694	1549
1946	856	671	1527
1947	882	688	1570
1948	866	713	1579
1949	841	688	1529
1950	862	707	1569
1951	880	681	1561
1952	875	677	1552
1953	854	674	1528
1954	861	696	1557
1955	876	706	1582
1956	872	689	1561
1957	871	687	1558
1958	872	684	1556
1959	853	691	1544
1960	873	670	1543
1961	865	688	1553
1962	861	674	1535
1963	868	698	1566
1964	864	690	1554
1965	865	709	1574
1966	861	702	1563
1967	882	693	1575
1968	870	692	1562
1969	877	691	1568
1970	867	680	1547
1971	858	710	1568
1972	854	680	1534
1973	847	666	1513
1974	865	702	1567
1975	862	677	1539
1976	837	700	1537
1977	856	691	1547
1978	855	674	1529
1979	882	655	1537
1980	857	659	1516
1981	859	681	1540
1982	877	692	1569
1983	860	667	1527
1984	849	699	1548
1985	876	680	1556
1986	881	708	1589
1987	860	690	1550
1988	844	690	1534
1989	873	697	1570
1990	872	692	1564
1991	872	693	1565
1992	858	707	1565
1993	851	683	1534
1994	864	663	1527
1995	859	720	1579
1996	873	703	1576
1997	865	704	1569
1998	866	703	1569
1999	863	678	1541
2000	873	682	1555
2001	870	680	1550
2002	861	695	1556
2003	891	706	1597
2004	879	685	1564
2005	873	708	1581
2006	866	688	1554
2007	872	680	1552
2008	871	702	1573
2009	873	665	1538
2010	854	693	1547
2011	863	684	1547
2012	886	664	1550
2013	873	687	1560
2014	861	682	1543
2015	887	678	1565
2016	877	680	1557
2017	884	714	1598
2018	872	690	1562
2019	861	691	1552
2020	884	673	1557
2021	861	675	1536
2022	858	701	1559
2023	864	686	1550
2024	883	676	1559
2025	861	692	1553
2026	859	684	1543
2027	874	686	1560
2028	878	703	1581
2029	874	705	1579
2030	868	675	1543
2031	877	705	1582
2032	882	683	1565
2033	859	693	1552
2034	892	684	1576
2035	866	699	1565
2036	872	691	1563
2037	851	681	1532
2038	870	694	1564
2039	881	670	1551
2040	847	675	1522
2041	850	688	1538
2042	870	690	1560
2043	875	706	1581
2044	865	701	1566
2045	883	689	1572
2046	870	694	1564
2047	889	686	1575
2048	864	697	1561
2049	861	713	1574
2050	853	684	1537
2051	894	689	1583
2052	871	717	1588
2053	854	668	1522
2054	855	695	1550
2055	876	684	1560
2056	876	696	1572
2057	874	690	1564
2058	849	671	1520
2059	862	697	1559
2060	891	666	1557
2061	892	695	1587
2062	845	701	1546
2063	876	695	1571
2064	863	679	1542
2065	860	701	1561
2066	860	674	1534
2067	857	713	1570
2068	860	670	1530
2069	892	688	1580
2070	885	690	1575
2071	868	674	1542
2072	875	692	1567
2073	849	720	1569
2074	875	672	1547
2075	866	688	1554
2076	859	700	1559
2077	845	674	1519
2078	866	686	1552
2079	869	668	1537
2080	877	678	1555
2081	857	658	1515
2082	890	669	1559
2083	862	682	1544
2084	858	669	1527
2085	851	709	1560
2086	893	694	1587
2087	882	685	1567
2088	862	690	1552
2089	869	686	1555
2090	880	711	1591
2091	853	696	1549
2092	851	697	1548
2093	851	693	1544
2094	873	692	1565
2095	855	693	1548
2096	882	711	1593
2097	871	687	1558
2098	878	676	1554
2099	870	675	1545
2100	848	704	1552
2101	865	697	1562
2102	866	697	1563
2103	856	709	1565
2104	867	692	1559
2105	886	686	1572
2106	863	676	1539
2107	859	687	1546
2108	874	669	1543
2109	870	673	1543
2110	868	684	1552
2111	868	699	1567
2112	874	697	1571
2113	881	682	1563
2114	873	691	1564
2115	858	684	1542
2116	856	686	1542
2117	878	673	1551
2118	884	700	1584
2119	870	664	1534
2120	877	706	1583
2121	886	677	1563
2122	865	690	1555
2123	890	686	1576
2124	873	690	1563
2125	862	675	1537
2126	856	699	1555
2127	863	668	1531
2128	863	691	1554
2129	882	667	1549
2130	874	683	1557
2131	891	672	1563
2132	873	693	1566
2133	858	697	1555
2134	877	693	1570
2135	874	686	1560
2136	865	682	1547
2137	863	694	1557
2138	872	712	1584
2139	849	684	1533
2140	855	676	1531
2141	846	676	1522
2142	884	686	1570
2143	868	687	1555
2144	867	711	1578
2145	883	684	1567
2146	858	704	1562
2147	861	695	1556
2148	863	687	1550
2149	862	698	1560
2150	882	671	1553
2151	860	687	1547
2152	846	676	1522
2153	857	699	1556
2154	860	709	1569
2155	874	694	1568
2156	887	688	1575
2157	852	667	1519
2158	864	689	1553
2159	865	718	1583
2160	855	699	1554
2161	877	682	1559
2162	899	681	1580
2163	882	687	1569
2164	885	696	1581
2165	853	693	1546
2166	869	689	1558
2167	870	674	1544
2168	871	688	1559
2169	852	674	1526
2170	900	698	1598
2171	882	696	1578
2172	850	680	1530
2173	857	699	1556
2174	869	689	1558
2175	884	677	1561
2176	864	679	1543
2177	866	728	1594
2178	852	681	1533
2179	861	671	1532
2180	863	702	1565
2181	872	703	1575
2182	865	673	1538
2183	871	691	1562
2184	882	702	1584
2185	861	681	1542
2186	856	665	1521
2187	869	685	1554
2188	855	716	1571
2189	870	686	1556
2190	837	694	1531
2191	866	700	1566
2192	870	699	1569
2193	871	695	1566
2194	865	703	1568
2195	882	697	1579
2196	852	672	1524
2197	868	681	1549
2198	870	701	1571
2199	889	679	1568
2200	864	698	1562
2201	859	699	1558
2202	884	663	1547
2203	869	697	1566
2204	868	695	1563
2205	856	672	1528
2206	853	690	1543
2207	877	700	1577
2208	852	692	1544
2209	861	705	1566
2210	879	682	1561
2211	839	702	1541
2212	885	701	1586
2213	900	679	1579
2214	867	672	1539
2215	870	692	1562
2216	855	665	1520
2217	864	678	1542
2218	875	676	1551
2219	882	692	1574
2220	884	702	1586
2221	847	691	1538
2222	877	702	1579
2223	858	669	1527
2224	871	685	1556
2225	869	679	1548
2226	867	700	1567
2227	883	676	1559
2228	865	685	1550
2229	853	655	1508
2230	860	692	1552
2231	863	676	1539
2232	868	699	1567
2233	857	691	1548
2234	861	686	1547
2235	871	703	1574
2236	858	671	1529
2237	846	690	1536
2238	855	678	1533
2239	843	680	1523
2240	856	672	1528
2241	884	685	1569
2242	879	686	1565
2243	860	679	1539
2244	857	674	1531
2245	887	708	1595
2246	856	696	1552
2247	862	679	1541
2248	877	689	1566
2249	880	655	1535
2250	849	719	1568
2251	880	684	1564
2252	868	682	1550
2253	865	693	1558
2254	878	698	1576
2255	873	676	1549
2256	866	668	1534
2257	861	703	1564
2258	847	690	1537
2259	853	708	1561
2260	875	691	1566
2261	850	702	1552
2262	877	697	1574
2263	875	711	1586
2264	869	693	1562
2265	864	687	1551
2266	856	664	1520
2267	881	709	1590
2268	861	694	1555
2269	868	690	1558
2270	874	698	1572
2271	844	709	1553
2272	873	683	1556
2273	860	683	1543
2274	887	667	1554
2275	871	708	1579
2276	855	692	1547
2277	851	681	1532
2278	874	685	1559
2279	837	693	1530
2280	865	685	1550
2281	876	691	1567
2282	851	702	1553
2283	869	684	1553
2284	873	690	1563
2285	870	699	1569
2286	867	720	1587
2287	877	689	1566
2288	877	694	1571
2289	888	677	1565
2290	856	712	1568
2291	876	688	1564
2292	862	692	1554
2293	864	698	1562
2294	870	685	1555
2295	872	682	1554
2296	858	677	1535
2297	878	696	1574
2298	867	690	1557
2299	857	695	1552
2300	892	672	1564
2301	866	670	1536
2302	839	697	1536
2303	873	687	1560
2304	870	693	1563
2305	881	680	1561
2306	876	688	1564
2307	862	718	1580
2308	850	672	1522
2309	878	692	1570
2310	860	686	1546
2311	861	685	1546
2312	861	695	1556
2313	873	677	1550
2314	856	668	1524
2315	874	671	1545
2316	877	663	1540
2317	852	695	1547
2318	883	684	1567
2319	880	720	1600
2320	871	667	1538
2321	856	694	1550
2322	870	663	1533
2323	871	685	1556
2324	901	684	1585
2325	877	698	1575
2326	884	695	1579
2327	846	704	1550
2328	859	688	1547
2329	870	704	1574
2330	848	700	1548
2331	861	687	1548
2332	850	689	1539
2333	871	715	1586
2334	876	714	1590
2335	894	668	1562
2336	880	679	1559
2337	856	714	1570
2338	848	723	1571
2339	866	695	1561
2340	882	684	1566
2341	852	687	1539
2342	846	713	1559
2343	883	653	1536
2344	872	689	1561
2345	880	700	1580
2346	866	695	1561
2347	857	700	1557
2348	870	672	1542
2349	855	670	1525
2350	884	693	1577
2351	857	704	1561
2352	849	691	1540
2353	875	675	1550
2354	874	683	1557
2355	854	715	1569
2356	845	706	1551
2357	874	691	1565
2358	872	703	1575
2359	850	702	1552
2360	853	710	1563
2361	873	703	1576
2362	851	681	1532
2363	864	690	1554
2364	847	708	1555
2365	876	693	1569
2366	895	659	1554
2367	869	698	1567
2368	869	683	1552
2369	864	661	1525
2370	872	704	1576
2371	870	684	1554
2372	864	689	1553
2373	864	699	1563
2374	873	702	1575
2375	878	670	1548
2376	866	688	1554
2377	867	693	1560
2378	877	712	1589
2379	850	697	1547
2380	875	705	1580
2381	880	695	1575
2382	870	678	1548
2383	882	689	1571
2384	862	695	1557
2385	859	665	1524
2386	879	672	1551
2387	875	683	1558
2388	871	689	1560
2389	882	680	1562
2390	872	697	1569
2391	857	704	1561
2392	876	682	1558
2393	880	693	1573
2394	874	684	1558
2395	850	721	1571
2396	859	713	1572
2397	859	693	1552
2398	858	696	1554
2399	872	697	1569
2400	879	697	1576
2401	880	696	1576
2402	874	685	1559
2403	863	685	1548
2404	864	709	1573
2405	899	691	1590
2406	866	672	1538
2407	878	705	1583
2408	879	684	1563
2409	861	697	1558
2410	882	663	1545
2411	855	682	1537
2412	847	719	1566
2413	869	690	1559
2414	873	666	1539
2415	851	673	1524
2416	873	710	1583
2417	856	704	1560
2418	881	680	1561
2419	855	687	1542
2420	880	692	1572
2421	889	682	1571
2422	874	706	1580
2423	866	713	1579
2424	864	687	1551
2425	870	680	1550
2426	855	707	1562
2427	862	693	1555
2428	867	695	1562
2429	886	674	1560
2430	873	689	1562
2431	871	712	1583
2432	875	669	1544
2433	873	687	1560
2434	874	687	1561
2435	883	690	1573
2436	889	693	1582
2437	852	694	1546
2438	890	697	1587
2439	854	699	1553
2440	881	692	1573
2441	887	697	1584
2442	889	706	1595
2443	862	691	1553
2444	883	692	1575
2445	852	677	1529
2446	876	679	1555
2447	855	669	1524
2448	867	691	1558
2449	853	702	1555
2450	861	703	1564
2451	866	673	1539
2452	867	672	1539
2453	877	708	1585
2454	887	695	1582
2455	871	670	1541
2456	869	683	1552
2457	848	685	1533
2458	843	684	1527
2459	889	706	1595
2460	853	690	1543
2461	868	706	1574
2462	883	699	1582
2463	840	703	1543
2464	877	689	1566
2465	872	677	1549
2466	866	687	1553
2467	880	703	1583
2468	855	678	1533
2469	893	700	1593
2470	846	690	1536
2471	850	685	1535
2472	876	703	1579
2473	881	690	1571
2474	866	668	1534
2475	859	717	1576
2476	867	708	1575
2477	847	684	1531
2478	864	710	1574
2479	869	689	1558
2480	875	677	1552
2481	874	687	1561
2482	852	714	1566
2483	854	699	1553
2484	911	697	1608
2485	834	698	1532
2486	865	683	1548
2487	873	701	1574
2488	866	696	1562
2489	877	660	1537
2490	870	673	1543
2491	862	684	1546
2492	861	701	1562
2493	850	677	1527
2494	861	670	1531
2495	874	693	1567
2496	867	677	1544
2497	877	690	1567
2498	865	683	1548
2499	856	685	1541
2500	865	726	1591
2501	870	688	1558
2502	888	713	1601
2503	855	690	1545
2504	875	701	1576
2505	871	689	1560
2506	865	692	1557
2507	871	680	1551
2508	869	673	1542
2509	863	690	1553
2510	860	699	1559
2511	871	689	1560
2512	869	703	1572
2513	831	693	1524
2514	867	683	1550
2515	854	702	1556
2516	873	692	1565
2517	855	691	1546
2518	868	681	1549
2519	860	693	1553
2520	862	689	1551
2521	876	676	1552
2522	864	681	1545
2523	883	681	1564
2524	859	681	1540
2525	862	680	1542
2526	865	699	1564
2527	875	676	1551
2528	865	662	1527
2529	850	670	1520
2530	870	681	1551
2531	868	703	1571
2532	860	679	1539
2533	880	701	1581
2534	861	675	1536
2535	873	715	1588
2536	876	691	1567
2537	868	705	1573
2538	847	713	1560
2539	862	707	1569
2540	871	688	1559
2541	880	691	1571
2542	877	678	1555
2543	862	727	1589
2544	872	699	1571
2545	858	720	1578
2546	864	677	1541
2547	873	681	1554
2548	868	680	1548
2549	882	682	1564
2550	853	713	1566
2551	848	655	1503
2552	877	681	1558
2553	854	675	1529
2554	872	679	1551
2555	874	686	1560
2556	846	684	1530
2557	828	686	1514
2558	862	660	1522
2559	868	688	1556
2560	853	687	1540
2561	849	702	1551
2562	891	682	1573
2563	881	691	1572
2564	850	689	1539
2565	871	703	1574
2566	871	671	1542
2567	893	692	1585
2568	857	687	1544
2569	872	706	1578
2570	840	689	1529
2571	865	705	1570
2572	869	696	1565
2573	890	673	1563
2574	885	694	1579
2575	866	702	1568
2576	865	676	1541
2577	881	705	1586
2578	876	682	1558
2579	848	707	1555
2580	851	695	1546
2581	860	678	1538
2582	865	712	1577
2583	872	668	1540
2584	880	658	1538
2585	865	696	1561
2586	879	659	1538
2587	843	704	1547
2588	883	686	1569
2589	857	690	1547
2590	872	684	1556
2591	876	678	1554
2592	873	679	1552
2593	849	678	1527
2594	869	704	1573
2595	866	662	1528
2596	880	683	1563
2597	889	693	1582
2598	892	674	1566
2599	848	715	1563
2600	872	678	1550
2601	836	688	1524
2602	878	655	1533
2603	878	681	1559
2604	870	706	1576
2605	866	699	1565
2606	883	674	1557
2607	869	679	1548
2608	852	674	1526
2609	850	674	1524
2610	882	677	1559
2611	877	720	1597
2612	865	701	1566
2613	869	694	1563
2614	872	689	1561
2615	875	688	1563
2616	901	684	1585
2617	860	710	1570
2618	880	682	1562
2619	874	682	1556
2620	873	685	1558
2621	866	698	1564
2622	870	676	1546
2623	868	693	1561
2624	893	695	1588
2625	873	678	1551
2626	858	702	1560
2627	878	724	1602
2628	858	673	1531
2629	875	688	1563
2630	871	702	1573
2631	858	668	1526
2632	857	666	1523
2633	868	677	1545
2634	869	691	1560
2635	873	693	1566
2636	844	701	1545
2637	868	699	1567
2638	878	686	1564
2639	869	679	1548
2640	872	695	1567
2641	870	691	1561
2642	881	689	1570
2643	869	686	1555
2644	880	669	1549
2645	846	671	1517
2646	850	651	1501
2647	869	701	1570
2648	878	677	1555
2649	876	676	1552
2650	891	679	1570
2651	855	681	1536
2652	881	636	1517
2653	867	669	1536
2654	858	691	1549
2655	880	692	1572
2656	875	712	1587
2657	892	677	1569
2658	893	696	1589
2659	886	681	1567
2660	868	709	1577
2661	865	698	1563
2662	878	697	1575
2663	872	694	1566
2664	864	684	1548
2665	849	684	1533
2666	856	700	1556
2667	886	692	1578
2668	884	706	1590
2669	885	692	1577
2670	881	678	1559
2671	870	695	1565
2672	880	675	1555
2673	861	688	1549
2674	856	711	1567
2675	863	672	1535
2676	864	706	1570
2677	853	691	1544
2678	848	655	1503
2679	877	691	1568
2680	864	681	1545
2681	843	680	1523
2682	875	710	1585
2683	888	684	1572
2684	887	671	1558
2685	880	678	1558
2686	884	685	1569
2687	873	666	1539
2688	876	684	1560
2689	870	693	1563
2690	882	679	1561
2691	882	703	1585
2692	866	711	1577
2693	861	708	1569
2694	880	697	1577
2695	890	709	1599
2696	870	706	1576
2697	857	690	1547
2698	884	693	1577
2699	872	710	1582
2700	873	678	1551
2701	853	692	1545
2702	870	698	1568
2703	888	701	1589
2704	867	703	1570
2705	896	656	1552
2706	897	686	1583
2707	896	687	1583
2708	885	698	1583
2709	866	668	1534
2710	838	716	1554
2711	871	695	1566
2712	868	673	1541
2713	859	677	1536
2714	864	708	1572
2715	868	700	1568
2716	875	670	1545
2717	878	708	1586
2718	882	696	1578
2719	882	686	1568
2720	867	699	1566
2721	842	683	1525
2722	852	704	1556
2723	877	663	1540
2724	883	683	1566
2725	870	680	1550
2726	878	703	1581
2727	893	694	1587
2728	877	679	1556
2729	869	685	1554
2730	868	702	1570
2731	859	715	1574
2732	865	707	1572
2733	887	686	1573
2734	849	693	1542
2735	874	689	1563
2736	872	679	1551
2737	871	671	1542
2738	868	677	1545
2739	860	691	1551
2740	895	685	1580
2741	870	691	1561
2742	841	698	1539
2743	866	676	1542
2744	859	686	1545
2745	869	688	1557
2746	883	694	1577
2747	886	689	1575
2748	867	688	1555
2749	879	694	1573
2750	852	692	1544
2751	865	673	1538
2752	876	698	1574
2753	872	705	1577
2754	881	702	1583
2755	865	679	1544
2756	865	666	1531
2757	880	691	1571
2758	875	688	1563
2759	872	713	1585
2760	856	692	1548
2761	878	693	1571
2762	871	700	1571
2763	844	693	1537
2764	875	669	1544
2765	857	702	1559
2766	887	699	1586
2767	882	709	1591
2768	880	689	1569
2769	884	704	1588
2770	883	681	1564
2771	864	689	1553
2772	874	700	1574
2773	869	696	1565
2774	866	696	1562
2775	849	679	1528
2776	873	705	1578
2777	861	681	1542
2778	889	700	1589
2779	854	695	1549
2780	876	700	1576
2781	853	691	1544
2782	864	655	1519
2783	882	675	1557
2784	888	683	1571
2785	859	681	1540
2786	884	688	1572
2787	878	656	1534
2788	878	706	1584
2789	890	687	1577
2790	863	675	1538
2791	872	715	1587
2792	878	695	1573
2793	867	694	1561
2794	866	684	1550
2795	873	695	1568
2796	876	692	1568
2797	861	684	1545
2798	889	692	1581
2799	863	677	1540
2800	881	670	1551
2801	866	668	1534
2802	877	697	1574
2803	877	676	1553
2804	849	702	1551
2805	856	660	1516
2806	875	692	1567
2807	849	697	1546
2808	851	682	1533
2809	857	704	1561
2810	860	702	1562
2811	863	670	1533
2812	886	675	1561
2813	899	679	1578
2814	884	690	1574
2815	865	680	1545
2816	858	687	1545
2817	863	683	1546
2818	862	695	1557
2819	863	680	1543
2820	865	680	1545
2821	865	714	1579
2822	863	712	1575
2823	851	685	1536
2824	858	653	1511
2825	857	678	1535
2826	868	703	1571
2827	869	701	1570
2828	853	681	1534
2829	863	690	1553
2830	870	694	1564
2831	875	674	1549
2832	862	680	1542
2833	880	675	1555
2834	871	696	1567
2835	852	698	1550
2836	877	672	1549
2837	859	687	1546
2838	884	685	1569
2839	872	689	1561
2840	864	708	1572
2841	872	667	1539
2842	827	688	1515
2843	865	712	1577
2844	876	695	1571
2845	872	689	1561
2846	880	700	1580
2847	853	706	1559
2848	852	677	1529
2849	876	698	1574
2850	855	682	1537
2851	861	703	1564
2852	866	702	1568
2853	865	691	1556
2854	869	697	1566
2855	872	722	1594
2856	863	688	1551
2857	856	679	1535
2858	893	692	1585
2859	857	697	1554
2860	882	685	1567
2861	861	720	1581
2862	863	687	1550
2863	892	711	1603
2864	865	685	1550
2865	861	678	1539
2866	876	685	1561
2867	867	674	1541
2868	851	658	1509
2869	866	681	1547
2870	863	690	1553
2871	858	692	1550
2872	874	683	1557
2873	852	686	1538
2874	874	678	1552
2875	870	680	1550
2876	847	685	1532
2877	883	678	1561
2878	881	673	1554
2879	864	680	1544
2880	862	690	1552
2881	875	670	1545
2882	892	701	1593
2883	888	687	1575
2884	861	688	1549
2885	873	682	1555
2886	856	666	1522
2887	882	692	1574
2888	888	690	1578
2889	875	662	1537
2890	873	681	1554
2891	863	684	1547
2892	866	677	1543
2893	863	674	1537
2894	871	697	1568
2895	878	689	1567
2896	867	694	1561
2897	874	648	1522
2898	865	700	1565
2899	854	691	1545
2900	873	682	1555
2901	867	696	1563
2902	850	684	1534
2903	860	686	1546
2904	876	667	1543
2905	876	676	1552
2906	887	686	1573
2907	854	714	1568
2908	872	687	1559
2909	867	699	1566
2910	859	655	1514
2911	880	685	1565
2912	874	701	1575
2913	845	672	1517
2914	875	664	1539
2915	895	667	1562
2916	870	672	1542
2917	873	695	1568
2918	876	682	1558
2919	893	680	1573
2920	879	679	1558
2921	861	669	1530
2922	867	687	1554
2923	877	673	1550
2924	872	728	1600
2925	862	700	1562
2926	860	695	1555
2927	869	714	1583
2928	856	688	1544
2929	861	698	1559
2930	859	670	1529
2931	856	694	1550
2932	882	671	1553
2933	866	695	1561
2934	880	663	1543
2935	860	697	1557
2936	886	697	1583
2937	857	696	1553
2938	869	693	1562
2939	857	684	1541
2940	871	697	1568
2941	864	668	1532
2942	863	677	1540
2943	865	671	1536
2944	863	686	1549
2945	860	689	1549
2946	862	685	1547
2947	856	687	1543
2948	866	704	1570
2949	861	689	1550
2950	862	693	1555
2951	865	703	1568
2952	874	695	1569
2953	858	707	1565
2954	875	694	1569
2955	861	671	1532
2956	878	680	1558
2957	861	682	1543
2958	848	672	1520
2959	852	699	1551
2960	858	684	1542
2961	846	688	1534
2962	869	697	1566
2963	863	679	1542
2964	853	689	1542
2965	870	690	1560
2966	839	715	1554
2967	877	707	1584
2968	888	708	1596
2969	882	678	1560
2970	890	686	1576
2971	883	670	1553
2972	858	688	1546
2973	861	656	1517
2974	844	714	1558
2975	858	685	1543
2976	879	677	1556
2977	842	696	1538
2978	836	681	1517
2979	881	668	1549
2980	868	690	1558
2981	875	705	1580
2982	863	682	1545
2983	870	700	1570
2984	867	697	1564
2985	882	698	1580
2986	872	689	1561
2987	869	686	1555
2988	878	700	1578
2989	840	681	1521
2990	873	677	1550
2991	870	701	1571
2992	855	675	1530
2993	867	690	1557
2994	874	686	1560
2995	890	675	1565
2996	870	672	1542
2997	878	705	1583
2998	879	714	1593
2999	875	686	1561
3000	890	683	1573
3001	856	704	1560
3002	862	688	1550
3003	865	709	1574
3004	873	704	1577
3005	851	692	1543
3006	882	690	1572
3007	867	699	1566
3008	887	686	1573
3009	859	693	1552
3010	867	674	1541
3011	863	690	1553
3012	883	705	1588
3013	862	671	1533
3014	884	695	1579
3015	868	692	1560
3016	876	691	1567
3017	882	709	1591
3018	867	688	1555
3019	864	670	1534
3020	868	679	1547
3021	866	697	1563
3022	865	717	1582
3023	851	710	1561
3024	882	688	1570
3025	879	703	1582
3026	866	680	1546
3027	871	698	1569
3028	881	710	1591
3029	869	699	1568
3030	883	684	1567
3031	873	677	1550
3032	862	688	1550
3033	861	680	1541
3034	856	680	1536
3035	877	691	1568
3036	878	676	1554
3037	868	678	1546
3038	875	674	1549
3039	863	706	1569
3040	852	698	1550
3041	888	724	1612
3042	881	681	1562
3043	873	689	1562
3044	871	685	1556
3045	871	677	1548
3046	860	684	1544
3047	857	680	1537
3048	849	694	1543
3049	883	679	1562
3050	851	703	1554
3051	870	709	1579
3052	865	673	1538
3053	866	704	1570
3054	868	711	1579
3055	860	661	1521
3056	850	665	1515
3057	866	669	1535
3058	880	697	1577
3059	869	673	1542
3060	884	668	1552
3061	869	688	1557
3062	863	677	1540
3063	869	691	1560
3064	856	672	1528
3065	873	695	1568
3066	850	681	1531
3067	855	700	1555
3068	857	692	1549
3069	834	690	1524
3070	877	685	1562
3071	847	705	1552
3072	886	664	1550
3073	857	687	1544
3074	879	704	1583
3075	886	687	1573
3076	869	671	1540
3077	882	708	1590
3078	892	694	1586
3079	866	687	1553
3080	851	673	1524
3081	849	672	1521
3082	864	697	1561
3083	872	692	1564
3084	848	692	1540
3085	881	696	1577
3086	865	698	1563
3087	873	687	1560
3088	871	700	1571
3089	866	698	1564
3090	868	692	1560
3091	861	701	1562
3092	894	675	1569
3093	860	690	1550
3094	852	690	1542
3095	868	684	1552
3096	865	682	1547
3097	900	666	1566
3098	873	682	1555
3099	844	698	1542
3100	883	691	1574
3101	880	681	1561
3102	891	705	1596
3103	860	690	1550
3104	860	691	1551
3105	837	678	1515
3106	877	679	1556
3107	843	687	1530
3108	895	697	1592
3109	890	687	1577
3110	883	692	1575
3111	857	679	1536
3112	869	691	1560
3113	871	682	1553
3114	867	691	1558
3115	868	696	1564
3116	871	688	1559
3117	873	678	1551
3118	888	692	1580
3119	864	690	1554
3120	852	682	1534
3121	867	676	1543
3122	877	692	1569
3123	886	688	1574
3124	868	668	1536
3125	864	670	1534
3126	877	679	1556
3127	853	695	1548
3128	888	691	1579
3129	851	673	1524
3130	870	682	1552
3131	857	678	1535
3132	848	681	1529
3133	885	696	1581
3134	856	676	1532
3135	878	674	1552
3136	836	667	1503
3137	866	693	1559
3138	875	707	1582
3139	889	684	1573
3140	861	685	1546
3141	858	698	1556
3142	866	703	1569
3143	881	706	1587
3144	889	685	1574
3145	895	682	1577
3146	855	689	1544
3147	861	705	1566
3148	857	677	1534
3149	874	677	1551
3150	875	684	1559
3151	856	676	1532
3152	860	698	1558
3153	864	707	1571
3154	871	687	1558
3155	873	673	1546
3156	874	685	1559
3157	841	675	1516
3158	878	699	1577
3159	875	678	1553
3160	868	673	1541
3161	868	707	1575
3162	859	708	1567
3163	870	684	1554
3164	860	701	1561
3165	862	683	1545
3166	852	679	1531
3167	864	690	1554
3168	866	706	1572
3169	850	712	1562
3170	870	701	1571
3171	851	695	1546
3172	869	679	1548
3173	870	689	1559
3174	870	696	1566
3175	856	691	1547
3176	860	669	1529
3177	894	670	1564
3178	866	691	1557
3179	869	714	1583
3180	875	694	1569
3181	867	705	1572
3182	889	704	1593
3183	870	707	1577
3184	831	703	1534
3185	866	682	1548
3186	866	673	1539
3187	857	671	1528
3188	903	674	1577
3189	882	689	1571
3190	877	685	1562
3191	870	720	1590
3192	880	687	1567
3193	865	686	1551
3194	862	676	1538
3195	862	689	1551
3196	882	688	1570
3197	875	671	1546
3198	857	678	1535
3199	893	682	1575
3200	876	709	1585
3201	882	688	1570
3202	878	681	1559
3203	848	693	1541
3204	856	665	1521
3205	856	682	1538
3206	873	697	1570
3207	874	657	1531
3208	861	700	1561
3209	860	678	1538
3210	873	676	1549
3211	870	689	1559
3212	863	701	1564
3213	854	703	1557
3214	867	683	1550
3215	873	706	1579
3216	857	711	1568
3217	893	691	1584
3218	862	697	1559
3219	872	709	1581
3220	888	703	1591
3221	857	686	1543
3222	854	698	1552
3223	858	674	1532
3224	866	677	1543
3225	880	693	1573
3226	877	666	1543
3227	859	701	1560
3228	868	672	1540
3229	878	689	1567
3230	850	674	1524
3231	863	671	1534
3232	861	668	1529
3233	880	682	1562
3234	877	702	1579
3235	895	716	1611
3236	856	717	1573
3237	899	681	1580
3238	868	686	1554
3239	872	684	1556
3240	864	676	1540
3241	884	691	1575
3242	872	685	1557
3243	882	698	1580
3244	861	700	1561
3245	852	684	1536
3246	888	689	1577
3247	856	661	1517
3248	874	670	1544
3249	903	696	1599
3250	856	686	1542
3251	866	685	1551
3252	875	697	1572
3253	864	695	1559
3254	868	692	1560
3255	855	700	1555
3256	851	692	1543
3257	858	672	1530
3258	866	686	1552
3259	870	673	1543
3260	875	700	1575
3261	871	680	1551
3262	882	705	1587
3263	863	689	1552
3264	874	719	1593
3265	882	690	1572
3266	853	681	1534
3267	860	690	1550
3268	868	696	1564
3269	866	705	1571
3270	896	698	1594
3271	875	686	1561
3272	866	670	1536
3273	865	703	1568
3274	886	702	1588
3275	867	685	1552
3276	873	698	1571
3277	859	699	1558
3278	853	687	1540
3279	870	687	1557
3280	874	672	1546
3281	861	682	1543
3282	846	699	1545
3283	875	674	1549
3284	857	685	1542
3285	891	699	1590
3286	866	680	1546
3287	879	674	1553
3288	877	680	1557
3289	859	686	1545
3290	882	697	1579
3291	866	708	1574
3292	862	677	1539
3293	855	709	1564
3294	878	703	1581
3295	863	689	1552
3296	895	697	1592
3297	869	704	1573
3298	866	705	1571
3299	876	674	1550
3300	875	656	1531
3301	871	704	1575
3302	843	691	1534
3303	874	680	1554
3304	870	721	1591
3305	874	677	1551
3306	865	688	1553
3307	869	684	1553
3308	863	684	1547
3309	858	706	1564
3310	843	686	1529
3311	855	677	1532
3312	887	688	1575
