2	7	13	14	19	23	24	29	34	38	50	54	57	65	67	81	82	88	89	92	95	113	118	119	132	147	148	153	158	159	175	176	182	198	209	211	218	219	222	223	226	233	235	251	253	254	257	260	263	265	267	269	284	299	326	327	331	337	348	350	355	356	371	378	390	391	392	404	406	408	417	420	423	429	431	436	439	452	456	459	462	466	473	479	489	490	492	497	498	510	511	443	210	285	104	368	161	202	273	71	36	317	336	184	252	70	329	28	363	475	410	96	42	135	296	248	298	241	268	333	61	506	17	84	349	56	250	
19	23	24	29	34	38	54	57	95	113	119	132	147	153	158	159	182	198	209	211	219	223	226	235	254	260	263	269	284	299	326	327	331	348	350	355	356	378	390	391	392	404	408	417	420	423	431	439	456	459	473	489	492	497	285	104	368	71	36	317	336	184	70	329	96	135	298	241	61	349	28	118	452	3	84	22	17	333	89	267	253	429	210	436	406	2	133	50	376	511	251	218	490	506	67	335	92	
19	23	24	29	54	57	95	113	119	158	159	182	198	209	219	223	235	254	269	284	299	326	327	348	350	355	356	378	390	391	404	408	420	431	489	492	497	104	71	317	336	184	329	96	298	61	349	118	452	3	84	17	89	253	210	406	50	251	67	458	285	413	331	335	503	368	501	56	25	493	58	189	11	114	494	421	
19	23	24	29	54	57	95	113	119	158	198	209	219	223	235	269	326	327	348	350	355	356	378	390	391	408	420	431	489	492	497	104	71	317	336	184	329	96	298	349	84	17	89	253	406	50	251	67	335	25	26	331	368	500	118	53	299	40	3	254	245	210	364	397	278	188	436	452	91	302	
19	23	24	29	54	57	95	113	119	158	219	223	327	348	350	356	390	408	420	489	492	497	104	71	317	336	184	329	96	298	349	84	17	89	253	406	50	251	67	335	26	331	53	3	360	18	303	378	488	79	500	328	241	235	
19	23	54	57	95	113	119	219	223	350	356	408	420	489	492	497	104	71	317	336	184	329	96	298	84	17	89	253	67	335	26	331	53	3	360	303	378	488	199	120	327	320	457	251	18	
19	23	54	95	113	119	223	350	356	408	489	492	497	104	317	184	329	96	298	84	89	253	67	335	26	331	53	3	303	488	199	320	457	481	251	313	449	55	256	219	10	426	188	81	91	
19	23	95	113	119	223	350	356	408	489	492	104	317	184	329	298	84	89	253	67	335	26	331	53	303	488	199	320	457	481	440	364	87	97	153	106	237	347	
19	23	95	113	119	223	350	356	408	489	492	104	317	184	329	298	84	89	253	67	335	26	331	303	488	199	320	457	481	97	460	180	153	188	456	286	426	452	458	10	237	364	
19	23	95	113	119	223	350	408	489	104	317	184	329	298	84	89	253	335	26	331	303	488	199	320	481	97	180	153	456	458	290	10	185	271	155	301	237	319	169	412	287	429	247	80	
19	23	113	223	350	408	104	317	184	329	298	84	89	253	335	26	331	303	199	481	180	153	458	10	185	271	319	287	247	301	426	457	485	252	320	97	365	8	
19	113	223	350	408	104	317	184	298	84	89	253	335	331	199	481	180	153	458	10	185	271	287	247	303	394	23	301	395	266	473	309	392	30	258	329	
113	223	350	408	104	317	184	298	84	89	253	335	331	199	481	180	153	458	10	185	271	287	247	394	395	266	367	309	267	23	319	426	412	96	
223	350	408	104	317	298	84	253	331	199	481	180	153	458	185	271	287	247	394	395	266	71	
350	408	104	317	298	84	253	199	481	180	153	458	185	271	287	247	394	266	197	410	395	237	335	255	
350	408	104	317	298	253	199	481	180	153	458	185	271	287	394	266	197	410	237	109	504	450	
408	104	317	298	199	481	180	153	458	185	271	394	266	197	410	237	109	504	125	497	480	106	
408	104	317	481	153	458	185	394	197	410	237	125	483	233	155	
104	317	481	153	458	185	394	197	410	125	233	213	
481	394	197	125	233	121	232	489	
481	197	233	121	
481	197	233	121	
481	197	233	121	
481	197	233	121	449	
481	197	233	121	205	
481	197	233	121	
481	197	233	121	
481	197	121	
481	197	121	198	
481	197	121	
481	197	
481	197	
481	197	
481	197	
481	197	353	
481	197	
481	197	480	
481	197	
481	197	
481	197	
481	197	
481	197	483	353	
481	197	
481	197	
481	197	353	
481	197	
481	197	
481	197	
481	197	497	
481	197	489	
481	197	
481	197	
481	197	
481	197	449	
481	197	
481	197	
481	197	
481	197	193	
481	197	
481	197	
481	197	
481	197	
481	197	
481	197	
481	197	
481	197	
481	197	417	
481	197	193	
481	197	229	
481	197	
481	197	
481	197	417	
481	197	
481	197	
481	197	193	
481	197	480	
481	197	
481	197	
481	197	
481	197	
481	197	
481	197	205	
481	197	
481	197	
481	197	497	
481	197	199	
481	197	449	
481	197	
481	197	
481	197	
481	197	497	
481	197	199	
481	197	
481	197	196	
481	197	
481	197	
481	197	
481	197	
481	197	199	
481	197	
481	197	353	289	
481	197	
481	197	353	
481	197	
481	197	
481	197	417	
481	197	
481	197	
481	197	
481	197	
481	197	
481	197	
481	197	
481	197	
481	197	480	
481	197	
481	197	489	
481	197	
481	197	
481	197	
481	197	
481	197	
481	197	133	
481	197	
481	197	
481	197	
481	197	417	
481	197	489	
481	197	
481	197	
481	197	
481	197	485	
481	197	133	
481	197	
481	197	
481	197	
481	197	
481	197	
481	197	
481	197	353	
481	197	417	
481	197	
481	197	
481	197	
481	197	
481	197	
481	197	
481	197	
481	197	
481	197	417	
481	197	
481	197	
481	197	
481	197	480	
481	197	
481	197	
481	197	
481	197	
481	197	
481	197	
481	197	
481	197	229	
481	197	
481	197	
481	197	
481	197	
481	197	
481	197	
481	197	
481	197	353	
481	197	
481	197	
481	197	69	
481	197	
481	197	
481	197	
481	197	229	
481	197	196	
481	197	133	
481	197	213	
481	197	199	
481	197	
481	197	
481	197	
481	197	
481	197	480	
481	197	
481	197	
481	197	
481	197	
481	197	
481	197	69	
481	197	485	
481	197	
481	197	353	
481	197	
481	197	
481	197	
481	197	69	353	
481	197	
481	197	
481	197	
481	197	
481	197	489	
481	197	
481	197	
481	197	497	
481	197	
481	197	
481	197	
481	197	
481	197	133	483	
481	197	205	
481	197	
481	197	
481	197	
481	197	
481	197	483	
481	197	
481	197	213	
481	197	
481	197	
481	197	69	
481	197	
481	197	
481	197	
481	197	
481	197	
481	197	
481	197	
481	197	
481	197	
481	197	
481	197	
481	197	
481	197	
481	197	489	
481	197	193	
481	197	
481	197	
481	197	
481	197	
481	197	
481	197	
481	197	
481	197	480	
481	197	
481	197	213	
481	197	483	
481	197	
481	197	
481	197	
481	197	
481	197	
481	197	353	
481	197	
481	197	353	
481	197	
481	197	196	
481	197	
481	197	
481	197	133	
481	197	
481	197	497	
481	197	213	
481	197	69	
481	197	
481	197	
481	197	
481	197	133	
481	197	
481	197	
481	197	
481	197	
481	197	
481	197	353	
481	197	
481	197	489	
481	197	
481	197	485	
481	197	
481	197	
481	197	
481	197	
481	197	
481	197	
481	197	
481	197	205	
481	197	
481	197	
481	197	
481	197	
481	197	
481	197	
481	197	
481	197	
481	197	
481	197	
481	197	133	
481	197	
481	197	193	
481	197	
481	197	
481	197	357	
481	197	
481	197	
481	197	
481	197	
481	197	
481	197	
481	197	
481	197	
481	197	497	
481	197	480	
481	197	
481	197	480	
481	197	
481	197	
481	197	
481	197	
481	197	
481	197	
481	197	
481	197	
481	197	
481	197	
481	197	417	
481	197	
481	197	
481	197	
481	197	
481	197	
481	197	417	
481	197	193	69	205	
481	197	229	
481	197	
481	197	193	
481	197	69	
481	197	
481	197	
481	197	
481	197	353	
481	197	133	
481	197	
481	197	483	
481	197	
481	197	
481	197	205	
481	197	
481	197	
481	197	
481	197	
481	197	
481	197	
481	197	
481	197	
481	197	
481	197	
481	197	
481	197	
481	197	133	
481	197	
481	197	
481	197	193	
481	197	
481	197	
481	197	
481	197	
481	197	199	
481	197	
481	197	
481	197	
481	197	
481	197	
481	197	
481	197	
481	197	
481	197	
481	197	
481	197	353	
481	197	
481	197	
481	197	
481	197	
481	197	69	
481	197	
481	197	
481	197	
481	197	
481	197	485	
481	197	
481	197	
481	197	
481	197	
481	197	205	
481	197	
481	197	
481	197	
481	197	
481	197	
481	197	
481	197	353	
481	197	
481	197	
481	197	
481	197	
481	197	
481	197	
481	197	
481	197	
481	197	
481	197	
481	197	
481	197	
481	197	449	
481	197	
481	197	
481	197	
481	197	353	
481	197	229	
481	197	
481	197	485	
481	197	
481	197	
481	197	
481	197	
481	197	
481	197	
481	197	
481	197	
481	197	
481	197	
481	197	
481	197	
481	197	
481	197	
481	197	
481	197	
481	197	
481	197	
481	197	
481	197	
481	197	
481	197	
481	197	
481	197	
481	197	
481	197	
481	197	
481	197	
481	197	
481	197	196	
481	197	
481	197	
481	197	
481	197	
481	197	199	
481	197	
481	197	
481	197	
481	197	
481	197	
481	197	
481	197	
481	197	483	
481	197	
481	197	196	449	
481	197	
481	197	
481	197	
481	197	480	
481	197	
481	197	
481	197	
481	197	
481	197	
481	197	205	
481	197	133	
481	197	
481	197	
481	197	
481	197	
481	197	229	
481	197	
481	197	
481	197	
481	197	
481	197	
481	197	
481	197	213	
481	197	417	
481	197	
481	197	
481	197	
481	197	
481	197	213	
481	197	
481	197	
481	197	
481	197	199	
481	197	
481	197	485	
481	197	
481	197	
481	197	353	
481	197	
481	197	
481	197	
481	197	
481	197	
481	197	
481	197	
481	197	
481	197	
481	197	
481	197	
481	197	
481	197	
481	197	
481	197	
481	197	
481	197	
481	197	
481	197	213	353	
481	197	
481	197	
481	197	
481	197	353	
481	197	
481	197	489	
481	197	
481	197	
481	197	
481	197	
481	197	
481	197	
481	197	
481	197	
481	197	485	
481	197	
481	197	
481	197	
481	197	489	
481	197	229	
481	197	
481	197	
481	197	
481	197	497	
481	197	
481	197	
481	197	
481	197	69	417	
481	197	
481	197	
481	197	417	489	199	
481	197	
481	197	485	
481	197	
481	197	
481	197	
481	197	
481	197	
481	197	
481	197	205	
481	197	
481	197	
481	197	
481	197	
481	197	
481	197	
481	197	
481	197	69	
481	197	
481	197	
481	197	
481	197	
481	197	
481	197	69	
481	197	
481	197	
481	197	353	
481	197	
481	197	497	
481	197	353	
481	197	
481	197	
481	197	
481	197	
481	197	
481	197	449	
481	197	
481	197	
481	197	
481	197	
481	197	
481	197	
481	197	
481	197	
481	197	
481	197	449	
481	197	213	
481	197	69	
481	197	497	
481	197	
481	197	
481	197	
481	197	
481	197	
481	197	
481	197	
481	197	
481	197	
481	197	
481	197	
481	197	
481	197	
481	197	
481	197	353	489	
481	197	205	
481	197	
481	197	
481	197	
481	197	
481	197	
481	197	
481	197	
481	197	
481	197	
481	197	
481	197	
481	197	
481	197	
481	197	497	449	
481	197	480	
481	197	133	
481	197	
481	197	
481	197	
481	197	
481	197	417	
481	197	449	
481	197	
481	197	
481	197	
481	197	
481	197	
481	197	
481	197	
481	197	
481	197	480	
481	197	417	
481	197	
481	197	489	
481	197	
481	197	
481	197	
481	197	
481	197	
481	197	
481	197	229	
481	197	69	
481	197	
481	197	
481	197	417	
481	197	
481	197	
481	197	229	
481	197	
481	197	69	
481	197	
481	197	
481	197	417	196	
481	197	
481	197	69	205	480	
481	197	
481	197	
481	197	
481	197	
481	197	
481	197	
481	197	
481	197	
481	197	
481	197	
481	197	
481	197	
481	197	
481	197	196	
481	197	
481	197	
481	197	
481	197	
481	197	
481	197	
481	197	480	
481	197	
481	197	
481	197	
481	197	
481	197	
481	197	485	
481	197	
481	197	
481	197	
481	197	
481	197	
481	197	
481	197	
481	197	
481	197	
481	197	
481	197	
481	197	
481	197	
481	197	
481	197	
481	197	196	
481	197	
481	197	
481	197	
481	197	
481	197	
481	197	133	
481	197	483	
481	197	213	
481	197	
481	197	485	
481	197	
481	197	
481	197	
481	197	
481	197	
481	197	
481	197	417	
481	197	
481	197	483	
481	197	
481	197	
481	197	
481	197	69	
481	197	
481	197	
481	197	
481	197	
481	197	449	
481	197	
481	197	
481	197	
481	197	
481	197	
481	197	213	
481	197	
481	197	
481	197	
481	197	
481	197	
481	197	
481	197	
481	197	
481	197	
481	197	
481	197	
481	197	
481	197	
481	197	
481	197	
481	197	
481	197	353	
481	197	
481	197	
481	197	
481	197	
481	197	229	
481	197	199	
481	197	
481	197	
481	197	
481	197	
481	197	
481	197	
481	197	
481	197	229	
481	197	
481	197	
481	197	213	
481	197	
481	197	
481	197	
481	197	
481	197	
481	197	
481	197	
481	197	
481	197	483	
481	197	
481	197	480	
481	197	
481	197	
481	197	205	
481	197	196	
481	197	
481	197	
481	197	
481	197	
481	197	69	
481	197	
481	197	
481	197	
481	197	417	
481	197	353	205	
481	197	
481	197	205	
481	197	483	
481	197	
481	197	
481	197	
481	197	
481	197	133	
481	197	
481	197	
481	197	
481	197	
481	197	449	
481	197	199	
481	197	
481	197	
481	197	196	
481	197	
481	197	
481	197	
481	197	
481	197	199	
481	197	
481	197	193	485	
481	197	
481	197	449	
481	197	
481	197	
481	197	69	
481	197	
481	197	
481	197	353	
481	197	480	
481	197	129	
481	197	
481	197	449	
481	197	449	
481	197	
481	197	449	
481	197	
481	197	
481	197	
481	197	
481	197	
481	197	
481	197	
481	197	
481	197	480	
481	197	
481	197	353	
481	197	483	
481	197	
481	197	
481	197	
481	197	
481	197	
481	197	353	
481	197	
481	197	
481	197	
481	197	
481	197	
481	197	
481	197	193	
481	197	
481	197	
481	197	196	485	193	
481	197	
481	197	
481	197	
481	197	
481	197	
481	197	133	
481	197	
481	197	213	
481	197	
481	197	
481	197	196	
481	197	
481	197	
481	197	497	
481	197	
481	197	
481	197	489	
481	197	
481	197	
481	197	
481	197	
481	197	
481	197	
481	197	
481	197	
481	197	
481	197	69	
481	197	
481	197	
481	197	69	
481	197	
481	197	215	
481	197	
481	197	
481	197	
481	197	
481	197	
481	197	
481	197	
481	197	69	
481	197	
481	197	229	
481	197	
481	197	
481	197	213	
481	197	
481	197	483	
481	197	
481	197	480	
481	197	
481	197	417	
481	197	485	
481	197	
481	197	
481	197	
481	197	
481	197	
481	197	
481	197	417	133	
481	197	417	
481	197	193	
481	197	
481	197	
481	197	
481	197	213	
481	197	449	
481	197	
481	197	
481	197	
481	197	205	
481	197	229	
481	197	480	
481	197	483	
481	197	
481	197	
481	197	
481	197	
481	197	
481	197	497	
481	197	
481	197	205	
481	197	
481	197	371	
481	197	371	
481	197	371	69	
481	197	371	
481	197	371	
481	197	371	375	133	
197	371	
197	371	
197	371	
197	371	
197	371	69	
197	371	
197	371	499	
197	371	
197	371	307	
197	371	
197	371	196	307	
197	371	
197	371	
197	371	499	
197	371	
197	371	307	
197	371	
197	371	
197	371	
197	371	
197	371	
197	371	
197	371	499	
197	371	
197	371	
197	371	
197	371	
197	371	196	
197	371	
197	371	
197	371	
197	371	
197	371	
197	371	
197	371	
197	371	499	
197	371	
197	371	
197	371	
197	371	
197	371	
197	371	196	
197	371	
197	371	499	369	
197	371	
197	371	
197	371	
197	371	
197	371	
197	371	
197	371	205	
197	371	
197	371	
197	371	
197	371	
197	371	
197	371	199	
197	371	
197	371	
197	371	
197	371	
197	371	
197	371	196	
197	371	
197	371	
197	371	
197	371	
197	371	499	
197	371	
197	371	
197	371	
197	371	199	
197	371	
197	371	
197	371	
197	371	
197	371	
197	371	370	
197	371	
197	371	
197	371	
197	371	
197	371	
197	371	
197	371	
197	371	
197	371	375	
197	371	379	
197	371	307	
197	371	499	69	
197	371	205	
197	371	
197	371	
197	371	
197	371	355	213	
197	371	
197	371	
197	371	
197	371	
197	371	
197	371	
197	371	
197	371	
197	371	
197	371	133	
197	371	
197	371	
197	371	369	
197	371	
197	371	
197	371	
197	371	199	
197	371	
197	371	
197	371	
197	371	
197	371	
197	371	
197	371	
197	371	
197	371	
197	371	
197	371	
197	371	
197	371	
197	371	
197	371	
197	371	339	
197	371	213	
197	371	
197	371	
197	371	196	
197	371	
197	371	
197	371	
197	371	
197	371	
197	371	
197	371	
197	371	
197	371	
197	371	229	
197	371	
197	371	
197	371	205	
197	371	
197	371	307	
197	371	
197	371	
197	371	
197	371	
197	371	
197	371	213	
197	371	375	
197	371	
197	371	
197	371	
197	371	
197	371	
197	371	
197	371	
197	371	370	
197	371	
197	371	307	196	
197	371	
197	371	
197	371	
197	371	
197	371	
197	371	
197	371	
197	371	
197	371	213	
197	371	
197	371	275	
197	371	
197	371	133	
197	371	
197	371	213	
197	371	499	
197	371	
197	371	
197	371	
197	371	
197	371	
197	371	
197	371	
197	371	
197	371	
197	371	
197	371	199	
197	371	
197	371	
197	371	
197	371	213	
197	371	
197	371	
197	371	229	
197	371	133	369	
197	371	
197	371	213	
197	371	
197	371	
197	371	
197	371	
197	371	196	
197	371	
197	371	
197	371	
197	371	
197	371	
197	371	
197	371	229	
197	371	
197	371	
197	371	205	355	
197	371	
197	371	370	
197	371	
197	371	69	
197	371	
197	371	
197	371	
197	371	
197	371	
197	371	
197	371	69	
197	371	
197	371	196	339	
197	371	
197	371	
197	371	
197	371	
197	371	
197	371	
197	371	
197	371	
197	371	
197	371	370	
197	371	355	307	
197	371	378	
197	371	
197	371	307	
197	371	
197	371	307	
197	371	196	
197	371	
197	371	
197	371	
197	371	
197	371	375	
197	371	199	375	
197	371	
197	371	
197	371	379	
197	371	
197	371	
197	371	213	
197	371	
197	371	205	
197	371	499	
197	371	
197	371	
197	371	
197	371	
197	371	
197	371	133	
197	371	
197	371	
197	371	
197	371	
197	371	
197	371	
197	371	205	
197	371	
197	371	
197	371	339	
197	371	
197	371	
197	371	
197	371	133	213	
197	371	
197	371	
197	371	
197	371	
197	371	
197	371	
197	371	229	
197	371	
197	371	339	
197	371	307	
197	371	
197	371	
197	371	499	
197	371	196	
197	371	
197	371	
197	371	
197	371	355	
197	371	
197	371	
197	371	
197	371	
197	371	
197	371	205	
197	371	229	
197	371	
197	371	
197	371	
197	371	
197	371	
197	371	
197	371	
197	371	
197	371	133	213	
197	371	
197	371	499	370	
197	371	
197	371	
197	371	
197	371	
197	371	
197	371	
197	371	499	
197	371	
197	371	375	
197	371	
197	371	
197	371	
197	371	
197	371	
197	371	
197	371	
197	371	
197	371	
197	371	
197	371	
197	371	
197	371	193	
197	371	
197	371	213	199	
197	371	379	
197	371	229	
197	371	
197	371	196	
197	371	
197	371	307	355	
197	371	
197	371	
197	371	
197	371	
197	371	
197	371	
197	371	
197	371	
197	371	
197	371	
197	371	
197	371	
197	371	
197	371	
197	371	213	
197	371	229	
197	371	
197	371	
197	371	499	
197	371	
197	371	
197	371	
197	371	
197	371	
197	371	
197	371	
197	371	
197	371	
197	371	
197	371	
197	371	
197	371	
197	371	196	
197	371	
197	371	213	
197	371	
197	371	
197	371	
197	371	
197	371	
197	371	369	
197	371	
197	371	
197	371	307	
197	371	213	
197	371	307	
197	371	
197	371	
197	371	196	205	
197	371	
197	371	
197	371	
197	371	
197	371	
197	371	379	
197	371	
197	371	
197	371	
197	371	
197	371	
197	371	
197	371	
197	371	
197	371	201	
197	371	
197	371	
197	371	
197	371	
197	371	
197	371	
197	371	
197	371	379	
197	371	
197	371	499	
197	371	
197	371	
197	371	
197	371	
197	371	133	
197	371	
197	371	
197	371	
197	371	
197	371	
197	371	
197	371	196	
197	371	
197	371	
197	371	355	
197	371	
197	371	193	229	
197	371	229	
197	371	
197	371	
197	371	
197	371	
197	371	
197	371	
197	371	
197	371	
197	371	
197	371	
197	371	
197	371	
197	371	
197	371	
197	371	
197	371	379	
197	371	213	
197	371	133	499	
197	371	
197	371	
197	371	
197	371	
197	371	
197	371	199	
197	371	
197	371	
197	371	
197	371	
197	371	213	
197	371	369	
197	371	
197	371	
197	371	
197	371	
197	371	
197	371	
197	371	499	307	
197	371	
197	371	
197	371	275	
197	371	275	213	
197	371	275	
197	371	275	
197	371	275	199	
197	371	275	
197	371	275	
197	371	275	279	
197	371	275	
197	371	275	
197	371	275	
197	371	275	274	
197	371	275	
197	371	275	205	
197	371	275	
197	371	275	
197	371	275	
197	371	275	68	100	369	
197	371	275	68	100	
197	371	275	68	100	
197	371	275	68	100	
197	371	275	68	100	
197	371	275	68	100	279	
197	371	275	68	100	279	277	193	406	
197	371	275	68	100	279	69	
197	371	68	100	279	277	276	228	
197	371	68	100	279	277	108	
197	371	68	100	279	277	
197	371	68	100	279	277	343	
197	371	68	100	279	277	228	
197	371	68	100	279	277	
197	371	68	100	279	277	96	
197	371	68	100	279	277	
197	371	68	100	279	277	
197	371	68	100	279	277	69	407	65	
197	371	68	100	279	277	
197	68	100	279	277	369	353	357	
197	68	100	279	277	369	353	357	64	69	65	81	96	
197	68	100	279	277	369	353	357	69	80	36	38	64	
68	100	279	369	353	357	80	36	38	69	
68	100	279	369	357	80	38	55	485	373	
68	279	369	80	38	55	485	373	69	421	357	
68	279	369	80	38	55	485	373	192	100	484	4	224	
68	369	38	55	485	373	192	
68	369	55	485	192	76	13	64	
68	369	485	192	13	5	
68	369	485	192	13	357	
68	369	485	192	13	357	196	
68	369	485	192	357	73	373	72	69	75	371	85	
68	369	192	357	73	69	
369	192	73	69	68	
369	192	73	368	498	358	294	486	
369	192	73	358	294	486	502	72	510	89	
192	73	358	294	502	72	510	89	
73	358	72	510	74	
73	358	72	
73	358	72	
73	358	72	
73	358	72	
73	358	72	
73	358	72	75	
73	358	326	
73	358	294	
73	358	121	77	65	294	354	
73	358	121	105	
73	358	121	
73	358	121	
73	358	121	
358	121	
358	121	
358	121	
358	121	
358	121	
358	121	105	
358	121	
358	121	
358	121	
358	121	
358	121	
358	121	
358	121	
358	121	
358	121	
358	121	
358	121	356	
358	121	356	
358	121	366	
358	121	
358	121	
358	121	
358	121	
358	121	
358	121	354	
358	121	
358	121	356	
358	121	
358	121	
358	121	
358	121	
358	121	
358	121	
358	121	249	354	
358	121	
358	121	
358	121	
358	121	105	89	
358	121	
358	121	
358	121	
358	121	486	
358	121	
358	121	
358	121	
358	121	109	
358	121	
358	121	
358	121	113	
358	121	
358	121	
358	121	
358	121	
358	121	354	
358	121	
358	121	
358	121	
358	121	366	
358	121	
358	121	
358	121	
358	121	
358	121	326	
358	121	
358	121	113	
358	121	
358	121	
358	121	
358	121	
358	121	
358	121	
358	121	294	
358	121	
358	121	
358	121	
358	121	
358	121	359	
358	121	
358	121	
358	121	359	
358	121	366	
358	121	356	
358	121	
358	121	
358	121	
358	121	
358	121	
358	121	366	
358	121	
358	121	
358	121	
358	121	
358	121	
358	121	
358	121	
358	121	
358	121	120	
358	121	
358	121	
358	121	486	
358	121	294	
358	121	
358	121	
358	121	
358	121	
358	121	
358	121	
358	121	
358	121	
358	121	356	
358	121	
358	121	
358	121	113	
358	121	120	
358	121	
358	121	
358	121	
358	121	366	
358	121	
358	121	356	
358	121	486	
358	121	
358	121	294	
358	121	
358	121	
358	121	
358	121	
358	121	
358	121	
358	121	
358	121	
358	121	
358	121	
358	121	486	
358	121	
358	121	
358	121	
358	121	
358	121	
358	121	
358	121	
358	121	
358	121	
358	121	
358	121	
358	121	
358	121	
358	121	
358	121	
358	121	
358	121	
358	121	359	
358	121	
358	121	
358	121	366	
358	121	
358	121	125	
358	121	
358	121	
358	121	
358	121	
358	121	
358	121	125	
358	121	359	
358	121	366	
358	121	
358	121	294	
358	121	
358	121	
358	121	
358	121	
358	121	
358	121	89	
358	121	
358	121	359	
358	121	
358	121	
358	121	
358	121	
358	121	
358	121	
358	121	
358	121	
358	121	
358	121	
358	121	
358	121	
358	121	
358	121	310	
358	121	125	
358	121	
358	121	
358	121	
358	121	
358	121	120	
358	121	326	
358	121	486	
358	121	
358	121	
358	121	
358	121	
358	121	
358	121	
358	121	
358	121	125	
358	121	354	
358	121	
358	121	
358	121	
358	121	294	
358	121	356	
358	121	
358	121	
358	121	
358	121	
358	121	57	
358	121	
358	121	
358	121	
358	121	354	
358	121	366	
358	121	
358	121	
358	121	354	
358	121	
358	121	356	
358	121	
358	121	
358	121	
358	121	
358	121	
358	121	
358	121	
358	121	354	
358	121	
358	121	
358	121	486	
358	121	
358	121	113	
358	121	
358	121	
358	121	
358	121	
358	121	
358	121	
358	121	
358	121	
358	121	294	
358	121	
358	121	
358	121	356	
358	121	
358	121	
358	121	
358	121	
358	121	
358	121	89	
358	121	354	89	
358	121	
358	121	
358	121	
358	121	
358	121	
358	121	
358	121	
358	121	123	
358	121	
358	121	
358	121	
358	121	
358	121	
358	121	
358	121	
358	121	
358	121	326	105	
358	121	
358	121	
358	121	
358	121	
358	121	57	
358	121	
358	121	
358	121	
358	121	
358	121	
358	121	
358	121	
358	121	359	
358	121	
358	121	
358	121	
358	121	
358	121	
358	121	
358	121	
358	121	
358	121	
358	121	
358	121	123	
358	121	
358	121	
358	121	
358	121	
358	121	
358	121	
358	121	
358	121	
358	121	
358	121	120	
358	121	
358	121	326	
358	121	
358	121	
358	121	366	
358	121	
358	121	89	
358	121	
358	121	366	113	
358	121	
358	121	366	
358	121	326	
358	121	366	356	
358	121	
358	121	
358	121	
358	121	
358	121	
358	121	
358	121	326	
358	121	
358	121	
358	121	354	
358	121	89	
358	121	
358	121	123	
358	121	
358	121	
358	121	
358	121	
358	121	
358	121	
358	121	
358	121	
358	121	
358	121	
358	121	486	
358	121	
358	121	
358	121	
358	121	354	
358	121	125	
358	121	
358	121	
358	121	
358	121	
358	121	
358	121	
358	121	
358	121	
358	121	
358	121	
358	121	
358	121	
358	121	
358	121	
358	121	249	
358	121	
358	121	
358	121	
358	121	359	
358	121	
358	121	
358	121	
358	121	
358	121	
358	121	326	
358	121	
358	121	
358	121	
358	121	
358	121	
358	121	
358	121	120	
358	121	
358	121	
358	121	
358	121	
358	121	294	
358	121	
358	121	
358	121	
358	121	
358	121	
358	121	
358	121	
358	121	
358	121	
358	121	374	
358	121	
358	121	
358	121	125	
358	121	
358	121	
358	121	
358	121	
358	121	
358	121	
358	121	
358	121	249	105	
358	121	
358	121	
358	121	354	
358	121	89	
358	121	356	
358	121	
358	121	
358	121	
358	121	
358	121	105	
358	121	123	
358	121	
358	121	
358	121	
358	121	
358	121	120	
358	121	
358	121	
358	121	366	
358	121	
358	121	
358	121	
358	121	
358	121	
358	121	
358	121	113	123	356	
358	121	
358	121	
358	121	486	
358	121	359	354	
358	121	294	
358	121	89	
358	121	294	
358	121	
358	121	
358	121	
358	121	
358	121	
358	121	
358	121	
358	121	
358	121	
358	121	366	
358	121	
358	121	
358	121	
358	121	
358	121	
358	121	
358	121	
358	121	
358	121	
358	121	
358	121	
358	121	
358	121	
358	121	374	113	
358	121	25	
358	121	25	27	
358	121	25	
358	121	25	9	
358	121	
358	121	
358	121	
358	121	
358	121	
358	121	
358	121	
358	121	
358	121	
358	121	
358	121	
358	121	125	
358	121	
358	121	
358	121	89	
358	121	
358	121	57	
358	121	
358	121	
358	121	
358	121	
358	121	
358	121	
358	121	
358	121	
358	121	
358	121	
358	121	
358	121	
358	121	
358	121	
358	121	
358	121	
358	121	294	
358	121	356	
358	121	
358	121	
358	121	
358	121	
358	121	
358	121	
358	121	
358	121	
358	121	
358	121	
358	121	
358	121	
358	121	294	354	
358	121	356	359	
358	121	113	
358	121	
358	121	
358	121	
358	121	
358	121	
358	121	
358	121	
358	121	
358	121	
358	121	
358	121	374	
358	121	
358	121	
358	121	
358	121	
358	121	249	
358	121	105	
358	121	
358	121	354	249	253	
358	121	486	
358	121	
358	121	486	
358	121	
358	121	
358	121	
358	121	89	
358	121	
358	121	
358	121	
358	121	
358	121	
358	121	
358	121	
358	121	
358	121	
358	121	
358	121	125	
358	121	
358	121	
358	121	
358	121	
358	121	
358	121	
358	121	125	
358	121	
358	121	
358	121	123	326	
358	121	
358	121	
358	121	
358	121	
358	121	113	
358	121	
358	121	
358	121	123	
358	121	
358	121	
358	121	
358	121	
358	121	
358	121	
358	121	
358	121	356	123	
358	121	
358	121	
358	121	366	
358	121	
358	121	
358	121	
358	121	
358	121	
358	121	
358	121	
358	121	
358	121	326	113	
358	121	
358	121	
358	121	
358	121	
358	121	
358	121	
358	121	366	
358	121	
358	121	
358	121	
358	121	113	
358	121	
358	121	
358	121	
358	121	
358	121	
358	121	
358	121	
358	121	
358	121	374	
358	121	57	
358	121	113	
358	121	
358	121	
358	121	
358	121	
358	121	
358	121	89	
358	121	
358	121	
358	121	
358	121	
358	121	
358	121	
358	121	
358	121	
358	121	
358	121	
358	121	105	
358	121	356	
358	121	
358	121	
358	121	294	
358	121	113	
358	121	486	
358	121	
358	121	
358	121	486	
358	121	
358	121	
358	121	294	
358	121	
358	121	125	
358	121	
358	121	123	
358	121	
358	121	
358	121	123	
358	121	
358	121	
358	121	
358	121	
358	121	
358	121	125	
358	121	359	
358	121	
358	121	249	
358	121	
358	121	
358	121	356	
358	121	
358	121	
358	121	
358	121	
358	121	
358	121	
358	121	366	
358	121	
358	121	
358	121	123	366	
358	121	
358	121	
358	121	
358	121	89	
358	121	
358	121	486	
358	121	
358	121	
358	121	
358	121	
358	121	
358	121	
358	121	89	
358	121	
358	121	359	
358	121	89	
358	121	
358	121	
358	121	
358	121	125	
358	121	486	
358	121	
358	121	
358	121	
358	121	
358	121	105	
358	121	366	
358	121	113	
358	121	
358	121	
358	121	
358	121	
358	121	
358	121	
358	121	
358	121	356	
358	121	
358	121	
358	121	89	
358	121	
358	121	
358	121	
358	121	294	
358	121	
358	121	
358	121	
358	121	
358	121	
358	121	
358	121	
358	121	
358	121	
358	121	486	
358	121	
358	121	
358	121	
358	121	
358	121	
358	121	
358	121	
358	121	
358	121	
358	121	123	
358	121	
358	121	
358	121	
358	121	
358	121	
358	121	
358	121	
358	121	
358	121	
358	121	249	125	
358	121	120	
358	121	
358	121	
358	121	57	
358	121	89	
358	121	374	
358	121	
358	121	
358	121	
358	121	
358	121	123	354	
358	121	
358	121	486	
358	121	
358	121	
358	121	359	
358	121	
358	121	
358	121	
358	121	
358	121	
358	121	
358	121	
358	121	
358	121	
358	121	
358	121	
358	121	
358	121	
358	121	
358	121	
358	121	
358	121	
358	121	
358	121	
358	121	
358	121	
358	121	89	
358	121	
358	121	
358	121	
358	121	366	
358	121	
358	121	125	
358	121	
358	121	
358	121	
358	121	
358	121	
358	121	
358	121	
358	121	
358	121	
358	121	
358	121	
358	121	123	
358	121	249	
358	121	
358	121	
358	121	294	
358	121	
358	121	
358	121	
358	121	
358	121	
358	121	
358	121	
358	121	
358	121	
358	121	
358	121	359	
358	121	
358	121	
358	121	
358	121	
358	121	
358	121	
358	121	359	
358	121	
358	121	
358	121	
358	121	
358	121	57	
358	121	89	
358	121	366	
358	121	105	
358	121	
358	121	113	
358	121	
358	121	
358	121	
358	121	
358	121	
358	121	
358	121	326	
358	121	
358	121	89	
358	121	
358	121	125	
358	121	
358	121	
358	121	
358	121	
358	121	
358	121	120	
358	121	
358	121	
358	121	113	326	
358	121	
358	121	
358	121	
358	121	
358	121	
358	121	
358	121	
358	121	57	
358	121	
358	121	294	
358	121	
358	121	
358	121	
358	121	
358	121	57	
358	121	
358	121	
358	121	
358	121	
358	121	
358	121	356	
358	121	
358	121	
358	121	
358	121	
358	121	
358	121	
358	121	
358	121	105	
358	121	
358	121	
358	121	
358	121	
358	121	
358	121	
358	121	
358	121	
358	121	
358	121	
358	121	
358	121	
358	121	
358	121	
358	121	356	
358	121	
358	121	
358	121	
358	121	
358	121	
358	121	
358	121	
358	121	
358	121	
358	121	57	
358	121	
358	121	
358	121	356	
358	121	
358	121	
358	121	
358	121	113	249	57	
358	121	
358	121	
358	121	
358	121	
358	121	
358	121	
358	121	
358	121	
358	121	
358	121	
358	121	
358	121	
358	121	
358	121	
358	121	57	
358	121	
358	121	
358	121	
358	121	
358	121	
358	121	
358	121	
358	121	
358	121	
358	121	
358	121	
358	121	113	
358	121	
358	121	359	
358	121	
358	121	89	486	
358	121	374	
358	121	
358	121	
358	121	
358	121	
358	121	
358	121	
358	121	
358	121	
358	121	
358	121	366	
358	121	
358	121	
358	121	
358	121	57	
358	121	
358	121	294	
358	121	
358	121	354	356	
358	121	
358	121	
358	121	113	359	
358	121	
358	121	
358	121	
358	121	
358	121	105	
358	121	
358	121	
358	121	
358	121	
358	121	
358	121	
358	121	
358	121	
358	121	354	
358	121	113	
358	121	
358	121	
358	121	57	
358	121	
358	121	
358	121	
358	121	
358	121	
358	121	294	
358	121	
358	121	
358	121	
358	121	
358	121	
358	121	57	374	
358	121	
358	121	
358	121	
358	121	
358	121	
358	121	123	
358	121	
358	121	
358	121	
358	121	
358	121	
358	121	326	
358	121	
358	121	
358	121	
358	121	
358	121	
358	121	
358	121	
358	121	486	
358	121	
358	121	
358	121	366	
358	121	
358	121	
358	121	
358	121	
358	121	
358	121	359	
358	121	
358	121	
358	121	
358	121	486	
358	121	
358	121	123	
358	121	
358	121	
358	121	
358	121	
358	121	
358	121	
358	121	
358	121	
358	121	
358	121	125	
358	121	122	
358	121	
358	121	
358	121	
358	121	
358	121	354	
358	121	374	
358	121	
358	121	105	
358	121	
358	121	
358	121	
358	121	120	
358	121	
358	121	123	
358	121	
358	121	326	
358	121	
358	121	105	
358	121	
358	121	359	
358	121	
358	121	
358	121	113	
358	121	
358	121	354	
358	121	125	
358	121	294	
358	121	56	57	
358	121	
358	121	
358	121	
358	121	
358	121	
358	121	
358	121	105	
358	121	
358	121	
358	121	249	
358	121	
358	121	356	
358	121	
358	121	
358	121	
358	121	
358	121	
358	121	486	
358	121	249	366	
358	121	
358	121	120	
358	121	
358	121	
358	121	105	
358	121	
358	121	
358	121	
358	121	
358	121	
358	121	
358	121	89	
358	121	
358	121	125	
358	121	
358	121	249	
358	121	326	
358	121	
358	121	
358	121	105	
358	121	
358	121	
358	121	
358	121	374	354	
358	121	
358	121	
358	121	123	
358	121	
358	121	
358	121	249	
358	121	
358	121	
358	121	
358	121	
358	121	
358	121	
358	121	
358	121	
358	121	
358	121	
358	121	354	
358	121	
358	121	249	
358	121	366	
358	121	
358	121	
358	121	
358	121	
358	121	89	249	
358	121	359	
358	121	
358	121	
358	121	
358	121	
358	121	
358	121	
358	121	356	
358	121	374	
358	121	
358	121	
358	121	359	
358	121	366	
358	121	
358	121	486	113	
358	121	123	
358	121	
358	121	
358	121	359	
358	121	
358	121	
358	121	
358	121	
358	121	
358	121	
358	121	326	
358	121	
358	121	
358	121	120	
358	121	105	
358	121	
358	121	356	
358	121	120	
358	121	
358	121	
358	121	
358	121	326	
358	121	
358	121	
358	121	
358	121	
358	121	
358	121	
358	121	
358	121	
358	121	
358	121	
358	121	
358	121	89	
358	121	
358	121	
358	121	
358	121	486	
358	121	
358	121	
358	121	
358	121	326	
358	121	
358	121	
358	121	
358	121	
358	121	
358	121	
358	121	
358	121	
358	121	
358	121	
358	121	
358	121	
358	121	359	123	354	
358	121	
358	121	
358	121	
358	121	
358	121	
358	121	
358	121	
358	121	
358	121	113	
358	121	
358	121	
358	121	326	
358	121	
358	121	
358	121	
358	121	125	
358	121	
358	121	294	
358	121	366	
358	121	356	
358	121	
358	121	354	
358	121	105	
358	121	105	
358	121	
358	121	57	
358	121	
358	121	
358	121	
358	121	326	
358	121	366	
358	121	57	123	
358	121	
358	121	
358	121	
358	121	
358	121	105	
358	121	
358	121	354	
358	121	
358	121	
358	121	
358	121	
358	121	105	
358	121	57	
358	121	
358	121	
358	121	89	486	
358	121	
358	121	105	
358	121	356	
358	121	
358	121	123	
358	121	
358	121	
358	121	57	
358	121	
358	121	105	
358	121	123	
358	121	
358	121	486	
358	121	105	366	
358	121	
358	121	120	
358	121	
358	121	
358	121	
358	121	
358	121	120	
358	121	
358	121	57	
358	121	
358	121	356	
358	121	249	
358	121	
358	121	
358	121	
358	121	
358	121	
358	121	294	
358	121	
358	121	366	
358	121	374	
358	121	
358	121	123	
358	121	
358	121	123	89	
358	121	
358	121	
358	121	
358	121	120	
358	121	
358	121	
358	121	
358	121	
358	121	
358	121	
358	121	
358	121	
358	121	
358	121	
358	121	294	
358	121	
358	121	
358	121	
358	121	
358	121	
358	121	
358	121	
358	121	249	
358	121	25	
358	121	
358	121	
358	121	486	
358	121	
358	121	
358	121	
358	121	
358	121	
358	121	
358	121	
358	121	
358	121	
358	121	125	
358	121	
358	121	
358	121	
358	121	
358	121	
358	121	
358	121	
358	121	
358	121	
358	121	
358	121	
358	121	
358	121	
358	121	
358	121	
358	121	
358	121	
358	121	
358	121	
358	121	
358	121	
358	121	356	
358	121	294	
358	121	
358	121	
358	121	
358	121	
358	121	
358	121	
358	121	354	
358	121	89	326	
358	121	
358	121	
358	121	
358	121	
358	121	
358	121	
358	121	
358	121	359	
358	121	366	
358	121	
358	121	
358	121	
358	121	366	
358	121	
358	121	120	
358	121	
358	121	
358	121	
358	121	
358	121	
358	121	
358	121	359	
358	121	
358	121	
358	121	125	
358	121	
358	121	
358	121	359	
358	121	
358	121	
358	121	120	
358	121	
358	121	354	
358	121	
358	121	326	
358	121	
358	121	
358	121	105	
358	121	356	
358	121	
358	121	
358	121	125	
358	121	113	
358	121	
358	121	
358	121	
358	121	
358	121	
358	121	
358	121	57	
358	121	120	
358	121	
358	121	
358	121	486	
358	121	57	
358	121	
358	121	
358	121	
358	121	
358	121	
358	121	359	
358	121	
358	121	
358	121	
358	121	
358	121	
358	121	
358	121	
358	121	
358	121	
358	121	
358	121	354	
358	121	
358	121	294	
358	121	
358	121	
358	121	
358	121	
358	121	
358	121	
358	121	
358	121	123	
358	121	366	122	
358	121	
358	121	
358	121	
358	121	
358	121	294	
358	121	
358	121	
358	121	57	
358	121	
358	121	
358	121	366	
358	121	
358	121	
358	121	
358	121	359	
358	121	
358	121	
358	121	
358	121	
358	121	
358	121	
358	121	
358	121	
358	121	105	
358	121	
358	121	
358	121	
358	121	
358	121	
358	121	294	
358	121	
358	121	
358	121	
358	121	
358	121	
358	121	
358	121	
358	121	
358	121	57	
358	121	
358	121	326	
358	121	
358	121	125	
358	121	366	
358	121	
358	121	
358	121	
358	121	
358	121	294	
358	121	356	
358	121	
358	121	89	
358	121	
358	121	
358	121	
358	121	
358	121	
358	121	
358	121	
358	121	
358	121	
358	121	
358	121	354	
358	121	
358	121	
358	121	
358	121	
358	121	
358	121	
358	121	
358	121	359	
358	121	
358	121	
358	121	
358	121	
358	121	
358	121	
358	121	374	
358	121	
358	121	
358	121	
358	121	326	
358	121	486	57	
358	121	
358	121	105	
358	121	326	
358	121	
358	121	
358	121	
358	121	
358	121	57	
358	121	
358	121	
358	121	89	
358	121	
358	121	
358	121	
358	121	
358	121	366	
358	121	
358	121	123	
358	121	
358	121	
358	121	
358	121	
358	121	
358	121	249	
358	121	
358	121	
358	121	113	
358	121	
358	121	
358	121	
358	121	
358	121	
358	121	
358	121	
358	121	125	
358	121	
358	121	
358	121	
358	121	249	
358	121	
358	121	89	
358	121	
358	121	
358	121	123	326	
358	121	
358	121	123	
358	121	
358	121	
358	121	
358	121	
358	121	
358	121	
358	121	
358	121	
358	121	
358	121	
358	121	105	354	
358	121	
358	121	
358	121	
358	121	
358	121	113	
358	121	
358	121	
358	121	
358	121	
358	121	366	
358	121	354	
358	121	294	
358	121	
358	121	89	
358	121	
358	121	
358	121	
358	121	
358	121	
358	121	
358	121	
358	121	
358	121	
358	121	
358	121	354	
358	121	105	
358	121	359	
358	121	
358	121	
358	121	
358	121	
358	121	
358	121	
358	121	
358	121	366	
358	121	
358	121	
358	121	
358	121	
358	121	359	374	
358	121	
358	121	123	
358	121	
358	121	356	
358	121	
358	121	
358	121	
358	121	
358	121	
358	121	123	
358	121	
358	121	326	
358	121	
358	121	
358	121	
358	121	
358	121	366	
358	121	294	
358	121	354	
358	121	
358	121	
358	121	
358	121	326	356	
358	121	
358	121	
358	121	57	
358	121	
358	121	
358	121	
358	121	486	
358	121	
358	121	
358	121	113	
358	121	486	
358	121	113	
358	121	294	
358	121	
358	121	
358	121	
358	121	125	
358	121	
358	121	
358	121	
358	121	89	
358	121	
358	121	
358	121	
358	121	
358	121	
358	121	120	
358	121	
358	121	105	
358	121	
358	121	
358	121	
358	121	326	
358	121	
358	121	326	
358	121	
358	121	
358	121	
358	121	
358	121	
358	121	
358	121	294	
358	121	
358	121	
358	121	
358	121	
358	121	
358	121	249	
358	121	
358	121	
358	121	
358	121	
358	121	
358	121	
358	121	
358	121	
358	121	123	
358	121	
358	121	
358	121	
358	121	
358	121	
358	121	120	
358	121	
358	121	
358	121	
358	121	
358	121	
358	121	89	
358	121	
358	121	294	
358	121	
358	121	359	125	
358	121	
358	121	
358	121	89	
358	121	
358	121	
358	121	
358	121	
358	121	
358	121	
358	121	57	
358	121	
358	121	
358	121	
358	121	
358	121	57	
358	121	
358	121	
358	121	
358	121	
358	121	
358	121	
358	121	
358	121	
358	121	91	
358	121	
358	121	
358	121	
358	121	
358	121	
358	121	
358	121	
358	121	
358	121	359	
358	121	
358	121	
358	121	
358	121	
358	121	120	
358	121	
358	121	
358	121	
358	121	
358	121	
358	121	
358	121	
358	121	
358	121	125	
358	121	
358	121	
358	121	
358	121	354	
358	121	374	
358	121	
358	121	
358	121	
358	121	89	
358	121	374	
358	121	
358	121	
358	121	
358	121	
358	121	120	
358	121	
358	121	
358	121	
358	121	
358	121	
358	121	
358	121	
358	121	
358	121	
358	121	
358	121	
358	121	486	
358	121	
