0	0	0	0	0	0	0	0	0	0	0	0	0	0	0	0	0	0	0	0	0	0	0	0	0	0	0	0	0	0	0	0	0	0	0	0	0	0	0	0	0	0	0	0	0	0	0	0	0	0	0	0	0	0	0	0	0	0	0	0	0	0	0	0	0	0	0	0	0	0	0	0	0	0	0	0	0	0	0	0	0	0	0	0	0	0	0	0	0	0	0	0	0	0	0	0	0	0	0	0	0	0	0	0	0	0	0	0	0	0	0	0	0	0	0	0	0	0	0	0	0	0	0	0	0	0	0	0	0	0	0	0	0	0	0	0	0	0	0	0	0	0	0	0	0	0	0	0	0	0	0	0	0	0	0	0	0	0	0	0	0	0	0	0	0	0	0	0	0	0	0	0	0	0	0	0	0	0	0	0	0	0	0	0	0	0	0	0	0	0	0	0	0	0	0	0	0	0	0	0	0	0	0	0	0	0	0	0	0	0	0	0	0	0	0	0	0	0	0	0	0	0	0	0	0	0	0	0	0	0	0	0	0	0	0	0	0	0	0	0	0	0	0	0	0	0	0	0	0	0	0	0	0	0	0	0	0	0	0	0	0	0	0	0	0	0	0	0	0	0	0	0	0	0	0	0	0	0	0	0	0	0	0	0	0	0	0	0	0	0	0	0	0	0	0	0	0	0	0	0	0	0	0	0	0	0	0	0	0	0	0	0	0	0	0	0	0	0	0	0	0	0	0	0	0	0	0	0	0	0	0	0	0	0	0	0	0	0	0	0	0	0	0	0	0	0	0	0	0	0	0	0	0	0	0	0	0	0	0	0	0	0	0	0	0	0	0	0	0	0	0	0	0	0	0	0	0	0	0	0	0	0	0	0	0	0	0	0	0	0	0	0	0	0	0	0	0	0	0	0	0	0	0	0	0	0	0	0	0	0	0	0	0	0	0	0	0	0	0	0	0	0	0	0	0	0	0	0	0	0	0	0	0	0	0	0	0	0	0	0	0	0	0	0	0	0	0	0	0	0	0	0	0	0	0	0	0	0	0	0	0	0	0	0	0	0	0	0	0	0	0	0	0	0	0	0	0	0	0	0	0	0	0	0	0	0	0	0	0	0	0	0	0	0	0	0	0	0	0	0	0	0	0	0	0	0	0	0	0	0	0	0	
16	382	
16	382	0	24	380	8	
16	382	0	478	510	458	459	456	
16	382	0	478	458	508	491	378	
16	382	0	478	458	508	491	444	
16	382	0	478	458	508	491	4	128	490	6	510	495	
16	382	0	478	458	508	491	4	128	6	
16	382	0	478	458	508	491	4	144	427	507	128	394	
16	382	0	478	508	491	4	144	6	427	176	470	
16	0	478	508	491	4	144	490	476	427	
16	0	478	508	491	4	144	152	128	48	
16	0	478	508	491	4	144	152	69	132	68	495	444	64	76	
0	478	491	4	144	152	69	132	68	444	505	
0	478	491	4	144	69	132	68	444	214	489	
0	478	491	4	144	69	132	68	444	445	196	490	2	128	197	
478	491	4	144	69	132	68	444	196	490	148	
478	491	4	144	132	68	444	196	506	362	363	498	428	146	
478	491	4	144	132	68	444	196	204	197	
478	491	4	144	132	68	444	196	410	408	392	456	197	
478	491	4	144	132	68	444	196	410	392	133	459	
478	491	4	144	68	444	196	410	392	415	152	411	428	176	
478	491	4	144	68	444	196	415	411	316	447	152	6	92	380	
478	491	4	144	68	444	196	415	6	495	284	413	373	204	228	
478	491	4	144	68	444	196	415	412	460	476	452	351	287	280	479	70	
478	4	144	68	444	196	415	412	460	476	452	479	427	76	284	404	414	351	
478	4	144	68	444	196	415	412	476	452	479	408	477	404	145	348	
478	4	144	68	444	196	415	412	476	477	452	350	287	198	6	192	70	408	407	
478	4	144	68	444	196	415	412	477	472	287	413	348	414	409	408	
478	4	144	68	444	196	415	412	477	472	287	348	84	344	
478	4	144	68	444	196	415	412	477	287	348	84	413	476	472	
478	4	144	68	444	196	415	412	477	287	348	84	413	472	198	16	
4	144	68	444	196	415	412	477	287	348	413	198	472	408	445	407	410	70	
4	144	68	444	196	415	412	477	287	413	198	472	70	81	65	348	456	409	285	20	408	428	
4	144	68	444	196	415	412	477	287	413	70	81	65	348	408	472	206	198	202	504	80	0	397	456	
4	144	444	196	415	412	477	287	413	70	81	65	348	206	68	
4	144	444	196	415	412	477	413	70	81	65	348	206	428	287	202	436	
4	144	444	196	415	412	477	413	81	65	348	206	192	428	407	
4	144	444	196	415	412	477	413	65	206	407	222	5	409	192	348	214	193	
4	144	444	196	415	412	477	413	206	5	192	193	473	132	128	397	140	
144	444	196	415	412	477	413	206	5	192	193	65	202	
144	444	196	415	412	477	413	206	5	192	65	436	399	1	128	198	
144	444	196	415	412	477	413	206	5	192	65	436	399	2	432	472	
144	444	196	415	412	477	413	206	5	192	65	399	200	
144	444	196	415	412	477	413	206	5	192	65	399	397	132	414	
144	444	196	415	412	477	413	206	5	192	65	399	132	200	201	473	509	198	212	
144	444	196	415	477	413	206	5	192	65	399	132	316	445	
144	196	415	477	413	206	5	192	65	399	132	146	431	
144	196	477	413	206	5	192	65	399	146	130	73	415	411	145	
144	196	477	413	206	65	399	146	130	415	463	186	281	208	80	
196	477	206	65	399	146	415	186	281	144	473	214	447	204	208	
196	477	206	65	399	146	186	130	97	192	
196	477	206	65	399	146	130	397	398	
196	477	206	65	399	146	413	142	415	140	479	18	
196	477	206	65	399	146	142	212	132	150	
196	477	206	65	399	146	142	212	413	134	
196	477	206	65	399	146	142	134	459	
196	477	206	65	399	146	142	134	198	
196	477	206	399	146	142	18	
196	477	206	399	146	142	476	478	
196	477	206	399	142	158	140	
196	206	399	142	
196	399	142	
196	399	142	158	
196	399	142	
196	399	142	204	
196	399	142	128	0	194	
196	399	142	128	129	
196	399	142	128	158	143	192	
196	399	142	128	68	
399	142	128	158	
399	142	128	136	
399	142	128	
399	142	128	134	130	172	
399	142	128	158	174	
399	142	128	132	
399	142	128	130	
399	142	128	
399	142	128	431	430	495	134	
399	142	128	
399	142	128	
399	142	128	
399	142	128	
399	142	128	
399	142	128	
399	142	128	140	
399	142	128	
399	142	128	
399	142	128	
399	142	128	
399	142	128	160	271	
399	142	128	397	
399	142	128	129	
399	142	128	463	
399	142	128	0	
399	142	128	
399	142	128	
399	142	128	
399	142	128	
399	142	128	
399	142	128	
399	142	128	158	30	
399	142	128	
399	142	128	395	397	
399	142	128	
399	142	128	
399	142	128	
399	142	128	140	
399	142	128	397	271	
399	142	128	206	
399	142	128	463	
399	142	128	158	
399	142	128	398	143	
399	142	128	
399	142	128	
399	142	128	140	
399	142	128	
399	142	128	397	430	396	398	
399	142	128	134	
399	142	128	431	
399	142	128	
399	142	128	395	398	
399	142	128	158	140	
399	142	128	
399	142	128	158	
399	128	
399	128	
399	128	136	
399	128	391	192	
399	128	
399	128	415	130	
399	128	
399	128	391	160	
399	128	
399	128	397	
399	128	395	
399	128	
399	128	415	
399	128	
399	128	395	
399	128	463	
399	128	136	
399	128	
399	128	
399	128	
399	128	
399	128	391	
399	128	192	136	
399	128	391	397	423	
399	128	407	279	
399	128	279	343	263	
399	128	279	144	
399	128	279	391	
399	128	279	0	
128	279	130	263	
128	279	130	144	0	208	216	
128	279	144	
128	279	0	129	1	33	
128	279	1	192	37	160	
128	279	1	192	37	
128	279	1	192	37	
279	1	192	37	64	
279	1	192	37	194	64	
279	1	192	37	
279	1	192	37	3	
279	1	37	343	
279	1	37	
279	1	37	
279	1	37	
279	37	263	5	343	
279	37	165	
279	37	
279	37	415	
279	37	
279	37	
279	37	
279	37	
279	37	53	
279	37	
279	37	165	
279	37	
279	37	
279	37	
279	37	263	262	
279	37	407	277	
279	37	
279	37	33	
279	37	275	
279	37	343	
279	37	
279	37	
279	37	
279	37	
279	37	311	
279	37	
279	37	
279	37	39	
279	37	
279	37	
279	37	263	
279	37	53	
279	37	
279	37	
279	37	
279	37	
279	37	
279	37	
279	37	
279	37	311	278	
279	37	
279	37	263	
279	37	263	101	
279	37	5	
279	37	33	
279	37	
279	37	263	
279	37	277	287	
279	37	
279	37	
279	37	36	
279	37	
279	37	
279	37	
279	37	277	53	311	
279	37	
279	37	
279	37	
279	37	
279	37	165	
279	37	
279	37	5	
279	37	263	
279	37	343	
279	37	
279	37	
279	37	
279	37	
279	37	
279	37	165	
279	37	
279	37	
279	37	53	
279	37	53	
279	37	
279	37	
279	37	101	
279	37	
279	37	36	
279	37	
279	37	278	
279	37	
279	37	263	5	
279	37	
279	37	33	
279	37	
279	37	
279	37	263	
279	37	
279	37	
279	37	
279	37	275	
279	37	
279	37	
279	37	
279	37	
279	37	
279	37	
279	37	278	
279	37	
279	37	
279	37	
279	37	263	
279	37	
279	37	263	295	
279	37	
279	37	101	
279	37	
279	37	287	
279	37	
279	37	53	
279	37	
279	37	263	
279	37	311	
279	37	
279	37	
279	37	
279	37	
279	37	263	
279	37	
279	37	
279	37	287	
279	37	
279	37	
279	37	
279	37	
279	37	
279	37	36	
279	37	263	
279	37	
279	37	
279	37	
279	37	
279	37	
279	37	
279	37	
279	37	275	
279	37	
279	37	
279	37	277	
279	37	
279	37	263	
279	37	
279	37	36	
279	37	
279	37	
279	37	
279	37	
279	37	
279	37	
279	37	407	33	277	
279	37	263	
279	37	
279	37	
279	37	36	
279	37	
279	37	263	33	
279	37	
279	37	39	
279	37	
279	37	263	311	
279	37	
279	37	343	
279	37	263	
279	37	
279	37	
279	37	
279	37	
279	37	101	
279	37	277	
279	37	
279	37	101	
279	37	
279	37	
279	37	263	259	
279	37	
279	37	
279	37	311	
279	37	
279	37	
279	37	
279	37	33	311	
279	37	311	
279	37	
279	37	39	
279	37	407	
279	37	
279	37	287	
279	37	311	
279	37	
279	37	
279	37	
279	37	167	
279	37	
279	37	
279	37	278	
279	37	
279	37	
279	37	
279	37	45	
279	37	
279	37	101	
279	37	
279	37	
279	37	263	
279	37	
279	37	343	
279	37	
279	37	
279	37	53	
279	37	
279	37	
279	37	407	
279	37	263	277	
279	37	
279	37	
279	37	
279	37	263	
279	37	101	
279	37	
279	37	
279	37	
279	37	
279	37	275	
279	37	39	
279	37	263	
279	37	
279	37	36	
279	37	263	
279	37	
279	37	
279	37	45	
279	37	277	
279	37	275	
279	37	
279	37	
279	37	
279	37	
279	37	
279	37	
279	37	
279	37	
279	37	
279	37	275	45	
279	37	
279	37	407	
279	37	471	
279	37	
279	37	
279	37	
279	37	263	
279	37	
279	37	
279	37	
279	37	39	
279	37	
279	37	
279	37	407	
279	37	53	181	
279	37	
279	37	
279	37	263	
279	37	
279	37	39	
279	37	
279	37	
279	37	53	45	
279	37	
279	37	
279	37	
279	37	263	
279	37	
279	37	
279	37	
279	37	
279	37	
279	37	287	
279	37	263	
279	37	263	
279	37	287	
279	37	
279	37	
279	37	
279	37	278	
279	37	
279	37	
279	37	
279	37	
279	37	
279	37	
279	37	
279	37	101	311	
279	37	263	
279	37	263	
279	37	
279	37	263	
279	37	263	271	
279	37	263	275	
279	37	343	
279	37	343	
279	37	263	
279	37	
279	37	407	53	
279	37	
279	37	
279	37	
279	37	277	
279	37	
279	37	
279	37	263	327	391	
279	37	
279	37	263	
279	37	
279	37	
279	37	
279	37	
279	37	45	
279	37	
279	37	263	
279	37	
279	37	
279	37	
279	37	
279	37	
279	37	
279	37	277	33	165	
279	37	36	
279	37	
279	37	
279	37	
279	37	407	
279	37	287	
279	37	
279	37	278	
279	37	
279	37	
279	37	311	
279	37	
279	37	
279	37	36	
279	37	
279	37	263	287	165	259	
279	37	45	
279	37	
279	37	165	
279	37	
279	37	
279	37	263	
279	37	263	
279	37	263	
279	37	
279	37	165	
279	37	
279	37	407	
279	37	263	
279	37	
279	37	
279	37	263	
279	37	39	
279	37	
279	37	
279	37	275	
279	37	36	
279	37	
279	37	165	
279	37	
279	37	101	
279	37	
279	37	173	
279	37	278	
279	37	
279	37	
279	37	
279	37	
279	37	
279	37	
279	37	45	
279	37	
279	37	407	39	
279	37	
279	37	
279	37	263	
279	37	117	
279	37	
279	37	45	
279	37	101	
279	37	311	
279	37	
279	37	
279	37	
279	37	407	
279	37	97	
279	37	
279	37	33	
279	37	45	101	
279	37	
279	37	
279	37	
279	37	
279	37	
279	37	
279	37	
279	37	45	
279	37	
279	37	
279	37	
279	37	
279	37	
279	37	
279	37	53	
279	37	
279	37	
279	37	
279	37	
279	37	278	
279	37	
279	37	
279	37	
279	37	277	101	
279	37	101	
279	37	
279	37	263	101	
279	37	
279	37	407	
279	37	
279	37	277	45	
279	37	
279	37	
279	37	
279	37	
279	37	275	
279	37	263	
279	37	
279	37	263	
279	37	53	275	
279	37	
279	37	263	
279	37	278	
279	37	33	
279	37	
279	37	39	
279	37	
279	37	
279	37	
279	37	
279	37	
279	37	
279	37	
279	37	263	
279	37	165	45	
279	37	
279	37	
279	37	
279	37	
279	37	
279	37	
279	37	287	
279	37	263	391	
279	37	263	
279	37	263	
279	37	
279	37	311	
279	37	
279	37	
279	37	
279	37	
279	37	
279	37	263	
279	37	
279	37	263	
279	37	
279	37	
279	37	
279	37	45	
279	37	101	310	
279	37	
279	37	
279	37	
279	37	
279	37	
279	37	277	
279	37	
279	37	165	
279	37	
279	37	
279	37	
279	37	
279	37	5	
279	37	
279	37	
279	37	101	
279	37	33	287	
279	37	
279	37	
279	37	
279	37	407	
279	37	
279	37	407	
279	37	
279	37	
279	37	
279	37	
279	37	
279	37	343	
279	37	
279	37	36	
279	37	
279	37	
279	37	39	
279	37	
279	37	277	
279	37	
279	37	33	53	
279	37	
279	37	263	
279	37	
279	37	
279	37	
279	37	407	
279	37	
279	37	
279	37	343	5	
279	37	
279	37	
279	37	45	
279	37	275	
279	37	
279	37	
279	37	
279	37	263	
279	37	
279	37	
279	37	
279	37	
279	37	263	261	
279	37	
279	37	
279	37	45	
279	37	
279	37	
279	37	275	
279	37	165	
279	37	311	
279	37	
279	37	165	
279	37	311	
279	37	
279	37	
279	37	165	
279	37	
279	37	
279	37	
279	37	5	
279	37	263	36	
279	37	
279	37	36	
279	37	
279	37	
279	37	263	
279	37	
279	37	
279	37	39	
279	37	33	
279	37	
279	37	
279	37	101	
279	37	263	
279	37	
279	37	
279	37	277	
279	37	
279	37	53	5	
279	37	
279	37	278	
279	37	5	
279	37	
279	37	
279	37	
279	37	
279	37	
279	37	
279	37	263	
279	37	
279	37	
279	37	278	
279	37	
279	37	5	101	
279	37	407	
279	37	278	
279	37	
279	37	
279	37	287	101	
279	37	
279	37	
279	37	
279	37	
279	37	
279	37	165	
279	37	
279	37	
279	37	275	
279	37	
279	37	
279	37	5	
279	37	
279	37	
279	37	287	
279	37	
279	37	
279	37	
279	37	
279	37	
279	37	55	
279	37	
279	37	
279	37	33	
279	37	
279	37	
279	37	165	
279	37	
279	37	
279	37	
279	37	36	311	
279	37	
279	37	
279	37	
279	37	
279	37	
279	37	287	339	
279	37	
279	37	263	
279	37	
279	37	36	
279	37	
279	37	
279	37	311	
279	37	39	
279	37	
279	37	36	
279	37	
279	37	
279	37	39	
279	37	263	
279	37	263	
279	37	263	39	
279	37	
279	37	
279	37	
279	37	
279	37	
279	37	
279	37	
279	37	407	
279	37	
279	37	287	
279	37	263	
279	37	
279	37	
279	37	
279	37	
279	37	
279	37	
279	37	278	
279	37	
279	37	278	
279	37	
279	37	
279	37	
279	37	33	
279	37	263	
279	37	
279	37	39	33	
279	37	
279	37	
279	37	
279	37	
279	37	
279	37	263	
279	37	
279	37	
279	37	117	101	
279	37	311	69	
279	37	278	
279	37	
279	37	
279	37	
279	37	
279	37	
279	37	
279	37	
279	37	
279	37	101	
279	37	277	
279	37	
279	37	
279	37	
279	37	
279	37	263	165	
279	37	39	36	
279	37	
279	37	101	
279	37	
279	37	
279	37	
279	37	165	
279	37	263	
279	37	
279	37	
279	37	5	275	
279	37	277	278	
279	37	
279	37	
279	37	
279	37	
279	37	
279	37	
279	37	173	
279	37	
279	37	278	
279	37	36	
279	37	407	
279	37	
279	37	
279	37	
279	37	36	
279	37	263	
279	37	
279	37	
279	37	101	
279	37	
279	37	263	
279	37	
279	37	343	311	
279	37	
279	37	
279	37	351	45	
279	37	263	45	
279	37	263	
279	37	278	
279	37	
279	37	263	53	36	39	
279	37	
279	37	
279	37	
279	37	
279	37	
279	37	
279	37	39	
279	37	
279	37	
279	37	165	
279	37	36	
279	37	263	327	
279	37	
279	37	
279	37	263	285	343	33	
279	37	
279	37	
279	37	
279	37	
279	37	
279	37	287	36	
279	37	
279	37	
279	37	
279	37	
279	37	
279	37	
279	37	
279	37	165	39	
279	37	
279	37	
279	37	
279	37	
279	37	
279	37	407	
279	37	
279	37	
279	37	263	
279	37	
279	37	
279	37	
279	37	
279	37	
279	37	263	311	
279	37	263	
279	37	
279	37	278	
279	37	5	
279	37	
279	37	
279	37	36	
279	37	
279	37	
279	37	
279	37	263	
279	37	
279	37	
279	37	343	
279	37	
279	37	
279	37	
279	37	
279	37	311	5	
279	37	
279	37	36	
279	37	278	
279	37	
279	37	
279	37	
279	37	
279	37	
279	37	
279	37	
279	37	45	
279	37	
279	37	
279	37	39	
279	37	
279	37	
279	37	
279	37	
279	37	
279	37	263	
279	37	45	5	
279	37	263	
279	37	33	
279	37	263	
279	37	
279	37	263	
279	37	
279	37	263	
279	37	
279	37	
279	37	263	
279	37	45	
279	37	53	
279	37	263	
279	37	
279	37	
279	37	287	53	
279	37	
279	37	
279	37	
279	37	263	
279	37	
279	37	173	
279	37	173	
279	37	173	
279	37	173	
279	37	173	263	
279	37	173	141	
279	37	173	141	
279	37	173	
279	37	173	343	39	
279	37	173	
279	37	173	
279	37	173	
279	37	173	45	
279	37	173	278	33	
279	37	173	
279	37	173	263	
279	37	
279	37	
279	37	
279	37	287	
279	37	391	
279	37	
279	37	
279	37	
279	37	287	7	5	
279	37	263	
279	37	263	53	
279	37	
279	37	
279	37	
279	37	
279	37	
279	37	
279	37	263	
279	37	165	
279	37	
279	37	
279	37	45	
279	37	33	
279	37	
279	37	101	
279	37	
279	37	
279	37	
279	37	
279	37	343	
279	37	275	
279	37	
279	37	
279	37	101	
279	37	287	5	
279	37	
279	37	
279	37	53	49	
279	37	36	277	285	
279	37	407	
279	37	
279	37	53	
279	37	
279	37	173	
279	37	263	
279	37	
279	37	
279	37	
279	37	
279	37	101	
279	37	287	53	
279	37	
279	37	
279	37	5	
279	37	
279	37	
279	37	45	
279	37	278	
279	37	
279	37	
279	37	
279	37	45	
279	37	
279	37	
279	37	165	
279	37	53	
279	37	
279	37	
279	37	36	277	
279	37	
279	37	
279	37	
279	37	
279	37	
279	37	407	275	
279	37	407	
279	37	36	
279	37	263	
279	37	36	
279	37	343	
279	37	263	5	
279	37	
279	37	33	
279	37	
279	37	263	
279	37	263	165	
279	37	5	
279	37	263	
279	37	275	
279	37	407	
279	37	
279	37	
279	37	
279	37	
279	37	
279	37	263	287	
279	37	165	
279	37	
279	37	343	
