1	220	251	471
2	204	221	425
3	207	189	396
4	186	204	390
5	203	206	409
6	207	217	424
7	213	231	444
8	211	209	420
9	218	194	412
10	268	176	444
11	309	178	487
12	280	203	483
13	267	222	489
14	277	190	467
15	274	235	509
16	290	251	541
17	267	252	519
18	251	279	530
19	240	273	513
20	207	269	476
21	217	302	519
22	220	332	552
23	209	327	536
24	217	347	564
25	232	336	568
26	234	332	566
27	249	341	590
28	242	341	583
29	259	354	613
30	242	338	580
31	262	335	597
32	242	344	586
33	247	342	589
34	253	325	578
35	248	323	571
36	260	329	589
37	267	335	602
38	251	350	601
39	249	357	606
40	248	353	601
41	235	349	584
42	244	341	585
43	227	334	561
44	236	343	579
45	239	359	598
46	258	356	614
47	265	340	605
48	268	351	619
49	263	327	590
50	256	340	596
51	227	321	548
52	250	320	570
53	249	343	592
54	248	374	622
55	255	347	602
56	261	345	606
57	246	340	586
58	278	337	615
59	253	315	568
60	246	360	606
61	259	316	575
62	288	291	579
63	272	248	520
64	283	253	536
65	263	231	494
66	267	200	467
67	266	218	484
68	270	204	474
69	257	233	490
70	246	241	487
71	242	244	486
72	251	246	497
73	242	245	487
74	222	245	467
75	255	267	522
76	266	272	538
77	289	282	571
78	303	247	550
79	305	212	517
80	335	191	526
81	375	195	570
82	376	192	568
83	353	192	545
84	334	221	555
85	315	218	533
86	341	229	570
87	344	264	608
88	345	285	630
89	339	312	651
90	351	329	680
91	336	320	656
92	331	317	648
93	365	304	669
94	356	307	663
95	362	319	681
96	343	326	669
97	342	320	662
98	341	311	652
99	343	321	664
100	360	316	676
101	346	293	639
102	339	296	635
103	357	292	649
104	356	292	648
105	349	288	637
106	346	298	644
107	342	287	629
108	362	273	635
109	337	289	626
110	344	270	614
111	328	279	607
112	359	265	624
113	365	276	641
114	360	273	633
115	348	238	586
116	346	273	619
117	325	281	606
118	328	277	605
119	304	287	591
120	288	270	558
121	287	289	576
122	241	274	515
123	250	270	520
124	246	277	523
125	231	282	513
126	214	282	496
127	203	261	464
128	201	287	488
129	189	293	482
130	207	302	509
131	230	288	518
132	241	277	518
133	249	230	479
134	273	230	503
135	290	246	536
136	314	255	569
137	337	296	633
138	319	334	653
139	340	371	711
140	338	344	682
141	331	356	687
142	337	359	696
143	322	349	671
144	341	355	696
145	343	362	705
146	349	349	698
147	312	368	680
148	354	343	697
149	337	328	665
150	350	352	702
151	358	351	709
152	373	336	709
153	355	348	703
154	318	342	660
155	346	351	697
156	334	354	688
157	351	312	663
158	341	325	666
159	323	334	657
160	336	353	689
161	350	367	717
162	370	368	738
163	343	333	676
164	358	325	683
165	354	354	708
166	359	365	724
167	336	352	688
168	348	358	706
169	328	337	665
170	319	364	683
171	327	342	669
172	341	336	677
173	324	346	670
174	351	335	686
175	337	333	670
176	313	328	641
177	305	331	636
178	345	352	697
179	357	331	688
180	315	337	652
181	342	359	701
182	327	360	687
183	331	349	680
184	344	342	686
185	315	359	674
186	327	373	700
187	333	369	702
188	342	353	695
189	352	348	700
190	332	346	678
191	353	326	679
192	339	364	703
193	353	345	698
194	354	354	708
195	340	346	686
196	353	356	709
197	315	358	673
198	335	357	692
199	373	366	739
200	355	311	666
201	345	368	713
202	343	342	685
203	338	348	686
204	329	345	674
205	306	350	656
206	336	361	697
207	344	364	708
208	338	330	668
209	356	362	718
210	315	349	664
211	332	354	686
212	353	344	697
213	347	341	688
214	337	344	681
215	340	342	682
216	321	333	654
217	340	355	695
218	347	344	691
219	353	350	703
220	332	375	707
221	344	351	695
222	362	336	698
223	356	333	689
224	365	331	696
225	355	337	692
226	343	343	686
227	339	334	673
228	321	331	652
229	338	321	659
230	334	350	684
231	364	346	710
232	358	361	719
233	342	341	683
234	340	343	683
235	348	341	689
236	326	343	669
237	345	342	687
238	333	350	683
239	340	348	688
240	339	330	669
241	326	360	686
242	337	354	691
243	306	346	652
244	341	353	694
245	338	355	693
246	329	355	684
247	348	342	690
248	345	338	683
249	332	317	649
250	339	335	674
251	370	330	700
252	342	296	638
253	350	262	612
254	327	278	605
255	340	269	609
256	347	267	614
257	354	254	608
258	345	249	594
259	373	231	604
260	359	211	570
261	335	236	571
262	332	226	558
263	310	260	570
264	282	253	535
265	261	249	510
266	246	245	491
267	263	240	503
268	257	248	505
269	245	257	502
270	244	266	510
271	252	268	520
272	244	263	507
273	244	258	502
274	220	273	493
275	238	261	499
276	235	259	494
277	217	270	487
278	233	240	473
279	226	251	477
280	237	242	479
281	222	253	475
282	205	258	463
283	228	253	481
284	237	236	473
285	252	257	509
286	233	278	511
287	221	280	501
288	230	296	526
289	237	270	507
290	237	283	520
291	247	277	524
292	306	325	631
293	319	331	650
294	311	320	631
295	337	345	682
296	357	311	668
297	340	341	681
298	349	336	685
299	320	346	666
300	362	366	728
301	337	341	678
302	372	376	748
303	336	377	713
304	357	355	712
305	385	310	695
306	376	317	693
307	346	359	705
308	365	322	687
309	355	355	710
310	366	340	706
311	354	362	716
312	352	340	692
313	359	311	670
314	348	332	680
315	337	359	696
316	318	352	670
317	354	350	704
318	340	366	706
319	368	350	718
320	393	352	745
321	370	344	714
322	352	350	702
323	368	356	724
324	350	364	714
325	366	378	744
326	380	375	755
327	383	340	723
328	380	348	728
329	363	362	725
330	351	338	689
331	363	363	726
332	347	354	701
333	350	344	694
334	345	348	693
335	349	367	716
336	366	352	718
337	353	331	684
338	340	340	680
339	346	335	681
340	342	347	689
341	341	358	699
342	372	356	728
343	327	364	691
344	352	369	721
345	347	351	698
346	349	348	697
347	349	320	669
348	366	336	702
349	371	325	696
350	368	349	717
351	338	347	685
352	338	340	678
353	384	350	734
354	354	332	686
355	359	337	696
356	362	315	677
357	362	329	691
358	388	328	716
359	370	326	696
360	357	322	679
361	362	335	697
362	316	330	646
363	336	342	678
364	366	337	703
365	353	315	668
366	365	323	688
367	349	305	654
368	342	283	625
369	348	265	613
370	359	268	627
371	320	297	617
372	359	296	655
373	358	280	638
374	342	315	657
375	376	290	666
376	368	269	637
377	356	252	608
378	373	239	612
379	355	255	610
380	364	272	636
381	361	270	631
382	367	244	611
383	359	254	613
384	345	256	601
385	352	259	611
386	334	251	585
387	353	251	604
388	351	243	594
389	354	250	604
390	335	246	581
391	355	228	583
392	348	259	607
393	354	248	602
394	368	250	618
395	362	220	582
396	354	228	582
397	361	239	600
398	357	250	607
399	335	249	584
400	346	217	563
401	349	213	562
402	360	229	589
403	355	216	571
404	355	218	573
405	346	214	560
406	355	215	570
407	339	221	560
408	347	202	549
409	322	237	559
410	341	236	577
411	328	239	567
412	301	267	568
413	269	250	519
414	282	254	536
415	272	244	516
416	259	254	513
417	237	247	484
418	218	230	448
419	224	239	463
420	217	260	477
421	177	242	419
422	179	237	416
423	190	233	423
424	194	210	404
425	221	199	420
426	268	212	480
427	230	214	444
428	273	221	494
429	291	235	526
430	288	248	536
431	286	221	507
432	277	250	527
433	264	251	515
434	316	261	577
435	331	228	559
436	335	252	587
437	334	290	624
438	354	286	640
439	337	313	650
440	335	322	657
441	336	351	687
442	350	355	705
443	343	347	690
444	341	341	682
445	353	375	728
446	357	384	741
447	342	397	739
448	355	385	740
449	345	380	725
450	330	382	712
451	355	357	712
452	359	371	730
453	366	347	713
454	339	360	699
455	340	353	693
456	340	352	692
457	339	372	711
458	349	356	705
459	340	351	691
460	354	352	706
461	361	359	720
462	362	341	703
463	351	359	710
464	332	353	685
465	350	372	722
466	346	357	703
467	364	357	721
468	359	358	717
469	347	362	709
470	347	353	700
471	339	361	700
472	345	337	682
473	345	351	696
474	337	366	703
475	357	364	721
476	332	389	721
477	328	375	703
478	334	354	688
479	347	350	697
480	334	359	693
481	366	359	725
482	347	364	711
483	352	368	720
484	351	363	714
485	315	383	698
486	346	381	727
487	371	377	748
488	347	377	724
489	339	360	699
490	353	363	716
491	361	382	743
492	338	374	712
493	351	386	737
494	340	369	709
495	366	358	724
496	353	361	714
497	363	369	732
498	345	358	703
499	351	360	711
500	346	379	725
501	360	337	697
502	338	361	699
503	336	370	706
504	355	369	724
505	363	386	749
506	365	378	743
507	345	338	683
508	365	332	697
509	365	354	719
510	316	365	681
511	339	376	715
512	332	355	687
513	341	344	685
514	357	368	725
515	341	379	720
516	376	380	756
517	343	374	717
518	350	385	735
519	365	379	744
520	355	373	728
521	352	360	712
522	349	341	690
523	351	359	710
524	360	403	763
525	335	365	700
526	361	370	731
527	347	374	721
528	331	347	678
529	356	364	720
530	323	370	693
531	330	379	709
532	352	369	721
533	367	364	731
534	353	367	720
535	366	364	730
536	356	376	732
537	350	389	739
538	320	385	705
539	341	342	683
540	346	356	702
541	344	374	718
542	359	354	713
543	361	378	739
544	336	376	712
545	345	377	722
546	343	375	718
547	361	349	710
548	348	380	728
549	350	366	716
550	339	366	705
551	341	369	710
552	336	370	706
553	362	366	728
554	359	363	722
555	342	373	715
556	347	380	727
557	363	340	703
558	333	372	705
559	357	369	726
560	357	360	717
561	348	380	728
562	353	335	688
563	353	330	683
564	363	352	715
565	346	361	707
566	337	359	696
567	336	374	710
568	322	377	699
569	360	366	726
570	343	364	707
571	348	367	715
572	331	389	720
573	348	391	739
574	327	383	710
575	328	371	699
576	353	368	721
577	350	356	706
578	329	368	697
579	384	388	772
580	353	366	719
581	375	357	732
582	368	392	760
583	358	346	704
584	351	367	718
585	380	373	753
586	352	385	737
587	358	388	746
588	355	368	723
589	362	386	748
590	328	358	686
591	362	375	737
592	357	371	728
593	341	362	703
594	339	389	728
595	344	364	708
596	329	353	682
597	350	359	709
598	341	337	678
599	336	358	694
600	348	369	717
601	358	356	714
602	348	349	697
603	359	354	713
604	357	381	738
605	343	372	715
606	347	355	702
607	355	359	714
608	338	374	712
609	345	371	716
610	375	353	728
611	359	359	718
612	379	351	730
613	357	383	740
614	372	380	752
615	365	362	727
616	357	360	717
617	351	365	716
618	332	350	682
619	327	382	709
620	373	378	751
621	355	376	731
622	347	358	705
623	348	373	721
624	348	374	722
625	348	357	705
626	342	368	710
627	377	376	753
628	365	369	734
629	361	344	705
630	352	365	717
631	338	354	692
632	348	354	702
633	364	370	734
634	366	359	725
635	350	384	734
636	374	369	743
637	347	378	725
638	361	366	727
639	358	342	700
640	368	353	721
641	364	377	741
642	344	372	716
643	355	356	711
644	366	379	745
645	362	356	718
646	358	362	720
647	377	370	747
648	350	388	738
649	351	352	703
650	349	357	706
651	354	379	733
652	329	369	698
653	355	370	725
654	375	354	729
655	371	362	733
656	374	346	720
657	331	353	684
658	359	361	720
659	350	355	705
660	344	355	699
661	335	368	703
662	348	368	716
663	358	356	714
664	351	389	740
665	346	357	703
666	354	372	726
667	343	355	698
668	362	353	715
669	364	381	745
670	351	347	698
671	352	348	700
672	333	358	691
673	327	361	688
674	346	377	723
675	342	365	707
676	327	381	708
677	333	364	697
678	347	366	713
679	349	382	731
680	346	370	716
681	334	368	702
682	349	364	713
683	357	380	737
684	350	387	737
685	344	369	713
686	335	361	696
687	354	370	724
688	362	375	737
689	352	343	695
690	363	356	719
691	338	378	716
692	370	375	745
693	361	388	749
694	363	390	753
695	345	378	723
696	335	368	703
697	359	375	734
698	345	365	710
699	345	358	703
700	350	380	730
701	344	369	713
702	365	381	746
703	344	353	697
704	337	372	709
705	324	354	678
706	351	368	719
707	353	363	716
708	350	344	694
709	338	374	712
710	358	363	721
711	344	353	697
712	371	362	733
713	352	370	722
714	355	366	721
715	370	380	750
716	357	356	713
717	351	371	722
718	336	356	692
719	341	363	704
720	332	363	695
721	359	358	717
722	339	338	677
723	359	343	702
724	359	329	688
725	371	356	727
726	337	383	720
727	357	360	717
728	376	371	747
729	351	345	696
730	363	374	737
731	359	359	718
732	357	375	732
733	343	406	749
734	375	374	749
735	350	355	705
736	347	384	731
737	357	363	720
738	364	388	752
739	350	376	726
740	365	381	746
741	337	364	701
742	355	379	734
743	354	359	713
744	360	371	731
745	365	349	714
746	329	375	704
747	344	385	729
748	358	376	734
749	363	359	722
750	337	393	730
751	343	394	737
752	364	361	725
753	361	345	706
754	363	354	717
755	344	363	707
756	347	356	703
757	352	370	722
758	362	367	729
759	370	375	745
760	364	366	730
761	344	339	683
762	384	355	739
763	375	397	772
764	347	363	710
765	357	353	710
766	356	355	711
767	368	387	755
768	371	371	742
769	345	380	725
770	352	372	724
771	354	356	710
772	337	362	699
773	332	377	709
774	332	361	693
775	364	346	710
776	366	349	715
777	346	377	723
778	334	373	707
779	350	335	685
780	340	359	699
781	345	368	713
782	341	358	699
783	356	348	704
784	365	345	710
785	356	361	717
786	348	350	698
787	363	331	694
788	352	377	729
789	354	356	710
790	327	369	696
791	337	365	702
792	336	376	712
793	347	366	713
794	345	367	712
795	341	358	699
796	341	377	718
797	337	365	702
798	340	386	726
799	368	355	723
800	354	364	718
801	373	362	735
802	350	380	730
803	332	369	701
804	355	353	708
805	384	375	759
806	374	367	741
807	394	352	746
808	374	347	721
809	361	381	742
810	356	363	719
811	343	357	700
812	323	366	689
813	344	367	711
814	331	367	698
815	356	346	702
816	352	338	690
817	349	377	726
818	332	402	734
819	362	374	736
820	343	372	715
821	357	373	730
822	333	378	711
823	337	380	717
824	355	347	702
825	340	365	705
826	322	354	676
827	365	365	730
828	350	373	723
829	350	359	709
830	375	361	736
831	362	396	758
832	377	372	749
833	359	367	726
834	348	375	723
835	345	348	693
836	364	373	737
837	352	367	719
838	360	359	719
839	344	344	688
840	371	335	706
841	368	369	737
842	346	365	711
843	335	362	697
844	330	377	707
845	339	362	701
846	357	371	728
847	352	369	721
848	360	385	745
849	342	361	703
850	358	369	727
851	358	374	732
852	371	374	745
853	343	372	715
854	344	356	700
855	372	356	728
856	342	389	731
857	351	378	729
858	349	360	709
859	365	367	732
860	355	359	714
861	342	364	706
862	322	372	694
863	357	397	754
864	344	405	749
865	362	388	750
866	354	368	722
867	339	356	695
868	345	364	709
869	337	370	707
870	363	357	720
871	359	339	698
872	375	369	744
873	355	375	730
874	362	360	722
875	364	350	714
876	350	367	717
877	362	363	725
878	340	367	707
879	354	382	736
880	376	367	743
881	338	373	711
882	327	373	700
883	347	373	720
884	355	380	735
885	324	369	693
886	352	370	722
887	354	356	710
888	349	364	713
889	345	365	710
890	339	370	709
891	340	384	724
892	324	367	691
893	347	355	702
894	373	361	734
895	355	359	714
896	350	374	724
897	342	376	718
898	348	377	725
899	392	358	750
900	342	359	701
901	367	363	730
902	394	364	758
903	358	371	729
904	368	340	708
905	362	358	720
906	361	374	735
907	371	361	732
908	331	383	714
909	336	364	700
910	354	373	727
911	361	343	704
912	344	352	696
913	350	363	713
914	355	366	721
915	346	337	683
916	380	383	763
917	356	365	721
918	367	360	727
919	359	357	716
920	335	386	721
921	358	381	739
922	353	370	723
923	358	370	728
924	354	379	733
925	339	360	699
926	340	377	717
927	341	367	708
928	359	353	712
929	348	345	693
930	355	364	719
931	349	358	707
932	352	367	719
933	346	382	728
934	378	362	740
935	341	354	695
936	320	379	699
937	374	383	757
938	361	345	706
939	341	364	705
940	361	367	728
941	351	372	723
942	366	373	739
943	342	370	712
944	370	346	716
945	358	361	719
946	361	388	749
947	349	377	726
948	376	349	725
949	354	388	742
950	349	365	714
951	353	368	721
952	368	371	739
953	366	362	728
954	346	366	712
955	361	372	733
956	354	362	716
957	355	366	721
958	342	352	694
959	363	359	722
960	366	368	734
961	344	368	712
962	358	353	711
963	364	349	713
964	360	357	717
965	341	356	697
966	340	340	680
967	372	366	738
968	368	351	719
969	371	384	755
970	332	369	701
971	334	377	711
972	350	351	701
973	354	359	713
974	374	373	747
975	360	373	733
976	344	375	719
977	371	357	728
978	354	385	739
979	341	347	688
980	363	353	716
981	351	359	710
982	343	348	691
983	332	341	673
984	372	346	718
985	355	363	718
986	333	374	707
987	335	350	685
988	340	370	710
989	366	375	741
990	331	381	712
991	346	374	720
992	341	365	706
993	362	341	703
994	370	357	727
995	347	382	729
996	352	376	728
997	347	359	706
998	357	382	739
999	344	357	701
1000	347	355	702
1001	357	375	732
1002	348	380	728
1003	373	361	734
1004	348	351	699
1005	353	353	706
1006	342	377	719
1007	366	363	729
1008	350	348	698
1009	372	359	731
1010	342	363	705
1011	357	363	720
1012	355	363	718
1013	377	338	715
1014	360	364	724
1015	353	379	732
1016	373	359	732
1017	345	358	703
1018	356	354	710
1019	365	356	721
1020	357	364	721
1021	341	371	712
1022	338	370	708
1023	330	378	708
1024	358	349	707
1025	334	339	673
1026	348	356	704
1027	366	383	749
1028	359	361	720
1029	359	359	718
1030	378	369	747
1031	304	342	646
1032	342	365	707
1033	348	374	722
1034	346	403	749
1035	339	370	709
1036	355	337	692
1037	342	381	723
1038	351	343	694
1039	354	362	716
1040	361	349	710
1041	369	355	724
1042	346	370	716
1043	345	356	701
1044	341	351	692
1045	325	365	690
1046	363	357	720
1047	353	373	726
1048	339	374	713
1049	356	368	724
1050	340	366	706
1051	349	349	698
1052	356	357	713
1053	318	351	669
1054	334	359	693
1055	357	363	720
1056	336	371	707
1057	326	380	706
1058	336	375	711
1059	357	370	727
1060	372	357	729
1061	340	368	708
1062	322	383	705
1063	336	374	710
1064	357	363	720
1065	357	375	732
1066	344	377	721
1067	361	377	738
1068	339	362	701
1069	359	364	723
1070	320	397	717
1071	350	338	688
1072	339	372	711
1073	345	377	722
1074	339	385	724
1075	344	369	713
1076	356	387	743
1077	338	380	718
1078	357	377	734
1079	359	356	715
1080	351	364	715
1081	340	352	692
1082	350	357	707
1083	365	358	723
1084	378	361	739
1085	363	351	714
1086	355	328	683
1087	360	358	718
1088	347	357	704
1089	351	382	733
1090	353	364	717
1091	363	365	728
1092	358	348	706
1093	354	348	702
1094	332	377	709
1095	348	375	723
1096	342	370	712
1097	355	377	732
1098	365	365	730
1099	353	374	727
1100	336	362	698
1101	337	373	710
1102	350	357	707
1103	350	368	718
1104	355	367	722
1105	347	382	729
1106	343	368	711
1107	337	364	701
1108	363	340	703
1109	353	346	699
1110	338	376	714
1111	357	355	712
1112	340	364	704
1113	347	375	722
1114	339	389	728
1115	321	362	683
1116	354	363	717
1117	367	369	736
1118	384	366	750
1119	391	349	740
1120	349	367	716
1121	344	373	717
1122	345	364	709
1123	343	361	704
1124	349	368	717
1125	357	378	735
1126	361	359	720
1127	352	382	734
1128	346	378	724
1129	376	367	743
1130	364	366	730
1131	367	364	731
1132	342	371	713
1133	355	385	740
1134	357	358	715
1135	339	337	676
1136	358	373	731
1137	347	373	720
1138	367	359	726
1139	342	364	706
1140	357	407	764
1141	351	396	747
1142	347	345	692
1143	371	344	715
1144	356	360	716
1145	341	386	727
1146	337	403	740
1147	352	376	728
1148	328	367	695
1149	352	387	739
1150	348	369	717
1151	333	359	692
1152	339	342	681
1153	344	375	719
1154	345	385	730
1155	347	365	712
1156	344	351	695
1157	345	358	703
1158	336	365	701
1159	362	368	730
1160	356	377	733
1161	361	373	734
1162	350	373	723
1163	344	370	714
1164	324	347	671
1165	339	348	687
1166	327	377	704
1167	365	373	738
1168	336	378	714
1169	353	387	740
1170	353	394	747
1171	372	344	716
1172	343	365	708
1173	350	362	712
1174	364	378	742
1175	357	371	728
1176	338	383	721
1177	349	381	730
1178	349	361	710
1179	359	371	730
1180	356	357	713
1181	336	359	695
1182	352	355	707
1183	349	368	717
1184	368	382	750
1185	348	373	721
1186	378	361	739
1187	343	378	721
1188	333	356	689
1189	337	379	716
1190	353	363	716
1191	362	367	729
1192	349	385	734
1193	351	342	693
1194	328	352	680
1195	381	328	709
1196	357	363	720
1197	355	366	721
1198	350	380	730
1199	355	381	736
1200	347	366	713
1201	330	360	690
1202	349	368	717
1203	341	356	697
1204	351	359	710
1205	348	365	713
1206	351	350	701
1207	346	365	711
1208	346	359	705
1209	353	362	715
1210	358	372	730
1211	344	361	705
1212	348	392	740
1213	349	360	709
1214	358	389	747
1215	352	348	700
1216	340	354	694
1217	341	376	717
1218	350	379	729
1219	344	374	718
1220	369	368	737
1221	351	363	714
1222	360	342	702
1223	364	371	735
1224	361	340	701
1225	356	347	703
1226	327	375	702
1227	331	378	709
1228	359	369	728
1229	371	368	739
1230	357	383	740
1231	375	360	735
1232	362	348	710
1233	375	356	731
1234	362	360	722
1235	344	355	699
1236	348	363	711
1237	351	364	715
1238	361	376	737
1239	360	396	756
1240	358	371	729
1241	360	348	708
1242	338	366	704
1243	349	348	697
1244	359	369	728
1245	355	376	731
1246	343	370	713
1247	336	356	692
1248	346	376	722
1249	349	358	707
1250	368	363	731
1251	361	363	724
1252	347	375	722
1253	344	352	696
1254	339	341	680
1255	373	374	747
1256	346	343	689
1257	339	351	690
1258	360	358	718
1259	355	378	733
1260	363	363	726
1261	358	360	718
1262	336	358	694
1263	323	364	687
1264	356	383	739
1265	355	366	721
1266	336	366	702
1267	346	355	701
1268	335	375	710
1269	346	364	710
1270	356	364	720
1271	373	357	730
1272	353	367	720
1273	354	371	725
1274	354	351	705
1275	347	379	726
1276	364	360	724
1277	337	342	679
1278	343	357	700
1279	332	355	687
1280	350	374	724
1281	354	373	727
1282	345	380	725
1283	351	373	724
1284	352	374	726
1285	344	368	712
1286	342	349	691
1287	362	356	718
1288	352	359	711
1289	335	361	696
1290	350	355	705
1291	349	362	711
1292	345	366	711
1293	355	361	716
1294	354	355	709
1295	349	364	713
1296	337	380	717
1297	358	349	707
1298	359	352	711
1299	342	372	714
1300	344	353	697
1301	343	353	696
1302	327	381	708
1303	364	374	738
1304	354	351	705
1305	363	374	737
1306	332	337	669
1307	345	366	711
1308	335	359	694
1309	364	353	717
1310	340	373	713
1311	348	372	720
1312	345	359	704
1313	347	370	717
1314	340	369	709
1315	344	370	714
1316	382	382	764
1317	386	367	753
1318	352	361	713
1319	333	369	702
1320	353	383	736
1321	348	355	703
1322	369	362	731
1323	354	385	739
1324	366	379	745
1325	339	396	735
1326	345	354	699
1327	352	353	705
1328	357	345	702
1329	358	383	741
1330	370	362	732
1331	356	366	722
1332	355	351	706
1333	343	376	719
1334	329	370	699
1335	365	357	722
1336	358	352	710
1337	361	373	734
1338	323	365	688
1339	343	356	699
1340	335	359	694
1341	332	374	706
1342	348	361	709
1343	371	363	734
1344	331	372	703
1345	337	363	700
1346	336	366	702
1347	352	356	708
1348	353	374	727
1349	377	358	735
1350	361	354	715
1351	354	367	721
1352	331	375	706
1353	327	359	686
1354	347	361	708
1355	350	392	742
1356	360	352	712
1357	361	354	715
1358	357	368	725
1359	349	367	716
1360	356	340	696
1361	346	366	712
1362	354	372	726
1363	349	360	709
1364	323	362	685
1365	352	349	701
1366	326	368	694
1367	337	355	692
1368	346	368	714
1369	355	376	731
1370	341	390	731
1371	364	360	724
1372	360	370	730
1373	330	349	679
1374	360	365	725
1375	352	374	726
1376	348	351	699
1377	319	372	691
1378	336	367	703
1379	360	366	726
1380	356	364	720
1381	351	390	741
1382	361	361	722
1383	363	364	727
1384	368	359	727
1385	357	385	742
1386	327	380	707
1387	355	357	712
1388	355	364	719
1389	346	364	710
1390	367	370	737
1391	355	357	712
1392	350	375	725
1393	345	363	708
1394	336	338	674
1395	350	375	725
1396	355	344	699
1397	348	373	721
1398	380	358	738
1399	347	380	727
1400	332	356	688
1401	355	346	701
1402	337	373	710
1403	368	361	729
1404	379	340	719
1405	352	360	712
1406	356	376	732
1407	355	367	722
1408	341	367	708
1409	342	364	706
1410	341	345	686
1411	362	381	743
1412	346	375	721
1413	351	353	704
1414	355	391	746
1415	345	390	735
1416	356	369	725
1417	346	361	707
1418	345	386	731
1419	335	358	693
1420	339	384	723
1421	354	387	741
1422	337	366	703
1423	373	356	729
1424	341	343	684
1425	342	373	715
1426	362	374	736
1427	359	359	718
1428	351	349	700
1429	346	343	689
1430	350	371	721
1431	358	365	723
1432	372	350	722
1433	376	347	723
1434	364	388	752
1435	342	357	699
1436	367	344	711
1437	367	349	716
1438	366	362	728
1439	352	347	699
1440	359	372	731
1441	344	355	699
1442	341	353	694
1443	354	361	715
1444	340	365	705
1445	330	376	706
1446	346	387	733
1447	349	368	717
1448	336	371	707
1449	359	346	705
1450	346	380	726
1451	367	384	751
1452	380	358	738
1453	349	359	708
1454	343	363	706
1455	344	339	683
1456	353	366	719
1457	333	385	718
1458	340	378	718
1459	361	364	725
1460	371	367	738
1461	364	362	726
1462	362	384	746
1463	367	358	725
1464	353	364	717
1465	347	373	720
1466	345	350	695
1467	337	382	719
1468	349	395	744
1469	346	371	717
1470	340	361	701
1471	314	356	670
1472	358	356	714
1473	346	380	726
1474	342	376	718
1475	360	382	742
1476	365	356	721
1477	370	357	727
1478	355	354	709
1479	364	361	725
1480	351	330	681
1481	353	338	691
1482	326	361	687
1483	357	380	737
1484	353	380	733
1485	351	365	716
1486	317	369	686
1487	353	352	705
1488	350	367	717
1489	335	374	709
1490	325	361	686
1491	342	367	709
1492	358	363	721
1493	337	369	706
1494	340	381	721
1495	339	380	719
1496	321	397	718
1497	331	392	723
1498	359	388	747
1499	344	361	705
1500	342	362	704
1501	354	383	737
1502	351	360	711
1503	330	381	711
1504	347	374	721
1505	343	379	722
1506	352	375	727
1507	317	383	700
1508	353	358	711
1509	345	375	720
1510	353	367	720
1511	360	362	722
1512	342	353	695
1513	344	346	690
1514	360	363	723
1515	368	352	720
1516	362	387	749
1517	348	367	715
1518	355	367	722
1519	359	343	702
1520	317	387	704
1521	340	389	729
1522	363	374	737
1523	352	380	732
1524	365	340	705
1525	364	344	708
1526	348	378	726
1527	366	353	719
1528	340	358	698
1529	332	379	711
1530	360	369	729
1531	369	368	737
1532	369	354	723
1533	338	369	707
1534	336	385	721
1535	342	363	705
1536	332	378	710
1537	345	350	695
1538	368	350	718
1539	342	368	710
1540	340	364	704
1541	366	339	705
1542	364	384	748
1543	344	367	711
1544	358	376	734
1545	355	361	716
1546	342	350	692
1547	350	346	696
1548	347	377	724
1549	337	355	692
1550	346	364	710
1551	346	350	696
1552	336	371	707
1553	349	373	722
1554	376	357	733
1555	330	367	697
1556	351	380	731
1557	361	393	754
1558	338	373	711
1559	322	361	683
1560	316	371	687
1561	346	363	709
1562	363	363	726
1563	337	373	710
1564	358	397	755
1565	373	362	735
1566	359	356	715
1567	341	358	699
1568	358	372	730
1569	342	361	703
1570	347	359	706
1571	345	356	701
1572	342	360	702
1573	364	394	758
1574	359	369	728
1575	342	362	704
1576	356	388	744
1577	328	380	708
1578	360	353	713
1579	352	360	712
1580	350	364	714
1581	346	366	712
1582	339	357	696
1583	359	362	721
1584	362	354	716
1585	349	377	726
1586	368	375	743
1587	339	372	711
1588	339	373	712
1589	331	367	698
1590	363	356	719
1591	344	350	694
1592	350	339	689
1593	355	360	715
1594	349	374	723
1595	375	360	735
1596	370	332	702
1597	352	379	731
1598	349	358	707
1599	347	361	708
1600	356	377	733
1601	343	353	696
1602	355	359	714
1603	352	371	723
1604	349	394	743
1605	357	381	738
1606	357	379	736
1607	350	346	696
1608	365	355	720
1609	365	336	701
1610	349	382	731
1611	342	372	714
1612	346	336	682
1613	330	353	683
1614	356	376	732
1615	347	361	708
1616	382	351	733
1617	350	354	704
1618	343	377	720
1619	348	378	726
1620	336	369	705
1621	372	378	750
1622	347	365	712
1623	372	357	729
1624	334	375	709
1625	353	378	731
1626	352	359	711
1627	365	380	745
1628	326	379	705
1629	355	380	735
1630	339	368	707
1631	357	378	735
1632	346	361	707
1633	362	380	742
1634	357	357	714
1635	342	345	687
1636	344	360	704
1637	344	367	711
1638	348	382	730
1639	334	365	699
1640	354	371	725
1641	334	355	689
1642	334	351	685
1643	375	382	757
1644	360	356	716
1645	336	345	681
1646	351	349	700
1647	353	349	702
1648	356	366	722
1649	376	374	750
1650	363	363	726
1651	331	360	691
1652	353	353	706
1653	360	358	718
1654	363	359	722
1655	341	369	710
1656	337	332	669
1657	357	357	714
1658	374	370	744
1659	368	342	710
1660	343	358	701
1661	347	381	728
1662	364	370	734
1663	353	363	716
1664	358	372	730
1665	351	352	703
1666	363	347	710
1667	350	350	700
1668	323	361	684
1669	358	392	750
1670	349	375	724
1671	339	373	712
1672	367	345	712
1673	336	379	715
1674	355	350	705
1675	349	357	706
1676	342	381	723
1677	383	373	756
1678	352	380	732
1679	348	386	734
1680	365	338	703
1681	335	353	688
1682	341	351	692
1683	354	350	704
1684	344	394	738
1685	363	396	759
1686	358	370	728
1687	344	381	725
1688	345	389	734
1689	358	371	729
1690	351	367	718
1691	344	350	694
1692	344	380	724
1693	343	352	695
1694	338	365	703
1695	320	375	695
1696	365	378	743
1697	357	369	726
1698	380	356	736
1699	348	377	725
1700	342	393	735
1701	348	362	710
1702	322	356	678
1703	355	351	706
1704	339	368	707
1705	357	372	729
1706	327	390	717
1707	371	358	729
1708	351	371	722
1709	363	368	731
1710	342	374	716
1711	341	375	716
1712	344	360	704
1713	354	370	724
1714	343	363	706
1715	358	355	713
1716	363	365	728
1717	340	368	708
1718	331	368	699
1719	339	391	730
1720	334	377	711
1721	338	364	702
1722	330	363	693
1723	339	381	720
1724	348	380	728
1725	350	348	698
1726	331	372	703
1727	346	374	720
1728	345	361	706
1729	358	369	727
1730	342	374	716
1731	340	348	688
1732	351	388	739
1733	350	344	694
1734	367	355	722
1735	342	378	720
1736	360	355	715
1737	373	358	731
1738	378	391	769
1739	344	348	692
1740	367	355	722
1741	354	371	725
1742	357	362	719
1743	367	335	702
1744	351	361	712
1745	375	378	753
1746	379	353	732
1747	348	371	719
1748	359	350	709
1749	362	355	717
1750	354	347	701
1751	360	364	724
1752	370	365	735
1753	347	374	721
1754	358	382	740
1755	350	356	706
1756	362	361	723
1757	338	353	691
1758	325	353	678
1759	328	363	691
1760	368	361	729
1761	361	340	701
1762	332	372	704
1763	353	373	726
1764	325	374	699
1765	352	353	705
1766	344	373	717
1767	357	365	722
1768	342	378	720
1769	367	348	715
1770	367	354	721
1771	340	384	724
1772	346	351	697
1773	368	333	701
1774	363	364	727
1775	361	363	724
1776	319	365	684
1777	348	368	716
1778	356	373	729
1779	350	366	716
1780	344	359	703
1781	346	371	717
1782	368	368	736
1783	348	364	712
1784	338	348	686
1785	356	377	733
1786	361	356	717
1787	337	376	713
1788	351	370	721
1789	361	382	743
1790	351	331	682
1791	350	384	734
1792	342	361	703
1793	335	355	690
1794	350	343	693
1795	338	368	706
1796	329	360	689
1797	358	373	731
1798	364	377	741
1799	368	378	746
1800	351	361	712
1801	349	364	713
1802	348	378	726
1803	363	360	723
1804	350	392	742
1805	366	367	733
1806	375	380	755
1807	376	360	736
1808	346	346	692
1809	350	361	711
1810	339	371	710
1811	356	355	711
1812	346	364	710
1813	357	370	727
1814	354	376	730
1815	353	356	709
1816	364	337	701
1817	350	349	699
1818	340	348	688
1819	346	351	697
1820	359	365	724
1821	350	387	737
1822	344	375	719
1823	338	358	696
1824	346	327	673
1825	353	360	713
1826	357	357	714
1827	332	367	699
1828	337	381	718
1829	337	401	738
1830	367	349	716
1831	365	358	723
1832	334	359	693
1833	367	361	728
1834	336	359	695
1835	339	359	698
1836	360	363	723
1837	358	361	719
1838	358	375	733
1839	346	392	738
1840	363	378	741
1841	356	366	722
1842	358	367	725
1843	363	375	738
1844	351	375	726
1845	355	359	714
1846	353	357	710
1847	348	373	721
1848	346	386	732
1849	350	359	709
1850	369	342	711
1851	346	357	703
1852	341	370	711
1853	363	343	706
1854	359	346	705
1855	354	364	718
1856	341	351	692
1857	369	359	728
1858	356	381	737
1859	357	361	718
1860	366	365	731
1861	346	362	708
1862	324	364	688
1863	350	392	742
1864	349	367	716
1865	355	360	715
1866	347	370	717
1867	364	390	754
1868	350	339	689
1869	358	356	714
1870	365	350	715
1871	363	337	700
1872	361	356	717
1873	349	394	743
1874	335	380	715
1875	356	377	733
1876	342	359	701
1877	338	361	699
1878	370	355	725
1879	357	367	724
1880	364	354	718
1881	367	375	742
1882	363	345	708
1883	353	375	728
1884	376	359	735
1885	344	376	720
1886	362	353	715
1887	354	367	721
1888	350	367	717
1889	340	354	694
1890	348	367	715
1891	332	385	717
1892	360	367	727
1893	353	354	707
1894	346	374	720
1895	338	381	719
1896	351	352	703
1897	341	364	705
1898	351	369	720
1899	353	367	720
1900	365	358	723
1901	361	360	721
1902	366	362	728
1903	364	350	714
1904	368	374	742
1905	321	373	694
1906	348	361	709
1907	362	367	729
1908	362	361	723
1909	371	375	746
1910	363	370	733
1911	352	342	694
1912	353	364	717
1913	343	402	745
1914	366	386	752
1915	357	369	726
1916	356	364	720
1917	349	388	737
1918	357	362	719
1919	357	375	732
1920	381	383	764
1921	373	386	759
1922	341	411	752
1923	343	371	714
1924	353	374	727
1925	355	366	721
1926	348	371	719
1927	334	380	714
1928	346	348	694
1929	373	344	717
1930	353	360	713
1931	362	369	731
1932	355	363	718
1933	354	361	715
1934	356	363	719
1935	356	372	728
1936	388	338	726
1937	363	354	717
1938	354	345	699
1939	324	359	683
1940	355	358	713
1941	373	361	734
1942	330	369	699
1943	345	364	709
1944	346	367	713
1945	365	366	731
1946	350	358	708
1947	342	340	682
1948	379	328	707
1949	343	390	733
1950	354	357	711
1951	331	376	707
1952	367	369	736
1953	359	363	722
1954	370	391	761
1955	374	359	733
1956	368	370	738
1957	361	357	718
1958	344	357	701
1959	332	392	724
1960	352	389	741
1961	369	359	728
1962	317	354	671
1963	319	377	696
1964	334	365	699
1965	357	358	715
1966	362	355	717
1967	370	331	701
1968	358	370	728
1969	350	389	739
1970	344	376	720
1971	369	369	738
1972	345	352	697
1973	346	366	712
1974	353	384	737
1975	346	355	701
1976	345	374	719
1977	347	383	730
1978	368	364	732
1979	356	348	704
1980	341	363	704
1981	349	371	720
1982	352	377	729
1983	323	366	689
1984	357	354	711
1985	335	362	697
1986	358	363	721
1987	337	368	705
1988	376	381	757
1989	354	375	729
1990	355	363	718
1991	356	356	712
1992	353	377	730
1993	362	367	729
1994	344	343	687
1995	365	397	762
1996	360	366	726
1997	363	357	720
1998	350	373	723
1999	328	379	707
2000	362	365	727
2001	353	350	703
2002	328	370	698
2003	356	367	723
2004	366	375	741
2005	374	374	748
2006	368	366	734
2007	356	372	728
2008	344	349	693
2009	327	355	682
2010	329	367	696
2011	336	359	695
2012	338	368	706
2013	352	355	707
2014	350	387	737
2015	301	407	708
2016	348	381	729
2017	366	369	735
2018	347	359	706
2019	346	370	716
2020	359	389	748
2021	365	370	735
2022	355	363	718
2023	373	352	725
2024	358	357	715
2025	351	370	721
2026	349	361	710
2027	341	369	710
2028	346	364	710
2029	360	366	726
2030	335	352	687
2031	332	370	702
2032	332	347	679
2033	337	369	706
2034	350	374	724
2035	367	356	723
2036	335	362	697
2037	331	352	683
2038	340	361	701
2039	348	345	693
2040	350	339	689
2041	345	354	699
2042	336	382	718
2043	351	385	736
2044	371	366	737
2045	361	337	698
2046	375	349	724
2047	361	350	711
2048	347	378	725
2049	344	372	716
2050	376	372	748
2051	355	360	715
2052	332	363	695
2053	307	392	699
2054	336	354	690
2055	351	349	700
2056	364	343	707
2057	332	354	686
2058	350	327	677
2059	335	386	721
2060	342	360	702
2061	338	378	716
2062	351	365	716
2063	347	376	723
2064	331	366	697
2065	356	355	711
2066	350	358	708
2067	341	372	713
2068	335	372	707
2069	351	368	719
2070	355	370	725
2071	346	369	715
2072	342	363	705
2073	316	340	656
2074	344	359	703
2075	364	360	724
2076	380	366	746
2077	365	343	708
2078	359	334	693
2079	350	365	715
2080	347	381	728
2081	366	392	758
2082	362	373	735
2083	351	383	734
2084	356	378	734
2085	339	357	696
2086	346	382	728
2087	356	388	744
2088	341	364	705
2089	351	366	717
2090	345	376	721
2091	338	369	707
2092	339	366	705
2093	342	385	727
2094	351	349	700
2095	342	370	712
2096	325	371	696
2097	347	391	738
2098	320	384	704
2099	322	389	711
2100	341	347	688
2101	330	383	713
2102	331	369	700
2103	359	387	746
2104	350	355	705
2105	348	357	705
2106	378	373	751
2107	373	354	727
2108	357	365	722
2109	351	362	713
2110	355	383	738
2111	350	381	731
2112	332	383	715
2113	358	369	727
2114	367	360	727
2115	329	344	673
2116	337	359	696
2117	337	365	702
2118	352	391	743
2119	371	354	725
2120	348	382	730
2121	333	368	701
2122	352	366	718
2123	329	384	713
2124	344	363	707
2125	324	378	702
2126	357	350	707
2127	352	346	698
2128	341	385	726
2129	366	361	727
2130	362	373	735
2131	353	366	719
2132	348	375	723
2133	355	374	729
2134	344	356	700
2135	354	348	702
2136	355	365	720
2137	367	355	722
2138	364	353	717
2139	348	376	724
2140	345	375	720
2141	332	356	688
2142	319	368	687
2143	347	375	722
2144	359	363	722
2145	341	382	723
2146	343	377	720
2147	362	356	718
2148	354	380	734
2149	368	385	753
2150	371	384	755
2151	345	370	715
2152	339	374	713
2153	340	382	722
2154	344	353	697
2155	361	363	724
2156	372	371	743
2157	355	342	697
2158	333	354	687
2159	343	370	713
2160	348	389	737
2161	344	376	720
2162	343	355	698
2163	339	370	709
2164	359	370	729
2165	373	358	731
2166	355	364	719
2167	365	391	756
2168	352	383	735
2169	352	376	728
2170	346	369	715
2171	354	395	749
2172	371	376	747
2173	355	377	732
2174	351	378	729
2175	358	359	717
2176	364	350	714
2177	344	357	701
2178	354	365	719
2179	360	365	725
2180	388	344	732
2181	340	374	714
2182	383	360	743
2183	380	355	735
2184	357	365	722
2185	351	351	702
2186	336	354	690
2187	358	359	717
2188	352	363	715
2189	343	396	739
2190	330	393	723
2191	357	375	732
2192	362	376	738
2193	350	369	719
2194	353	357	710
2195	341	357	698
2196	364	350	714
2197	360	359	719
2198	345	378	723
2199	344	371	715
2200	347	383	730
2201	331	372	703
2202	344	382	726
2203	356	364	720
2204	340	355	695
2205	367	380	747
2206	361	350	711
2207	370	372	742
2208	356	359	715
2209	352	372	724
2210	339	353	692
2211	374	371	745
2212	351	371	722
2213	365	368	733
2214	341	360	701
2215	349	357	706
2216	357	347	704
2217	335	358	693
2218	332	373	705
2219	357	394	751
2220	339	373	712
2221	346	351	697
2222	350	355	705
2223	340	361	701
2224	346	375	721
2225	364	357	721
2226	375	362	737
2227	371	377	748
2228	352	362	714
2229	353	361	714
2230	361	364	725
2231	367	373	740
2232	337	371	708
2233	333	373	706
2234	343	385	728
2235	328	376	704
2236	366	389	755
2237	349	376	725
2238	363	404	767
2239	340	369	709
2240	364	387	751
2241	358	381	739
2242	372	378	750
2243	375	378	753
2244	362	356	718
2245	341	381	722
2246	359	376	735
2247	336	384	720
2248	354	367	721
2249	336	369	705
2250	358	345	703
2251	372	353	725
2252	358	364	722
2253	369	359	728
2254	364	375	739
2255	372	339	711
2256	370	342	712
2257	366	365	731
2258	347	375	722
2259	353	363	716
2260	346	378	724
2261	363	375	738
2262	359	379	738
2263	333	370	703
2264	355	338	693
2265	355	328	683
2266	341	355	696
2267	360	349	709
2268	355	335	690
2269	345	369	714
2270	354	368	722
2271	343	337	680
2272	360	360	720
2273	335	366	701
2274	351	360	711
2275	378	361	739
2276	345	367	712
2277	329	362	691
2278	336	375	711
2279	355	354	709
2280	357	369	726
2281	366	378	744
2282	349	394	743
2283	347	379	726
2284	317	342	659
2285	343	346	689
2286	333	353	686
2287	364	350	714
2288	340	372	712
2289	347	376	723
2290	353	359	712
2291	361	382	743
2292	365	367	732
2293	346	371	717
2294	360	374	734
2295	359	364	723
2296	356	362	718
2297	351	377	728
2298	377	367	744
2299	386	361	747
2300	351	367	718
2301	365	348	713
2302	348	365	713
2303	354	376	730
2304	321	373	694
2305	335	371	706
2306	360	375	735
2307	372	371	743
2308	358	368	726
2309	346	371	717
2310	340	374	714
2311	353	374	727
2312	362	374	736
2313	333	364	697
2314	359	379	738
2315	366	363	729
2316	341	351	692
2317	346	351	697
2318	372	381	753
2319	343	379	722
2320	340	384	724
2321	353	361	714
2322	351	361	712
2323	339	355	694
2324	387	369	756
2325	341	363	704
2326	343	362	705
2327	337	357	694
2328	364	358	722
2329	367	368	735
2330	336	376	712
2331	357	363	720
2332	356	365	721
2333	361	382	743
2334	340	388	728
2335	365	380	745
2336	347	365	712
2337	372	382	754
2338	352	357	709
2339	352	382	734
2340	355	364	719
2341	342	373	715
2342	359	381	740
2343	370	346	716
2344	359	366	725
2345	367	380	747
2346	371	359	730
2347	363	349	712
2348	354	339	693
2349	363	347	710
2350	367	392	759
2351	321	368	689
2352	340	357	697
2353	345	374	719
2354	366	354	720
2355	369	364	733
2356	352	345	697
2357	339	345	684
2358	373	357	730
2359	346	366	712
2360	326	389	715
2361	335	376	711
2362	346	377	723
2363	341	376	717
2364	345	355	700
2365	332	370	702
2366	331	387	718
2367	350	389	739
2368	352	370	722
2369	359	370	729
2370	358	363	721
2371	355	359	714
2372	337	372	709
2373	344	367	711
2374	322	371	693
2375	342	367	709
2376	366	364	730
2377	373	378	751
2378	357	377	734
2379	340	386	726
2380	338	360	698
2381	357	385	742
2382	354	349	703
2383	346	372	718
2384	347	391	738
2385	340	377	717
2386	342	374	716
2387	364	370	734
2388	354	352	706
2389	350	368	718
2390	346	365	711
2391	358	355	713
2392	357	394	751
2393	353	376	729
2394	354	372	726
2395	351	375	726
2396	339	350	689
2397	363	347	710
2398	358	367	725
2399	325	379	704
2400	337	372	709
2401	345	377	722
2402	351	360	711
2403	353	368	721
2404	362	366	728
2405	357	378	735
2406	317	360	677
2407	335	348	683
2408	367	355	722
2409	362	373	735
2410	341	370	711
2411	342	367	709
2412	338	370	708
2413	357	353	710
2414	337	391	728
2415	358	378	736
2416	362	390	752
2417	362	376	738
2418	363	365	728
2419	356	382	738
2420	366	372	738
2421	357	376	733
2422	347	364	711
2423	345	372	717
2424	356	370	726
2425	360	360	720
2426	374	355	729
2427	352	355	707
2428	347	371	718
2429	365	364	729
2430	371	380	751
2431	387	367	754
2432	358	380	738
2433	357	372	729
2434	344	380	724
2435	342	358	700
2436	354	384	738
2437	353	382	735
2438	346	372	718
2439	358	369	727
2440	346	357	703
2441	367	377	744
2442	353	355	708
2443	354	371	725
2444	359	364	723
2445	337	369	706
2446	334	383	717
2447	353	364	717
2448	341	370	711
2449	347	372	719
2450	355	368	723
2451	344	354	698
2452	368	348	716
2453	354	352	706
2454	351	342	693
2455	352	371	723
2456	351	381	732
2457	351	383	734
2458	342	370	712
2459	351	378	729
2460	355	363	718
2461	347	383	730
2462	333	381	714
2463	354	363	717
2464	358	377	735
2465	331	402	733
2466	355	366	721
2467	349	389	738
2468	344	354	698
2469	353	366	719
2470	332	343	675
2471	369	360	729
2472	365	384	749
2473	363	392	755
2474	353	355	708
2475	331	383	714
2476	343	375	718
2477	347	365	712
2478	349	360	709
2479	329	355	684
2480	371	343	714
2481	349	388	737
2482	346	363	709
2483	347	346	693
2484	329	361	690
2485	339	369	708
2486	353	359	712
2487	343	372	715
2488	345	361	706
2489	345	389	734
2490	374	365	739
2491	362	380	742
2492	350	365	715
2493	348	366	714
2494	330	353	683
2495	354	363	717
2496	326	393	719
2497	346	355	701
2498	328	344	672
2499	364	376	740
2500	359	353	712
2501	365	384	749
2502	373	379	752
2503	365	350	715
2504	375	369	744
2505	372	348	720
2506	348	358	706
2507	346	365	711
2508	331	370	701
2509	331	353	684
2510	337	352	689
2511	338	390	728
2512	338	367	705
2513	368	365	733
2514	349	361	710
2515	349	365	714
2516	360	370	730
2517	343	368	711
2518	356	376	732
2519	340	373	713
2520	320	374	694
2521	334	377	711
2522	341	369	710
2523	360	366	726
2524	358	364	722
2525	358	371	729
2526	354	380	734
2527	366	369	735
2528	368	360	728
2529	344	355	699
2530	346	377	723
2531	350	376	726
2532	369	361	730
2533	368	365	733
2534	345	371	716
2535	341	377	718
2536	361	372	733
2537	340	375	715
2538	343	367	710
2539	343	372	715
2540	341	368	709
2541	326	372	698
2542	345	357	702
2543	355	352	707
2544	362	374	736
2545	368	381	749
2546	346	356	702
2547	354	357	711
2548	332	378	710
2549	349	364	713
2550	377	370	747
2551	350	361	711
2552	371	379	750
2553	358	350	708
2554	331	346	677
2555	342	355	697
2556	349	359	708
2557	346	357	703
2558	362	373	735
2559	356	368	724
2560	324	368	692
2561	337	366	703
2562	361	372	733
2563	355	369	724
2564	367	370	737
2565	349	352	701
2566	364	385	749
2567	359	362	721
2568	343	356	699
2569	353	352	705
2570	358	365	723
2571	356	382	738
2572	364	378	742
2573	349	373	722
2574	356	361	717
2575	358	365	723
2576	352	350	702
2577	346	369	715
2578	360	361	721
2579	336	371	707
2580	355	363	718
2581	355	363	718
2582	371	371	742
2583	343	383	726
2584	355	382	737
2585	327	377	704
2586	355	359	714
2587	345	366	711
2588	359	380	739
2589	354	368	722
2590	369	342	711
2591	357	378	735
2592	306	386	692
2593	346	363	709
2594	365	364	729
2595	334	376	710
2596	343	373	716
2597	368	348	716
2598	339	348	687
2599	336	382	718
2600	369	364	733
2601	370	352	722
2602	355	364	719
2603	377	360	737
2604	368	361	729
2605	357	356	713
2606	365	353	718
2607	354	357	711
2608	359	366	725
2609	367	362	729
2610	337	347	684
2611	365	361	726
2612	352	353	705
2613	358	338	696
2614	352	355	707
2615	324	369	693
2616	352	363	715
2617	334	358	692
2618	348	366	714
2619	358	358	716
2620	369	391	760
2621	351	372	723
2622	354	366	720
2623	335	365	700
2624	350	369	719
2625	339	372	711
2626	355	366	721
2627	340	380	720
2628	344	375	719
2629	357	368	725
2630	352	385	737
2631	344	379	723
2632	342	370	712
2633	325	381	706
2634	325	350	675
2635	352	369	721
2636	344	353	697
2637	367	378	745
2638	354	387	741
2639	345	372	717
2640	350	377	727
2641	330	356	686
2642	355	357	712
2643	342	375	717
2644	355	320	675
2645	353	375	728
2646	358	345	703
2647	351	361	712
2648	359	360	719
2649	343	359	702
2650	341	358	699
2651	372	360	732
2652	359	366	725
2653	359	336	695
2654	355	355	710
2655	329	382	711
2656	333	385	718
2657	349	386	735
2658	360	384	744
2659	339	369	708
2660	352	366	718
2661	337	353	690
2662	338	357	695
2663	350	388	738
2664	344	364	708
2665	352	360	712
2666	349	361	710
2667	352	368	720
2668	357	350	707
2669	372	371	743
2670	356	368	724
2671	332	364	696
2672	349	367	716
2673	341	364	705
2674	329	369	698
2675	342	355	697
2676	358	348	706
2677	356	376	732
2678	344	376	720
2679	344	381	725
2680	365	361	726
2681	360	345	705
2682	342	359	701
2683	357	348	705
2684	344	365	709
2685	332	375	707
2686	353	362	715
2687	346	362	708
2688	361	385	746
2689	323	396	719
2690	329	364	693
2691	341	379	720
2692	373	383	756
2693	376	357	733
2694	331	383	714
2695	345	356	701
2696	351	357	708
2697	372	362	734
2698	372	348	720
2699	365	369	734
2700	365	367	732
2701	357	330	687
2702	344	359	703
2703	383	362	745
2704	347	368	715
2705	371	357	728
2706	364	388	752
2707	369	393	762
2708	353	376	729
2709	337	374	711
2710	327	368	695
2711	326	373	699
2712	337	374	711
2713	368	357	725
2714	366	367	733
2715	354	398	752
2716	366	341	707
2717	337	380	717
2718	345	356	701
2719	352	344	696
2720	347	366	713
2721	350	392	742
2722	358	356	714
2723	355	356	711
2724	344	381	725
2725	345	369	714
2726	344	362	706
2727	357	368	725
2728	342	362	704
2729	348	362	710
2730	334	359	693
2731	373	362	735
2732	349	379	728
2733	353	356	709
2734	353	363	716
2735	316	353	669
2736	347	376	723
2737	354	354	708
2738	348	362	710
2739	341	374	715
2740	359	350	709
2741	352	355	707
2742	348	360	708
2743	360	365	725
2744	339	371	710
2745	339	364	703
2746	330	371	701
2747	344	379	723
2748	332	366	698
2749	349	397	746
2750	340	375	715
2751	330	363	693
2752	330	373	703
2753	353	372	725
2754	344	366	710
2755	361	375	736
2756	347	376	723
2757	346	382	728
2758	370	394	764
2759	357	383	740
2760	335	382	717
2761	351	363	714
2762	366	369	735
2763	370	360	730
2764	379	354	733
2765	334	373	707
2766	339	361	700
2767	358	381	739
2768	352	370	722
2769	367	344	711
2770	354	366	720
2771	385	370	755
2772	359	366	725
2773	356	371	727
2774	349	353	702
2775	335	380	715
2776	327	331	658
2777	334	379	713
2778	353	363	716
2779	357	373	730
2780	350	361	711
2781	370	361	731
2782	373	379	752
2783	354	370	724
2784	359	345	704
2785	344	363	707
2786	357	341	698
2787	354	363	717
2788	350	370	720
2789	324	363	687
2790	345	369	714
2791	362	367	729
2792	350	369	719
2793	347	371	718
2794	361	378	739
2795	345	383	728
2796	341	373	714
2797	349	373	722
2798	363	386	749
2799	356	374	730
2800	340	380	720
2801	358	381	739
2802	359	392	751
2803	342	388	730
2804	359	344	703
2805	349	352	701
2806	368	378	746
2807	353	389	742
2808	342	378	720
2809	350	359	709
2810	350	373	723
2811	341	362	703
2812	335	368	703
2813	350	374	724
2814	337	366	703
2815	325	367	692
2816	355	374	729
2817	335	355	690
2818	354	367	721
2819	343	361	704
2820	330	377	707
2821	344	368	712
2822	349	363	712
2823	350	370	720
2824	352	364	716
2825	350	373	723
2826	362	355	717
2827	341	367	708
2828	365	363	728
2829	350	373	723
2830	356	368	724
2831	344	373	717
2832	362	360	722
2833	353	367	720
2834	357	356	713
2835	340	371	711
2836	356	363	719
2837	339	380	719
2838	322	381	703
2839	346	374	720
2840	359	357	716
2841	335	363	698
2842	341	354	695
2843	351	349	700
2844	359	323	682
2845	347	361	708
2846	330	363	693
2847	341	352	693
2848	380	377	757
2849	348	334	682
2850	340	351	691
2851	358	372	730
2852	371	348	719
2853	367	342	709
2854	368	357	725
2855	343	360	703
2856	365	357	722
2857	344	353	697
2858	348	362	710
2859	363	363	726
2860	349	348	697
2861	340	353	693
2862	343	352	695
2863	351	370	721
2864	343	377	720
2865	360	359	719
2866	363	338	701
2867	369	372	741
2868	339	351	690
2869	352	346	698
2870	355	364	719
2871	357	337	694
2872	356	351	707
2873	353	384	737
2874	346	354	700
2875	366	355	721
2876	353	364	717
2877	345	366	711
2878	350	331	681
2879	368	369	737
2880	371	383	754
2881	366	386	752
2882	344	389	733
2883	366	348	714
2884	345	383	728
2885	335	374	709
2886	357	363	720
2887	336	380	716
2888	363	375	738
2889	359	356	715
2890	356	354	710
2891	366	349	715
2892	340	343	683
2893	350	335	685
2894	341	366	707
2895	352	364	716
2896	361	379	740
2897	332	374	706
2898	342	372	714
2899	362	363	725
2900	342	372	714
2901	329	382	711
2902	350	358	708
2903	357	365	722
2904	357	357	714
2905	347	358	705
2906	339	363	702
2907	338	367	705
2908	355	377	732
2909	351	368	719
2910	365	345	710
2911	367	364	731
2912	348	370	718
2913	360	381	741
2914	356	350	706
2915	363	380	743
2916	370	370	740
2917	334	351	685
2918	358	383	741
2919	359	365	724
2920	360	368	728
2921	359	377	736
2922	351	370	721
2923	345	369	714
2924	346	377	723
2925	347	384	731
2926	351	369	720
2927	343	376	719
2928	360	376	736
2929	337	362	699
2930	339	354	693
2931	378	342	720
2932	374	346	720
2933	364	344	708
2934	331	353	684
2935	349	360	709
2936	358	386	744
2937	347	373	720
2938	354	361	715
2939	366	362	728
2940	346	331	677
2941	351	350	701
2942	353	358	711
2943	366	377	743
2944	358	377	735
2945	350	370	720
2946	343	358	701
2947	352	355	707
2948	359	358	717
2949	335	373	708
2950	344	355	699
2951	332	352	684
2952	331	374	705
2953	357	362	719
2954	353	367	720
2955	332	364	696
2956	347	361	708
2957	340	372	712
2958	364	368	732
2959	368	373	741
2960	351	368	719
2961	338	391	729
2962	309	396	705
2963	341	387	728
2964	352	384	736
2965	365	355	720
2966	358	375	733
2967	365	341	706
2968	331	376	707
2969	358	354	712
2970	368	372	740
2971	357	374	731
2972	359	374	733
2973	359	354	713
2974	339	353	692
2975	342	367	709
2976	352	345	697
2977	355	347	702
2978	344	361	705
2979	350	358	708
2980	354	368	722
2981	370	363	733
2982	345	362	707
2983	348	354	702
2984	355	366	721
2985	347	394	741
2986	364	399	763
2987	366	366	732
2988	355	366	721
2989	358	387	745
2990	354	353	707
2991	353	355	708
2992	354	365	719
2993	357	376	733
2994	338	369	707
2995	361	368	729
2996	346	365	711
2997	340	359	699
2998	348	366	714
2999	363	357	720
3000	370	364	734
3001	359	377	736
3002	334	369	703
3003	334	362	696
3004	347	352	699
3005	339	369	708
3006	338	366	704
3007	329	387	716
3008	334	347	681
3009	331	346	677
3010	347	370	717
3011	371	370	741
3012	347	392	739
3013	351	369	720
3014	348	368	716
3015	329	384	713
3016	336	369	705
3017	337	375	712
3018	345	370	715
3019	353	387	740
3020	348	359	707
3021	354	361	715
3022	325	363	688
3023	377	379	756
3024	347	365	712
3025	377	373	750
3026	371	356	727
3027	358	371	729
3028	357	381	738
3029	345	379	724
3030	363	369	732
3031	364	365	729
3032	353	350	703
3033	357	367	724
3034	380	376	756
3035	360	365	725
3036	344	392	736
3037	372	390	762
3038	357	371	728
3039	340	375	715
3040	365	369	734
3041	380	323	703
3042	343	366	709
3043	352	384	736
3044	329	357	686
3045	346	352	698
3046	347	356	703
3047	344	368	712
3048	348	345	693
3049	325	372	697
3050	343	349	692
3051	349	361	710
3052	339	361	700
3053	350	361	711
3054	364	353	717
3055	336	373	709
3056	371	358	729
3057	360	395	755
3058	341	390	731
3059	348	391	739
3060	365	376	741
3061	363	383	746
3062	350	403	753
3063	375	363	738
3064	344	351	695
3065	331	354	685
3066	342	348	690
3067	353	355	708
3068	368	365	733
3069	372	357	729
3070	354	372	726
3071	353	358	711
3072	360	364	724
3073	356	380	736
3074	354	366	720
3075	356	358	714
3076	358	355	713
3077	340	366	706
3078	366	354	720
3079	346	382	728
3080	346	363	709
3081	364	376	740
3082	356	366	722
3083	333	372	705
3084	342	375	717
3085	354	384	738
3086	346	365	711
3087	359	361	720
3088	344	384	728
3089	362	356	718
3090	337	367	704
3091	339	368	707
3092	335	371	706
3093	346	367	713
3094	342	347	689
3095	355	361	716
3096	375	364	739
3097	365	369	734
3098	349	381	730
3099	370	375	745
3100	335	365	700
3101	332	347	679
3102	340	376	716
3103	351	386	737
3104	332	399	731
3105	356	364	720
3106	356	369	725
3107	362	388	750
3108	355	347	702
3109	331	368	699
3110	342	369	711
3111	345	370	715
3112	345	360	705
3113	346	374	720
3114	352	366	718
3115	375	393	768
3116	363	375	738
3117	347	348	695
3118	351	367	718
3119	349	351	700
3120	344	353	697
3121	341	364	705
3122	346	361	707
3123	355	341	696
3124	352	344	696
3125	330	364	694
3126	339	353	692
3127	336	357	693
3128	361	344	705
3129	365	382	747
3130	363	363	726
3131	363	360	723
3132	354	368	722
3133	351	365	716
3134	368	365	733
3135	361	369	730
3136	337	373	710
3137	356	376	732
3138	335	385	720
3139	330	379	709
3140	344	360	704
3141	338	372	710
3142	345	360	705
3143	375	358	733
3144	364	360	724
3145	338	381	719
3146	367	365	732
3147	369	382	751
3148	334	374	708
3149	341	372	713
3150	345	368	713
3151	347	366	713
3152	364	377	741
3153	349	367	716
3154	362	367	729
3155	355	356	711
3156	356	356	712
3157	343	355	698
3158	354	340	694
3159	360	370	730
3160	369	364	733
3161	340	378	718
3162	371	332	703
3163	357	344	701
3164	348	358	706
3165	363	346	709
3166	377	364	741
3167	361	359	720
3168	368	373	741
3169	352	368	720
3170	331	373	704
3171	355	361	716
3172	349	382	731
3173	344	391	735
3174	374	388	762
3175	358	391	749
3176	359	371	730
3177	370	369	739
3178	330	351	681
3179	332	352	684
3180	365	358	723
3181	348	394	742
3182	346	374	720
3183	348	358	706
3184	320	361	681
3185	352	379	731
3186	355	355	710
3187	363	332	695
3188	382	370	752
3189	353	378	731
3190	362	389	751
3191	363	356	719
3192	364	346	710
3193	348	344	692
3194	335	376	711
3195	356	364	720
3196	352	380	732
3197	351	364	715
3198	361	361	722
3199	353	363	716
3200	364	350	714
3201	352	365	717
3202	356	353	709
3203	351	363	714
3204	378	351	729
3205	355	368	723
3206	343	362	705
3207	336	379	715
3208	339	362	701
3209	339	359	698
3210	358	364	722
3211	311	381	692
3212	349	353	702
3213	343	367	710
3214	339	377	716
3215	333	365	698
3216	350	378	728
3217	363	358	721
3218	348	356	704
3219	363	372	735
3220	340	371	711
3221	369	385	754
3222	343	350	693
3223	339	380	719
3224	348	368	716
3225	341	370	711
3226	344	366	710
3227	367	367	734
3228	366	383	749
3229	346	383	729
3230	348	387	735
3231	360	371	731
3232	340	380	720
3233	346	378	724
3234	344	380	724
3235	336	354	690
3236	347	365	712
3237	348	349	697
3238	339	361	700
3239	356	387	743
3240	347	375	722
3241	350	392	742
3242	359	379	738
3243	328	355	683
3244	353	362	715
3245	347	376	723
3246	343	388	731
3247	343	365	708
3248	355	367	722
3249	327	364	691
3250	343	351	694
3251	328	352	680
3252	335	337	672
3253	360	376	736
3254	365	334	699
3255	353	338	691
3256	355	370	725
3257	359	391	750
3258	375	370	745
3259	362	363	725
3260	353	355	708
3261	324	371	695
3262	362	371	733
3263	334	360	694
3264	327	364	691
3265	361	357	718
3266	355	342	697
3267	349	356	705
3268	368	380	748
3269	357	370	727
3270	323	376	699
3271	342	384	726
3272	328	388	716
3273	346	383	729
3274	333	375	708
3275	341	369	710
3276	343	396	739
3277	318	381	699
3278	334	376	710
3279	329	364	693
3280	365	364	729
3281	338	352	690
3282	348	378	726
3283	363	371	734
3284	344	366	710
3285	349	373	722
3286	333	361	694
3287	369	368	737
3288	363	368	731
3289	345	353	698
3290	377	348	725
3291	337	373	710
3292	362	368	730
3293	345	386	731
3294	341	396	737
3295	336	356	692
3296	348	355	703
3297	351	375	726
3298	362	373	735
3299	371	368	739
3300	362	368	730
3301	356	372	728
3302	340	374	714
3303	345	360	705
3304	343	353	696
3305	346	346	692
3306	353	358	711
3307	342	366	708
3308	350	361	711
3309	370	345	715
3310	341	370	711
3311	355	379	734
3312	355	363	718
3313	364	334	698
3314	365	348	713
3315	374	381	755
3316	366	389	755
3317	332	375	707
3318	359	371	730
3319	349	354	703
3320	348	357	705
3321	351	373	724
3322	355	379	734
3323	345	363	708
3324	332	376	708
3325	350	367	717
3326	347	369	716
3327	354	360	714
3328	354	358	712
3329	354	329	683
3330	370	383	753
3331	349	385	734
3332	371	358	729
3333	365	357	722
3334	340	357	697
3335	357	365	722
3336	359	335	694
3337	345	341	686
3338	353	386	739
3339	332	374	706
3340	356	356	712
3341	366	369	735
3342	337	388	725
3343	343	359	702
3344	355	377	732
3345	335	396	731
3346	359	386	745
3347	357	372	729
3348	353	359	712
3349	362	356	718
3350	352	371	723
3351	323	372	695
3352	340	368	708
3353	346	348	694
3354	359	343	702
3355	371	362	733
3356	349	380	729
3357	358	378	736
3358	354	364	718
3359	329	369	698
3360	353	371	724
3361	366	357	723
3362	372	355	727
3363	351	385	736
3364	329	348	677
3365	354	361	715
3366	345	353	698
3367	360	340	700
3368	350	342	692
3369	352	369	721
3370	367	378	745
3371	342	376	718
3372	367	349	716
3373	352	354	706
3374	362	362	724
3375	342	382	724
3376	332	376	708
3377	333	350	683
3378	348	366	714
3379	342	370	712
3380	341	356	697
3381	346	355	701
3382	334	360	694
3383	349	369	718
3384	334	360	694
3385	347	347	694
3386	356	362	718
3387	351	360	711
3388	344	372	716
3389	355	364	719
3390	354	372	726
3391	345	357	702
3392	378	360	738
3393	359	381	740
3394	360	354	714
3395	349	365	714
3396	357	359	716
3397	339	363	702
3398	347	371	718
3399	344	368	712
3400	351	391	742
3401	360	363	723
3402	361	346	707
3403	372	361	733
3404	366	376	742
3405	337	359	696
3406	359	388	747
3407	354	364	718
3408	370	385	755
3409	364	376	740
3410	340	369	709
3411	366	364	730
3412	347	380	727
3413	342	383	725
3414	333	378	711
3415	365	375	740
3416	373	361	734
3417	365	372	737
3418	335	394	729
3419	337	368	705
3420	357	379	736
3421	341	376	717
3422	351	359	710
3423	368	372	740
3424	344	357	701
3425	348	359	707
3426	322	351	673
3427	361	379	740
3428	352	388	740
3429	337	363	700
3430	358	371	729
3431	349	368	717
3432	353	370	723
3433	334	369	703
3434	316	378	694
3435	349	368	717
3436	351	344	695
3437	348	367	715
3438	346	370	716
3439	351	378	729
3440	348	372	720
3441	343	372	715
3442	347	362	709
3443	363	366	729
3444	357	372	729
3445	340	386	726
3446	360	361	721
3447	357	367	724
3448	358	377	735
3449	363	367	730
3450	335	373	708
3451	351	353	704
3452	369	350	719
3453	337	364	701
3454	350	353	703
3455	358	380	738
3456	348	387	735
3457	353	356	709
3458	353	369	722
3459	369	377	746
3460	368	364	732
3461	349	354	703
3462	384	363	747
3463	359	384	743
3464	333	373	706
3465	336	367	703
3466	349	365	714
3467	330	381	711
3468	347	392	739
3469	327	377	704
3470	347	350	697
3471	356	371	727
3472	368	349	717
3473	359	365	724
3474	354	377	731
3475	325	366	691
3476	345	371	716
3477	365	388	753
3478	366	370	736
3479	358	387	745
3480	341	368	709
3481	326	370	696
3482	357	377	734
3483	331	339	670
3484	329	357	686
3485	337	337	674
3486	346	395	741
3487	348	352	700
3488	331	381	712
3489	356	360	716
3490	350	354	704
3491	346	379	725
3492	348	368	716
3493	330	357	687
3494	336	367	703
3495	375	367	742
3496	358	357	715
3497	355	352	707
3498	340	363	703
3499	345	376	721
3500	339	355	694
3501	358	366	724
3502	349	360	709
3503	338	398	736
3504	338	359	697
3505	331	365	696
3506	342	369	711
3507	364	323	687
3508	362	375	737
3509	341	364	705
3510	351	358	709
3511	339	354	693
3512	339	367	706
3513	337	366	703
3514	348	362	710
3515	370	369	739
3516	361	354	715
3517	329	379	708
3518	370	378	748
3519	362	359	721
3520	357	361	718
3521	356	369	725
3522	349	373	722
3523	362	401	763
3524	356	400	756
3525	360	366	726
3526	385	383	768
3527	359	378	737
3528	359	373	732
3529	351	381	732
3530	346	381	727
3531	354	374	728
3532	356	371	727
3533	344	366	710
3534	338	365	703
3535	352	358	710
3536	356	368	724
3537	343	353	696
3538	354	383	737
3539	348	343	691
3540	334	371	705
3541	350	365	715
3542	346	356	702
3543	317	396	713
3544	337	394	731
3545	351	375	726
3546	345	353	698
3547	350	348	698
3548	339	391	730
3549	371	346	717
3550	347	360	707
3551	354	368	722
3552	351	390	741
3553	366	372	738
3554	358	355	713
3555	350	368	718
3556	379	375	754
3557	349	361	710
3558	346	350	696
3559	339	367	706
3560	329	399	728
3561	347	362	709
3562	352	375	727
3563	333	362	695
3564	377	384	761
3565	382	358	740
3566	341	361	702
3567	354	363	717
3568	351	368	719
3569	340	351	691
3570	346	335	681
3571	342	373	715
3572	335	383	718
3573	328	380	708
3574	351	371	722
3575	352	367	719
3576	375	375	750
3577	357	369	726
3578	360	353	713
3579	370	372	742
3580	358	381	739
3581	345	351	696
3582	367	335	702
3583	354	355	709
3584	338	374	712
3585	340	373	713
3586	361	346	707
3587	343	366	709
3588	353	369	722
3589	330	362	692
3590	357	397	754
3591	336	367	703
3592	350	349	699
3593	330	346	676
3594	353	359	712
3595	345	368	713
3596	360	367	727
3597	352	359	711
3598	378	369	747
3599	361	367	728
3600	345	400	745
3601	342	368	710
3602	326	378	704
3603	349	341	690
3604	341	367	708
3605	348	370	718
3606	361	367	728
3607	365	359	724
3608	347	353	700
3609	343	362	705
3610	347	354	701
3611	355	374	729
3612	334	379	713
3613	362	359	721
3614	342	352	694
3615	359	371	730
3616	366	389	755
3617	368	360	728
3618	343	367	710
3619	336	361	697
3620	342	383	725
3621	354	367	721
3622	360	381	741
3623	371	356	727
3624	357	386	743
3625	364	389	753
3626	352	388	740
3627	349	368	717
3628	348	369	717
3629	343	391	734
3630	342	372	714
3631	331	374	705
3632	354	375	729
3633	355	337	692
3634	337	350	687
3635	372	351	723
3636	363	363	726
3637	369	374	743
3638	353	369	722
3639	345	369	714
3640	377	363	740
3641	361	351	712
3642	356	382	738
3643	336	362	698
3644	361	367	728
3645	350	352	702
3646	340	376	716
3647	333	364	697
3648	343	395	738
3649	338	363	701
3650	346	368	714
3651	330	362	692
3652	367	362	729
3653	368	379	747
3654	348	374	722
3655	342	369	711
3656	340	341	681
3657	368	373	741
3658	367	371	738
3659	353	345	698
3660	358	378	736
3661	324	363	687
3662	352	371	723
3663	387	361	748
3664	361	355	716
3665	367	362	729
3666	329	359	688
3667	349	363	712
3668	375	373	748
3669	354	371	725
3670	358	364	722
3671	352	368	720
3672	344	381	725
3673	351	371	722
3674	356	358	714
3675	372	363	735
3676	340	360	700
3677	334	362	696
3678	360	343	703
3679	379	363	742
3680	358	366	724
3681	343	383	726
3682	348	375	723
3683	362	374	736
3684	327	356	683
3685	327	343	670
3686	349	359	708
3687	356	356	712
3688	358	368	726
3689	356	366	722
3690	336	389	725
3691	350	364	714
3692	369	377	746
3693	344	368	712
3694	350	353	703
3695	357	363	720
3696	351	376	727
3697	336	365	701
3698	342	391	733
3699	331	370	701
3700	348	357	705
3701	337	367	704
3702	343	357	700
3703	348	379	727
3704	367	363	730
3705	352	371	723
3706	340	364	704
3707	330	387	717
3708	339	406	745
3709	350	365	715
3710	355	375	730
3711	360	356	716
3712	365	347	712
3713	343	376	719
3714	376	356	732
3715	337	397	734
3716	325	412	737
3717	341	369	710
3718	345	376	721
3719	357	384	741
3720	381	381	762
3721	372	377	749
3722	374	381	755
3723	362	369	731
3724	344	383	727
3725	355	378	733
3726	356	362	718
3727	330	373	703
3728	355	364	719
3729	344	352	696
3730	354	370	724
3731	349	367	716
3732	341	377	718
3733	336	385	721
3734	333	349	682
3735	349	369	718
3736	354	356	710
3737	350	375	725
3738	346	372	718
3739	340	350	690
3740	345	369	714
3741	349	371	720
3742	358	345	703
3743	347	345	692
3744	346	358	704
3745	351	368	719
3746	367	351	718
3747	349	368	717
3748	377	370	747
3749	359	391	750
3750	376	372	748
3751	369	378	747
3752	376	353	729
3753	371	373	744
3754	341	379	720
3755	348	369	717
3756	380	351	731
3757	366	356	722
3758	334	371	705
3759	365	375	740
3760	365	375	740
3761	355	376	731
3762	341	356	697
3763	338	373	711
3764	342	361	703
3765	350	375	725
3766	354	360	714
3767	386	371	757
3768	360	382	742
3769	330	391	721
3770	356	375	731
3771	380	361	741
3772	345	365	710
3773	368	389	757
3774	364	380	744
3775	357	344	701
3776	353	377	730
3777	355	377	732
3778	377	353	730
3779	379	360	739
3780	359	372	731
3781	362	362	724
3782	314	393	707
3783	337	347	684
3784	359	359	718
3785	362	376	738
3786	335	368	703
3787	344	368	712
3788	347	354	701
3789	366	364	730
3790	348	363	711
3791	340	389	729
3792	357	381	738
3793	350	345	695
3794	336	362	698
3795	360	372	732
3796	370	376	746
3797	333	385	718
3798	357	376	733
3799	342	383	725
3800	361	339	700
3801	332	375	707
3802	351	357	708
3803	345	355	700
3804	354	341	695
3805	341	362	703
3806	330	391	721
3807	342	362	704
3808	338	376	714
3809	345	375	720
3810	357	378	735
3811	351	353	704
3812	329	379	708
3813	355	378	733
3814	370	337	707
3815	350	363	713
3816	367	365	732
3817	360	356	716
3818	350	361	711
3819	344	347	691
3820	361	364	725
3821	349	375	724
3822	347	359	706
3823	346	352	698
3824	358	359	717
3825	330	361	691
3826	362	384	746
3827	363	362	725
3828	349	375	724
3829	335	381	716
3830	367	346	713
3831	368	350	718
3832	362	352	714
3833	362	358	720
3834	363	373	736
3835	358	377	735
3836	347	358	705
3837	366	364	730
3838	344	373	717
3839	344	381	725
3840	352	368	720
3841	353	355	708
3842	350	350	700
3843	364	355	719
3844	360	374	734
3845	355	340	695
3846	371	359	730
3847	363	375	738
3848	355	374	729
3849	357	380	737
3850	342	370	712
3851	345	377	722
3852	331	367	698
3853	342	344	686
3854	349	375	724
3855	336	364	700
3856	359	354	713
3857	339	383	722
3858	348	389	737
3859	340	382	722
3860	360	372	732
3861	365	366	731
3862	354	358	712
3863	347	348	695
3864	362	348	710
3865	366	333	699
3866	360	367	727
3867	357	367	724
3868	368	354	722
3869	350	385	735
3870	354	365	719
3871	373	357	730
3872	387	355	742
3873	352	350	702
3874	355	361	716
3875	337	375	712
3876	345	357	702
3877	358	368	726
3878	367	354	721
3879	360	400	760
3880	350	367	717
3881	366	360	726
3882	361	365	726
3883	357	353	710
3884	341	372	713
3885	357	375	732
3886	370	386	756
3887	345	355	700
3888	359	385	744
3889	341	378	719
3890	336	363	699
3891	346	363	709
3892	341	389	730
3893	329	401	730
3894	331	376	707
3895	338	375	713
3896	352	386	738
3897	341	363	704
3898	372	360	732
3899	364	350	714
3900	357	376	733
3901	349	383	732
3902	347	361	708
3903	354	357	711
3904	340	363	703
3905	356	376	732
3906	357	350	707
3907	355	346	701
3908	372	350	722
3909	352	381	733
3910	352	360	712
3911	365	350	715
3912	359	380	739
3913	343	368	711
3914	341	365	706
3915	346	351	697
3916	350	369	719
3917	350	363	713
3918	362	362	724
3919	355	379	734
3920	363	344	707
3921	355	366	721
3922	359	342	701
3923	339	349	688
3924	342	361	703
3925	348	351	699
3926	348	367	715
3927	338	360	698
3928	343	364	707
3929	337	389	726
3930	358	384	742
3931	349	371	720
3932	361	352	713
3933	325	395	720
3934	345	370	715
3935	334	383	717
3936	350	342	692
3937	350	377	727
3938	346	374	720
3939	379	364	743
3940	353	358	711
3941	348	385	733
3942	341	362	703
3943	361	346	707
3944	358	385	743
3945	337	373	710
3946	348	376	724
3947	354	379	733
3948	347	371	718
3949	364	360	724
3950	340	359	699
3951	343	378	721
3952	357	378	735
3953	375	363	738
3954	349	372	721
3955	359	377	736
3956	339	357	696
3957	359	372	731
3958	338	381	719
3959	348	360	708
3960	359	366	725
3961	350	349	699
3962	365	355	720
3963	336	364	700
3964	365	389	754
3965	361	366	727
3966	352	380	732
3967	363	363	726
3968	353	374	727
3969	377	369	746
3970	328	376	704
3971	349	382	731
3972	361	341	702
3973	347	356	703
3974	354	346	700
3975	345	379	724
3976	359	359	718
3977	344	369	713
3978	367	351	718
3979	336	355	691
3980	351	384	735
3981	325	378	703
3982	334	383	717
3983	320	383	703
3984	354	388	742
3985	359	359	718
3986	360	368	728
3987	361	365	726
3988	343	372	715
3989	344	358	702
3990	363	365	728
3991	357	373	730
3992	350	366	716
3993	335	381	716
3994	357	364	721
3995	375	360	735
3996	332	364	696
3997	346	364	710
3998	343	362	705
3999	355	374	729
4000	348	356	704
4001	360	381	741
4002	367	360	727
4003	328	355	683
4004	357	353	710
4005	339	368	707
4006	350	365	715
4007	350	368	718
4008	356	371	727
4009	356	368	724
4010	361	353	714
4011	341	368	709
4012	321	355	676
4013	331	379	710
4014	374	369	743
4015	370	365	735
4016	352	366	718
4017	350	374	724
4018	359	389	748
4019	359	382	741
4020	378	365	743
4021	361	374	735
4022	371	366	737
4023	337	376	713
4024	333	380	713
4025	349	357	706
4026	346	379	725
4027	344	374	718
4028	357	363	720
4029	375	371	746
4030	362	359	721
4031	359	373	732
4032	358	374	732
4033	372	360	732
4034	353	354	707
4035	326	360	686
4036	342	377	719
4037	334	354	688
4038	341	361	702
4039	364	361	725
4040	376	373	749
4041	367	366	733
4042	374	369	743
4043	379	367	746
4044	360	385	745
4045	373	397	770
4046	327	366	693
4047	322	397	719
4048	333	349	682
4049	342	355	697
4050	343	371	714
4051	349	353	702
4052	364	380	744
4053	349	381	730
4054	343	388	731
4055	340	386	726
4056	327	382	709
4057	369	373	742
4058	343	355	698
4059	355	386	741
4060	339	373	712
4061	344	364	708
4062	368	344	712
4063	333	366	699
4064	338	391	729
4065	322	374	696
4066	360	391	751
4067	349	362	711
4068	347	362	709
4069	368	363	731
4070	365	348	713
4071	355	373	728
4072	341	357	698
4073	347	368	715
4074	339	368	707
4075	357	365	722
4076	336	401	737
4077	343	350	693
4078	356	352	708
4079	344	353	697
4080	364	341	705
4081	370	352	722
4082	356	346	702
4083	331	385	716
4084	335	345	680
4085	355	359	714
4086	350	366	716
4087	366	350	716
4088	338	340	678
4089	350	342	692
4090	337	361	698
4091	351	368	719
4092	333	383	716
4093	341	366	707
4094	364	358	722
4095	343	363	706
4096	354	375	729
4097	322	374	696
4098	362	364	726
4099	370	363	733
4100	338	369	707
4101	343	361	704
4102	361	369	730
4103	361	358	719
4104	356	359	715
4105	336	372	708
4106	340	365	705
4107	362	379	741
4108	350	379	729
4109	331	334	665
4110	332	352	684
4111	329	373	702
4112	333	346	679
4113	346	340	686
4114	351	350	701
4115	339	383	722
4116	348	387	735
4117	358	376	734
4118	361	375	736
4119	366	367	733
4120	363	390	753
4121	348	360	708
4122	341	385	726
4123	339	354	693
4124	356	374	730
4125	336	359	695
4126	335	347	682
4127	321	392	713
4128	355	368	723
4129	360	359	719
4130	346	358	704
4131	358	362	720
4132	346	368	714
4133	344	344	688
4134	354	391	745
4135	355	350	705
4136	347	358	705
4137	353	362	715
4138	361	363	724
4139	352	376	728
4140	338	371	709
4141	328	376	704
4142	349	357	706
4143	349	375	724
4144	359	384	743
4145	341	356	697
4146	351	355	706
4147	354	349	703
4148	351	362	713
4149	357	346	703
4150	362	366	728
4151	326	379	705
4152	365	374	739
4153	372	361	733
4154	355	368	723
4155	370	364	734
4156	356	384	740
4157	336	387	723
4158	364	363	727
4159	347	367	714
4160	353	376	729
4161	308	379	687
4162	341	368	709
4163	343	380	723
4164	349	375	724
4165	342	365	707
4166	347	343	690
4167	358	359	717
4168	349	368	717
4169	347	364	711
4170	348	372	720
4171	357	375	732
4172	352	358	710
4173	375	361	736
4174	345	369	714
4175	344	370	714
4176	347	381	728
4177	371	374	745
4178	369	381	750
4179	363	354	717
4180	364	368	732
4181	370	341	711
4182	366	354	720
4183	354	357	711
4184	370	363	733
4185	350	378	728
4186	372	390	762
4187	351	378	729
4188	372	349	721
4189	337	358	695
4190	368	351	719
4191	343	381	724
4192	343	385	728
4193	345	370	715
4194	348	365	713
4195	353	371	724
4196	354	361	715
4197	356	367	723
4198	346	345	691
4199	346	355	701
4200	347	351	698
4201	362	357	719
4202	343	373	716
4203	354	364	718
4204	346	363	709
4205	369	375	744
4206	334	362	696
4207	351	399	750
4208	364	370	734
4209	353	369	722
4210	360	351	711
4211	354	356	710
4212	326	354	680
4213	324	358	682
4214	347	388	735
4215	365	398	763
4216	354	368	722
4217	325	374	699
4218	354	359	713
4219	361	359	720
4220	373	389	762
4221	349	351	700
4222	346	371	717
4223	347	361	708
4224	364	354	718
4225	330	370	700
4226	331	359	690
4227	375	355	730
4228	346	362	708
4229	345	387	732
4230	348	364	712
4231	349	360	709
4232	344	370	714
4233	325	370	695
4234	334	351	685
4235	334	356	690
4236	368	348	716
4237	341	356	697
4238	361	358	719
4239	360	362	722
4240	341	400	741
4241	358	384	742
4242	353	342	695
4243	366	373	739
4244	340	361	701
4245	346	370	716
4246	350	344	694
4247	335	349	684
4248	367	344	711
4249	355	334	689
4250	358	360	718
4251	372	355	727
4252	354	364	718
4253	348	353	701
4254	338	384	722
4255	350	368	718
4256	344	373	717
4257	350	382	732
4258	364	378	742
4259	341	364	705
4260	345	338	683
4261	337	351	688
4262	353	349	702
4263	328	348	676
4264	345	382	727
4265	346	358	704
4266	355	338	693
4267	348	378	726
4268	342	386	728
4269	347	361	708
4270	366	383	749
4271	356	379	735
4272	327	388	715
4273	373	352	725
4274	378	357	735
4275	360	375	735
4276	361	356	717
4277	325	385	710
4278	359	347	706
4279	354	359	713
4280	341	369	710
4281	348	362	710
4282	369	372	741
4283	348	374	722
4284	358	388	746
4285	367	391	758
4286	361	378	739
4287	347	362	709
4288	339	364	703
4289	365	357	722
4290	361	372	733
4291	351	355	706
4292	348	370	718
4293	338	388	726
4294	357	378	735
4295	348	376	724
4296	358	361	719
4297	328	368	696
4298	340	341	681
4299	362	343	705
4300	357	353	710
4301	341	372	713
4302	358	358	716
4303	312	382	694
4304	368	379	747
4305	323	402	725
4306	334	378	712
4307	339	368	707
4308	357	348	705
4309	341	369	710
4310	345	374	719
4311	378	376	754
4312	351	360	711
4313	370	364	734
4314	352	371	723
4315	327	375	702
4316	365	347	712
4317	348	355	703
4318	355	376	731
4319	357	368	725
4320	325	341	666
4321	355	353	708
4322	362	381	743
4323	347	358	705
4324	350	352	702
4325	349	372	721
4326	344	365	709
4327	366	380	746
4328	344	376	720
4329	349	366	715
4330	333	347	680
4331	357	371	728
4332	380	349	729
4333	365	374	739
4334	353	358	711
4335	338	382	720
4336	351	375	726
4337	355	379	734
4338	348	374	722
4339	344	369	713
4340	357	374	731
4341	355	362	717
4342	334	371	705
4343	345	370	715
4344	358	380	738
4345	351	356	707
4346	334	376	710
4347	346	376	722
4348	338	363	701
4349	346	337	683
4350	350	360	710
4351	330	350	680
4352	364	376	740
4353	396	364	760
4354	333	376	709
4355	347	357	704
4356	360	360	720
4357	357	368	725
4358	364	378	742
4359	362	341	703
4360	361	375	736
4361	372	370	742
4362	330	369	699
4363	353	347	700
4364	368	372	740
4365	334	368	702
4366	345	397	742
4367	335	382	717
4368	365	375	740
4369	364	383	747
4370	336	365	701
4371	328	371	699
4372	340	370	710
4373	363	357	720
4374	329	388	717
4375	355	368	723
4376	368	346	714
4377	362	350	712
4378	352	349	701
4379	355	350	705
4380	364	329	693
4381	348	342	690
4382	362	346	708
4383	361	346	707
4384	325	376	701
4385	361	360	721
4386	353	353	706
4387	344	367	711
4388	349	375	724
4389	370	352	722
4390	345	376	721
4391	320	367	687
4392	362	336	698
4393	362	354	716
4394	348	378	726
4395	347	390	737
4396	355	391	746
4397	344	372	716
4398	339	356	695
4399	355	368	723
4400	345	384	729
4401	361	364	725
4402	353	372	725
4403	367	375	742
4404	337	356	693
4405	371	379	750
4406	342	350	692
4407	354	375	729
4408	335	384	719
4409	366	372	738
4410	337	378	715
4411	348	374	722
4412	342	360	702
4413	332	361	693
4414	333	342	675
4415	337	355	692
4416	340	362	702
4417	375	362	737
4418	374	371	745
4419	340	383	723
4420	338	371	709
4421	332	369	701
4422	342	359	701
4423	361	328	689
4424	329	361	690
4425	329	373	702
4426	357	361	718
4427	347	384	731
4428	342	376	718
4429	344	363	707
4430	351	361	712
4431	325	386	711
4432	353	376	729
4433	338	360	698
4434	346	355	701
4435	380	348	728
4436	351	375	726
4437	354	369	723
4438	336	383	719
4439	364	373	737
4440	338	369	707
4441	361	360	721
4442	343	372	715
4443	328	355	683
4444	337	363	700
4445	353	383	736
4446	339	385	724
4447	370	359	729
4448	367	356	723
4449	350	364	714
4450	362	388	750
4451	351	355	706
4452	341	357	698
4453	337	364	701
4454	348	373	721
4455	363	377	740
4456	364	358	722
4457	371	356	727
4458	350	352	702
4459	351	363	714
4460	335	367	702
4461	356	368	724
4462	350	351	701
4463	322	387	709
4464	354	370	724
4465	362	359	721
4466	355	365	720
4467	356	356	712
4468	351	356	707
4469	350	377	727
4470	359	371	730
4471	354	346	700
4472	340	358	698
4473	364	358	722
4474	330	364	694
4475	367	339	706
4476	338	357	695
4477	358	337	695
4478	353	356	709
4479	349	385	734
4480	351	371	722
4481	352	368	720
4482	323	363	686
4483	330	348	678
4484	372	372	744
4485	345	359	704
4486	350	376	726
4487	341	360	701
4488	347	356	703
4489	354	379	733
4490	344	373	717
4491	356	363	719
4492	346	380	726
4493	353	361	714
4494	338	372	710
4495	353	389	742
4496	344	381	725
4497	351	363	714
4498	379	347	726
4499	366	353	719
4500	368	371	739
4501	351	368	719
4502	360	365	725
4503	363	364	727
4504	361	380	741
4505	344	367	711
4506	357	370	727
4507	346	364	710
4508	394	343	737
4509	358	372	730
4510	359	349	708
4511	347	387	734
4512	339	386	725
4513	351	377	728
4514	351	366	717
4515	353	373	726
4516	351	382	733
4517	332	387	719
4518	329	373	702
4519	319	374	693
4520	341	360	701
4521	351	387	738
4522	343	363	706
4523	351	364	715
4524	346	327	673
4525	346	370	716
4526	351	351	702
4527	358	341	699
4528	374	353	727
4529	352	378	730
4530	357	394	751
4531	350	369	719
4532	344	380	724
4533	342	369	711
4534	354	361	715
4535	373	368	741
4536	334	382	716
4537	328	374	702
4538	346	375	721
4539	366	365	731
4540	367	377	744
4541	347	376	723
4542	345	358	703
4543	338	375	713
4544	359	356	715
4545	347	363	710
4546	334	364	698
4547	356	367	723
4548	363	350	713
4549	345	360	705
4550	358	351	709
4551	352	377	729
4552	342	369	711
4553	326	365	691
4554	337	351	688
4555	355	361	716
4556	355	377	732
4557	355	366	721
4558	335	351	686
4559	338	368	706
4560	345	369	714
4561	350	374	724
4562	345	360	705
4563	351	358	709
4564	326	371	697
4565	357	385	742
4566	350	390	740
4567	351	376	727
4568	356	357	713
4569	361	347	708
4570	337	364	701
4571	337	342	679
4572	343	358	701
4573	353	382	735
4574	367	375	742
4575	344	349	693
4576	339	367	706
4577	338	360	698
4578	352	370	722
4579	360	352	712
4580	368	368	736
4581	350	337	687
4582	355	351	706
4583	389	374	763
4584	376	351	727
4585	354	361	715
4586	358	351	709
4587	378	378	756
4588	366	361	727
4589	359	385	744
4590	349	349	698
4591	345	378	723
4592	365	363	728
4593	356	346	702
4594	325	373	698
4595	337	372	709
4596	360	372	732
4597	347	369	716
4598	324	385	709
4599	361	369	730
4600	366	385	751
4601	356	357	713
4602	340	399	739
4603	342	381	723
4604	337	361	698
4605	349	367	716
4606	367	364	731
4607	337	363	700
4608	346	352	698
4609	367	369	736
4610	356	369	725
4611	359	366	725
4612	366	355	721
4613	340	375	715
4614	360	367	727
4615	354	369	723
4616	347	369	716
4617	365	397	762
4618	355	372	727
4619	374	359	733
4620	357	388	745
4621	361	400	761
4622	355	371	726
4623	356	356	712
4624	345	367	712
4625	348	374	722
4626	334	359	693
4627	359	358	717
4628	376	374	750
4629	329	389	718
4630	338	359	697
4631	340	376	716
4632	358	355	713
4633	334	372	706
4634	319	361	680
4635	356	366	722
4636	365	362	727
4637	343	364	707
4638	334	343	677
4639	357	375	732
4640	353	354	707
4641	349	358	707
4642	339	373	712
4643	348	376	724
4644	353	361	714
4645	379	375	754
4646	373	366	739
4647	365	350	715
4648	360	347	707
4649	357	370	727
4650	346	355	701
4651	356	349	705
4652	353	367	720
4653	347	393	740
4654	349	376	725
4655	343	360	703
4656	354	378	732
4657	344	364	708
4658	347	349	696
4659	343	362	705
4660	377	372	749
4661	363	364	727
4662	312	382	694
4663	355	364	719
4664	339	376	715
4665	347	360	707
4666	342	371	713
4667	353	378	731
4668	358	357	715
4669	358	367	725
4670	350	364	714
4671	355	344	699
4672	353	356	709
4673	337	363	700
4674	344	354	698
4675	364	369	733
4676	351	357	708
4677	353	357	710
4678	348	365	713
4679	364	373	737
4680	339	351	690
4681	344	371	715
4682	362	378	740
4683	346	373	719
4684	333	370	703
4685	345	385	730
4686	360	361	721
4687	354	396	750
4688	369	378	747
4689	354	372	726
4690	353	344	697
4691	341	341	682
4692	340	359	699
4693	354	368	722
4694	332	356	688
4695	343	363	706
4696	372	355	727
4697	332	365	697
4698	345	365	710
4699	358	361	719
4700	349	363	712
4701	357	378	735
4702	342	355	697
4703	329	369	698
4704	311	366	677
4705	349	379	728
4706	359	372	731
4707	358	398	756
4708	366	366	732
4709	382	374	756
4710	347	376	723
4711	349	374	723
4712	348	358	706
4713	358	361	719
4714	359	381	740
4715	340	367	707
4716	351	362	713
4717	328	350	678
4718	350	338	688
4719	363	368	731
4720	352	358	710
4721	345	374	719
4722	365	353	718
4723	330	348	678
4724	330	369	699
4725	342	352	694
4726	330	361	691
4727	365	362	727
4728	359	372	731
4729	357	339	696
4730	343	372	715
4731	351	362	713
4732	350	352	702
4733	363	384	747
4734	358	352	710
4735	354	372	726
4736	367	346	713
4737	366	372	738
4738	344	386	730
4739	356	344	700
4740	357	356	713
4741	349	378	727
4742	353	376	729
4743	366	396	762
4744	357	361	718
4745	350	379	729
4746	339	360	699
4747	348	357	705
4748	348	363	711
4749	320	344	664
4750	331	375	706
4751	352	357	709
4752	374	353	727
4753	337	368	705
4754	377	398	775
4755	381	367	748
4756	363	369	732
4757	376	330	706
4758	365	357	722
4759	344	384	728
4760	323	375	698
4761	346	374	720
4762	344	377	721
4763	385	376	761
4764	383	392	775
4765	344	367	711
4766	364	357	721
4767	354	370	724
4768	335	380	715
4769	321	369	690
4770	353	344	697
4771	365	367	732
4772	348	364	712
4773	321	379	700
4774	349	391	740
4775	371	380	751
4776	362	375	737
4777	358	384	742
4778	367	385	752
4779	371	357	728
4780	352	370	722
4781	365	372	737
4782	348	366	714
4783	356	369	725
4784	365	352	717
4785	353	345	698
4786	338	378	716
4787	346	373	719
4788	367	354	721
4789	377	324	701
4790	368	355	723
4791	360	371	731
4792	359	378	737
4793	358	377	735
4794	358	370	728
4795	359	380	739
4796	340	351	691
4797	339	368	707
4798	352	381	733
4799	358	377	735
4800	334	389	723
4801	354	377	731
4802	364	392	756
4803	376	383	759
4804	357	360	717
4805	344	368	712
4806	361	372	733
4807	361	381	742
4808	350	343	693
4809	331	359	690
4810	353	394	747
4811	368	360	728
4812	340	384	724
4813	353	389	742
4814	326	366	692
4815	331	356	687
4816	351	350	701
4817	363	360	723
4818	354	348	702
4819	339	367	706
4820	359	380	739
4821	357	357	714
4822	363	377	740
4823	357	358	715
4824	363	392	755
4825	362	405	767
4826	347	365	712
4827	346	378	724
4828	363	361	724
4829	357	380	737
4830	378	365	743
4831	345	364	709
4832	332	386	718
4833	329	388	717
4834	372	382	754
4835	355	363	718
4836	366	388	754
4837	364	356	720
4838	371	351	722
4839	343	336	679
4840	362	370	732
4841	368	365	733
4842	345	365	710
4843	353	375	728
4844	349	350	699
4845	358	349	707
4846	347	350	697
4847	355	353	708
4848	356	375	731
4849	342	362	704
4850	343	390	733
4851	354	371	725
4852	369	360	729
4853	354	373	727
4854	357	350	707
4855	332	383	715
4856	340	369	709
4857	353	366	719
4858	343	349	692
4859	373	367	740
4860	363	353	716
4861	373	378	751
4862	349	371	720
4863	347	371	718
4864	338	342	680
4865	352	348	700
4866	334	363	697
4867	334	380	714
4868	346	346	692
4869	363	369	732
4870	356	390	746
4871	356	351	707
4872	336	353	689
4873	341	350	691
4874	361	377	738
4875	334	359	693
4876	349	368	717
4877	354	343	697
4878	346	380	726
4879	326	352	678
4880	346	359	705
4881	355	384	739
4882	340	364	704
4883	368	350	718
4884	349	364	713
4885	360	356	716
4886	360	365	725
4887	358	394	752
4888	349	383	732
4889	356	343	699
4890	327	366	693
4891	328	362	690
4892	331	352	683
4893	343	368	711
4894	329	356	685
4895	347	377	724
4896	348	369	717
4897	339	371	710
4898	336	389	725
4899	361	371	732
4900	344	360	704
4901	335	383	718
4902	324	363	687
4903	332	373	705
4904	355	377	732
4905	343	364	707
4906	354	365	719
4907	350	382	732
4908	361	349	710
4909	355	358	713
4910	380	372	752
4911	341	398	739
4912	360	387	747
4913	352	383	735
4914	338	375	713
4915	339	343	682
4916	365	356	721
4917	345	372	717
4918	342	373	715
4919	358	371	729
4920	369	372	741
4921	370	350	720
4922	340	366	706
4923	340	378	718
4924	351	358	709
4925	360	367	727
4926	344	376	720
4927	351	378	729
4928	347	371	718
4929	341	360	701
4930	366	374	740
4931	355	358	713
4932	352	392	744
4933	356	372	728
4934	350	347	697
4935	356	402	758
4936	354	390	744
4937	334	384	718
4938	348	364	712
4939	368	369	737
4940	353	356	709
4941	370	352	722
4942	354	345	699
4943	357	372	729
4944	352	368	720
4945	351	347	698
4946	359	363	722
4947	354	376	730
4948	363	382	745
4949	357	386	743
4950	355	364	719
4951	342	340	682
4952	345	366	711
4953	373	341	714
4954	341	343	684
4955	370	350	720
4956	352	366	718
4957	338	364	702
4958	366	363	729
4959	344	374	718
4960	353	367	720
4961	369	374	743
4962	350	369	719
4963	367	359	726
4964	360	371	731
4965	337	384	721
4966	348	374	722
4967	356	365	721
4968	361	376	737
4969	345	353	698
4970	378	320	698
4971	322	373	695
4972	335	358	693
4973	358	371	729
4974	370	369	739
4975	359	363	722
4976	342	340	682
4977	365	359	724
4978	342	376	718
4979	334	363	697
4980	341	371	712
4981	347	354	701
4982	347	376	723
4983	344	390	734
4984	340	358	698
4985	365	346	711
4986	353	352	705
4987	320	380	700
4988	350	368	718
4989	359	373	732
4990	370	385	755
4991	336	369	705
4992	341	358	699
4993	368	352	720
4994	362	369	731
4995	356	356	712
4996	354	381	735
4997	336	374	710
4998	355	354	709
4999	361	365	726
5000	341	375	716
5001	356	379	735
5002	350	377	727
5003	358	369	727
5004	357	346	703
5005	358	353	711
5006	337	361	698
5007	364	371	735
5008	368	356	724
5009	382	357	739
5010	336	357	693
5011	349	363	712
5012	351	383	734
5013	374	374	748
5014	355	367	722
5015	340	381	721
5016	342	359	701
5017	351	364	715
5018	358	361	719
5019	338	384	722
5020	360	380	740
5021	371	357	728
5022	363	372	735
5023	348	344	692
5024	319	379	698
5025	361	380	741
5026	362	364	726
5027	343	345	688
5028	358	361	719
5029	323	362	685
5030	338	351	689
5031	346	349	695
5032	339	371	710
5033	343	372	715
5034	341	370	711
5035	351	370	721
5036	364	369	733
5037	343	357	700
5038	345	369	714
5039	367	368	735
5040	360	375	735
5041	383	361	744
5042	353	370	723
5043	369	374	743
5044	340	386	726
5045	358	361	719
5046	366	357	723
5047	354	366	720
5048	346	365	711
5049	369	378	747
5050	357	370	727
5051	347	364	711
5052	347	353	700
5053	332	350	682
5054	337	370	707
5055	349	377	726
5056	352	367	719
5057	341	374	715
5058	350	382	732
5059	363	363	726
5060	341	361	702
5061	337	375	712
5062	320	369	689
5063	344	326	670
5064	342	350	692
5065	339	366	705
5066	373	366	739
5067	344	369	713
5068	356	360	716
5069	356	364	720
5070	370	379	749
5071	357	365	722
5072	341	357	698
5073	336	354	690
5074	357	355	712
5075	346	343	689
5076	319	354	673
5077	364	370	734
5078	363	356	719
5079	362	351	713
5080	352	379	731
5081	351	366	717
5082	354	399	753
5083	346	385	731
5084	376	377	753
5085	363	360	723
5086	361	372	733
5087	348	351	699
5088	343	359	702
5089	349	352	701
5090	363	363	726
5091	359	372	731
5092	337	368	705
5093	348	361	709
5094	347	376	723
5095	347	375	722
5096	350	367	717
5097	373	374	747
5098	388	339	727
5099	352	349	701
