0	0	0	0	0	0	0	0	0	0	0	0	0	0	0	0	0	0	0	0	0	0	0	0	0	0	0	0	0	0	0	0	0	0	0	0	0	0	0	0	0	0	0	0	0	0	0	0	0	0	0	0	0	0	0	0	0	0	0	0	0	0	0	0	0	0	0	0	0	0	0	0	0	0	0	0	0	0	0	0	0	0	0	0	0	0	0	0	0	0	0	0	0	0	0	0	0	0	0	0	0	0	0	0	0	0	0	0	0	0	0	0	0	0	0	0	0	0	0	0	0	0	0	0	0	0	0	0	0	0	0	0	0	0	0	0	0	0	0	0	0	0	0	0	0	0	0	0	0	0	0	0	0	0	0	0	0	0	0	0	0	0	0	0	0	0	0	0	0	0	0	0	0	0	0	0	0	0	0	0	0	0	0	0	0	0	0	0	0	0	0	0	0	0	0	0	0	0	0	0	0	0	0	0	0	0	0	0	0	0	0	0	0	0	0	0	0	0	0	0	0	0	0	0	0	0	0	0	0	0	0	0	0	0	0	0	0	0	0	0	0	0	0	0	0	0	0	0	0	0	0	0	0	0	0	0	0	0	0	0	0	0	0	0	0	0	0	0	0	0	0	0	0	0	0	0	0	0	0	0	0	0	0	0	0	0	0	0	0	0	0	0	0	0	0	0	0	0	0	0	0	0	0	0	0	0	0	0	0	0	0	0	0	0	0	0	0	0	0	0	0	0	0	0	0	0	0	0	0	0	0	0	0	0	0	0	0	0	0	0	0	0	0	0	0	0	0	0	0	0	0	0	0	0	0	0	0	0	0	0	0	0	0	0	0	0	0	0	0	0	0	0	0	0	0	0	0	0	0	0	0	0	0	0	0	0	0	0	0	0	0	0	0	0	0	0	0	0	0	0	0	0	0	0	0	0	0	0	0	0	0	0	0	0	0	0	0	0	0	0	0	0	0	0	0	0	0	0	0	0	0	0	0	0	0	0	0	0	0	0	0	0	0	0	0	0	0	0	0	0	0	0	0	0	0	0	0	0	0	0	0	0	0	0	0	0	0	0	0	0	0	0	0	0	0	0	0	0	0	0	0	0	0	0	0	0	0	0	0	0	0	0	0	0	0	0	0	0	0	0	0	0	0	0	0	0	0	0	0	0	0	0	
230	480	198	
230	480	483	482	355	
230	480	231	239	484	199	
230	480	231	417	352	484	
230	480	417	485	199	289	
230	480	417	485	246	254	
230	480	417	485	246	482	448	416	418	
230	480	246	448	416	360	464	226	
230	480	246	242	356	243	210	98	
230	480	246	242	226	254	
230	480	242	118	102	416	
230	480	242	118	416	492	432	484	440	
230	480	242	118	416	408	481	432	494	492	472	430	486	
230	480	242	118	416	432	288	496	
230	480	242	118	416	432	496	498	119	
230	480	242	118	416	496	119	432	498	
480	242	118	416	496	
480	242	118	416	496	498	243	464	210	506	
480	242	118	416	496	288	
242	118	416	496	226	384	392	
242	118	416	496	
242	118	416	496	
242	416	496	250	243	420	112	114	
242	416	496	178	186	154	
242	416	496	432	
242	416	496	
242	416	496	240	
242	416	496	424	
242	416	496	182	497	
242	416	496	243	
242	416	496	
242	416	496	
242	416	496	246	113	178	432	
242	416	496	420	
242	416	496	
242	416	496	226	
242	416	496	241	500	
242	416	496	234	240	178	
242	416	496	
242	416	496	234	481	
242	416	496	
242	416	496	250	424	
242	416	496	243	418	
242	416	496	178	432	
242	416	496	
242	416	496	
242	416	496	
242	416	496	417	
242	416	496	
242	416	496	
242	416	496	
242	416	496	
242	416	496	
242	416	496	
242	416	496	
242	416	496	114	
242	416	496	418	
242	416	496	241	178	210	
242	416	496	241	177	248	249	184	
242	416	496	241	368	
242	416	496	241	
242	416	496	241	
242	416	496	241	464	209	
242	416	496	241	418	386	226	384	
242	416	496	241	424	498	394	240	
242	416	496	241	410	
242	416	496	241	113	411	394	346	225	414	
242	416	496	241	346	446	318	
242	416	496	241	346	424	209	
242	416	496	241	346	424	428	338	
242	416	496	241	424	480	
242	416	496	241	424	466	240	
242	416	241	424	496	
242	416	241	424	496	209	
242	416	241	424	247	243	
242	416	241	424	247	246	
242	416	247	
242	416	247	
242	416	247	
416	247	
416	247	
416	247	418	482	490	
416	247	418	482	434	354	488	
416	247	418	482	434	435	402	507	443	
416	247	418	482	435	507	
416	247	435	417	434	
416	247	435	
247	435	246	
247	435	246	
247	435	246	255	215	
247	435	246	215	
247	435	246	245	
247	435	246	307	119	
247	435	246	
247	435	246	231	434	
247	435	246	439	
247	435	246	
247	435	246	183	
247	435	246	403	231	242	467	
247	435	246	
247	435	246	
247	435	246	255	183	
247	435	246	255	
247	435	246	499	
247	435	246	403	
247	435	246	
247	435	246	443	
247	435	246	
247	435	246	
247	435	246	
247	435	246	214	
247	435	246	231	
435	246	
435	246	247	419	
435	246	247	
435	246	247	411	403	
435	246	411	247	
435	246	411	403	395	409	
435	246	411	403	443	230	
435	246	411	403	
435	246	411	403	447	395	
435	246	411	403	230	
435	246	411	403	415	244	228	
435	246	411	403	
435	246	411	403	
435	246	411	403	
435	246	411	403	443	245	402	
246	411	403	401	
246	411	242	
246	411	210	86	214	
246	411	210	86	244	98	254	255	
246	411	86	244	98	114	
246	411	98	66	
246	411	98	403	387	66	401	
246	411	98	403	96	70	
411	98	403	
98	403	275	401	
98	403	
98	403	102	407	
98	403	102	
98	403	467	
98	403	
98	403	
98	403	66	96	
98	403	407	405	
98	403	
98	403	34	
98	403	
98	403	387	
98	403	
98	403	
98	403	387	259	
98	403	
98	403	
98	403	162	401	
98	403	
98	403	411	
98	403	226	
98	403	
98	403	114	
98	403	
98	403	
98	403	
98	403	
98	403	387	
98	403	
98	403	
98	403	34	
98	403	102	
98	403	275	96	34	114	
98	403	275	34	
98	403	
98	403	34	
98	403	
98	403	
98	403	34	
98	403	106	
98	403	66	
98	403	
98	403	387	
98	403	275	
98	403	387	
98	403	
98	403	275	99	
98	403	102	
98	403	435	
98	403	106	411	
98	403	467	
98	403	
98	403	
98	403	
98	403	275	
98	403	
98	403	106	
98	403	275	
98	403	
98	403	275	106	99	
98	403	106	
98	403	
98	403	
98	403	106	
98	403	
98	403	
98	403	
98	403	
98	403	
98	403	
98	403	
98	403	
98	403	99	
98	403	275	
98	403	
98	403	102	
98	403	
98	403	102	
98	403	402	411	
98	403	407	
98	403	283	
98	403	
98	403	
98	403	387	66	
98	403	
98	403	
98	403	402	
98	403	435	
98	403	
98	403	
98	403	
98	403	401	106	
98	403	
98	403	
98	403	
98	403	411	102	
98	403	402	275	
98	403	106	
98	403	467	
98	403	34	
98	403	
98	403	
98	403	
98	403	
98	403	
98	403	
98	403	34	
98	403	467	
98	403	226	
98	403	
98	403	
98	403	102	
98	403	97	
98	403	97	96	102	
98	403	97	411	226	
98	403	97	102	
98	403	97	
98	403	97	
98	403	97	
98	403	97	
98	403	97	
98	403	97	467	402	400	
98	403	97	499	435	
98	403	97	385	387	402	
98	403	97	385	
98	403	97	385	
98	403	97	385	34	407	33	
98	403	97	385	
98	403	97	385	34	226	
98	403	97	385	226	162	99	273	275	
98	403	97	385	226	384	99	162	
98	403	97	385	226	384	416	
98	403	97	385	226	384	256	114	
98	403	97	385	226	384	392	114	
98	403	97	385	226	384	
98	403	97	385	226	384	
98	403	97	385	226	384	
98	403	97	385	226	384	65	
98	403	97	385	226	384	275	34	
98	403	97	385	226	384	275	99	227	
98	403	97	385	384	275	230	99	114	102	
98	403	97	385	384	275	393	
98	403	97	385	384	275	96	34	33	449	
98	403	97	385	384	275	34	
98	403	97	385	384	275	34	401	
98	403	97	385	384	275	34	105	42	256	
98	403	97	385	384	275	34	416	418	35	
98	403	97	385	384	275	34	418	
98	403	97	385	384	275	34	418	386	
98	403	97	385	384	275	34	418	273	
98	403	97	385	384	275	34	418	50	162	288	
98	403	385	384	34	418	3	400	387	1	65	
98	403	385	384	34	418	
98	385	384	34	
385	384	34	
385	384	34	256	389	
385	384	34	
385	384	34	
385	384	34	
385	384	34	256	
385	384	34	
385	384	34	416	
385	34	
385	34	
385	34	
385	34	
385	34	
385	34	
385	34	393	
385	34	
385	34	
385	34	43	
385	34	
385	34	
385	34	
385	34	
385	34	401	
385	34	384	
385	34	384	
385	34	389	
385	34	
385	34	
385	34	
385	34	
385	34	
385	34	389	
385	34	
385	34	35	
385	34	
385	34	
385	34	257	
385	34	
385	34	
385	34	162	178	
385	34	
385	34	
385	34	
385	34	401	
385	34	
385	34	384	
385	34	50	
385	34	
385	34	
385	34	162	384	160	
385	34	401	
385	34	387	419	
385	34	
385	34	384	
385	34	
385	34	162	384	
385	34	226	
385	34	226	
385	34	226	401	227	242	
385	34	226	384	
385	34	226	401	227	405	130	162	389	
385	34	226	401	
385	34	226	162	257	
385	34	226	
385	34	226	257	
385	34	226	
385	34	226	384	2	449	
385	34	226	384	162	448	194	
385	34	226	
385	34	226	
385	34	226	224	
385	34	226	
385	34	226	393	
385	34	226	
385	34	226	387	
385	34	226	162	
385	34	226	401	
385	34	226	257	
385	34	226	
385	34	226	384	
385	34	226	384	
385	34	226	
385	34	226	
385	34	226	
385	34	226	
385	34	226	
385	34	226	
385	34	226	257	
385	34	226	
385	34	226	384	393	242	
385	34	226	384	389	178	
385	34	226	416	
385	34	226	401	417	42	
385	34	226	389	
385	34	226	393	401	35	
385	34	226	162	
385	34	226	162	
385	34	226	393	
385	34	226	
385	34	226	401	
385	34	226	417	289	421	
385	34	226	
385	34	226	449	2	
385	34	226	
385	34	226	384	
385	34	226	162	
385	34	226	162	242	257	
385	34	226	162	
385	34	226	162	
385	34	226	178	162	
385	34	226	162	417	
385	34	226	162	393	230	
385	34	226	321	465	389	
385	34	226	497	
385	34	226	162	
385	34	226	389	
385	34	226	35	
385	34	226	384	256	258	266	50	
385	34	226	256	162	393	
385	34	226	256	384	258	
385	34	226	256	258	42	
385	34	226	256	258	
385	34	226	256	258	162	289	
385	34	226	256	258	162	257	
385	34	226	256	258	162	449	457	
385	34	226	256	258	162	304	288	
385	34	226	256	258	162	
385	34	226	256	258	162	274	160	128	417	227	
385	34	226	256	258	162	274	234	50	35	
385	34	226	256	258	162	234	160	
385	34	226	256	258	162	234	238	206	260	266	204	170	98	
385	226	256	258	162	234	238	206	222	204	198	78	
385	226	256	258	162	234	238	222	78	257	259	
226	256	258	162	238	222	78	259	14	74	142	234	200	202	
226	256	258	162	238	222	78	259	14	74	234	203	219	223	257	
256	258	162	222	78	259	74	203	206	322	220	
256	258	222	78	259	74	203	263	257	264	
256	258	222	78	259	74	203	263	272	257	219	
256	258	222	78	259	74	203	106	195	267	257	
258	222	78	259	74	203	218	195	207	
258	222	78	259	74	203	218	94	263	66	
258	222	78	259	74	203	201	218	202	
258	222	78	259	74	203	
258	222	78	74	203	
258	222	74	203	254	262	
258	222	74	203	158	
258	222	74	203	223	
258	222	74	203	
258	74	203	
258	74	203	
258	74	203	386	
258	74	203	262	
258	74	203	262	264	
258	74	203	75	
258	74	203	
258	74	203	
258	74	203	
258	74	203	259	
258	74	203	78	
258	74	203	
258	74	203	
258	74	203	
258	74	203	
258	74	203	
258	74	203	66	219	
258	74	203	
258	74	203	
258	74	203	259	11	
258	74	203	78	
258	74	203	
258	74	203	
258	74	203	
258	74	203	
258	74	203	207	
258	74	203	259	
258	74	203	
258	74	203	
258	74	203	
258	74	203	
258	74	203	
258	74	203	
258	74	203	90	
258	74	203	
258	74	203	201	
258	74	203	
258	74	203	266	
258	74	203	259	
258	74	203	
258	74	203	
258	74	
258	74	
258	74	106	
258	74	274	
258	74	
258	74	
258	74	
258	74	
258	74	72	
258	74	386	
258	74	
258	74	
258	74	290	
258	74	
258	74	
258	74	
258	74	
258	74	
258	74	
258	74	
258	74	
258	74	72	90	
258	74	386	
258	74	
258	74	
258	74	
258	74	
258	74	90	
258	74	
258	74	
258	74	202	
258	74	
258	74	
258	74	78	94	
258	74	
258	74	
258	74	
258	74	
258	74	
258	74	
258	74	386	
258	74	266	
258	74	72	
258	74	10	
258	74	
258	74	
258	74	262	256	
258	74	106	
258	74	
258	74	
258	74	
258	74	256	
258	74	
258	74	
258	74	
258	74	
258	74	
258	74	
258	74	
258	74	
258	74	90	
258	74	
258	74	
258	74	386	
258	74	
258	74	90	
258	74	290	
258	74	75	
258	74	
258	74	
258	74	
258	74	
258	74	
258	74	
258	74	66	
258	74	75	
258	74	
258	74	
258	74	202	
258	74	
258	74	
258	74	
258	74	
258	74	
258	74	
258	74	
258	74	
258	74	
258	74	
258	74	75	
258	74	
258	74	
258	74	
258	74	
258	74	
258	74	
258	74	
258	74	
258	74	
258	74	
258	74	
258	74	
258	74	
258	74	
258	74	262	259	
258	74	
258	74	322	
258	74	
258	74	
258	74	
258	74	
258	74	
258	74	75	
258	74	
258	74	
258	74	290	
258	74	
258	74	
258	74	266	
258	74	
258	74	
258	74	
258	74	78	
258	74	
258	74	386	
258	74	264	
258	74	
258	74	
258	74	202	
258	74	106	75	78	
258	74	290	
258	74	75	262	
258	74	
258	74	
258	74	
258	74	
258	74	
258	74	
258	74	
258	74	
258	74	106	
258	74	78	
258	74	
258	74	
258	74	
258	74	
258	74	
258	74	
258	74	
258	74	
258	74	386	
258	74	322	
258	74	
258	74	259	
258	74	274	
258	74	
258	74	
258	74	78	
258	74	
258	74	
258	74	
258	74	70	
258	74	
258	74	274	
258	74	
258	74	
258	74	
258	74	
258	74	
258	74	
258	74	
258	74	
258	74	
258	74	
258	74	262	
258	74	386	
258	74	90	202	82	
258	74	
258	74	
258	74	75	
258	74	322	
258	74	386	
258	74	
258	74	274	
258	74	
258	74	
258	74	202	
258	74	290	202	10	
258	74	259	
258	74	
258	74	66	
258	74	
258	74	75	66	
258	74	
258	74	386	
258	74	10	
258	74	106	
258	74	
258	74	10	75	202	
258	74	266	
258	74	
258	74	
258	74	
258	74	
258	74	
258	74	
258	74	
258	74	75	
258	74	
258	74	
258	74	
258	74	75	
258	74	288	290	
258	74	
258	74	274	
258	74	
258	74	
258	74	
258	74	
258	74	
258	74	
258	74	
258	74	
258	74	
258	74	
258	74	
258	74	
258	74	
258	74	
258	74	
258	74	
258	74	
258	74	290	
258	74	
258	74	
258	74	
258	74	
258	74	
258	74	122	
258	74	
258	74	
258	74	
258	74	
258	74	106	
258	74	
258	74	
258	74	
258	74	
258	74	
258	74	
258	74	
258	74	274	10	
258	74	
258	74	
258	74	
258	74	
258	74	202	
258	74	
258	74	322	
258	74	386	
258	74	386	
258	74	
258	74	
258	74	266	
258	74	
258	74	274	
258	74	
258	74	
258	74	
258	74	
258	74	
258	74	
258	74	72	
258	74	262	
258	74	266	
258	74	72	75	
258	74	
258	74	72	
258	74	
258	74	75	
258	74	
258	74	
258	74	
258	74	290	
258	74	78	
258	74	266	
258	74	
258	74	
258	74	274	
258	74	106	
258	74	90	
258	74	262	
258	74	
258	74	
258	74	
258	74	66	
258	74	
258	74	
258	74	
258	74	
258	74	
258	74	
258	74	
258	74	
258	74	
258	74	
258	74	
258	74	
258	74	
258	74	75	
258	74	203	
258	74	203	
258	74	203	75	
258	74	203	272	
258	74	203	
258	74	203	
258	74	
258	74	
258	74	66	
258	74	
258	74	
258	74	66	
258	74	
258	74	
258	74	
258	74	
258	74	
258	74	
258	74	266	
258	74	202	
258	74	262	78	
258	74	
258	74	
258	74	106	
258	74	78	
258	74	
258	74	
258	74	
258	74	90	
258	74	
258	74	
258	74	90	
258	74	
258	74	
258	74	322	
258	74	323	
258	74	
258	74	
258	74	
258	74	90	82	
258	74	66	90	
258	74	
258	74	10	
258	74	107	
258	74	290	
258	74	73	
258	74	322	
258	74	75	
258	74	
258	74	72	
258	74	
258	74	
258	74	274	
258	74	262	
258	74	
258	74	274	
258	74	256	
258	74	
258	74	266	
258	74	
258	74	
258	74	256	
258	74	
258	74	256	272	
258	74	
258	74	
258	74	
258	74	
258	74	106	
258	74	
258	74	259	
258	74	202	
258	74	259	
258	74	10	
258	74	
258	74	
258	74	
258	74	75	
258	74	
258	74	290	
258	74	
258	74	
258	74	
258	74	
258	74	
258	74	
258	74	
258	74	
258	74	259	
258	74	
258	74	90	
258	74	75	
258	74	78	
258	74	
258	74	
258	74	90	
258	74	78	
258	74	
258	74	
258	74	
258	74	290	
258	74	
258	74	259	
258	74	
258	74	290	
258	74	322	
258	74	274	
258	74	
258	74	
258	74	322	
258	74	72	
258	74	75	
258	74	
258	74	106	
258	74	386	
258	74	
258	74	
258	74	
258	74	262	320	322	
258	74	
258	74	
258	74	262	
258	74	
258	74	
258	74	
258	74	90	
258	74	
258	74	90	
258	74	
258	74	202	
258	74	
258	74	
258	74	
258	74	290	
258	74	
258	74	
258	74	
258	74	
258	74	106	
258	74	
258	74	
258	74	
258	74	
258	74	
258	74	
258	74	
258	74	
258	74	
258	74	66	
258	74	
258	74	386	
258	74	
258	74	
258	74	
258	74	274	
258	74	
258	74	
258	74	90	274	322	
258	74	
258	74	
258	74	
258	74	
258	74	66	
258	74	90	
258	74	386	
258	74	
258	74	
258	74	72	
258	74	78	386	10	75	
258	74	266	
258	74	90	
258	74	274	
258	74	
258	74	
258	74	259	
258	74	
258	74	203	322	
258	74	203	
258	74	203	256	
258	74	322	
258	74	266	
258	74	259	
258	74	
258	74	
258	74	
258	74	
258	74	
258	74	
258	74	
258	74	
258	74	290	
258	74	
258	74	78	386	
258	74	262	
258	74	
258	74	322	
258	74	322	290	
258	74	106	
258	74	10	
258	74	
258	74	66	
258	74	
258	74	
258	74	290	
258	74	
258	74	
258	74	
258	74	
258	74	
258	74	290	
258	74	
258	74	
258	74	290	
258	74	259	
258	74	
258	74	
258	74	
258	74	262	290	
258	74	66	
258	74	
258	74	
258	74	266	73	
258	74	
258	74	
258	74	
258	74	66	
258	74	
258	74	
258	74	
258	74	
258	74	
258	74	
258	74	
258	74	
258	74	
258	74	
258	74	
258	74	
258	74	
258	74	
258	74	
258	74	106	75	
258	74	
258	74	
258	74	
258	74	106	
258	74	
258	74	
258	74	10	
258	74	
258	74	
258	74	
258	74	
258	74	354	
258	74	78	
258	74	78	
258	74	
258	74	
258	74	387	
258	74	
258	74	
258	74	202	
258	74	
258	74	
258	74	
258	74	256	
258	74	
258	74	106	
258	74	274	
258	74	
258	74	10	
258	74	
258	74	266	
258	74	
258	74	
258	74	
258	74	
258	74	72	
258	74	
258	74	
258	74	78	66	
258	74	
258	74	
258	74	
258	74	322	
258	74	
258	74	78	
258	74	66	
258	74	
258	74	
258	74	256	
258	74	
258	74	
258	74	290	90	
258	74	
258	74	256	
258	74	
258	74	
258	74	
258	74	
258	74	
258	74	
258	74	
258	74	
258	74	
258	74	
258	74	
258	74	
258	74	
258	74	
258	74	
258	74	
258	74	259	
258	74	
258	74	
258	74	256	
258	74	
258	74	
258	74	
258	74	
258	74	
258	74	75	
258	74	
258	74	78	
258	74	
258	74	78	
258	74	
258	74	274	10	
258	74	266	
258	74	
258	74	
258	74	
258	74	90	
258	74	
258	74	66	
258	74	
258	74	
258	74	
258	74	290	
258	74	
258	74	
258	74	
258	74	
258	74	
258	74	
258	74	
258	74	
258	74	66	322	
258	74	
258	74	
258	74	322	
258	74	
258	74	
258	74	278	274	
258	74	
258	74	
258	74	
258	74	75	202	
258	74	
258	74	
258	74	72	
258	74	
258	74	
258	74	
258	74	90	
258	74	
258	74	78	202	
258	74	
258	74	
258	74	
258	74	
258	74	
258	74	
258	74	78	322	
258	74	262	274	
258	74	
258	74	
258	74	322	
258	74	
258	74	90	
258	74	
258	74	256	
258	74	202	
258	74	
258	74	10	
258	74	
258	74	
258	74	78	262	290	
258	74	290	
258	74	
258	74	72	322	
258	74	
258	74	78	
258	74	202	
258	74	256	
258	74	72	
258	74	
258	74	
258	74	
258	74	256	
258	74	
258	74	
258	74	75	
258	74	259	
258	74	
258	74	
258	74	
258	74	
258	74	
258	74	262	
258	74	322	
258	74	
258	74	274	
258	74	
258	74	66	
258	74	72	
258	74	
258	74	90	
258	74	
258	74	266	
258	74	10	
258	74	72	
258	74	
258	74	
258	74	
258	74	
258	74	
258	74	
258	74	262	
258	74	
258	74	322	
258	74	
258	74	322	
258	74	202	262	
258	74	75	
258	74	
258	74	
258	74	
258	74	
258	74	
258	74	274	
258	74	72	
258	74	78	
258	74	
258	74	
258	74	90	
258	74	274	
258	74	
258	74	
258	74	
258	74	262	266	
258	74	
258	74	290	
258	74	
258	74	262	
258	74	
258	74	
258	74	
258	74	
258	74	
258	74	90	
258	74	262	390	
258	74	
258	74	386	
258	74	78	322	
258	74	
258	74	
258	74	
258	74	
258	74	
258	74	
258	74	122	
258	74	
258	74	
258	74	
258	74	
258	74	274	266	
258	74	90	
258	74	
258	74	259	267	
258	74	
258	74	
258	74	
258	74	
258	74	
258	74	262	
258	74	203	
258	74	203	
258	74	262	
258	74	
258	74	72	
258	74	75	
258	74	
258	74	
258	74	
258	74	
258	74	
258	74	
258	74	
258	74	
258	74	78	262	
258	74	66	
258	74	
258	74	266	
258	74	274	
258	74	
258	74	290	106	
258	74	322	
258	74	
258	74	
258	74	72	
258	74	90	
258	74	
258	74	78	266	
258	74	202	
258	74	
258	74	
258	74	66	78	
258	74	322	
258	74	
258	74	
258	74	
258	74	
258	74	
258	74	
258	74	
258	74	72	
258	74	
258	74	
258	74	
258	74	
258	74	290	
258	74	
258	74	75	
258	74	
258	74	
258	74	
258	74	
258	74	66	
258	74	
258	74	
258	74	
258	74	
258	74	256	
258	74	
258	74	386	
258	74	
258	74	
258	74	
258	74	
258	74	
258	74	
258	74	
258	74	274	
258	74	
258	74	
258	74	
258	74	262	
258	74	
258	74	266	
258	74	
258	74	
258	74	
258	74	66	
258	74	202	
258	74	
258	74	290	
258	74	
258	74	
258	74	203	139	202	
258	74	66	
258	74	
258	74	
258	74	
258	74	
258	74	322	
258	74	
258	74	78	
258	74	
258	74	290	
258	74	
258	74	
258	74	386	
258	74	
258	74	
258	74	75	
258	74	
258	74	
258	74	
258	74	322	
258	74	90	
258	74	
258	74	259	
258	74	
258	74	266	78	
258	74	
258	74	
258	74	
258	74	
258	74	
258	74	290	
258	74	90	
258	74	
258	74	256	
258	74	
258	74	
258	74	
258	74	
258	74	
258	74	
258	74	
258	74	
258	74	
258	74	
258	74	78	
258	74	
258	74	
258	74	
258	74	
258	74	
258	74	
258	74	
258	74	90	266	
258	74	
258	74	72	
258	74	
258	74	
258	74	
258	74	78	10	
258	74	256	
258	74	
258	74	
258	74	
258	74	
258	74	26	
258	74	
258	74	
258	74	
258	74	266	
258	74	
258	74	274	
258	74	
258	74	
258	74	
258	74	
258	74	
258	74	
258	74	
258	74	
258	74	
258	74	
258	74	
258	74	
258	74	90	
258	74	10	
258	74	
258	74	
258	74	
258	74	
258	74	
258	74	
258	74	
258	74	
258	74	
258	74	
258	74	266	
258	74	256	
258	74	
258	74	
258	74	
258	74	290	90	
258	74	
258	74	
258	74	
258	74	
258	74	
258	74	
258	74	75	
258	74	66	
258	74	
258	74	
258	74	290	
258	74	
258	74	
258	74	
258	74	
258	74	
258	74	
258	74	90	88	
258	74	
258	74	
258	74	75	262	202	
258	74	
258	74	78	
258	74	
258	74	
258	74	
258	74	
258	74	
258	74	78	266	
258	74	394	
258	74	256	
258	74	
258	74	
258	74	386	
258	74	
258	74	
258	74	72	
258	74	
258	74	
258	74	
258	74	290	
258	74	106	
258	74	
258	74	256	
258	74	
258	74	
258	74	
258	74	
258	74	
258	74	
258	74	72	
258	74	256	
258	74	10	
258	74	
258	74	
258	74	
258	74	
258	74	
258	74	386	
258	74	
258	74	
258	74	
258	74	266	
258	74	
258	74	
258	74	106	
258	74	
258	74	
258	74	266	
258	74	
258	74	
258	74	202	
258	74	
258	74	
258	74	
258	74	10	138	
258	74	
258	74	
258	74	322	
258	74	262	
258	74	
258	74	266	
258	74	
258	74	
258	74	
258	74	290	
258	74	
258	74	
258	74	322	
258	74	78	
258	74	
258	74	
258	74	266	
258	74	
258	74	386	
258	74	72	
258	74	
258	74	
258	74	
258	74	
258	74	
258	74	
258	74	
258	74	
258	74	
258	74	
258	74	259	
258	74	
258	74	
258	74	75	
258	74	
258	74	
258	74	78	
258	74	
258	74	
258	74	
258	74	
258	74	
258	74	
258	74	
258	74	
258	74	
258	74	256	
258	74	274	
258	74	
258	74	
258	74	
258	74	
258	74	
258	74	66	
258	74	
258	74	
258	74	75	
258	74	
258	74	262	
258	74	
258	74	
258	74	72	
258	74	
258	74	
258	74	
258	74	
258	74	262	
258	74	72	
258	74	
258	74	78	256	
258	74	386	
258	74	
258	74	
258	74	
258	74	259	
258	74	262	
258	74	90	
258	74	
258	74	66	
258	74	386	
258	74	256	10	
258	74	
258	74	
258	74	
258	74	202	
258	74	
258	74	
258	74	
258	74	106	110	
258	74	90	
258	74	
258	74	
258	74	322	
258	74	
258	74	262	
258	74	
258	74	274	
258	74	
258	74	
258	74	
258	74	
258	74	
258	74	
258	74	72	
258	74	
258	74	
258	74	
258	74	
258	74	
258	74	
258	74	266	
258	74	
258	74	
258	74	72	322	
258	74	75	78	
258	74	259	
258	74	290	202	
258	74	78	
258	74	
258	74	
258	74	
258	74	203	207	10	
258	74	
258	74	90	
258	74	
258	74	10	
258	74	
258	74	
258	74	75	
258	74	259	
258	74	
258	74	262	
258	74	
258	74	
258	74	
258	74	78	
258	74	75	322	262	
258	74	78	
258	74	
258	74	
258	74	
258	74	
258	74	
258	74	259	
258	74	
258	74	
258	74	
258	74	266	
258	74	322	
258	74	259	202	
258	74	
258	74	
258	74	
258	74	
258	74	90	
258	74	75	
258	74	106	
258	74	
258	74	
258	74	
258	74	
258	74	
258	74	
258	74	
258	74	
258	74	
258	74	
258	74	259	
258	74	
258	74	259	
258	74	106	
258	74	
258	74	202	
258	74	
258	74	
258	74	
258	74	66	
258	74	72	
258	74	
258	74	78	
258	74	
258	74	290	202	
258	74	
258	74	
258	74	
258	74	
258	74	
258	74	
258	74	
258	74	
258	74	66	
258	74	10	
258	74	
258	74	
258	74	
258	74	262	
258	74	
258	74	290	
258	74	
258	74	259	
258	74	
258	74	
258	74	
258	74	
258	74	
258	74	
258	74	
258	74	
258	74	
258	74	
258	74	
258	74	
258	74	136	
258	74	
258	74	
258	74	
258	74	98	
258	74	
258	74	259	
258	74	
258	74	
258	74	
258	74	256	
258	74	
258	74	
258	74	
258	74	
258	74	
258	74	
258	74	
258	74	
258	74	386	
258	74	262	
258	74	66	
258	74	
258	74	
258	74	
258	74	10	
258	74	
258	74	256	322	
258	74	
258	74	
258	74	
258	74	202	
258	74	
258	74	266	256	298	
258	74	78	202	
258	74	66	
258	74	10	
258	74	
258	74	
258	74	
258	74	106	
258	74	262	
258	74	
258	74	
258	74	
258	74	
258	74	
258	74	
258	74	
258	74	90	
258	74	
258	74	262	
258	74	
258	74	
258	74	
258	74	
258	74	
258	74	
258	74	
258	74	
258	74	
258	74	259	
258	74	78	262	
258	74	
258	74	
258	74	72	
258	74	322	
258	74	
258	74	259	
258	74	
258	74	
258	74	259	387	
258	74	322	
258	74	
258	74	
258	74	
258	74	
258	74	
258	74	76	
258	74	66	
258	74	
258	74	78	202	
258	74	
258	74	78	
258	74	
258	74	
258	74	
258	74	386	
258	74	
258	74	
258	74	266	
258	74	
258	74	
258	74	
258	74	
258	74	
258	74	
258	74	259	
258	74	
258	74	10	
258	74	
258	74	
258	74	
258	74	
258	74	
258	74	386	418	
258	74	
258	74	
258	74	
258	74	
258	74	
258	74	78	110	
258	74	
258	74	78	90	
258	74	266	
258	74	
258	74	106	
258	74	
258	74	
258	74	274	
258	74	
258	74	256	
258	74	290	274	
258	74	
258	74	
258	74	
258	74	
258	74	
258	74	
258	74	106	72	90	
258	74	
258	74	
258	74	90	
258	74	264	266	
258	74	78	
258	74	10	
258	74	
258	74	
258	74	
258	74	
258	74	
258	74	106	
258	74	
258	74	
258	74	
258	74	
258	74	10	290	
258	74	
258	74	290	
258	74	
258	74	
258	74	
258	74	259	
258	74	75	90	
258	74	354	90	
258	74	
258	74	90	
258	74	82	
258	74	
258	74	
258	74	450	
258	74	
258	74	
258	74	78	
258	74	
258	74	
258	74	256	274	
258	74	
258	74	66	
258	74	
258	74	
258	74	90	
258	74	
258	74	
258	74	72	
258	74	
258	74	
258	74	202	
258	74	
258	74	
258	74	
258	74	
258	74	
258	74	
258	74	90	
258	74	
258	74	266	
258	74	
258	74	
258	74	90	
258	74	72	
258	74	
258	74	266	
258	74	66	202	
258	74	326	
258	74	384	290	
258	74	259	
258	74	
258	74	106	
258	74	
258	74	
258	74	78	
258	74	
258	74	
258	74	256	
258	74	72	202	
258	74	
258	74	66	
258	74	
258	74	
258	74	274	386	
258	74	
258	74	78	
258	74	
258	74	
258	74	72	
258	74	
258	74	
258	74	
258	74	
258	74	274	90	
258	74	
258	74	290	66	
258	74	
258	74	
258	74	72	
258	74	78	
258	74	
258	74	
258	74	266	
258	74	
258	74	
258	74	
258	74	
258	74	
258	74	
258	74	
258	74	
258	74	
258	74	
258	74	
258	74	274	
258	74	
258	74	
258	74	274	
258	74	
258	74	
258	74	
258	74	
258	74	
258	74	
258	74	
258	74	
258	74	
258	74	
258	74	
258	74	
258	74	
258	74	
258	74	
258	74	
258	74	
258	74	10	
258	74	
258	74	78	266	
258	74	90	
258	74	72	
258	74	
258	74	
258	74	256	
258	74	386	
258	74	
258	74	
258	74	106	
258	74	
258	74	266	
258	74	322	
258	74	
258	74	
258	74	72	
258	74	274	
258	74	
258	74	
258	74	262	
258	74	
258	74	78	
258	74	90	
258	74	
258	74	
258	74	262	
258	74	
258	74	
258	74	
258	74	
258	74	10	
258	74	
258	74	
258	74	90	
258	74	75	274	
258	74	
258	74	
258	74	274	
258	74	106	
258	74	
258	74	
258	74	
258	74	
258	74	
258	74	
258	74	
258	74	
258	74	
258	74	
258	74	259	
258	74	
258	74	
258	74	72	
258	74	
258	74	
258	74	
258	74	
258	74	
258	74	
258	74	
258	74	
258	74	
258	74	322	
258	74	256	
258	74	
258	74	78	
258	74	
258	74	
258	74	
258	74	106	386	
258	74	
258	74	
258	74	
258	74	
258	74	
258	74	
258	74	386	
258	74	
258	74	
258	74	322	
258	74	
258	74	274	
258	74	
258	74	
258	74	
258	74	78	256	386	
258	74	90	
258	74	
258	74	106	
258	74	
258	74	
258	74	
258	74	66	
258	74	
258	74	90	106	
258	74	
258	74	
258	74	
258	74	90	72	
258	74	386	72	
258	74	10	290	
258	74	256	
258	74	
258	74	322	
258	74	266	
258	74	
258	74	
258	74	
258	74	
258	74	
258	74	
258	74	
258	74	
258	74	
258	74	
258	74	
258	74	
258	74	386	
258	74	66	
258	74	106	386	290	
258	74	78	202	
258	74	
258	74	
258	74	
258	74	
258	74	78	
258	74	
258	74	259	
258	74	256	
258	74	
258	74	78	
258	74	
258	74	262	
258	74	
258	74	
258	74	274	
258	74	
258	74	122	
258	74	
258	74	10	
258	74	66	
258	74	
258	74	
258	74	202	
258	74	322	
258	74	90	
258	74	
258	74	
258	74	
258	74	
258	74	
258	74	
258	74	
258	74	322	
258	74	
258	74	
258	74	274	386	
258	74	
258	74	322	
258	74	
258	74	
258	74	266	
258	74	
258	74	
258	74	266	
258	74	75	
258	74	
258	74	
258	74	
258	74	202	
258	74	259	
258	74	
258	74	
258	74	
258	74	
258	74	
258	74	
258	74	
258	74	259	
258	74	72	
258	74	
258	74	
258	74	10	
258	74	
258	74	
258	74	259	
258	74	
258	74	
258	74	256	
258	74	106	75	
258	74	202	
258	74	
258	74	
258	74	290	
258	74	
258	74	266	78	10	
258	74	72	
258	74	
258	74	
258	74	202	
258	74	
258	74	
258	74	
258	74	
258	74	386	202	
258	74	
258	74	10	
258	74	
258	74	90	
258	74	75	
258	74	
258	74	78	
258	74	
258	74	
258	74	
258	74	
258	74	
258	74	
258	74	
258	74	
258	74	78	
258	74	
258	74	
258	74	
258	74	
258	74	322	
258	74	106	
258	74	202	290	
258	74	
258	74	
258	74	
258	74	256	
258	74	
258	74	266	
258	74	
258	74	
258	74	
258	74	
258	74	262	
258	74	
258	74	
258	74	386	
258	74	256	
258	74	203	235	
258	74	75	
258	74	
258	74	
258	74	
258	74	106	
258	74	66	
258	74	
258	74	
258	74	
258	74	256	
258	74	
258	74	106	
258	74	
258	74	290	
258	74	386	70	78	
258	74	
258	74	259	
258	74	10	72	
258	74	202	
258	74	72	262	
258	74	
258	74	259	
258	74	
258	74	386	
258	74	259	
258	74	
258	74	
258	74	
258	74	322	266	
258	74	259	
258	74	259	
258	74	72	
258	74	
258	74	
258	74	256	
258	74	266	
258	74	
258	74	
258	74	262	
258	74	10	
258	74	259	
258	74	
258	74	
258	74	
258	74	90	
258	74	
258	74	
258	74	
258	74	
258	74	
258	74	386	
258	74	
258	74	
258	74	
258	74	
258	74	262	
258	74	
258	74	
258	74	
258	74	259	
258	74	
258	74	
258	74	
258	74	
258	74	72	
258	74	206	78	
258	74	138	72	
258	74	
258	74	
258	74	
258	74	72	
258	74	
258	74	10	
258	74	106	
258	74	
258	74	
258	74	
258	74	
258	74	
258	74	
258	74	
258	74	10	72	
258	74	78	
258	74	290	
258	74	
258	74	78	
258	74	
258	74	
258	74	259	
258	74	
258	74	
258	74	
258	74	259	
258	74	
258	74	290	
258	74	256	
258	74	
258	74	78	
258	74	
258	74	259	
258	74	338	
258	74	
258	74	
258	74	
258	74	259	
258	74	
258	74	
258	74	
258	74	
258	74	
258	74	262	386	
258	74	
258	74	
258	74	
258	74	
258	74	
258	74	
258	74	259	
258	74	262	
258	74	
258	74	
258	74	266	
258	74	
258	74	
258	74	
258	74	
258	74	
258	74	
258	74	202	234	
258	74	78	
258	74	106	
258	74	
258	74	
258	74	
258	74	266	
258	74	266	260	
258	74	
258	74	
258	74	418	
258	74	
258	74	
258	74	
258	74	
258	74	
258	74	
258	74	
258	74	
258	74	
258	74	66	
258	74	
258	74	
258	74	
258	74	
258	74	
258	74	78	
258	74	
258	74	256	
258	74	206	
258	74	106	72	
258	74	262	
258	74	
258	74	274	10	
258	74	
258	74	
258	74	
258	74	106	
258	74	75	
258	74	256	
258	74	259	
258	74	
258	74	
258	74	
258	74	
258	74	
258	74	
258	74	
258	74	
258	74	
258	74	
258	74	
258	74	
258	74	
258	74	
258	74	322	
258	74	290	
258	74	10	78	
258	74	266	66	75	
258	74	
258	74	
258	74	
258	74	
258	74	
258	74	202	
258	74	78	76	
258	74	75	
258	74	
258	74	
258	74	
258	74	
258	74	
258	74	386	
258	74	
258	74	
258	74	78	386	
258	74	
258	74	72	
258	74	66	
258	74	262	
258	74	66	
258	74	266	
258	74	259	
258	74	
258	74	106	
258	74	202	
258	74	266	
258	74	202	
258	74	
258	74	
258	74	386	
258	74	
258	74	
258	74	
258	74	202	206	
258	74	
258	74	90	
258	74	
258	74	
258	74	266	
258	74	75	
258	74	203	
258	74	
258	74	72	
258	74	
258	74	
258	74	
258	74	
258	74	
258	74	
258	74	
258	74	
258	74	
258	74	
258	74	
258	74	
258	74	
258	74	
258	74	
258	74	
258	74	
258	74	66	
258	74	
258	74	
258	74	
258	74	
258	74	
258	74	
258	74	202	
258	74	
258	74	262	
258	74	10	
258	74	202	
258	74	
258	74	
258	74	
258	74	262	
258	74	90	
258	74	
258	74	
258	74	
258	74	
258	74	386	90	
258	74	266	
258	74	
258	74	122	251	58	106	66	
258	74	
258	74	72	
258	74	
258	74	
258	74	
258	74	
258	74	
258	74	
258	74	203	
258	74	
258	74	
258	74	
258	74	
258	74	
258	74	
258	74	72	
258	74	
258	74	
258	74	
258	74	
258	74	
258	74	78	
258	74	90	
258	74	
258	74	106	
258	74	386	
258	74	
258	74	66	
258	74	
258	74	
258	74	
258	74	
258	74	
258	74	
258	74	
258	74	256	
258	74	
258	74	78	202	
258	74	266	
258	74	
258	74	
258	74	78	
258	74	
258	74	
258	74	
258	74	75	91	
258	74	
258	74	
258	74	
258	74	75	256	
258	74	
258	74	
258	74	
258	74	
258	74	259	
258	74	
258	74	290	
258	74	
258	74	
258	74	
258	74	
258	74	
258	74	
258	74	
258	74	
258	74	75	
258	74	
258	74	
258	74	75	
258	74	
258	74	
258	74	
258	74	
258	74	
258	74	
258	74	106	
258	74	
258	74	
258	74	
258	74	
258	74	
258	74	274	
258	74	218	
258	74	290	
258	74	72	
258	74	
258	74	
258	74	
258	74	
258	74	
258	74	
258	74	
258	74	72	
258	74	
258	74	
258	74	
258	74	
258	74	
258	74	
258	74	
258	74	256	
258	74	
258	74	
258	74	78	
258	74	78	
258	74	75	90	91	72	
258	74	
258	74	10	
258	74	322	262	
258	74	78	70	
258	74	90	
258	74	
258	74	
258	74	
258	74	
258	74	274	266	
258	74	
258	74	
258	74	
258	74	78	
258	74	200	72	
258	74	
258	74	
258	74	259	
258	74	
258	74	
258	74	72	
258	74	
258	74	274	
258	74	
258	74	
258	74	
258	74	
258	74	
258	74	
258	74	
258	74	
258	74	
258	74	290	
258	74	
258	74	
258	74	72	
258	74	
258	74	
258	74	
258	74	
258	74	
258	74	386	
258	74	
258	74	
258	74	
258	74	
258	74	256	
258	74	
258	74	78	
258	74	
258	74	
258	74	262	
258	74	
258	74	106	274	
258	74	
258	74	
258	74	274	
258	74	106	
258	74	
258	74	
258	74	
258	74	66	
258	74	
258	74	
258	74	
258	74	
258	74	
258	74	
258	74	106	274	
258	74	
258	74	
258	74	
258	74	
258	74	
258	74	
258	74	
258	74	
258	74	
258	74	
258	74	
258	74	90	72	
258	74	90	
258	74	262	
258	74	
258	74	
258	74	402	
258	74	290	
258	74	
258	74	
258	74	
258	74	
258	74	
258	74	
258	74	
258	74	
258	74	106	
258	74	
258	74	
258	74	78	290	
258	74	
258	74	
258	74	
258	74	
258	74	122	126	
258	74	
258	74	
258	74	106	
258	74	66	
258	74	
258	74	
258	74	
258	74	
258	74	
258	74	
258	74	
258	74	
258	74	106	
258	74	
258	74	
258	74	262	
258	74	
258	74	
258	74	202	72	
258	74	
258	74	
258	74	
258	74	66	78	
258	74	
258	74	
258	74	78	
258	74	
258	74	
258	74	66	
258	74	
258	74	90	
258	74	
258	74	
258	74	
258	74	72	
258	74	256	
258	74	
258	74	386	
258	74	72	
258	74	
258	74	
258	74	66	78	
258	74	
258	74	75	259	107	
258	74	
258	74	
258	74	
258	74	
258	74	
258	74	
258	74	262	
258	74	78	
258	74	
258	74	
258	74	106	
258	74	
258	74	
258	74	290	
258	74	75	
258	74	66	
258	74	78	
258	74	78	
258	74	274	
258	74	
258	74	
258	74	322	
258	74	
258	74	
258	74	
258	74	
258	74	66	
258	74	
258	74	202	
258	74	290	
258	74	78	
258	74	259	104	
258	74	
258	74	259	
258	74	
258	74	78	
258	74	
258	74	
258	74	
258	74	274	
258	74	
258	74	
258	74	
258	74	274	259	
258	74	290	259	
258	74	256	
258	74	66	
258	74	
258	74	
258	74	
258	74	
258	74	78	
258	74	
258	74	75	
258	74	78	
258	74	72	
258	74	202	
258	74	
258	74	66	
258	74	290	
258	74	266	
258	74	66	10	
258	74	
258	74	
258	74	
258	74	
258	74	290	202	
258	74	290	
258	74	262	
258	74	
258	74	
258	74	90	262	
258	74	262	
258	74	78	
258	74	
258	74	
258	74	386	
258	74	106	
258	74	
258	74	
258	74	
258	74	75	
258	74	322	
258	74	262	
258	74	
258	74	
258	74	322	
258	74	322	
258	74	
258	74	
258	74	
258	74	90	
258	74	202	
258	74	
258	74	
258	74	
258	74	202	
258	74	90	66	
258	74	
258	74	
258	74	290	
258	74	107	
258	74	106	75	
258	74	90	
258	74	
258	74	66	
258	74	
258	74	
258	74	
258	74	78	
258	74	
258	74	
258	74	259	
258	74	
258	74	2	66	
258	74	
258	74	10	
258	74	
258	74	
258	74	
258	74	259	
258	74	266	
258	74	72	
258	74	262	
258	74	
258	74	
258	74	262	
258	74	
258	74	
258	74	
258	74	259	
258	74	10	78	
258	74	10	
258	74	
258	74	
258	74	
258	74	75	
258	74	
258	74	
258	74	266	
258	74	202	66	
258	74	202	
258	74	
258	74	
258	74	
258	74	
258	74	
258	74	
258	74	10	262	
258	74	
258	74	
258	74	
258	74	266	
258	74	
258	74	
258	74	
258	74	
258	74	
258	74	
258	74	
258	74	
258	74	
258	74	
258	74	259	
258	74	
258	74	78	66	
258	74	
258	74	
258	74	
258	74	
258	74	
258	74	106	
258	74	290	
258	74	
258	74	
258	74	
258	74	
258	74	
258	74	
258	74	
258	74	
258	74	
258	74	
258	74	256	72	
258	74	72	
258	74	274	
258	74	75	
258	74	
258	74	
258	74	78	10	
258	74	
258	74	
258	74	
258	74	8	72	259	
258	74	106	
258	74	274	
258	74	262	75	
258	74	
258	74	
258	74	274	66	
258	74	
258	74	
258	74	
258	74	
258	74	290	
258	74	
258	74	
258	74	
258	74	
258	74	
258	74	66	
258	74	262	
258	74	
258	74	290	
258	74	
258	74	
258	74	
258	74	262	326	
258	74	
258	74	
258	74	
258	74	
258	74	
258	74	122	
258	74	
258	74	
258	74	
258	74	290	
258	74	
258	74	
258	74	290	
258	74	
258	74	
258	74	
258	74	78	10	
258	74	
258	74	
258	74	
258	74	
258	74	78	75	73	
258	74	
258	74	
258	74	106	
258	74	
258	74	72	322	
258	74	
258	74	
258	74	78	
258	74	266	
258	74	
258	74	90	
258	74	78	306	
258	74	
258	74	259	323	
258	74	66	
258	74	
258	74	
258	74	
258	74	
258	74	
258	74	259	
258	74	78	
258	74	
258	74	
258	74	202	
258	74	
258	74	
258	74	
258	74	
258	74	
258	74	
258	74	
258	74	
258	74	
258	74	
258	74	
258	74	75	
258	74	
258	74	
258	74	386	
258	74	
258	74	78	
258	74	
258	74	
258	74	
258	74	
258	74	42	
258	74	259	
258	74	78	202	106	
258	74	78	
258	74	
258	74	66	
258	74	202	
258	74	
258	74	
258	74	234	262	
258	74	
258	74	
258	74	
258	74	
258	74	
258	74	
258	74	
258	74	
258	74	
258	74	
258	74	
258	74	
258	74	
258	74	
258	74	418	
258	74	322	
258	74	
258	74	
258	74	
258	74	75	
258	74	202	
258	74	
258	74	274	
258	74	
258	74	
258	74	
258	74	78	
258	74	
258	74	78	
258	74	
258	74	10	
258	74	
258	74	90	
258	74	66	
258	74	66	
258	74	78	
258	74	
258	74	75	
258	74	
258	74	
258	74	
258	74	
258	74	78	
258	74	
258	74	
258	74	
258	74	
258	74	
258	74	
258	74	
258	74	322	
258	74	10	
258	74	
258	74	
258	74	
258	74	
258	74	
258	74	
258	74	
258	74	
258	74	
258	74	
258	74	203	
258	74	
258	74	
258	74	
258	74	
258	74	256	
258	74	
258	74	202	
258	74	
258	74	106	
258	74	
258	74	78	386	
258	74	
258	74	
258	74	
258	74	
258	74	75	
258	74	202	
258	74	78	
258	74	
258	74	
258	74	106	256	78	
258	74	
258	74	322	
258	74	
258	74	
258	74	
258	74	256	
258	74	
258	74	266	
258	74	386	
258	74	66	
258	74	
258	74	
258	74	106	
258	74	
258	74	
258	74	
258	74	290	
258	74	
258	74	
258	74	
258	74	90	
258	74	
258	74	
258	74	
258	74	
258	74	
258	74	75	
258	74	
258	74	
258	74	
258	74	
258	74	
258	74	
258	74	
258	74	
258	74	
258	74	
258	74	106	
258	74	
258	74	
258	74	290	
258	74	
258	74	
258	74	
258	74	
258	74	
258	74	
258	74	
258	74	
258	74	
258	74	
258	74	
258	74	
258	74	
258	74	
258	74	66	
258	74	
258	74	
258	74	
258	74	
258	74	
258	74	
258	74	290	
258	74	
258	74	66	
258	74	
258	74	
258	74	274	
258	74	
258	74	
258	74	
258	74	386	
258	74	78	
258	74	75	
258	74	
258	74	
258	74	
258	74	274	
258	74	
258	74	66	
258	74	
258	74	66	
258	74	
258	74	106	
258	74	
258	74	256	
258	74	
258	74	10	
258	74	
258	74	75	
258	74	
258	74	78	
258	74	106	
258	74	75	
258	74	90	
258	74	106	
258	74	262	
258	74	
258	74	
258	74	
258	74	
258	74	78	290	
258	74	66	262	
258	74	90	218	66	
258	74	
258	74	
258	74	
258	74	
258	74	
258	74	298	290	
258	74	
258	74	72	262	
258	74	
258	74	259	
258	74	274	106	
258	74	
258	74	202	
258	74	75	
258	74	
258	74	
258	74	
258	74	
258	74	262	
258	74	
258	74	386	
258	74	
258	74	
258	74	106	
258	74	
258	74	266	
258	74	
258	74	75	
258	74	290	322	
258	74	
258	74	10	
258	74	
258	74	75	
258	74	
258	74	
258	74	
258	74	106	
258	74	
258	74	
258	74	
258	74	
258	74	66	
258	74	274	
258	74	274	
258	74	
258	74	
258	74	218	386	
258	74	90	
258	74	66	
258	74	290	
258	74	
258	74	
258	74	
258	74	
258	74	
258	74	
258	74	78	
258	74	78	
258	74	
258	74	322	
258	74	
258	74	206	
258	74	202	
258	74	
258	74	
258	74	
258	74	
258	74	
258	74	272	
258	74	
258	74	274	
258	74	66	
258	74	66	
258	74	
258	74	
258	74	64	
258	74	78	
258	74	
258	74	274	
258	74	202	
258	74	290	
258	74	
258	74	
258	74	66	202	
258	74	78	110	
258	74	
258	74	
258	74	
258	74	
258	74	90	
258	74	
258	74	
258	74	202	
258	74	259	
258	74	
258	74	
258	74	
258	74	106	
258	74	
258	74	
258	74	
258	74	
258	74	262	
258	74	266	
258	74	
258	74	
258	74	
258	74	
258	74	
258	74	
258	74	
258	74	72	
258	74	
258	74	
258	74	
258	74	
258	74	78	
258	74	
258	74	274	
258	74	
258	74	
258	74	
258	74	
258	74	
258	74	78	256	
258	74	
258	74	
258	74	256	10	
258	74	266	
258	74	259	
258	74	
258	74	
258	74	
258	74	
258	74	
258	74	
258	74	386	
258	74	264	
258	74	
258	74	78	
258	74	
258	74	
258	74	75	
258	74	90	
258	74	202	
258	74	
258	74	
258	74	
258	74	106	72	274	259	
258	74	78	
258	74	
258	74	
258	74	72	259	
258	74	
258	74	
258	74	259	
258	74	
258	74	
258	74	
258	74	
258	74	72	
258	74	386	
258	74	
258	74	
258	74	
258	74	
258	74	
258	74	
258	74	288	
258	74	262	
258	74	
258	74	266	78	
258	74	
258	74	
258	74	
258	74	66	274	
258	74	274	
258	74	
258	74	202	
258	74	
258	74	
258	74	
258	74	90	
258	74	66	
258	74	
258	74	
258	74	90	
258	74	
258	74	
258	74	
258	74	
258	74	26	
258	74	322	
258	74	
258	74	
258	74	90	
258	74	203	202	
258	74	203	139	
258	74	203	
258	74	266	
258	74	
258	74	
258	74	
258	74	
258	74	
258	74	
258	74	
258	74	
258	74	
258	74	
258	74	
258	74	274	
258	74	
258	74	202	274	
258	74	
258	74	202	
258	74	386	
258	74	
258	74	
258	74	202	
258	74	
258	74	
258	74	259	
258	74	
258	74	259	
258	74	
258	74	
258	74	90	
258	74	262	
258	74	
258	74	10	
258	74	322	259	
258	74	90	
258	74	202	
258	74	
258	74	72	
258	74	
258	74	
258	74	
258	74	
258	74	72	
258	74	
258	74	256	
258	74	
258	74	
258	74	
258	74	322	
258	74	
258	74	
258	74	
258	74	
258	74	78	
258	74	262	
258	74	
258	74	
258	74	256	
258	74	106	
258	74	
258	74	78	
258	74	
258	74	
258	74	90	202	
258	74	
258	74	
258	74	
258	74	386	
258	74	
258	74	386	
258	74	256	
258	74	
258	74	290	
258	74	256	
258	74	256	202	
258	74	66	78	
258	74	72	79	
258	74	78	
258	74	274	
258	74	
258	74	
258	74	
258	74	
258	74	
258	74	78	72	
258	74	256	
258	74	384	274	
258	74	262	
258	74	
258	74	290	
258	74	
258	74	202	
258	74	72	
258	74	
258	74	
258	74	
258	74	
258	74	259	
258	74	322	
258	74	322	
258	74	
258	74	
258	74	
258	74	
258	74	
258	74	
258	74	
258	74	
258	74	
258	74	90	290	
258	74	274	
258	74	386	10	
258	74	
258	74	
258	74	
258	74	72	322	
258	74	274	
258	74	
258	74	78	
258	74	
258	74	75	
258	74	
258	74	
258	74	106	
258	74	78	75	
258	74	
258	74	
258	74	274	
258	74	
258	74	
258	74	386	
258	74	
258	74	
258	74	259	
258	74	
258	74	262	
258	74	274	
258	74	274	
258	74	
258	74	
258	74	386	266	
258	74	
258	74	
258	74	
258	74	
258	74	
258	74	
258	74	
258	74	
258	74	266	
258	74	
258	74	
258	74	
258	74	259	
258	74	
258	74	
258	74	
258	74	
258	74	10	
258	74	
258	74	
258	74	
258	74	
258	74	
258	74	
258	74	
258	74	
258	74	72	
258	74	
258	74	
258	74	
258	74	
258	74	
258	74	
258	74	
258	74	
258	74	
258	74	
258	74	78	75	
258	74	
258	74	
258	74	266	
258	74	
258	74	290	
258	74	
258	74	
258	74	
258	74	66	
258	74	
258	74	264	
258	74	90	
258	74	
258	74	290	
258	74	
258	74	
258	74	
258	74	262	
258	74	
258	74	
258	74	
258	74	
258	74	259	
258	74	
258	74	
258	74	256	
258	74	78	
258	74	
258	74	
258	74	
258	74	106	90	
258	74	
258	74	386	
258	74	
258	74	78	
258	74	
258	74	259	
258	74	
258	74	
258	74	274	
258	74	266	
258	74	262	75	
258	74	
258	74	
258	74	78	
258	74	
258	74	10	322	
258	74	
258	74	78	
258	74	262	
258	74	266	
258	74	
258	74	
258	74	
258	74	
258	74	
258	74	
258	74	274	
258	74	
258	74	
258	74	
258	74	
258	74	
258	74	322	
258	74	
258	74	
258	74	
258	74	75	
258	74	75	
258	74	90	
258	74	
258	74	106	
258	74	
258	74	72	
258	74	
258	74	
258	74	
258	74	386	
258	74	
258	74	42	386	
258	74	
258	74	
258	74	
258	74	90	
258	74	
258	74	
258	74	274	
258	74	386	
258	74	
258	74	78	
258	74	202	
258	74	
258	74	290	
258	74	
258	74	
258	74	
258	74	257	266	
258	74	262	
258	74	
258	74	256	
258	74	
258	74	
258	74	259	322	
258	74	
258	74	
258	74	
258	74	266	
258	74	106	
258	74	202	
258	74	
258	74	
258	74	
258	74	
258	74	
258	74	
258	74	290	
258	74	
258	74	
258	74	
258	74	
258	74	
258	74	
258	74	
258	74	
258	74	
258	74	
258	74	
258	74	
258	74	
258	74	138	202	
258	74	
258	74	
258	74	
258	74	256	90	
258	74	72	
258	74	259	
258	74	290	90	
258	74	386	
258	74	75	
258	74	262	256	
258	74	
258	74	
258	74	
258	74	
258	74	274	
258	74	
258	74	
258	74	259	78	
258	74	322	
258	74	
258	74	
258	74	66	
258	74	
258	74	
258	74	274	106	
258	74	
258	74	
258	74	
258	74	
258	74	78	
258	74	
258	74	290	
258	74	274	
258	74	
258	74	
258	74	10	
258	74	90	
258	74	75	
258	74	
258	74	
258	74	
258	74	
258	74	
258	74	75	262	
258	74	
258	74	262	
258	74	
258	74	72	266	
258	74	
258	74	
258	74	
258	74	
258	74	274	
258	74	78	
258	74	
258	74	10	
258	74	
258	74	72	
258	74	
258	74	256	290	
258	74	262	
258	74	
258	74	66	
258	74	
258	74	
258	74	256	
258	74	
258	74	
258	74	
258	74	
258	74	
258	74	262	
258	74	
258	74	290	
258	74	
258	74	
258	74	
258	74	
258	74	78	
258	74	
258	74	262	
258	74	66	
258	74	
258	74	
258	74	
258	74	
258	74	78	76	72	
258	74	
258	74	290	
258	74	
258	74	
258	74	78	
258	74	
258	74	
258	74	
258	74	
258	74	
258	74	
258	74	64	75	90	
258	74	
258	74	
258	74	78	
258	74	90	
258	74	
258	74	
258	74	
258	74	
258	74	202	
258	74	402	
258	74	
258	74	
258	74	
258	74	202	
258	74	10	
258	74	
258	74	
258	74	
258	74	
258	74	
258	74	
258	74	
258	74	78	
258	74	322	
258	74	259	
258	74	
258	74	
258	74	306	
258	74	
258	74	
258	74	
258	74	
258	74	
258	74	274	
258	74	410	
258	74	
258	74	
258	74	
258	74	256	10	
258	74	
258	74	
258	74	
258	74	
258	74	202	
258	74	
258	74	274	
258	74	
258	74	78	
258	74	
258	74	
258	74	
258	74	
258	74	
258	74	
258	74	202	
258	74	384	
258	74	
258	74	
258	74	
258	74	94	
258	74	
258	74	
258	74	
258	74	
258	74	90	
258	74	90	
258	74	322	
258	74	
258	74	290	
258	74	386	
258	74	
258	74	
258	74	274	
258	74	
258	74	78	
258	74	274	
258	74	
258	74	202	262	
258	74	
258	74	386	
258	74	
258	74	
258	74	106	
258	74	
258	74	122	42	
258	74	
258	74	
258	74	
258	74	
258	74	
258	74	
258	74	10	
258	74	72	
258	74	262	
258	74	
258	74	
258	74	259	78	
258	74	
258	74	282	
258	74	
258	74	
258	74	
258	74	78	10	256	
258	74	
258	74	90	
258	74	
258	74	66	
258	74	
258	74	322	
258	74	66	
258	74	259	
258	74	
258	74	290	
258	74	
258	74	
258	74	
258	74	
258	74	90	
258	74	203	
258	74	203	10	
258	74	75	
258	74	
258	74	72	
258	74	274	72	
258	74	
258	74	
258	74	
258	74	
258	74	274	
258	74	
258	74	290	
258	74	78	72	
258	74	
258	74	256	
258	74	290	386	
258	74	10	
258	74	
258	74	262	
258	74	
258	74	
258	74	
258	74	266	
258	74	
258	74	
258	74	202	
258	74	
258	74	
258	74	
258	74	
258	74	
258	74	256	
258	74	
258	74	78	
258	74	78	
258	74	
258	74	
258	74	
258	74	203	
258	74	
258	74	
258	74	202	
258	74	78	266	
258	74	256	
258	74	66	
258	74	
258	74	386	
258	74	78	
258	74	
258	74	106	202	200	
258	74	
258	74	
258	74	
258	74	
258	74	
258	74	
258	74	
258	74	
258	74	
258	74	
258	74	259	
258	74	
258	74	
258	74	
258	74	
258	74	256	
258	74	
258	74	266	
258	74	75	
258	74	
258	74	
258	74	290	
258	74	386	
258	74	
258	74	
258	74	
258	74	
258	74	
258	74	90	
258	74	202	290	
258	74	274	
258	74	
258	74	
258	74	386	
258	74	
258	74	
258	74	
258	74	262	390	
258	74	
258	74	386	
258	74	
258	74	
258	74	
258	74	
258	74	259	
258	74	
258	74	
258	74	90	106	
258	74	
258	74	
258	74	
258	74	78	
258	74	10	90	
258	74	
258	74	
258	74	256	
258	74	266	
258	74	78	
258	74	386	259	
258	74	322	
258	74	262	
258	74	266	
258	74	
258	74	
258	74	106	
258	74	
258	74	
258	74	78	
258	74	
258	74	
258	74	290	
258	74	262	
258	74	
258	74	
258	74	
258	74	
258	74	202	
258	74	386	
258	74	
258	74	
258	74	
258	74	
258	74	90	
258	74	
258	74	
258	74	
258	74	
258	74	
258	74	
258	74	202	
258	74	
258	74	
258	74	
258	74	
258	74	
258	74	
258	74	
258	74	
258	74	106	
258	74	78	
258	74	
258	74	138	
258	74	66	
258	74	259	
258	74	
258	74	202	90	82	
258	74	
258	74	
258	74	90	91	
258	74	259	
258	74	
258	74	274	
258	74	322	
258	74	
258	74	262	
258	74	
258	74	290	10	
258	74	290	
258	74	
258	74	75	90	
258	74	26	
258	74	202	138	
258	74	106	
258	74	
258	74	
258	74	
258	74	262	
258	74	274	
258	74	
258	74	
258	74	78	
258	74	
258	74	
258	74	
258	74	
258	74	90	
258	74	
258	74	
258	74	
258	74	259	
258	74	
258	74	
258	74	
258	74	
258	74	10	
258	74	
258	74	
258	74	
258	74	202	218	
258	74	386	
258	74	
258	74	
258	74	386	
258	74	
258	74	
258	74	
258	74	
258	74	66	75	
258	74	290	
258	74	262	
258	74	386	
258	74	
258	74	
258	74	
258	74	
258	74	
258	74	
258	74	
258	74	
258	74	262	
258	74	72	
258	74	
258	74	259	
258	74	
258	74	
258	74	
258	74	
258	74	
258	74	106	
258	74	
258	74	
258	74	
258	74	
258	74	
258	74	
258	74	
258	74	
258	74	
258	74	
258	74	
258	74	
258	74	122	
258	74	386	
258	74	
258	74	78	
258	74	
258	74	
258	74	262	
258	74	
258	74	
258	74	
258	74	106	
258	74	266	
258	74	
258	74	256	
258	74	
258	74	
258	74	
258	74	82	
258	74	
258	74	
258	74	
258	74	
258	74	386	78	
258	74	
258	74	
258	74	
258	74	
258	74	259	90	91	
258	74	90	122	
258	74	202	
258	74	
258	74	
258	74	106	
258	74	
258	74	
258	74	
258	74	
258	74	
258	74	
258	74	290	
258	74	
258	74	10	
258	74	
258	74	
258	74	
258	74	
258	74	266	
258	74	
258	74	
258	74	
258	74	
258	74	
258	74	10	
258	74	
258	74	
258	74	78	
258	74	
258	74	
258	74	90	
258	74	
258	74	90	
258	74	
258	74	
258	74	
258	74	
258	74	
258	74	106	
258	74	
258	74	
258	74	90	202	
258	74	
258	74	
258	74	
258	74	266	
258	74	122	
258	74	202	266	386	
258	74	79	78	
258	74	90	
258	74	78	
258	74	
258	74	290	
258	74	266	
258	74	
258	74	
258	74	
258	74	
258	74	90	
258	74	274	
258	74	202	
258	74	
258	74	
258	74	
258	74	
258	74	
258	74	256	
258	74	10	
258	74	66	
258	74	
258	74	
258	74	
258	74	262	
258	74	
258	74	
258	74	
258	74	202	90	72	
258	74	
258	74	
258	74	
258	74	
258	74	
258	74	
258	74	
258	74	
258	74	
258	74	
258	74	66	
258	74	
258	74	
258	74	
258	74	
258	74	386	
258	74	
258	74	
258	74	
258	74	90	
258	74	
258	74	90	
258	74	
258	74	
258	74	
258	74	
258	74	
258	74	
258	74	
258	74	
258	74	
258	74	
258	74	
258	74	259	
258	74	
258	74	
258	74	
258	74	
258	74	
258	74	323	
258	74	106	
258	74	
258	74	
258	74	386	
258	74	259	
258	74	256	
258	74	
258	74	
258	74	
258	74	
258	74	274	
258	74	
258	74	259	
258	74	
258	74	
258	74	
258	74	
258	74	290	
258	74	
258	74	
258	74	274	
258	74	
258	74	
258	74	259	
258	74	75	
258	74	10	
258	74	
258	74	10	
258	74	
258	74	
258	74	78	
258	74	
258	74	
258	74	78	
258	74	259	290	
258	74	75	
258	74	10	
258	74	
258	74	
258	74	262	
258	74	
258	74	66	
258	74	
258	74	72	
258	74	
258	74	
258	74	
258	74	75	
258	74	322	
258	74	72	
258	74	262	
258	74	
258	74	290	
258	74	
258	74	72	
258	74	
258	74	
258	74	
258	74	
258	74	
258	74	
258	74	78	
258	74	8	72	
258	74	66	
258	74	262	
258	74	
258	74	
258	74	
258	74	274	
258	74	256	
258	74	106	
258	74	106	
258	74	66	
258	74	106	256	
258	74	
258	74	
258	74	
258	74	
258	74	259	322	
258	74	
258	74	
258	74	106	
258	74	
258	74	
258	74	78	
258	74	
258	74	
258	74	256	
258	74	
258	74	
258	74	
258	74	72	
258	74	
258	74	274	
258	74	
258	74	
258	74	
258	74	274	
258	74	
258	74	
258	74	259	
258	74	274	
258	74	
258	74	259	290	
258	74	259	
258	74	10	90	
258	74	
258	74	
258	74	
258	74	
258	74	288	
258	74	
258	74	
258	74	259	
258	74	
258	74	78	
258	74	106	
258	74	
258	74	
258	74	
258	74	
258	74	
258	74	
258	74	
258	74	
258	74	
258	74	266	259	
258	74	
258	74	266	
258	74	
258	74	90	
258	74	
258	74	75	
258	74	75	
258	74	
258	74	75	66	266	
258	74	266	259	
258	74	72	
258	74	
258	74	256	
258	74	390	
258	74	
258	74	266	
258	74	
258	74	
258	74	
258	74	
258	74	
258	74	206	
258	74	66	
258	74	72	
258	74	106	
258	74	
258	74	290	
258	74	78	75	
258	74	75	
258	74	274	
258	74	202	
258	74	
258	74	
258	74	78	
258	74	
258	74	
258	74	322	
258	74	
258	74	
258	74	
258	74	266	
258	74	
258	74	
258	74	
258	74	78	
258	74	
258	74	
258	74	290	
258	74	
258	74	202	
258	74	
258	74	
258	74	
258	74	
258	74	
258	74	
258	74	
258	74	
258	74	
258	74	
258	74	
258	74	
258	74	290	
258	74	
258	74	
258	74	
258	74	
258	74	10	
258	74	
258	74	
258	74	
258	74	
258	74	
258	74	
258	74	
258	74	256	
258	74	
258	74	
258	74	90	
258	74	72	
258	74	
258	74	
258	74	
258	74	
258	74	
258	74	
258	74	78	
258	74	
258	74	
258	74	75	
258	74	
258	74	202	
258	74	
258	74	
258	74	
258	74	
258	74	78	75	
258	74	
258	74	
258	74	
258	74	
258	74	
258	74	75	
258	74	
258	74	386	
258	74	66	
258	74	
258	74	
258	74	72	
258	74	202	
258	74	
258	74	259	
258	74	
258	74	
258	74	
258	74	259	
258	74	
258	74	386	
258	74	
258	74	202	
258	74	
258	74	106	
258	74	
258	74	
258	74	76	
258	74	202	290	
258	74	
258	74	262	
258	74	
258	74	274	322	
258	74	
258	74	
258	74	10	
258	74	
258	74	
258	74	
258	74	
258	74	386	
258	74	
258	74	78	262	75	
258	74	78	
258	74	262	
258	74	
258	74	
258	74	
258	74	256	
258	74	
258	74	78	
258	74	259	202	
258	74	
258	74	10	
258	74	
258	74	10	
258	74	66	
258	74	386	
258	74	
258	74	78	
258	74	72	
258	74	
258	74	10	
258	74	78	106	
258	74	
258	74	14	
258	74	
258	74	202	
258	74	
258	74	
258	74	259	
258	74	
258	74	
258	74	
258	74	
258	74	78	
258	74	
258	74	
258	74	
258	74	
258	74	290	
258	74	
258	74	
258	74	
258	74	26	
258	74	
258	74	106	
258	74	
258	74	75	386	
258	74	
258	74	
258	74	
258	74	
258	74	10	
258	74	
258	74	386	
258	74	
258	74	274	
258	74	72	
258	74	106	
258	74	
258	74	90	
258	74	
258	74	75	386	
258	74	
258	74	10	
258	74	90	88	
258	74	
258	74	106	
258	74	
258	74	
258	74	256	
258	74	
258	74	72	
258	74	
258	74	202	262	
258	74	
258	74	
258	74	
258	74	259	
258	74	
258	74	
258	74	202	
258	74	
258	74	
258	74	
258	74	
258	74	
258	74	90	266	
258	74	266	
258	74	
258	74	262	
258	74	259	
258	74	202	66	
258	74	
258	74	
258	74	386	
258	74	78	
258	74	
258	74	
258	74	78	
258	74	
258	74	
258	74	
258	74	
258	74	259	
258	74	262	
258	74	
258	74	259	
258	74	386	
258	74	
258	74	
258	74	
258	74	
258	74	
258	74	106	
258	74	386	
258	74	
258	74	
258	74	
258	74	
258	74	266	
258	74	386	66	
258	74	
258	74	386	
258	74	
258	74	320	
258	74	
258	74	
258	74	
258	74	
258	74	
258	74	
258	74	
258	74	
258	74	
258	74	262	
258	74	78	256	
258	74	10	
258	74	322	106	72	
258	74	
258	74	322	
258	74	
258	74	72	
258	74	
258	74	
258	74	
258	74	
258	74	
258	74	266	
258	74	
258	74	
258	74	94	
258	74	
258	74	
258	74	
258	74	78	
258	74	
258	74	266	262	
258	74	
258	74	
258	74	386	
258	74	
258	74	
258	74	
258	74	
258	74	66	
258	74	78	
258	74	
258	74	
258	74	
258	74	
258	74	256	
258	74	72	75	
258	74	
258	74	
258	74	
258	74	
258	74	
258	74	122	
258	74	66	
258	74	
258	74	
258	74	75	
258	74	
258	74	
258	74	
258	74	
258	74	
258	74	
258	74	
258	74	
258	74	386	
258	74	66	
258	74	266	
258	74	
258	74	290	
258	74	
258	74	202	
258	74	72	
258	74	
258	74	290	
258	74	
258	74	
258	74	
258	74	
258	74	
258	74	75	
258	74	
258	74	
258	74	
258	74	
258	74	
258	74	262	
258	74	
258	74	
258	74	
258	74	90	
258	74	
258	74	
258	74	
258	74	256	72	
258	74	10	
258	74	
258	74	256	
258	74	
258	74	
258	74	66	
258	74	
258	74	90	106	
258	74	
258	74	
258	74	
258	74	
258	74	
258	74	
258	74	
258	74	106	
258	74	
258	74	
258	74	259	
258	74	
258	74	
258	74	274	
258	74	
258	74	
258	74	
258	74	
258	74	
258	74	
258	74	322	72	
258	74	
258	74	
258	74	78	
258	74	
258	74	
258	74	266	
258	74	
258	74	
258	74	
258	74	266	
258	74	259	
258	74	386	
258	74	
258	74	
258	74	322	
258	74	
258	74	
258	74	72	90	202	
258	74	322	
258	74	
258	74	322	
258	74	
258	74	
258	74	72	
258	74	322	
258	74	
258	74	
258	74	
258	74	
258	74	
258	74	
258	74	
258	74	
258	74	
258	74	
258	74	
258	74	
258	74	
258	74	
258	74	
258	74	78	
258	74	322	
258	74	
258	74	78	
258	74	106	72	10	
258	74	
258	74	
258	74	
258	74	202	386	
258	74	78	
258	74	
258	74	
258	74	
258	74	
258	74	
258	74	78	
258	74	
258	74	
258	74	
258	74	
258	74	
258	74	202	
258	74	2	
258	74	
258	74	
258	74	
258	74	
258	74	
258	74	90	
258	74	90	
258	74	66	
258	74	
258	74	
258	74	
258	74	90	
258	74	
258	74	
258	74	
258	74	
258	74	
258	74	82	
258	74	
258	74	266	
258	74	262	
258	74	
258	74	90	
258	74	14	
258	74	66	98	2	10	259	
258	74	75	
258	74	
258	74	
258	74	
258	74	274	
258	74	
258	74	72	
258	74	
258	74	
258	74	90	
258	74	
258	74	
258	74	
258	74	90	
258	74	
258	74	
258	74	75	
258	74	10	
258	74	
258	74	
258	74	
258	74	
258	74	262	
258	74	
258	74	
258	74	266	
258	74	
258	74	
258	74	72	
258	74	
258	74	262	
258	74	72	
258	74	
258	74	106	
258	74	
258	74	
258	74	
258	74	202	
258	74	
258	74	
258	74	75	
258	74	
258	74	
258	74	262	
258	74	122	106	
258	74	
258	74	
258	74	
258	74	262	
258	74	
258	74	
258	74	
258	74	
258	74	
258	74	266	
258	74	78	
258	74	
258	74	266	
258	74	
258	74	
258	74	
258	74	
258	74	66	
258	74	66	
258	74	
258	74	
258	74	259	
258	74	
258	74	
258	74	10	322	
258	74	10	
258	74	
258	74	
258	74	90	
258	74	
258	74	
258	74	
258	74	
258	74	
258	74	322	202	
258	74	
258	74	72	
258	74	
258	74	
258	74	
258	74	
258	74	
258	74	262	
258	74	
258	74	90	
258	74	
258	74	
258	74	
258	74	288	
258	74	75	
258	74	
258	74	10	
258	74	
258	74	
258	74	
258	74	
258	74	
258	74	
258	74	259	
258	74	
258	74	
258	74	
258	74	72	
258	74	202	
258	74	
258	74	
258	74	
258	74	274	
258	74	
258	74	78	66	
258	74	354	
