1	248	237	485
2	218	215	433
3	206	190	396
4	208	182	390
5	207	202	409
6	210	223	433
7	207	188	395
8	196	206	402
9	194	219	413
10	196	219	415
11	211	233	444
12	227	251	478
13	239	252	491
14	247	248	495
15	230	237	467
16	244	246	490
17	240	213	453
18	272	227	499
19	281	232	513
20	304	235	539
21	304	253	557
22	318	276	594
23	332	270	602
24	324	269	593
25	324	236	560
26	343	229	572
27	334	226	560
28	333	208	541
29	323	190	513
30	331	175	506
31	338	173	511
32	327	207	534
33	322	242	564
34	329	237	566
35	337	289	626
36	341	340	681
37	339	343	682
38	356	344	700
39	366	336	702
40	364	382	746
41	388	357	745
42	355	344	699
43	333	348	681
44	341	346	687
45	379	364	743
46	378	334	712
47	368	363	731
48	371	343	714
49	348	360	708
50	369	356	725
51	362	337	699
52	340	343	683
53	365	333	698
54	334	365	699
55	365	348	713
56	356	344	700
57	353	351	704
58	339	344	683
59	349	348	697
60	361	357	718
61	348	352	700
62	354	323	677
63	343	355	698
64	354	338	692
65	351	342	693
66	373	334	707
67	356	361	717
68	370	351	721
69	382	316	698
70	383	363	746
71	374	344	718
72	376	338	714
73	394	335	729
74	388	353	741
75	371	364	735
76	379	331	710
77	372	351	723
78	370	352	722
79	368	346	714
80	365	348	713
81	384	352	736
82	373	360	733
83	343	349	692
84	385	310	695
85	372	346	718
86	373	345	718
87	362	342	704
88	371	345	716
89	364	340	704
90	373	327	700
91	351	369	720
92	357	341	698
93	351	337	688
94	359	359	718
95	361	346	707
96	382	339	721
97	364	348	712
98	367	349	716
99	356	331	687
100	383	332	715
101	391	350	741
102	382	345	727
103	383	345	728
104	359	352	711
105	363	362	725
106	357	344	701
107	377	333	710
108	349	325	674
109	359	329	688
110	368	311	679
111	340	337	677
112	351	384	735
113	372	359	731
114	346	365	711
115	357	367	724
116	351	352	703
117	344	335	679
118	382	330	712
119	363	354	717
120	373	349	722
121	357	323	680
122	372	346	718
123	348	347	695
124	332	343	675
125	370	347	717
126	374	346	720
127	371	335	706
128	358	362	720
129	369	345	714
130	375	345	720
131	372	344	716
132	371	357	728
133	356	343	699
134	342	334	676
135	377	346	723
136	351	344	695
137	383	326	709
138	353	344	697
139	353	333	686
140	338	342	680
141	366	352	718
142	366	345	711
143	363	334	697
144	374	339	713
145	360	365	725
146	379	348	727
147	362	327	689
148	353	343	696
149	371	355	726
150	384	355	739
151	370	345	715
152	371	345	716
153	371	327	698
154	358	347	705
155	360	352	712
156	361	348	709
157	380	337	717
158	368	359	727
159	333	340	673
160	340	350	690
161	342	348	690
162	353	347	700
163	348	344	692
164	353	349	702
165	333	330	663
166	380	341	721
167	373	348	721
168	370	342	712
169	364	344	708
170	369	334	703
171	352	348	700
172	354	347	701
173	338	340	678
174	348	354	702
175	356	363	719
176	368	333	701
177	372	346	718
178	344	340	684
179	375	343	718
180	353	380	733
181	363	365	728
182	371	338	709
183	386	362	748
184	363	377	740
185	368	361	729
186	351	351	702
187	344	345	689
188	325	357	682
189	362	353	715
190	362	357	719
191	345	344	689
192	364	344	708
193	359	344	703
194	348	372	720
195	366	356	722
196	360	358	718
197	365	358	723
198	357	333	690
199	347	368	715
200	339	344	683
201	358	343	701
202	356	324	680
203	359	348	707
204	372	339	711
205	354	325	679
206	377	363	740
207	369	358	727
208	345	362	707
209	347	332	679
210	359	361	720
211	349	343	692
212	389	352	741
213	355	357	712
214	358	341	699
215	369	354	723
216	342	361	703
217	365	348	713
218	362	330	692
219	359	353	712
220	356	342	698
221	370	327	697
222	365	341	706
223	342	351	693
224	372	335	707
225	365	373	738
226	356	357	713
227	359	361	720
228	355	323	678
229	352	335	687
230	345	333	678
231	356	340	696
232	365	332	697
233	365	348	713
234	369	346	715
235	353	355	708
236	369	346	715
237	342	349	691
238	384	347	731
239	371	347	718
240	379	331	710
241	370	348	718
242	383	338	721
243	343	332	675
244	352	350	702
245	352	364	716
246	336	357	693
247	357	355	712
248	358	354	712
249	359	324	683
250	372	349	721
251	369	375	744
252	361	352	713
253	367	334	701
254	353	334	687
255	360	340	700
256	365	343	708
257	365	350	715
258	385	339	724
259	343	373	716
260	359	352	711
261	364	358	722
262	384	355	739
263	366	363	729
264	380	350	730
265	358	346	704
266	388	355	743
267	377	348	725
268	377	329	706
269	348	341	689
270	357	358	715
271	374	311	685
272	363	337	700
273	376	348	724
274	373	351	724
275	347	363	710
276	358	370	728
277	359	342	701
278	370	343	713
279	363	343	706
280	350	355	705
281	382	336	718
282	365	352	717
283	352	343	695
284	363	354	717
285	350	358	708
286	361	343	704
287	358	366	724
288	362	330	692
289	391	356	747
290	384	348	732
291	366	334	700
292	349	353	702
293	370	363	733
294	358	326	684
295	365	359	724
296	365	381	746
297	386	356	742
298	367	338	705
299	343	336	679
300	373	347	720
301	381	355	736
302	370	335	705
303	356	358	714
304	356	345	701
305	365	349	714
306	335	334	669
307	363	357	720
308	374	359	733
309	366	366	732
310	349	352	701
311	351	347	698
312	369	343	712
313	377	328	705
314	357	344	701
315	350	324	674
316	328	341	669
317	355	341	696
318	337	340	677
319	366	321	687
320	356	318	674
321	376	345	721
322	352	343	695
323	341	339	680
324	349	360	709
325	358	356	714
326	359	357	716
327	358	338	696
328	346	336	682
329	382	339	721
330	359	351	710
331	357	345	702
332	345	338	683
333	337	335	672
334	353	347	700
335	365	354	719
336	346	346	692
337	368	343	711
338	368	350	718
339	339	350	689
340	329	347	676
341	335	338	673
342	366	343	709
343	352	352	704
344	333	355	688
345	344	359	703
346	341	345	686
347	396	320	716
348	369	339	708
349	359	339	698
350	390	334	724
351	363	344	707
352	356	343	699
353	341	339	680
354	375	360	735
355	356	334	690
356	373	337	710
357	345	344	689
358	348	330	678
359	377	345	722
360	375	358	733
361	345	351	696
362	362	341	703
363	374	335	709
364	370	356	726
365	340	358	698
366	360	332	692
367	365	331	696
368	356	349	705
369	363	340	703
370	359	334	693
371	382	328	710
372	373	331	704
373	354	340	694
374	359	338	697
375	377	339	716
376	372	338	710
377	364	328	692
378	360	341	701
379	364	331	695
380	367	354	721
381	352	339	691
382	369	343	712
383	361	345	706
384	371	330	701
385	352	350	702
386	366	355	721
387	374	315	689
388	364	354	718
389	361	338	699
390	351	357	708
391	348	349	697
392	367	358	725
393	362	326	688
394	353	340	693
395	356	377	733
396	382	342	724
397	390	347	737
398	347	346	693
399	370	326	696
400	342	345	687
401	365	351	716
402	363	361	724
403	354	340	694
404	365	337	702
405	376	349	725
406	344	362	706
407	368	339	707
408	378	346	724
409	383	344	727
410	359	338	697
411	360	345	705
412	381	333	714
413	359	360	719
414	367	345	712
415	350	347	697
416	370	348	718
417	335	352	687
418	368	332	700
419	362	347	709
420	358	355	713
421	366	358	724
422	343	352	695
423	343	361	704
424	380	349	729
425	361	347	708
426	362	332	694
427	375	359	734
428	357	354	711
429	339	373	712
430	358	368	726
431	366	336	702
432	348	364	712
433	357	353	710
434	353	350	703
435	390	345	735
436	376	347	723
437	349	373	722
438	348	345	693
439	363	352	715
440	372	343	715
441	360	341	701
442	358	359	717
443	364	332	696
444	369	331	700
445	385	329	714
446	361	342	703
447	374	355	729
448	352	350	702
449	367	354	721
450	353	336	689
451	370	338	708
452	367	352	719
453	336	346	682
454	338	364	702
455	369	334	703
456	375	326	701
457	361	345	706
458	336	360	696
459	360	358	718
460	382	340	722
461	378	347	725
462	368	336	704
463	362	351	713
464	346	346	692
465	386	329	715
466	357	330	687
467	364	339	703
468	327	334	661
469	352	338	690
470	351	339	690
471	359	341	700
472	379	348	727
473	384	352	736
474	354	357	711
475	382	351	733
476	388	344	732
477	342	343	685
478	339	356	695
479	368	333	701
480	365	341	706
481	335	350	685
482	345	349	694
483	342	346	688
484	343	332	675
485	364	358	722
486	366	332	698
487	374	355	729
488	347	360	707
489	347	358	705
490	341	352	693
491	360	352	712
492	353	334	687
493	340	356	696
494	360	343	703
495	355	338	693
496	365	353	718
497	361	327	688
498	359	358	717
499	388	359	747
500	371	351	722
501	349	354	703
502	353	352	705
503	360	343	703
504	360	352	712
505	364	345	709
506	356	358	714
507	375	351	726
508	369	348	717
509	365	349	714
510	366	338	704
511	380	347	727
512	370	327	697
513	356	343	699
514	333	331	664
515	354	362	716
516	368	338	706
517	384	346	730
518	348	355	703
519	346	342	688
520	369	351	720
521	363	338	701
522	353	367	720
523	365	349	714
524	353	339	692
525	354	336	690
526	363	352	715
527	377	356	733
528	343	365	708
529	393	333	726
530	379	335	714
531	367	357	724
532	357	352	709
533	379	347	726
534	357	358	715
535	368	332	700
536	375	328	703
537	364	342	706
538	368	349	717
539	368	355	723
540	363	331	694
541	371	346	717
542	369	348	717
543	364	346	710
544	363	353	716
545	336	339	675
546	383	330	713
547	361	335	696
548	349	334	683
549	358	329	687
550	355	365	720
551	350	357	707
552	374	342	716
553	374	359	733
554	373	360	733
555	351	357	708
556	358	347	705
557	379	339	718
558	360	370	730
559	372	345	717
560	363	332	695
561	362	357	719
562	368	329	697
563	362	347	709
564	366	345	711
565	347	331	678
566	352	319	671
567	378	333	711
568	375	341	716
569	364	358	722
570	375	343	718
571	364	369	733
572	352	356	708
573	341	333	674
574	362	332	694
575	373	333	706
576	383	346	729
577	362	329	691
578	357	323	680
579	342	368	710
580	359	351	710
581	349	329	678
582	366	348	714
583	356	327	683
584	364	351	715
585	363	352	715
586	373	342	715
587	358	380	738
588	348	364	712
589	367	346	713
590	369	336	705
591	347	353	700
592	355	359	714
593	351	373	724
594	374	338	712
595	359	364	723
596	356	314	670
597	368	328	696
598	369	327	696
599	350	340	690
600	358	350	708
601	358	332	690
602	351	349	700
603	364	341	705
604	381	351	732
605	354	350	704
606	358	369	727
607	341	364	705
608	370	350	720
609	356	366	722
610	367	366	733
611	363	358	721
612	376	356	732
613	361	358	719
614	370	355	725
615	368	351	719
616	366	335	701
617	370	341	711
618	379	337	716
619	369	353	722
620	360	321	681
621	372	364	736
622	371	346	717
623	365	333	698
624	355	327	682
625	376	342	718
626	356	339	695
627	338	346	684
628	362	347	709
629	366	344	710
630	355	338	693
631	354	318	672
632	348	352	700
633	369	348	717
634	350	345	695
635	337	344	681
636	325	362	687
637	374	355	729
638	358	352	710
639	358	345	703
640	378	356	734
641	354	352	706
642	358	322	680
643	340	358	698
644	349	325	674
645	339	316	655
646	360	344	704
647	378	339	717
648	342	344	686
649	365	337	702
650	353	346	699
651	360	382	742
652	385	344	729
653	364	342	706
654	350	356	706
655	371	346	717
656	376	354	730
657	366	369	735
658	361	335	696
659	355	358	713
660	335	354	689
661	373	346	719
662	366	357	723
663	356	343	699
664	370	346	716
665	354	348	702
666	351	352	703
667	354	354	708
668	354	335	689
669	369	350	719
670	373	345	718
671	355	358	713
672	362	333	695
673	357	319	676
674	372	351	723
675	340	348	688
676	367	358	725
677	354	325	679
678	371	339	710
679	349	341	690
680	350	352	702
681	361	351	712
682	391	344	735
683	377	333	710
684	382	351	733
685	352	317	669
686	368	352	720
687	373	338	711
688	361	342	703
689	349	341	690
690	370	344	714
691	356	351	707
692	371	345	716
693	365	353	718
694	363	350	713
695	357	354	711
696	354	319	673
697	349	343	692
698	367	337	704
699	370	345	715
700	359	356	715
701	358	359	717
702	371	352	723
703	356	352	708
704	388	339	727
705	367	326	693
706	362	348	710
707	335	346	681
708	340	328	668
709	350	346	696
710	356	340	696
711	352	333	685
712	352	348	700
713	351	358	709
714	357	340	697
715	354	351	705
716	357	343	700
717	350	339	689
718	357	361	718
719	357	334	691
720	363	344	707
721	369	334	703
722	363	349	712
723	344	335	679
724	342	353	695
725	348	333	681
726	347	340	687
727	355	342	697
728	362	336	698
729	376	348	724
730	351	358	709
731	357	339	696
732	352	331	683
733	360	328	688
734	374	328	702
735	356	340	696
736	363	352	715
737	356	334	690
738	370	340	710
739	356	347	703
740	359	333	692
741	361	318	679
742	360	300	660
743	353	327	680
744	377	333	710
745	358	332	690
746	334	360	694
747	349	352	701
748	345	330	675
749	359	353	712
750	370	347	717
751	357	355	712
752	369	317	686
753	388	349	737
754	350	347	697
755	368	328	696
756	372	314	686
757	382	353	735
758	379	361	740
759	367	361	728
760	363	346	709
761	359	363	722
762	348	327	675
763	331	348	679
764	354	328	682
765	366	308	674
766	392	343	735
767	360	341	701
768	383	329	712
769	365	329	694
770	364	338	702
771	348	335	683
772	337	360	697
773	340	359	699
774	368	350	718
775	362	339	701
776	342	357	699
777	351	354	705
778	358	355	713
779	336	342	678
780	333	344	677
781	376	325	701
782	343	345	688
783	342	361	703
784	365	345	710
785	368	335	703
786	359	335	694
787	361	335	696
788	383	341	724
789	362	364	726
790	354	375	729
791	383	339	722
792	356	346	702
793	372	362	734
794	360	325	685
795	374	332	706
796	357	335	692
797	352	329	681
798	346	342	688
799	367	344	711
800	344	370	714
801	347	345	692
802	352	349	701
803	382	346	728
804	350	339	689
805	356	344	700
806	349	349	698
807	338	361	699
808	372	342	714
809	366	343	709
810	361	329	690
811	337	360	697
812	335	367	702
813	327	363	690
814	351	357	708
815	351	333	684
816	392	322	714
817	360	345	705
818	381	340	721
819	345	352	697
820	377	330	707
821	353	361	714
822	357	318	675
823	334	331	665
824	365	334	699
825	351	369	720
826	349	344	693
827	375	335	710
828	350	334	684
829	365	337	702
830	338	357	695
831	353	325	678
832	372	358	730
833	360	356	716
834	362	332	694
835	340	361	701
836	347	362	709
837	352	350	702
838	356	330	686
839	344	358	702
840	335	363	698
841	338	363	701
842	334	347	681
843	370	337	707
844	385	348	733
845	358	347	705
846	366	340	706
847	350	323	673
848	372	354	726
849	346	332	678
850	334	340	674
851	356	358	714
852	350	359	709
853	364	360	724
854	367	346	713
855	374	340	714
856	372	353	725
857	366	347	713
858	342	367	709
859	359	348	707
860	359	346	705
861	361	360	721
862	361	359	720
863	360	351	711
864	364	320	684
865	368	335	703
866	355	353	708
867	350	315	665
868	338	328	666
869	366	362	728
870	359	344	703
871	354	339	693
872	356	362	718
873	357	375	732
874	360	329	689
875	355	336	691
876	366	348	714
877	370	342	712
878	363	341	704
879	373	348	721
880	360	344	704
881	370	326	696
882	365	350	715
883	382	357	739
884	361	335	696
885	363	332	695
886	362	349	711
887	356	349	705
888	346	340	686
889	370	347	717
890	353	360	713
891	374	331	705
892	364	370	734
893	372	330	702
894	356	341	697
895	368	341	709
896	347	331	678
897	355	341	696
898	344	340	684
899	365	350	715
900	362	353	715
901	354	343	697
902	351	326	677
903	373	367	740
904	357	344	701
905	365	363	728
906	360	342	702
907	346	339	685
908	391	346	737
909	379	347	726
910	362	341	703
911	374	332	706
912	360	368	728
913	355	354	709
914	369	357	726
915	362	350	712
916	368	363	731
917	354	354	708
918	375	326	701
919	364	320	684
920	369	328	697
921	352	353	705
922	394	357	751
923	367	347	714
924	386	339	725
925	354	365	719
926	357	338	695
927	365	337	702
928	376	341	717
929	364	353	717
930	384	353	737
931	349	353	702
932	359	333	692
933	343	322	665
934	344	343	687
935	353	350	703
936	362	363	725
937	355	342	697
938	346	362	708
939	375	352	727
940	369	340	709
941	350	343	693
942	360	331	691
943	372	351	723
944	358	356	714
945	376	326	702
946	364	333	697
947	372	363	735
948	361	322	683
949	369	347	716
950	357	358	715
951	349	364	713
952	363	333	696
953	384	323	707
954	344	343	687
955	365	352	717
956	350	334	684
957	350	340	690
958	368	345	713
959	367	341	708
960	363	351	714
961	381	341	722
962	389	311	700
963	353	328	681
964	362	343	705
965	365	343	708
966	359	332	691
967	362	331	693
968	380	327	707
969	371	328	699
970	362	354	716
971	370	340	710
972	369	358	727
973	388	335	723
974	345	321	666
975	354	313	667
976	329	360	689
977	367	368	735
978	378	352	730
979	360	362	722
980	363	361	724
981	358	362	720
982	373	345	718
983	372	327	699
984	376	324	700
985	340	347	687
986	346	356	702
987	369	350	719
988	373	349	722
989	359	351	710
990	349	364	713
991	349	353	702
992	352	336	688
993	353	350	703
994	360	340	700
995	373	341	714
996	360	349	709
997	342	336	678
998	358	356	714
999	397	349	746
1000	388	342	730
1001	352	321	673
1002	357	328	685
1003	362	331	693
1004	382	332	714
1005	385	324	709
1006	344	323	667
1007	357	338	695
1008	334	336	670
1009	354	372	726
1010	360	379	739
1011	347	355	702
1012	361	346	707
1013	385	334	719
1014	362	317	679
1015	357	333	690
1016	368	343	711
1017	364	332	696
1018	371	364	735
1019	371	344	715
1020	380	359	739
1021	356	395	751
1022	361	335	696
1023	378	339	717
1024	348	361	709
1025	343	345	688
1026	357	340	697
1027	371	364	735
1028	369	343	712
1029	353	337	690
1030	362	321	683
1031	363	347	710
1032	368	334	702
1033	374	339	713
1034	370	350	720
1035	370	349	719
1036	356	366	722
1037	367	329	696
1038	356	335	691
1039	376	341	717
1040	367	362	729
1041	383	348	731
1042	346	334	680
1043	359	357	716
1044	359	359	718
1045	355	335	690
1046	366	348	714
1047	355	363	718
1048	363	362	725
1049	356	346	702
1050	360	342	702
1051	364	336	700
1052	361	325	686
1053	349	355	704
1054	362	356	718
1055	380	336	716
1056	358	340	698
1057	368	340	708
1058	370	322	692
1059	369	347	716
1060	344	331	675
1061	361	353	714
1062	356	315	671
1063	388	339	727
1064	376	358	734
1065	393	334	727
1066	357	348	705
1067	361	347	708
1068	352	355	707
1069	354	347	701
1070	370	324	694
1071	357	368	725
1072	357	336	693
1073	336	349	685
1074	364	351	715
1075	365	347	712
1076	367	323	690
1077	353	319	672
1078	372	343	715
1079	363	341	704
1080	347	335	682
1081	352	363	715
1082	348	358	706
1083	359	341	700
1084	341	347	688
1085	376	361	737
1086	366	342	708
1087	376	367	743
1088	365	337	702
1089	359	335	694
1090	382	341	723
1091	343	350	693
1092	368	354	722
1093	376	336	712
1094	337	333	670
1095	360	344	704
1096	334	341	675
1097	348	351	699
1098	349	353	702
1099	347	342	689
1100	372	326	698
1101	367	321	688
1102	358	337	695
1103	371	342	713
1104	370	329	699
1105	356	357	713
1106	376	348	724
1107	347	334	681
1108	371	337	708
1109	387	353	740
1110	383	348	731
1111	356	377	733
1112	373	331	704
1113	367	339	706
1114	372	340	712
1115	394	337	731
1116	392	331	723
1117	355	339	694
1118	352	330	682
1119	376	345	721
1120	383	334	717
1121	338	332	670
1122	341	348	689
1123	340	346	686
1124	350	340	690
1125	370	334	704
1126	366	352	718
1127	382	318	700
1128	387	326	713
1129	379	356	735
1130	387	320	707
1131	355	336	691
1132	371	330	701
1133	365	348	713
1134	353	356	709
1135	334	365	699
1136	354	358	712
1137	365	345	710
1138	371	343	714
1139	348	327	675
1140	378	327	705
1141	383	346	729
1142	370	357	727
1143	374	345	719
1144	350	338	688
1145	372	338	710
1146	374	334	708
1147	375	352	727
1148	348	356	704
1149	378	345	723
1150	365	323	688
1151	355	349	704
1152	373	339	712
1153	342	356	698
1154	336	356	692
1155	357	357	714
1156	360	354	714
1157	365	319	684
1158	349	328	677
1159	360	354	714
1160	359	340	699
1161	361	370	731
1162	341	364	705
1163	360	343	703
1164	347	345	692
1165	386	336	722
1166	376	350	726
1167	359	347	706
1168	370	348	718
1169	338	363	701
1170	371	351	722
1171	341	354	695
1172	347	342	689
1173	358	352	710
1174	361	339	700
1175	368	331	699
1176	353	341	694
1177	365	346	711
1178	346	359	705
1179	362	360	722
1180	360	351	711
1181	388	356	744
1182	364	351	715
1183	376	335	711
1184	365	345	710
1185	345	321	666
1186	340	341	681
1187	353	351	704
1188	379	352	731
1189	357	349	706
1190	358	366	724
1191	359	360	719
1192	353	367	720
1193	359	362	721
1194	367	343	710
1195	362	356	718
1196	343	360	703
1197	377	369	746
1198	366	337	703
1199	384	371	755
1200	365	353	718
1201	359	314	673
1202	354	345	699
1203	381	353	734
1204	361	351	712
1205	391	347	738
1206	333	345	678
1207	358	344	702
1208	388	381	769
1209	360	339	699
1210	374	364	738
1211	347	344	691
1212	361	341	702
1213	387	356	743
1214	382	352	734
1215	374	332	706
1216	358	352	710
1217	379	336	715
1218	365	329	694
1219	366	361	727
1220	356	354	710
1221	369	337	706
1222	379	313	692
1223	366	338	704
1224	370	309	679
1225	359	354	713
1226	357	341	698
1227	367	339	706
1228	331	362	693
1229	358	345	703
1230	377	322	699
1231	351	343	694
1232	367	350	717
1233	356	340	696
1234	360	354	714
1235	381	354	735
1236	377	364	741
1237	364	324	688
1238	352	349	701
1239	350	342	692
1240	360	350	710
1241	375	349	724
1242	359	310	669
1243	363	358	721
1244	385	354	739
1245	368	365	733
1246	335	356	691
1247	355	343	698
1248	370	343	713
1249	357	359	716
1250	360	356	716
1251	374	331	705
1252	373	334	707
1253	369	365	734
1254	385	342	727
1255	388	339	727
1256	379	337	716
1257	373	366	739
1258	363	348	711
1259	347	346	693
1260	367	350	717
1261	357	338	695
1262	367	354	721
1263	348	338	686
1264	355	330	685
1265	359	339	698
1266	338	345	683
1267	359	344	703
1268	380	338	718
1269	365	347	712
1270	378	341	719
1271	352	350	702
1272	391	337	728
1273	360	332	692
1274	348	337	685
1275	350	335	685
1276	356	350	706
1277	351	343	694
1278	355	346	701
1279	367	338	705
1280	354	354	708
1281	392	330	722
1282	354	332	686
1283	345	353	698
1284	357	345	702
1285	374	354	728
1286	357	342	699
1287	373	337	710
1288	352	340	692
1289	374	346	720
1290	355	369	724
1291	361	343	704
1292	355	352	707
1293	335	336	671
1294	361	336	697
1295	351	341	692
1296	358	343	701
1297	334	341	675
1298	341	358	699
1299	358	326	684
1300	342	325	667
1301	340	349	689
1302	367	345	712
1303	372	349	721
1304	363	330	693
1305	381	334	715
1306	348	349	697
1307	341	346	687
1308	346	351	697
1309	355	337	692
1310	359	341	700
1311	369	354	723
1312	336	348	684
1313	343	360	703
1314	350	338	688
1315	361	327	688
1316	389	358	747
1317	368	324	692
1318	370	323	693
1319	369	347	716
1320	345	340	685
1321	357	346	703
1322	383	339	722
1323	358	379	737
1324	369	350	719
1325	356	350	706
1326	365	346	711
1327	348	351	699
1328	351	358	709
1329	362	347	709
1330	353	341	694
1331	395	362	757
1332	374	353	727
1333	366	365	731
1334	371	368	739
1335	370	352	722
1336	344	356	700
1337	354	337	691
1338	368	349	717
1339	355	317	672
1340	328	348	676
1341	331	343	674
1342	332	343	675
1343	342	341	683
1344	356	343	699
1345	326	335	661
1346	357	353	710
1347	354	352	706
1348	365	357	722
1349	376	345	721
1350	375	348	723
1351	367	301	668
1352	380	360	740
1353	362	328	690
1354	354	345	699
1355	346	342	688
1356	370	331	701
1357	358	358	716
1358	341	362	703
1359	337	369	706
1360	365	355	720
1361	380	339	719
1362	350	325	675
1363	374	345	719
1364	374	343	717
1365	360	329	689
1366	339	336	675
1367	370	341	711
1368	365	357	722
1369	360	344	704
1370	349	345	694
1371	350	370	720
1372	353	344	697
1373	368	344	712
1374	368	375	743
1375	345	358	703
1376	359	364	723
1377	368	369	737
1378	359	358	717
1379	387	330	717
1380	378	335	713
1381	357	362	719
1382	367	344	711
1383	363	327	690
1384	364	347	711
1385	361	368	729
1386	379	367	746
1387	357	352	709
1388	356	351	707
1389	364	349	713
1390	368	350	718
1391	351	353	704
1392	355	364	719
1393	367	358	725
1394	343	358	701
1395	340	359	699
1396	352	351	703
1397	361	346	707
1398	377	345	722
1399	358	356	714
1400	358	365	723
1401	373	341	714
1402	352	347	699
1403	353	346	699
1404	365	339	704
1405	357	348	705
1406	370	327	697
1407	378	355	733
1408	372	347	719
1409	360	368	728
1410	358	327	685
1411	354	321	675
1412	337	362	699
1413	369	351	720
1414	349	347	696
1415	362	325	687
1416	341	343	684
1417	355	324	679
1418	363	327	690
1419	365	353	718
1420	362	334	696
1421	381	358	739
1422	369	368	737
1423	356	341	697
1424	359	352	711
1425	382	352	734
1426	366	354	720
1427	337	356	693
1428	368	350	718
1429	362	341	703
1430	368	353	721
1431	344	362	706
1432	372	346	718
1433	382	347	729
1434	371	336	707
1435	360	343	703
1436	372	328	700
1437	337	344	681
1438	334	353	687
1439	319	362	681
1440	344	348	692
1441	354	366	720
1442	367	369	736
1443	373	337	710
1444	380	331	711
1445	347	348	695
1446	357	335	692
1447	364	358	722
1448	377	346	723
1449	358	342	700
1450	354	375	729
1451	368	342	710
1452	359	337	696
1453	386	314	700
1454	383	337	720
1455	349	335	684
1456	357	321	678
1457	330	365	695
1458	361	380	741
1459	373	347	720
1460	379	322	701
1461	368	333	701
1462	376	332	708
1463	376	347	723
1464	358	354	712
1465	352	341	693
1466	352	347	699
1467	349	361	710
1468	376	354	730
1469	358	346	704
1470	368	338	706
1471	374	328	702
1472	346	333	679
1473	378	334	712
1474	383	335	718
1475	358	357	715
1476	363	340	703
1477	378	350	728
1478	368	350	718
1479	353	339	692
1480	346	351	697
1481	367	326	693
1482	345	368	713
1483	377	352	729
1484	379	327	706
1485	366	333	699
1486	359	333	692
1487	350	332	682
1488	368	343	711
1489	369	345	714
1490	351	343	694
1491	361	343	704
1492	350	363	713
1493	376	334	710
1494	366	323	689
1495	369	358	727
1496	365	358	723
1497	371	346	717
1498	361	334	695
1499	372	342	714
1500	363	365	728
1501	356	357	713
1502	387	350	737
1503	354	347	701
1504	360	353	713
1505	343	365	708
1506	340	355	695
1507	345	348	693
1508	356	343	699
1509	339	358	697
1510	352	337	689
1511	355	342	697
1512	365	336	701
1513	370	343	713
1514	340	322	662
1515	356	339	695
1516	391	326	717
1517	377	346	723
1518	357	350	707
1519	374	322	696
1520	356	337	693
1521	386	352	738
1522	373	335	708
1523	367	337	704
1524	358	346	704
1525	329	345	674
1526	365	338	703
1527	350	368	718
1528	337	360	697
1529	363	330	693
1530	332	319	651
1531	362	332	694
1532	360	361	721
1533	379	346	725
1534	382	335	717
1535	361	355	716
1536	367	363	730
1537	366	332	698
1538	367	338	705
1539	355	356	711
1540	349	355	704
1541	368	355	723
1542	355	339	694
1543	349	341	690
1544	345	334	679
1545	351	339	690
1546	363	379	742
1547	331	349	680
1548	359	346	705
1549	358	338	696
1550	361	363	724
1551	356	359	715
1552	351	343	694
1553	377	351	728
1554	341	353	694
1555	347	338	685
1556	336	368	704
1557	372	337	709
1558	363	354	717
1559	372	356	728
1560	380	366	746
1561	369	347	716
1562	372	344	716
1563	356	341	697
1564	349	354	703
1565	359	338	697
1566	365	354	719
1567	349	339	688
1568	351	347	698
1569	362	335	697
1570	373	334	707
1571	373	328	701
1572	336	349	685
1573	344	350	694
1574	373	322	695
1575	338	340	678
1576	360	352	712
1577	365	324	689
1578	376	325	701
1579	371	318	689
1580	383	340	723
1581	377	336	713
1582	352	337	689
1583	352	322	674
1584	342	362	704
1585	342	358	700
1586	354	355	709
1587	350	349	699
1588	374	347	721
1589	384	336	720
1590	353	333	686
1591	352	342	694
1592	369	328	697
1593	346	326	672
1594	369	344	713
1595	366	351	717
1596	358	349	707
1597	374	337	711
1598	373	347	720
1599	352	354	706
1600	375	325	700
1601	354	335	689
1602	348	366	714
1603	358	357	715
1604	371	343	714
1605	351	352	703
1606	361	354	715
1607	379	361	740
1608	371	343	714
1609	348	333	681
1610	364	357	721
1611	378	348	726
1612	366	330	696
1613	333	369	702
1614	330	365	695
1615	343	335	678
1616	353	336	689
1617	368	338	706
1618	374	340	714
1619	366	366	732
1620	361	352	713
1621	374	351	725
1622	347	344	691
1623	355	328	683
1624	355	344	699
1625	369	351	720
1626	338	350	688
1627	353	338	691
1628	341	339	680
1629	349	368	717
1630	368	348	716
1631	343	360	703
1632	351	338	689
1633	358	358	716
1634	360	354	714
1635	366	346	712
1636	375	333	708
1637	368	330	698
1638	360	327	687
1639	364	346	710
1640	357	333	690
1641	373	319	692
1642	347	335	682
1643	351	346	697
1644	365	344	709
1645	353	373	726
1646	383	360	743
1647	358	351	709
1648	357	360	717
1649	351	377	728
1650	338	340	678
1651	358	347	705
1652	358	325	683
1653	359	340	699
1654	389	333	722
1655	377	350	727
1656	356	355	711
1657	366	344	710
1658	352	351	703
1659	372	349	721
1660	349	324	673
1661	386	313	699
1662	359	354	713
1663	337	345	682
1664	373	340	713
1665	357	326	683
1666	359	354	713
1667	349	359	708
1668	361	344	705
1669	350	339	689
1670	368	348	716
1671	353	356	709
1672	374	338	712
1673	381	349	730
1674	339	337	676
1675	381	346	727
1676	386	344	730
1677	368	338	706
1678	378	346	724
1679	360	369	729
1680	370	342	712
1681	364	314	678
1682	347	322	669
1683	356	340	696
1684	382	340	722
1685	353	340	693
1686	366	345	711
1687	375	350	725
1688	346	349	695
1689	342	341	683
1690	356	329	685
1691	348	337	685
1692	367	360	727
1693	369	348	717
1694	369	334	703
1695	352	344	696
1696	335	366	701
1697	378	334	712
1698	347	358	705
1699	350	348	698
1700	358	339	697
1701	347	334	681
1702	353	315	668
1703	346	349	695
1704	359	347	706
1705	357	342	699
1706	364	316	680
1707	335	366	701
1708	354	365	719
1709	363	349	712
1710	354	335	689
1711	350	357	707
1712	363	361	724
1713	345	342	687
1714	361	364	725
1715	363	360	723
1716	341	352	693
1717	355	373	728
1718	364	379	743
1719	381	327	708
1720	377	327	704
1721	352	345	697
1722	354	350	704
1723	356	371	727
1724	380	353	733
1725	357	336	693
1726	341	334	675
1727	348	352	700
1728	353	320	673
1729	362	324	686
1730	357	345	702
1731	354	339	693
1732	356	358	714
1733	347	356	703
1734	368	340	708
1735	335	348	683
1736	364	315	679
1737	343	346	689
1738	356	349	705
1739	354	360	714
1740	380	343	723
1741	370	344	714
1742	372	341	713
1743	372	325	697
1744	376	346	722
1745	384	354	738
1746	363	325	688
1747	370	343	713
1748	359	335	694
1749	375	325	700
1750	370	348	718
1751	363	353	716
1752	353	375	728
1753	366	350	716
1754	364	354	718
1755	352	352	704
1756	374	348	722
1757	372	355	727
1758	369	378	747
1759	368	347	715
1760	371	348	719
1761	352	353	705
1762	356	349	705
1763	356	355	711
1764	348	342	690
1765	358	346	704
1766	350	343	693
1767	368	330	698
1768	373	355	728
1769	366	358	724
1770	362	315	677
1771	360	334	694
1772	352	357	709
1773	355	332	687
1774	343	347	690
1775	353	348	701
1776	370	339	709
1777	375	356	731
1778	357	367	724
1779	390	353	743
1780	356	359	715
1781	346	354	700
1782	365	348	713
1783	359	341	700
1784	356	348	704
1785	361	354	715
1786	354	333	687
1787	355	324	679
1788	352	359	711
1789	353	339	692
1790	364	343	707
1791	382	358	740
1792	350	366	716
1793	358	345	703
1794	351	367	718
1795	372	358	730
1796	394	341	735
1797	371	344	715
1798	347	341	688
1799	346	312	658
1800	348	335	683
1801	357	352	709
1802	355	337	692
1803	365	351	716
1804	366	355	721
1805	374	335	709
1806	357	338	695
1807	351	356	707
1808	349	370	719
1809	367	342	709
1810	338	346	684
1811	341	326	667
1812	351	337	688
1813	337	337	674
1814	345	333	678
1815	376	333	709
1816	359	336	695
1817	365	346	711
1818	372	335	707
1819	364	322	686
1820	378	337	715
1821	345	320	665
1822	373	333	706
1823	388	354	742
1824	372	341	713
1825	359	366	725
1826	353	336	689
1827	349	332	681
1828	351	338	689
1829	345	349	694
1830	375	352	727
1831	348	359	707
1832	355	354	709
1833	391	338	729
1834	380	348	728
1835	360	355	715
1836	351	354	705
1837	374	348	722
1838	359	328	687
1839	364	360	724
1840	360	324	684
1841	361	359	720
1842	360	343	703
1843	370	339	709
1844	352	349	701
1845	372	346	718
1846	354	348	702
1847	359	324	683
1848	375	349	724
1849	369	340	709
1850	379	327	706
1851	380	352	732
1852	371	349	720
1853	380	357	737
1854	385	327	712
1855	371	335	706
1856	343	353	696
1857	347	333	680
1858	368	333	701
1859	356	343	699
1860	361	351	712
1861	375	335	710
1862	346	333	679
1863	364	309	673
1864	367	324	691
1865	351	352	703
1866	358	342	700
1867	349	343	692
1868	364	360	724
1869	363	348	711
1870	358	348	706
1871	386	334	720
1872	375	341	716
1873	374	345	719
1874	381	313	694
1875	360	345	705
1876	351	334	685
1877	357	340	697
1878	375	341	716
1879	359	336	695
1880	318	369	687
1881	357	364	721
1882	350	384	734
1883	357	368	725
1884	346	358	704
1885	366	343	709
1886	347	343	690
1887	369	337	706
1888	386	368	754
1889	380	354	734
1890	359	333	692
1891	368	324	692
1892	360	344	704
1893	351	351	702
1894	357	344	701
1895	358	363	721
1896	371	352	723
1897	370	354	724
1898	376	349	725
1899	363	322	685
1900	364	341	705
1901	364	343	707
1902	369	354	723
1903	364	334	698
1904	384	343	727
1905	361	356	717
1906	380	359	739
1907	350	331	681
1908	349	355	704
1909	371	373	744
1910	378	350	728
1911	350	342	692
1912	357	343	700
1913	360	334	694
1914	343	337	680
1915	352	322	674
1916	342	346	688
1917	365	366	731
1918	371	345	716
1919	353	358	711
1920	352	320	672
1921	367	313	680
1922	349	327	676
1923	371	312	683
1924	366	343	709
1925	362	337	699
1926	366	332	698
1927	353	339	692
1928	368	319	687
1929	344	327	671
1930	370	322	692
1931	362	334	696
1932	361	356	717
1933	368	327	695
1934	377	342	719
1935	364	310	674
1936	362	334	696
1937	350	356	706
1938	357	339	696
1939	361	344	705
1940	361	342	703
1941	355	350	705
1942	373	358	731
1943	373	363	736
1944	365	332	697
1945	364	347	711
1946	367	345	712
1947	367	343	710
1948	355	333	688
1949	342	352	694
1950	345	352	697
1951	370	350	720
1952	350	342	692
1953	362	344	706
1954	336	367	703
1955	369	344	713
1956	347	337	684
1957	367	319	686
1958	360	343	703
1959	365	337	702
1960	355	331	686
1961	367	360	727
1962	382	336	718
1963	370	338	708
1964	348	325	673
1965	360	321	681
1966	356	343	699
1967	359	352	711
1968	357	369	726
1969	394	353	747
1970	357	343	700
1971	361	326	687
1972	359	344	703
1973	349	340	689
1974	383	345	728
1975	389	329	718
1976	348	345	693
1977	354	367	721
1978	355	318	673
1979	350	340	690
1980	342	335	677
1981	365	340	705
1982	358	320	678
1983	371	341	712
1984	367	323	690
1985	368	320	688
1986	351	336	687
1987	351	345	696
1988	327	342	669
1989	357	346	703
1990	362	334	696
1991	345	351	696
1992	346	369	715
1993	358	359	717
1994	355	352	707
1995	347	341	688
1996	357	349	706
1997	365	326	691
1998	380	327	707
1999	370	314	684
2000	372	327	699
2001	397	341	738
2002	367	343	710
2003	357	325	682
2004	392	334	726
2005	362	342	704
2006	363	333	696
2007	369	341	710
2008	372	355	727
2009	351	376	727
2010	350	370	720
2011	380	344	724
2012	351	361	712
2013	377	341	718
2014	361	321	682
2015	328	349	677
2016	378	338	716
2017	373	363	736
2018	374	343	717
2019	365	337	702
2020	376	350	726
2021	355	346	701
2022	381	332	713
2023	367	330	697
2024	367	359	726
2025	359	344	703
2026	357	338	695
2027	359	346	705
2028	363	340	703
2029	364	357	721
2030	371	354	725
2031	357	349	706
2032	360	344	704
2033	365	347	712
2034	376	356	732
2035	349	342	691
2036	388	336	724
2037	337	348	685
2038	353	337	690
2039	371	337	708
2040	364	365	729
2041	370	323	693
2042	375	313	688
2043	368	341	709
2044	346	358	704
2045	385	334	719
2046	369	327	696
2047	355	345	700
2048	351	347	698
2049	349	346	695
2050	358	343	701
2051	343	325	668
2052	356	343	699
2053	366	347	713
2054	355	363	718
2055	351	350	701
2056	355	364	719
2057	368	371	739
2058	363	324	687
2059	365	364	729
2060	348	342	690
2061	347	360	707
2062	362	329	691
2063	354	324	678
2064	361	331	692
2065	370	366	736
2066	342	343	685
2067	348	329	677
2068	363	332	695
2069	345	345	690
2070	358	345	703
2071	372	350	722
2072	373	356	729
2073	367	366	733
2074	357	349	706
2075	379	350	729
2076	373	323	696
2077	372	344	716
2078	373	329	702
2079	346	321	667
2080	347	337	684
2081	359	343	702
2082	351	332	683
2083	371	364	735
2084	360	359	719
2085	366	341	707
2086	358	329	687
2087	345	353	698
2088	370	359	729
2089	350	361	711
2090	349	358	707
2091	372	354	726
2092	359	359	718
2093	351	344	695
2094	350	347	697
2095	358	347	705
2096	376	330	706
2097	344	341	685
2098	367	341	708
2099	362	336	698
2100	373	362	735
2101	363	341	704
2102	369	354	723
2103	375	346	721
2104	378	326	704
2105	356	337	693
2106	368	331	699
2107	345	323	668
2108	364	327	691
2109	347	337	684
2110	351	357	708
2111	340	353	693
2112	352	337	689
2113	374	314	688
2114	371	333	704
2115	357	334	691
2116	370	337	707
2117	377	350	727
2118	369	347	716
2119	349	308	657
2120	360	335	695
2121	356	368	724
2122	365	342	707
2123	368	371	739
2124	375	359	734
2125	360	321	681
2126	355	338	693
2127	376	333	709
2128	378	357	735
2129	354	342	696
2130	350	354	704
2131	355	355	710
2132	369	330	699
2133	354	343	697
2134	341	355	696
2135	341	359	700
2136	329	367	696
2137	373	366	739
2138	335	355	690
2139	367	352	719
2140	362	352	714
2141	362	350	712
2142	366	342	708
2143	359	331	690
2144	328	329	657
2145	363	344	707
2146	384	360	744
2147	356	358	714
2148	355	339	694
2149	359	346	705
2150	353	356	709
2151	348	353	701
2152	376	322	698
2153	383	336	719
2154	381	336	717
2155	345	366	711
2156	334	363	697
2157	312	348	660
2158	351	344	695
2159	361	329	690
2160	348	344	692
2161	365	339	704
2162	370	345	715
2163	375	329	704
2164	373	335	708
2165	360	341	701
2166	363	355	718
2167	361	340	701
2168	367	349	716
2169	365	377	742
2170	367	352	719
2171	362	333	695
2172	354	334	688
2173	366	324	690
2174	346	348	694
2175	349	351	700
2176	374	333	707
2177	367	343	710
2178	335	355	690
2179	345	349	694
2180	365	347	712
2181	354	373	727
2182	347	337	684
2183	367	323	690
2184	370	333	703
2185	342	356	698
2186	382	338	720
2187	360	356	716
2188	360	354	714
2189	362	341	703
2190	373	351	724
2191	356	343	699
2192	377	328	705
2193	348	347	695
2194	358	345	703
2195	361	343	704
2196	361	331	692
2197	366	341	707
2198	344	340	684
2199	358	359	717
2200	365	346	711
2201	376	358	734
2202	365	354	719
2203	326	369	695
2204	348	335	683
2205	358	345	703
2206	378	307	685
2207	355	336	691
2208	356	333	689
2209	362	356	718
2210	362	358	720
2211	342	375	717
2212	354	344	698
2213	353	371	724
2214	344	347	691
2215	372	343	715
2216	385	335	720
2217	365	339	704
2218	365	346	711
2219	342	337	679
2220	351	328	679
2221	360	348	708
2222	368	326	694
2223	358	335	693
2224	340	360	700
2225	353	361	714
2226	344	344	688
2227	357	363	720
2228	354	335	689
2229	371	340	711
2230	376	342	718
2231	375	347	722
2232	345	346	691
2233	365	345	710
2234	360	349	709
2235	369	344	713
2236	361	350	711
2237	371	337	708
2238	360	356	716
2239	362	347	709
2240	358	347	705
2241	356	355	711
2242	342	369	711
2243	341	356	697
2244	357	364	721
2245	367	326	693
2246	379	320	699
2247	390	334	724
2248	390	345	735
2249	341	354	695
2250	346	341	687
2251	359	333	692
2252	369	339	708
2253	369	356	725
2254	358	331	689
2255	367	324	691
2256	354	344	698
2257	353	315	668
2258	360	363	723
2259	349	355	704
2260	370	350	720
2261	381	338	719
2262	357	346	703
2263	360	356	716
2264	329	372	701
2265	350	349	699
2266	361	317	678
2267	356	344	700
2268	371	347	718
2269	364	339	703
2270	360	333	693
2271	358	336	694
2272	352	345	697
2273	379	328	707
2274	377	344	721
2275	374	343	717
2276	371	341	712
2277	382	355	737
2278	367	329	696
2279	354	351	705
2280	366	308	674
2281	391	326	717
2282	369	349	718
2283	366	305	671
2284	384	348	732
2285	374	363	737
2286	353	324	677
2287	359	335	694
2288	369	335	704
2289	379	341	720
2290	356	342	698
2291	372	315	687
2292	359	358	717
2293	379	348	727
2294	384	345	729
2295	357	332	689
2296	357	338	695
2297	372	352	724
2298	346	342	688
2299	372	360	732
2300	376	358	734
2301	367	340	707
2302	338	331	669
2303	355	358	713
2304	355	347	702
2305	393	332	725
2306	377	355	732
2307	378	341	719
2308	367	352	719
2309	388	360	748
2310	362	340	702
2311	363	348	711
2312	372	361	733
2313	385	322	707
2314	360	311	671
2315	364	333	697
2316	353	336	689
2317	360	341	701
2318	371	368	739
2319	373	351	724
2320	374	331	705
2321	377	348	725
2322	356	339	695
2323	344	353	697
2324	356	346	702
2325	362	333	695
2326	376	326	702
2327	376	336	712
2328	356	352	708
2329	344	357	701
2330	360	360	720
2331	358	337	695
2332	365	354	719
2333	372	323	695
2334	347	346	693
2335	346	349	695
2336	357	335	692
2337	366	318	684
2338	375	328	703
2339	365	345	710
2340	360	347	707
2341	362	349	711
2342	360	348	708
2343	362	319	681
2344	366	359	725
2345	390	338	728
2346	342	375	717
2347	337	378	715
2348	358	362	720
2349	355	335	690
2350	345	352	697
2351	362	351	713
2352	358	346	704
2353	365	362	727
2354	352	336	688
2355	358	342	700
2356	346	335	681
2357	354	331	685
2358	360	330	690
2359	365	351	716
2360	357	338	695
2361	356	335	691
2362	365	347	712
2363	363	323	686
2364	345	340	685
2365	351	321	672
2366	356	328	684
2367	348	361	709
2368	338	360	698
2369	325	355	680
2370	348	340	688
2371	366	342	708
2372	339	375	714
2373	356	339	695
2374	356	345	701
2375	363	356	719
2376	373	360	733
2377	359	339	698
2378	361	337	698
2379	378	354	732
2380	353	344	697
2381	380	346	726
2382	367	342	709
2383	349	378	727
2384	365	345	710
2385	357	376	733
2386	361	355	716
2387	368	328	696
2388	360	370	730
2389	347	332	679
2390	366	340	706
2391	364	329	693
2392	374	361	735
2393	365	354	719
2394	362	340	702
2395	371	358	729
2396	371	348	719
2397	361	363	724
2398	357	359	716
2399	372	351	723
2400	346	346	692
2401	356	311	667
2402	351	344	695
2403	366	340	706
2404	357	341	698
2405	373	359	732
2406	370	334	704
2407	384	356	740
2408	375	352	727
2409	379	328	707
2410	362	346	708
2411	347	343	690
2412	364	351	715
2413	362	363	725
2414	360	363	723
2415	364	342	706
2416	345	352	697
2417	374	344	718
2418	348	341	689
2419	364	355	719
2420	381	343	724
2421	350	360	710
2422	324	344	668
2423	343	333	676
2424	364	330	694
2425	390	333	723
2426	360	337	697
2427	359	347	706
2428	358	362	720
2429	378	353	731
2430	375	346	721
2431	357	333	690
2432	360	335	695
2433	363	332	695
2434	366	345	711
2435	360	330	690
2436	360	354	714
2437	371	343	714
2438	363	347	710
2439	348	335	683
2440	364	357	721
2441	362	361	723
2442	358	375	733
2443	358	339	697
2444	369	343	712
2445	350	351	701
2446	340	336	676
2447	359	347	706
2448	380	342	722
2449	363	344	707
2450	363	339	702
2451	355	356	711
2452	354	351	705
2453	350	371	721
2454	360	352	712
2455	342	370	712
2456	356	337	693
2457	331	358	689
2458	367	359	726
2459	367	340	707
2460	370	347	717
2461	350	336	686
2462	340	342	682
2463	358	365	723
2464	352	352	704
2465	355	322	677
2466	374	324	698
2467	362	345	707
2468	362	349	711
2469	376	355	731
2470	392	358	750
2471	387	331	718
2472	379	335	714
2473	358	358	716
2474	343	345	688
2475	368	348	716
2476	338	339	677
2477	348	333	681
2478	372	344	716
2479	363	350	713
2480	352	337	689
2481	372	344	716
2482	350	338	688
2483	346	348	694
2484	344	346	690
2485	389	351	740
2486	369	328	697
2487	346	339	685
2488	369	348	717
2489	389	352	741
2490	347	351	698
2491	358	354	712
2492	349	341	690
2493	322	343	665
2494	356	358	714
2495	340	339	679
2496	360	352	712
2497	374	341	715
2498	384	363	747
2499	349	352	701
2500	370	331	701
2501	352	360	712
2502	373	350	723
2503	343	361	704
2504	348	338	686
2505	333	360	693
2506	340	342	682
2507	368	336	704
2508	359	351	710
2509	374	350	724
2510	348	342	690
2511	358	351	709
2512	360	360	720
2513	359	356	715
2514	355	352	707
2515	369	338	707
2516	360	343	703
2517	374	326	700
2518	361	341	702
2519	355	347	702
2520	355	343	698
2521	327	333	660
2522	353	353	706
2523	345	370	715
2524	352	346	698
2525	370	339	709
2526	370	367	737
2527	374	349	723
2528	358	331	689
2529	344	359	703
2530	346	359	705
2531	352	348	700
2532	354	350	704
2533	367	349	716
2534	371	353	724
2535	377	337	714
2536	366	352	718
2537	369	356	725
2538	342	361	703
2539	338	354	692
2540	351	330	681
2541	358	354	712
2542	363	336	699
2543	364	355	719
2544	375	375	750
2545	350	368	718
2546	355	360	715
2547	366	332	698
2548	352	337	689
2549	337	332	669
2550	364	341	705
2551	368	329	697
2552	369	335	704
2553	351	369	720
2554	361	336	697
2555	344	331	675
2556	368	338	706
2557	375	349	724
2558	359	331	690
2559	369	334	703
2560	359	340	699
2561	372	342	714
2562	349	344	693
2563	336	328	664
2564	358	334	692
2565	337	356	693
2566	350	357	707
2567	351	335	686
2568	364	335	699
2569	378	334	712
2570	362	354	716
2571	409	326	735
2572	349	335	684
2573	355	349	704
2574	360	351	711
2575	348	362	710
2576	358	331	689
2577	364	339	703
2578	375	345	720
2579	363	347	710
2580	385	346	731
2581	343	356	699
2582	364	351	715
2583	385	339	724
2584	364	335	699
2585	311	361	672
2586	359	354	713
2587	362	320	682
2588	359	358	717
2589	359	347	706
2590	359	342	701
2591	341	337	678
2592	370	352	722
2593	373	345	718
2594	356	352	708
2595	354	319	673
2596	383	340	723
2597	355	345	700
2598	360	343	703
2599	366	338	704
2600	385	340	725
2601	367	332	699
2602	339	350	689
2603	348	351	699
2604	354	361	715
2605	342	337	679
2606	362	348	710
2607	384	329	713
2608	368	328	696
2609	386	337	723
2610	386	345	731
2611	371	326	697
2612	360	330	690
2613	350	353	703
2614	369	344	713
2615	354	362	716
2616	345	352	697
2617	360	374	734
2618	348	368	716
2619	348	364	712
2620	362	338	700
2621	363	334	697
2622	357	334	691
2623	359	327	686
2624	373	334	707
2625	390	326	716
2626	378	344	722
2627	354	346	700
2628	339	341	680
2629	360	361	721
2630	369	348	717
2631	367	355	722
2632	367	345	712
2633	383	328	711
2634	358	357	715
2635	345	350	695
2636	343	351	694
2637	352	326	678
2638	358	313	671
2639	364	338	702
2640	339	357	696
2641	342	375	717
2642	355	346	701
2643	349	345	694
2644	341	346	687
2645	371	334	705
2646	340	355	695
2647	358	370	728
2648	351	347	698
2649	337	354	691
2650	353	332	685
2651	359	346	705
2652	355	352	707
2653	351	355	706
2654	367	355	722
2655	378	337	715
2656	357	336	693
2657	358	355	713
2658	360	356	716
2659	354	356	710
2660	366	338	704
2661	379	330	709
2662	366	349	715
2663	375	338	713
2664	346	344	690
2665	368	345	713
2666	369	359	728
2667	353	356	709
2668	365	365	730
2669	361	349	710
2670	355	345	700
2671	353	340	693
2672	365	352	717
2673	368	326	694
2674	370	336	706
2675	364	345	709
2676	390	342	732
2677	392	329	721
2678	354	327	681
2679	342	338	680
2680	368	327	695
2681	359	334	693
2682	366	361	727
2683	360	334	694
2684	363	351	714
2685	352	364	716
2686	344	367	711
2687	327	356	683
2688	359	356	715
2689	371	343	714
2690	346	365	711
2691	358	375	733
2692	379	334	713
2693	369	349	718
2694	345	341	686
2695	366	346	712
2696	375	335	710
2697	361	362	723
2698	344	366	710
2699	350	342	692
2700	364	328	692
2701	369	351	720
2702	380	326	706
2703	366	319	685
2704	355	339	694
2705	346	350	696
2706	371	354	725
2707	375	332	707
2708	366	338	704
2709	380	353	733
2710	372	345	717
2711	356	305	661
2712	342	335	677
2713	359	345	704
2714	362	329	691
2715	380	316	696
2716	370	336	706
2717	356	348	704
2718	375	334	709
2719	369	347	716
2720	374	361	735
2721	377	335	712
2722	352	339	691
2723	367	334	701
2724	359	356	715
2725	374	317	691
2726	383	341	724
2727	351	330	681
2728	363	338	701
2729	358	342	700
2730	346	350	696
2731	353	347	700
2732	364	334	698
2733	361	344	705
2734	356	349	705
2735	340	345	685
2736	382	326	708
2737	375	346	721
2738	368	346	714
2739	352	336	688
2740	356	331	687
2741	376	332	708
2742	358	337	695
2743	347	333	680
2744	360	350	710
2745	341	335	676
2746	349	357	706
2747	350	347	697
2748	359	351	710
2749	368	340	708
2750	387	335	722
2751	375	333	708
2752	348	331	679
2753	383	340	723
2754	365	368	733
2755	370	334	704
2756	375	325	700
2757	363	339	702
2758	325	364	689
2759	375	346	721
2760	385	367	752
2761	354	357	711
2762	364	320	684
2763	371	333	704
2764	364	349	713
2765	351	349	700
2766	384	332	716
2767	372	344	716
2768	386	348	734
2769	359	331	690
2770	365	328	693
2771	376	332	708
2772	370	332	702
2773	366	335	701
2774	376	322	698
2775	361	350	711
2776	359	349	708
2777	358	347	705
2778	356	363	719
2779	372	334	706
2780	376	353	729
2781	360	342	702
2782	373	332	705
2783	373	328	701
2784	369	332	701
2785	357	344	701
2786	372	336	708
2787	382	351	733
2788	356	358	714
2789	371	339	710
2790	374	317	691
2791	377	328	705
2792	372	345	717
2793	354	325	679
2794	366	321	687
2795	338	331	669
2796	369	320	689
2797	363	367	730
2798	392	347	739
2799	365	351	716
2800	347	347	694
2801	373	357	730
2802	347	346	693
2803	360	354	714
2804	367	340	707
2805	351	339	690
2806	366	328	694
2807	370	326	696
2808	379	354	733
2809	373	345	718
2810	369	354	723
2811	361	360	721
2812	358	363	721
2813	342	372	714
2814	379	349	728
2815	361	363	724
2816	381	353	734
2817	360	347	707
2818	371	357	728
2819	362	345	707
2820	349	350	699
2821	361	359	720
2822	365	355	720
2823	377	368	745
2824	367	351	718
2825	354	363	717
2826	327	355	682
2827	354	344	698
2828	363	328	691
2829	330	323	653
2830	353	323	676
2831	354	339	693
2832	365	340	705
2833	353	339	692
2834	368	331	699
2835	366	345	711
2836	351	335	686
2837	365	342	707
2838	362	357	719
2839	350	351	701
2840	344	338	682
2841	353	353	706
2842	381	316	697
2843	367	328	695
2844	393	359	752
2845	368	367	735
2846	345	339	684
2847	374	350	724
2848	368	333	701
2849	358	334	692
2850	337	327	664
2851	364	333	697
2852	352	361	713
2853	357	337	694
2854	348	338	686
2855	360	341	701
2856	352	333	685
2857	390	316	706
2858	371	339	710
2859	366	334	700
2860	387	333	720
2861	372	341	713
2862	370	342	712
2863	399	372	771
2864	367	362	729
2865	371	348	719
2866	394	352	746
2867	363	333	696
2868	370	354	724
2869	362	348	710
2870	354	352	706
2871	360	343	703
2872	354	352	706
2873	369	316	685
2874	366	325	691
2875	376	331	707
2876	358	332	690
2877	354	348	702
2878	348	354	702
2879	358	358	716
2880	370	357	727
2881	377	369	746
2882	364	333	697
2883	385	315	700
2884	385	331	716
2885	369	346	715
2886	358	347	705
2887	345	331	676
2888	365	340	705
2889	377	360	737
2890	351	346	697
2891	351	317	668
2892	357	348	705
2893	347	333	680
2894	362	351	713
2895	357	357	714
2896	354	366	720
2897	362	343	705
2898	386	343	729
2899	371	344	715
2900	379	363	742
2901	345	330	675
2902	350	356	706
2903	359	344	703
2904	365	348	713
2905	361	355	716
2906	354	341	695
2907	370	343	713
2908	357	357	714
2909	359	372	731
2910	383	356	739
2911	375	326	701
2912	372	347	719
2913	353	351	704
2914	352	357	709
2915	381	345	726
2916	370	333	703
2917	385	330	715
2918	382	346	728
2919	365	336	701
2920	360	351	711
2921	317	376	693
2922	336	350	686
2923	352	340	692
2924	365	356	721
2925	370	335	705
2926	372	359	731
2927	362	366	728
2928	350	361	711
2929	362	350	712
2930	374	338	712
2931	376	352	728
2932	363	363	726
2933	357	375	732
2934	359	357	716
2935	361	344	705
2936	363	339	702
2937	379	362	741
2938	360	344	704
2939	350	347	697
2940	374	346	720
2941	365	328	693
2942	358	338	696
2943	350	352	702
2944	360	342	702
2945	348	340	688
2946	366	324	690
2947	345	342	687
2948	354	317	671
2949	359	321	680
2950	358	337	695
2951	369	338	707
2952	355	357	712
2953	347	346	693
2954	361	354	715
2955	349	355	704
2956	355	353	708
2957	374	347	721
2958	366	340	706
2959	383	315	698
2960	345	356	701
2961	345	362	707
2962	377	341	718
2963	367	330	697
2964	387	340	727
2965	344	337	681
2966	340	339	679
2967	336	365	701
2968	359	348	707
2969	344	351	695
2970	356	353	709
2971	368	353	721
2972	380	348	728
2973	359	345	704
2974	374	325	699
2975	382	339	721
2976	355	355	710
2977	341	371	712
2978	371	356	727
2979	369	350	719
2980	370	326	696
2981	342	361	703
2982	359	346	705
2983	384	344	728
2984	375	351	726
2985	349	359	708
2986	357	368	725
2987	351	334	685
2988	369	344	713
2989	368	355	723
2990	348	354	702
2991	362	361	723
2992	364	335	699
2993	372	342	714
2994	393	373	766
2995	364	355	719
2996	355	343	698
2997	349	354	703
2998	353	353	706
2999	353	366	719
3000	360	355	715
3001	343	351	694
3002	350	347	697
3003	352	353	705
3004	360	344	704
3005	368	349	717
3006	354	357	711
3007	328	358	686
3008	349	348	697
3009	365	359	724
3010	363	355	718
3011	376	330	706
3012	359	373	732
3013	363	342	705
3014	394	346	740
3015	382	350	732
3016	361	334	695
3017	366	327	693
3018	375	333	708
3019	381	348	729
3020	360	352	712
3021	365	333	698
3022	353	336	689
3023	360	351	711
3024	378	351	729
3025	379	337	716
3026	362	359	721
3027	361	339	700
3028	371	365	736
3029	346	346	692
3030	338	331	669
3031	343	325	668
3032	343	301	644
3033	351	327	678
3034	366	341	707
3035	380	344	724
3036	353	328	681
3037	353	330	683
3038	355	346	701
3039	353	352	705
3040	354	338	692
3041	367	356	723
3042	365	337	702
3043	367	350	717
3044	352	322	674
3045	360	328	688
3046	364	327	691
3047	374	343	717
3048	359	315	674
3049	374	300	674
3050	368	329	697
3051	363	340	703
3052	366	338	704
3053	358	363	721
3054	356	348	704
3055	388	339	727
3056	368	337	705
3057	357	355	712
3058	356	338	694
3059	395	333	728
3060	375	337	712
3061	368	348	716
3062	360	342	702
3063	358	346	704
3064	371	356	727
3065	370	328	698
3066	362	341	703
3067	345	348	693
3068	365	338	703
3069	359	344	703
3070	342	381	723
3071	337	343	680
3072	347	336	683
3073	346	328	674
3074	340	369	709
3075	366	341	707
3076	401	333	734
3077	391	365	756
3078	370	354	724
3079	363	317	680
3080	376	330	706
3081	342	353	695
3082	364	354	718
3083	359	330	689
3084	373	304	677
3085	368	333	701
3086	339	358	697
3087	349	354	703
3088	389	351	740
3089	359	324	683
3090	352	350	702
3091	355	346	701
3092	363	337	700
3093	364	353	717
3094	386	332	718
3095	366	333	699
3096	357	349	706
3097	334	354	688
3098	369	335	704
3099	363	337	700
3100	392	357	749
3101	382	354	736
3102	380	343	723
3103	372	336	708
3104	366	365	731
3105	362	331	693
3106	355	330	685
3107	357	307	664
3108	345	309	654
3109	344	355	699
3110	335	374	709
3111	340	354	694
3112	373	324	697
3113	347	335	682
3114	360	343	703
3115	345	353	698
3116	356	351	707
3117	347	348	695
3118	356	332	688
3119	345	372	717
3120	340	348	688
3121	349	329	678
3122	363	340	703
3123	349	349	698
3124	364	342	706
3125	386	342	728
3126	346	343	689
3127	370	354	724
3128	353	362	715
3129	359	351	710
3130	356	341	697
3131	359	336	695
3132	366	364	730
3133	365	337	702
3134	359	330	689
3135	378	320	698
3136	359	346	705
3137	376	353	729
3138	343	339	682
3139	334	339	673
3140	353	351	704
3141	350	367	717
3142	371	320	691
3143	379	346	725
3144	374	354	728
3145	373	341	714
3146	334	343	677
3147	362	344	706
3148	357	342	699
3149	366	354	720
3150	352	356	708
3151	372	368	740
3152	364	364	728
3153	364	364	728
3154	345	364	709
3155	367	362	729
3156	375	359	734
3157	352	359	711
3158	342	360	702
3159	327	346	673
3160	339	372	711
3161	353	379	732
3162	335	336	671
3163	316	340	656
3164	325	350	675
3165	310	377	687
3166	281	325	606
3167	281	359	640
3168	273	346	619
3169	274	364	638
3170	244	378	622
3171	250	344	594
3172	255	339	594
3173	264	325	589
3174	262	339	601
3175	255	357	612
3176	224	353	577
3177	261	360	621
3178	264	347	611
3179	259	373	632
3180	239	355	594
3181	246	338	584
3182	236	346	582
3183	252	351	603
3184	238	341	579
3185	230	344	574
3186	211	346	557
3187	213	340	553
3188	202	347	549
3189	218	336	554
3190	220	323	543
3191	215	345	560
3192	227	344	571
3193	272	315	587
3194	272	292	564
3195	288	282	570
3196	300	225	525
3197	304	205	509
3198	291	216	507
3199	291	223	514
3200	274	198	472
3201	266	232	498
3202	263	260	523
3203	263	263	526
3204	242	265	507
3205	244	265	509
3206	233	235	468
3207	227	243	470
3208	204	279	483
3209	194	295	489
3210	205	284	489
3211	213	304	517
3212	219	282	501
3213	253	259	512
3214	251	257	508
3215	260	263	523
3216	249	265	514
3217	275	265	540
3218	334	265	599
3219	350	221	571
3220	332	247	579
3221	341	258	599
3222	312	259	571
3223	306	270	576
3224	296	255	551
3225	321	247	568
3226	295	256	551
3227	304	253	557
3228	354	250	604
3229	329	239	568
3230	334	270	604
3231	311	263	574
3232	313	296	609
3233	287	275	562
3234	314	279	593
3235	304	265	569
3236	299	289	588
3237	295	286	581
3238	276	292	568
3239	291	292	583
3240	295	297	592
3241	271	302	573
3242	276	264	540
3243	298	275	573
3244	280	290	570
3245	248	277	525
3246	260	292	552
3247	281	272	553
3248	271	302	573
3249	251	266	517
3250	257	292	549
3251	253	276	529
3252	232	308	540
3253	225	283	508
3254	242	301	543
3255	231	282	513
3256	247	287	534
3257	235	299	534
3258	251	282	533
3259	254	281	535
3260	268	289	557
3261	266	310	576
3262	271	306	577
3263	276	311	587
3264	250	328	578
3265	292	319	611
3266	302	308	610
3267	293	290	583
3268	271	314	585
3269	287	308	595
3270	289	342	631
3271	302	351	653
3272	301	370	671
3273	308	377	685
3274	348	354	702
3275	335	309	644
3276	351	281	632
3277	327	282	609
3278	330	302	632
3279	315	286	601
3280	335	285	620
3281	338	247	585
3282	336	272	608
3283	333	239	572
3284	347	245	592
3285	324	225	549
3286	321	205	526
3287	297	200	497
3288	277	207	484
3289	259	219	478
3290	227	197	424
3291	214	200	414
3292	223	212	435
3293	222	222	444
3294	239	225	464
3295	232	237	469
3296	230	209	439
3297	223	188	411
3298	221	171	392
3299	208	161	369
3300	229	190	419
3301	211	191	402
3302	208	206	414
3303	224	192	416
3304	243	194	437
3305	234	201	435
3306	231	203	434
3307	249	188	437
3308	235	169	404
3309	255	192	447
3310	247	184	431
3311	249	196	445
3312	215	209	424
3313	240	183	423
3314	233	204	437
3315	214	214	428
3316	221	196	417
3317	230	209	439
3318	239	201	440
3319	262	204	466
3320	249	218	467
3321	243	232	475
3322	255	207	462
3323	271	233	504
3324	284	236	520
3325	281	210	491
3326	285	242	527
3327	277	235	512
3328	276	231	507
3329	293	221	514
3330	305	234	539
3331	318	226	544
3332	309	224	533
3333	298	230	528
3334	327	231	558
3335	315	249	564
3336	313	257	570
3337	310	244	554
3338	331	239	570
3339	326	255	581
3340	326	246	572
3341	298	239	537
3342	332	250	582
3343	320	242	562
3344	319	232	551
3345	312	261	573
3346	323	270	593
3347	315	258	573
3348	326	256	582
3349	315	255	570
3350	343	238	581
3351	305	267	572
3352	330	256	586
3353	316	267	583
3354	319	243	562
3355	327	242	569
3356	318	256	574
3357	308	280	588
3358	317	243	560
3359	323	237	560
3360	332	235	567
3361	325	232	557
3362	304	246	550
3363	295	256	551
3364	308	274	582
3365	309	245	554
3366	317	250	567
3367	323	259	582
3368	307	246	553
3369	291	257	548
3370	320	257	577
3371	352	243	595
3372	343	239	582
3373	327	251	578
3374	356	265	621
3375	345	266	611
3376	333	294	627
3377	338	290	628
3378	326	295	621
3379	347	320	667
3380	346	312	658
3381	316	314	630
3382	344	338	682
3383	349	341	690
3384	345	358	703
3385	343	347	690
3386	340	355	695
3387	327	357	684
3388	329	329	658
3389	329	368	697
3390	323	349	672
3391	311	355	666
3392	317	359	676
3393	324	340	664
3394	288	362	650
3395	288	351	639
3396	293	351	644
3397	291	360	651
3398	278	360	638
3399	298	350	648
3400	282	354	636
3401	266	372	638
3402	289	363	652
3403	275	346	621
3404	271	350	621
3405	265	356	621
3406	254	359	613
3407	236	335	571
3408	243	349	592
3409	243	355	598
3410	238	325	563
3411	248	365	613
3412	278	368	646
3413	285	368	653
3414	254	364	618
3415	268	369	637
3416	259	359	618
3417	263	344	607
3418	235	350	585
3419	244	331	575
3420	255	375	630
3421	239	330	569
3422	258	372	630
3423	251	337	588
3424	237	333	570
3425	230	353	583
3426	219	341	560
3427	230	350	580
3428	222	340	562
3429	226	332	558
3430	242	348	590
3431	278	329	607
3432	292	323	615
3433	311	318	629
3434	283	280	563
3435	308	259	567
3436	325	237	562
3437	310	226	536
3438	326	223	549
3439	344	228	572
3440	351	234	585
3441	377	217	594
3442	372	233	605
3443	366	238	604
3444	369	224	593
3445	362	236	598
3446	378	240	618
3447	366	240	606
3448	363	224	587
3449	357	230	587
3450	377	231	608
3451	372	215	587
3452	380	245	625
3453	371	251	622
3454	360	255	615
3455	343	256	599
3456	349	239	588
3457	351	259	610
3458	356	251	607
3459	352	247	599
3460	341	241	582
3461	363	224	587
3462	377	240	617
3463	362	256	618
3464	343	277	620
3465	334	260	594
3466	348	248	596
3467	333	244	577
3468	330	247	577
3469	344	240	584
3470	319	251	570
3471	323	256	579
3472	315	238	553
3473	343	216	559
3474	317	247	564
3475	312	246	558
3476	313	258	571
3477	300	260	560
3478	271	300	571
3479	265	336	601
3480	244	304	548
3481	229	299	528
3482	257	315	572
3483	275	304	579
3484	278	298	576
3485	276	283	559
3486	260	280	540
3487	286	248	534
3488	295	253	548
3489	298	263	561
3490	299	270	569
3491	304	264	568
3492	323	237	560
3493	327	243	570
3494	320	229	549
3495	307	260	567
3496	282	257	539
3497	287	272	559
3498	271	313	584
3499	271	293	564
3500	239	289	528
3501	229	297	526
3502	265	284	549
3503	285	278	563
3504	267	267	534
3505	312	247	559
3506	346	226	572
3507	371	220	591
3508	361	241	602
3509	377	228	605
3510	354	247	601
3511	336	258	594
3512	336	280	616
3513	324	300	624
3514	295	301	596
3515	283	315	598
3516	252	304	556
3517	244	315	559
3518	221	346	567
3519	225	347	572
3520	234	336	570
3521	202	323	525
3522	233	306	539
3523	219	299	518
3524	228	310	538
3525	273	288	561
3526	261	293	554
3527	311	278	589
3528	334	320	654
3529	323	347	670
3530	351	334	685
3531	350	341	691
3532	362	343	705
3533	343	349	692
3534	352	352	704
3535	366	352	718
3536	389	355	744
3537	373	354	727
3538	364	342	706
3539	372	366	738
3540	364	369	733
3541	354	362	716
3542	363	355	718
3543	373	348	721
3544	360	347	707
3545	366	345	711
3546	377	344	721
3547	374	362	736
3548	371	353	724
3549	348	343	691
3550	351	357	708
3551	372	366	738
3552	374	368	742
3553	351	372	723
3554	357	345	702
3555	377	353	730
3556	339	367	706
3557	352	365	717
3558	363	382	745
3559	360	353	713
3560	356	379	735
3561	348	367	715
3562	366	354	720
3563	357	375	732
3564	339	373	712
3565	366	364	730
3566	366	384	750
3567	353	371	724
3568	368	347	715
3569	371	373	744
3570	372	372	744
3571	363	350	713
3572	363	350	713
3573	376	342	718
3574	390	364	754
3575	354	359	713
3576	377	363	740
3577	347	366	713
3578	370	391	761
3579	375	363	738
3580	379	360	739
3581	368	334	702
3582	362	355	717
3583	391	356	747
3584	348	352	700
3585	351	357	708
3586	361	367	728
3587	378	366	744
3588	360	359	719
3589	371	366	737
3590	367	363	730
3591	353	348	701
3592	385	355	740
3593	370	371	741
3594	370	338	708
3595	374	359	733
3596	390	356	746
3597	371	393	764
3598	370	367	737
3599	361	377	738
3600	353	349	702
3601	358	366	724
3602	374	371	745
3603	381	353	734
3604	354	387	741
3605	372	348	720
3606	365	345	710
3607	372	352	724
3608	377	367	744
3609	368	347	715
3610	347	358	705
3611	374	382	756
3612	333	389	722
3613	373	358	731
3614	369	374	743
3615	361	352	713
3616	396	339	735
3617	367	350	717
3618	357	360	717
3619	401	362	763
3620	362	380	742
3621	362	357	719
3622	360	353	713
3623	359	347	706
3624	389	331	720
3625	363	367	730
3626	383	376	759
3627	389	339	728
3628	388	363	751
3629	386	347	733
3630	363	361	724
3631	343	367	710
3632	357	348	705
3633	361	362	723
3634	351	389	740
3635	377	373	750
3636	366	366	732
3637	374	357	731
3638	371	359	730
3639	348	342	690
3640	364	352	716
3641	386	358	744
3642	364	371	735
3643	334	353	687
3644	351	354	705
3645	356	357	713
3646	360	384	744
3647	371	378	749
3648	354	371	725
3649	376	357	733
3650	360	342	702
3651	374	359	733
3652	351	364	715
3653	351	365	716
3654	352	363	715
3655	363	350	713
3656	352	352	704
3657	367	352	719
3658	361	360	721
3659	353	349	702
3660	355	374	729
3661	389	346	735
3662	348	358	706
3663	361	371	732
3664	340	353	693
3665	339	368	707
3666	351	367	718
3667	360	359	719
3668	372	336	708
3669	392	340	732
3670	353	352	705
3671	340	354	694
3672	360	357	717
3673	356	380	736
3674	356	376	732
3675	356	344	700
3676	370	357	727
3677	368	366	734
3678	360	364	724
3679	372	365	737
3680	369	348	717
3681	378	361	739
3682	378	339	717
3683	359	366	725
3684	347	360	707
3685	366	375	741
3686	385	378	763
3687	358	369	727
3688	366	367	733
3689	362	355	717
3690	366	359	725
3691	359	381	740
3692	341	343	684
3693	374	368	742
3694	352	353	705
3695	387	354	741
3696	366	344	710
3697	374	368	742
3698	367	362	729
3699	350	354	704
3700	372	368	740
3701	366	346	712
3702	364	355	719
3703	363	357	720
3704	380	363	743
3705	357	360	717
3706	351	380	731
3707	370	363	733
3708	370	361	731
3709	386	376	762
3710	377	372	749
3711	376	357	733
3712	368	371	739
3713	374	377	751
3714	390	350	740
3715	404	350	754
3716	372	368	740
3717	375	365	740
3718	383	359	742
3719	364	353	717
3720	383	376	759
3721	359	355	714
3722	352	369	721
3723	370	360	730
3724	352	355	707
3725	366	367	733
3726	397	365	762
3727	389	356	745
3728	351	357	708
3729	379	370	749
3730	359	338	697
3731	385	359	744
3732	381	364	745
3733	367	377	744
3734	392	374	766
3735	384	365	749
3736	353	354	707
3737	388	336	724
3738	343	367	710
3739	347	363	710
3740	374	352	726
3741	367	359	726
3742	340	344	684
3743	367	363	730
3744	365	358	723
3745	358	342	700
3746	358	351	709
3747	358	337	695
3748	376	340	716
3749	378	359	737
3750	360	346	706
3751	372	365	737
3752	367	372	739
3753	365	370	735
3754	357	365	722
3755	327	346	673
3756	348	365	713
3757	362	370	732
3758	359	366	725
3759	354	352	706
3760	363	365	728
3761	368	364	732
3762	349	369	718
3763	362	365	727
3764	374	346	720
3765	365	361	726
3766	375	342	717
3767	349	363	712
3768	358	349	707
3769	379	352	731
3770	389	368	757
3771	362	344	706
3772	368	370	738
3773	372	365	737
3774	362	366	728
3775	371	350	721
3776	364	364	728
3777	348	353	701
3778	360	346	706
3779	351	342	693
3780	353	365	718
3781	349	351	700
3782	368	369	737
3783	370	356	726
3784	367	361	728
3785	365	364	729
3786	371	368	739
3787	353	362	715
3788	370	382	752
3789	389	348	737
3790	360	368	728
3791	392	380	772
3792	374	356	730
3793	365	350	715
3794	369	341	710
3795	370	366	736
3796	363	350	713
3797	359	353	712
3798	372	367	739
3799	370	348	718
3800	366	372	738
3801	383	349	732
3802	368	366	734
3803	361	361	722
3804	356	368	724
3805	359	386	745
3806	387	358	745
3807	379	370	749
3808	378	345	723
3809	394	347	741
3810	386	345	731
3811	384	369	753
3812	381	376	757
3813	365	355	720
3814	376	364	740
3815	371	371	742
3816	350	382	732
3817	370	361	731
3818	371	349	720
3819	364	366	730
3820	356	372	728
3821	368	363	731
3822	361	356	717
3823	360	346	706
3824	357	351	708
3825	380	361	741
3826	356	376	732
3827	341	373	714
3828	347	374	721
3829	368	354	722
3830	357	375	732
3831	366	361	727
3832	373	339	712
3833	368	383	751
3834	358	360	718
3835	364	369	733
3836	354	353	707
3837	357	366	723
3838	361	356	717
3839	363	380	743
3840	381	364	745
3841	372	362	734
3842	345	382	727
3843	356	357	713
3844	354	376	730
3845	348	364	712
3846	361	349	710
3847	359	347	706
3848	392	341	733
3849	374	355	729
3850	350	362	712
3851	338	375	713
3852	363	355	718
3853	351	359	710
3854	369	344	713
3855	358	363	721
3856	362	368	730
3857	376	356	732
3858	375	354	729
3859	360	347	707
3860	362	376	738
3861	373	361	734
3862	364	339	703
3863	379	358	737
3864	368	360	728
3865	382	348	730
3866	356	383	739
3867	341	363	704
3868	367	352	719
3869	370	343	713
3870	372	346	718
3871	383	340	723
3872	370	383	753
3873	355	348	703
3874	371	360	731
3875	345	387	732
3876	375	367	742
3877	375	354	729
3878	370	351	721
3879	359	361	720
3880	357	372	729
3881	358	385	743
3882	360	344	704
3883	359	353	712
3884	356	362	718
3885	360	366	726
3886	346	347	693
3887	375	346	721
3888	349	354	703
3889	371	373	744
3890	347	378	725
3891	379	355	734
3892	373	385	758
3893	385	383	768
3894	369	382	751
3895	365	349	714
3896	355	370	725
3897	379	355	734
3898	364	372	736
3899	353	336	689
3900	350	358	708
3901	365	388	753
3902	355	369	724
3903	350	364	714
3904	364	335	699
3905	343	347	690
3906	362	374	736
3907	374	349	723
3908	376	355	731
3909	387	372	759
3910	360	348	708
3911	359	344	703
3912	365	349	714
3913	349	352	701
3914	390	364	754
3915	375	379	754
3916	369	360	729
3917	370	355	725
3918	349	358	707
3919	381	347	728
3920	371	363	734
3921	373	349	722
3922	381	354	735
3923	385	373	758
3924	378	362	740
3925	378	335	713
3926	378	368	746
3927	378	360	738
3928	383	333	716
3929	370	364	734
3930	380	374	754
3931	345	368	713
3932	351	386	737
3933	366	354	720
3934	366	369	735
3935	372	359	731
3936	362	375	737
3937	371	358	729
3938	369	352	721
3939	366	357	723
3940	376	386	762
3941	357	366	723
3942	357	380	737
3943	382	379	761
3944	381	368	749
3945	372	353	725
3946	373	344	717
3947	379	368	747
3948	373	381	754
3949	369	360	729
3950	374	371	745
3951	362	354	716
3952	363	341	704
3953	353	357	710
3954	366	355	721
3955	378	355	733
3956	358	361	719
3957	370	374	744
3958	369	349	718
3959	340	370	710
3960	353	355	708
3961	375	355	730
3962	398	348	746
3963	367	366	733
3964	354	363	717
3965	355	361	716
3966	368	351	719
3967	361	369	730
3968	335	364	699
3969	362	351	713
3970	360	372	732
3971	347	371	718
3972	351	380	731
3973	361	348	709
3974	389	349	738
3975	367	343	710
3976	363	348	711
3977	381	368	749
3978	364	382	746
3979	390	364	754
3980	377	351	728
3981	373	349	722
3982	365	340	705
3983	386	351	737
3984	388	355	743
3985	354	360	714
3986	342	381	723
3987	348	391	739
3988	368	357	725
3989	368	364	732
3990	360	361	721
3991	373	365	738
3992	362	349	711
3993	365	375	740
3994	372	357	729
3995	376	361	737
3996	352	351	703
3997	374	356	730
3998	354	370	724
3999	355	357	712
4000	378	356	734
4001	364	358	722
4002	368	372	740
4003	358	372	730
4004	370	355	725
4005	359	399	758
4006	366	362	728
4007	350	358	708
4008	373	375	748
4009	382	359	741
4010	354	383	737
4011	369	354	723
4012	366	364	730
4013	397	364	761
4014	379	369	748
4015	363	368	731
4016	374	379	753
4017	362	384	746
4018	357	388	745
4019	364	363	727
4020	365	345	710
4021	358	355	713
4022	372	362	734
4023	353	354	707
4024	363	352	715
4025	355	361	716
4026	375	368	743
4027	367	363	730
4028	400	353	753
4029	374	349	723
4030	369	358	727
4031	370	378	748
4032	360	353	713
4033	361	358	719
4034	372	342	714
4035	392	363	755
4036	359	387	746
4037	355	380	735
4038	359	381	740
4039	359	375	734
4040	386	344	730
4041	402	350	752
4042	382	371	753
4043	379	366	745
4044	386	366	752
4045	343	373	716
4046	371	362	733
4047	371	353	724
4048	386	366	752
4049	367	351	718
4050	378	350	728
4051	343	355	698
4052	364	352	716
4053	358	362	720
4054	370	369	739
4055	361	347	708
4056	345	368	713
4057	354	373	727
4058	361	366	727
4059	363	369	732
4060	371	369	740
4061	346	383	729
4062	348	356	704
4063	383	351	734
4064	387	362	749
4065	366	358	724
4066	350	340	690
4067	366	362	728
4068	362	346	708
4069	362	345	707
4070	363	357	720
4071	370	349	719
4072	349	352	701
4073	376	357	733
4074	385	357	742
4075	355	368	723
4076	358	345	703
4077	364	367	731
4078	358	359	717
4079	372	347	719
4080	378	356	734
4081	365	375	740
4082	368	359	727
4083	384	357	741
4084	368	345	713
4085	363	354	717
4086	371	363	734
4087	373	362	735
4088	377	355	732
4089	380	366	746
4090	362	359	721
4091	379	363	742
4092	358	363	721
4093	353	346	699
4094	336	373	709
4095	383	340	723
4096	367	356	723
4097	381	334	715
4098	363	348	711
4099	376	359	735
4100	372	367	739
4101	350	355	705
4102	368	348	716
4103	359	353	712
4104	341	358	699
4105	337	366	703
4106	374	359	733
4107	350	363	713
4108	377	353	730
4109	354	347	701
4110	399	334	733
4111	377	345	722
4112	365	382	747
4113	384	338	722
4114	374	347	721
4115	370	379	749
4116	354	378	732
4117	373	376	749
4118	369	362	731
4119	348	377	725
4120	370	364	734
4121	355	345	700
4122	371	353	724
4123	354	374	728
4124	366	365	731
4125	386	401	787
4126	348	360	708
4127	361	366	727
4128	363	347	710
4129	381	357	738
4130	383	385	768
4131	377	381	758
4132	366	361	727
4133	379	379	758
4134	346	378	724
4135	348	385	733
4136	373	372	745
4137	369	352	721
4138	354	364	718
4139	360	360	720
4140	356	323	679
4141	374	361	735
4142	379	367	746
4143	361	366	727
4144	395	362	757
4145	378	367	745
4146	372	376	748
4147	360	375	735
4148	385	362	747
4149	359	339	698
4150	367	363	730
4151	377	353	730
4152	386	374	760
4153	383	375	758
4154	350	375	725
4155	353	340	693
4156	378	350	728
4157	401	351	752
4158	379	345	724
4159	378	358	736
4160	380	359	739
4161	357	369	726
4162	371	383	754
4163	354	343	697
4164	379	326	705
4165	364	352	716
4166	358	361	719
4167	368	352	720
4168	346	356	702
4169	373	347	720
4170	335	343	678
4171	347	366	713
4172	358	364	722
4173	391	348	739
4174	366	366	732
4175	375	331	706
4176	384	355	739
4177	348	367	715
4178	372	365	737
4179	391	370	761
4180	362	375	737
4181	363	350	713
4182	403	369	772
4183	392	363	755
4184	365	370	735
4185	350	351	701
4186	359	334	693
4187	348	352	700
4188	348	379	727
4189	358	370	728
4190	345	379	724
4191	356	349	705
4192	360	363	723
4193	377	352	729
4194	375	317	692
4195	367	330	697
4196	353	328	681
4197	367	342	709
4198	368	382	750
4199	375	366	741
4200	365	355	720
4201	385	365	750
4202	384	373	757
4203	372	340	712
4204	399	333	732
4205	385	344	729
4206	354	386	740
4207	385	353	738
4208	350	345	695
4209	355	338	693
4210	362	360	722
4211	373	353	726
4212	380	363	743
4213	371	353	724
4214	355	359	714
4215	354	390	744
4216	370	372	742
4217	360	366	726
4218	362	374	736
4219	354	343	697
4220	364	342	706
4221	347	358	705
4222	357	384	741
4223	354	337	691
4224	352	333	685
4225	381	341	722
4226	364	350	714
4227	384	333	717
4228	359	358	717
4229	373	354	727
4230	350	356	706
4231	341	358	699
4232	344	341	685
4233	372	339	711
4234	377	366	743
4235	377	360	737
4236	375	360	735
4237	386	370	756
4238	346	383	729
4239	369	383	752
4240	372	367	739
4241	370	360	730
4242	358	385	743
4243	364	373	737
4244	350	371	721
4245	370	384	754
4246	379	361	740
4247	392	368	760
4248	388	349	737
4249	378	343	721
4250	386	348	734
4251	370	328	698
4252	358	340	698
4253	343	368	711
4254	360	342	702
4255	383	356	739
4256	370	347	717
4257	351	353	704
4258	344	372	716
4259	363	364	727
4260	354	327	681
4261	342	365	707
4262	352	360	712
4263	337	369	706
4264	367	338	705
4265	364	356	720
4266	369	364	733
4267	366	377	743
4268	365	371	736
4269	360	365	725
4270	374	371	745
4271	358	363	721
4272	360	365	725
4273	360	366	726
4274	372	362	734
4275	369	344	713
4276	363	348	711
4277	382	364	746
4278	367	343	710
4279	350	353	703
4280	347	365	712
4281	371	361	732
4282	373	380	753
4283	369	335	704
4284	349	352	701
4285	358	367	725
4286	388	358	746
4287	362	370	732
4288	370	360	730
4289	340	355	695
4290	365	335	700
4291	364	357	721
4292	367	368	735
4293	331	356	687
4294	357	361	718
4295	352	364	716
4296	372	372	744
4297	376	375	751
4298	354	373	727
4299	374	355	729
4300	369	364	733
4301	372	356	728
4302	350	365	715
4303	360	362	722
4304	354	364	718
4305	351	363	714
4306	361	372	733
4307	377	365	742
4308	353	361	714
4309	366	361	727
4310	370	354	724
4311	358	361	719
4312	343	363	706
4313	355	365	720
4314	353	361	714
4315	366	326	692
4316	376	352	728
4317	358	366	724
4318	361	369	730
4319	359	373	732
4320	377	380	757
4321	367	359	726
4322	368	353	721
4323	365	357	722
4324	365	355	720
4325	364	357	721
4326	365	366	731
4327	369	365	734
4328	355	373	728
4329	331	389	720
4330	331	353	684
4331	366	361	727
4332	356	368	724
4333	369	342	711
4334	371	365	736
4335	378	366	744
4336	358	337	695
4337	363	361	724
4338	379	369	748
4339	359	346	705
4340	354	364	718
4341	367	377	744
4342	351	382	733
4343	373	366	739
4344	376	366	742
4345	363	373	736
4346	366	350	716
4347	364	354	718
4348	388	339	727
4349	367	324	691
4350	370	363	733
4351	350	361	711
4352	360	372	732
4353	354	355	709
4354	369	367	736
4355	376	345	721
4356	367	367	734
4357	352	378	730
4358	351	349	700
4359	351	355	706
4360	375	361	736
4361	372	343	715
4362	379	371	750
4363	365	367	732
4364	359	364	723
4365	371	363	734
4366	351	361	712
4367	377	347	724
4368	368	354	722
4369	380	369	749
4370	380	372	752
4371	360	376	736
4372	360	343	703
4373	370	353	723
4374	357	352	709
4375	366	362	728
4376	379	374	753
4377	378	371	749
4378	365	358	723
4379	363	366	729
4380	374	358	732
4381	374	377	751
4382	350	357	707
4383	376	379	755
4384	371	353	724
4385	379	370	749
4386	367	354	721
4387	378	351	729
4388	383	356	739
4389	367	364	731
4390	366	359	725
4391	369	374	743
4392	352	358	710
4393	350	377	727
4394	346	369	715
4395	356	374	730
4396	375	375	750
4397	354	375	729
4398	365	356	721
4399	367	337	704
4400	359	352	711
4401	360	369	729
4402	359	328	687
4403	364	349	713
4404	353	343	696
4405	370	357	727
4406	393	360	753
4407	350	353	703
4408	342	356	698
4409	355	340	695
4410	377	353	730
4411	369	376	745
4412	363	368	731
4413	359	377	736
4414	378	384	762
4415	363	368	731
4416	354	364	718
4417	360	393	753
4418	385	357	742
4419	401	372	773
4420	366	376	742
4421	364	366	730
4422	329	347	676
4423	351	378	729
4424	367	371	738
4425	373	368	741
4426	360	368	728
4427	344	353	697
4428	335	366	701
4429	361	374	735
4430	367	381	748
4431	371	341	712
4432	353	358	711
4433	370	365	735
4434	373	372	745
4435	362	369	731
4436	353	380	733
4437	356	367	723
4438	370	368	738
4439	366	368	734
4440	347	360	707
4441	356	341	697
4442	393	371	764
4443	364	328	692
4444	369	364	733
4445	375	356	731
4446	374	352	726
4447	403	336	739
4448	365	350	715
4449	359	367	726
4450	375	369	744
4451	349	358	707
4452	361	344	705
4453	351	356	707
4454	383	354	737
4455	389	340	729
4456	396	363	759
4457	406	358	764
4458	364	364	728
4459	352	352	704
4460	360	352	712
4461	358	360	718
4462	383	345	728
4463	374	340	714
4464	372	367	739
4465	353	362	715
4466	363	380	743
4467	347	346	693
4468	377	345	722
4469	338	341	679
4470	351	331	682
4471	355	351	706
4472	372	348	720
4473	368	347	715
4474	365	361	726
4475	375	363	738
4476	342	391	733
4477	368	359	727
4478	365	352	717
4479	372	361	733
4480	374	348	722
4481	394	362	756
4482	381	365	746
4483	364	361	725
4484	366	368	734
4485	362	364	726
4486	385	382	767
4487	370	371	741
4488	355	382	737
4489	374	358	732
4490	368	352	720
4491	370	364	734
4492	372	353	725
4493	384	367	751
4494	359	337	696
4495	369	376	745
4496	361	335	696
4497	353	350	703
4498	370	345	715
4499	345	366	711
4500	330	368	698
4501	342	380	722
4502	339	367	706
4503	334	372	706
4504	361	360	721
4505	383	354	737
4506	365	388	753
4507	362	363	725
4508	349	382	731
4509	364	374	738
4510	340	368	708
4511	371	361	732
4512	368	375	743
4513	383	377	760
4514	405	346	751
4515	350	345	695
4516	345	348	693
4517	359	368	727
4518	369	354	723
4519	371	332	703
4520	369	355	724
4521	382	388	770
4522	352	393	745
4523	353	345	698
4524	393	363	756
4525	363	365	728
4526	336	369	705
4527	367	379	746
4528	361	355	716
4529	354	358	712
4530	360	382	742
4531	359	370	729
4532	362	369	731
4533	364	372	736
4534	346	370	716
4535	355	368	723
4536	359	380	739
4537	355	360	715
4538	375	368	743
4539	360	356	716
4540	379	366	745
4541	361	360	721
4542	339	351	690
4543	375	359	734
4544	372	368	740
4545	365	362	727
4546	369	347	716
4547	349	364	713
4548	359	363	722
4549	386	373	759
4550	361	371	732
4551	378	368	746
4552	362	378	740
4553	382	342	724
4554	365	371	736
4555	357	374	731
4556	369	364	733
4557	389	363	752
4558	381	353	734
4559	363	357	720
4560	371	351	722
4561	381	343	724
4562	373	347	720
4563	406	356	762
4564	385	348	733
4565	386	348	734
4566	382	318	700
4567	372	351	723
4568	374	345	719
4569	358	373	731
4570	371	361	732
4571	363	361	724
4572	357	384	741
4573	344	369	713
4574	378	376	754
4575	364	395	759
4576	347	361	708
4577	360	368	728
4578	357	366	723
4579	387	380	767
4580	372	381	753
4581	391	369	760
4582	356	346	702
4583	356	382	738
4584	368	380	748
4585	377	374	751
4586	369	376	745
4587	377	350	727
4588	343	350	693
4589	373	372	745
4590	379	358	737
4591	372	363	735
4592	383	360	743
4593	359	369	728
4594	363	375	738
4595	357	363	720
4596	359	365	724
4597	378	375	753
4598	341	380	721
4599	354	373	727
4600	359	368	727
4601	365	378	743
4602	374	382	756
4603	351	370	721
4604	379	377	756
4605	375	375	750
4606	385	355	740
4607	348	355	703
4608	359	373	732
4609	367	367	734
4610	361	366	727
4611	367	365	732
4612	344	364	708
4613	352	369	721
4614	348	364	712
4615	354	359	713
4616	360	358	718
4617	355	376	731
4618	346	375	721
4619	362	363	725
4620	350	332	682
4621	367	340	707
4622	358	351	709
4623	369	376	745
4624	385	361	746
4625	353	381	734
4626	378	376	754
4627	371	368	739
4628	381	347	728
4629	379	348	727
4630	377	365	742
4631	381	346	727
4632	381	349	730
4633	347	392	739
4634	347	389	736
4635	375	348	723
4636	371	352	723
4637	358	364	722
4638	369	372	741
4639	387	357	744
4640	386	347	733
4641	381	354	735
4642	356	350	706
4643	360	346	706
4644	368	333	701
4645	377	338	715
4646	378	347	725
4647	383	345	728
4648	363	340	703
4649	404	345	749
4650	377	345	722
4651	360	359	719
4652	384	366	750
4653	368	371	739
4654	367	370	737
4655	371	374	745
4656	357	360	717
4657	358	369	727
4658	359	362	721
4659	364	344	708
4660	355	344	699
4661	359	352	711
4662	366	360	726
4663	392	336	728
4664	375	355	730
4665	371	356	727
4666	379	359	738
4667	365	346	711
4668	359	355	714
4669	369	382	751
4670	372	355	727
4671	337	357	694
4672	383	342	725
4673	371	355	726
4674	362	374	736
4675	383	363	746
4676	364	387	751
4677	354	353	707
4678	349	363	712
4679	380	368	748
4680	376	375	751
4681	376	345	721
4682	368	360	728
4683	360	350	710
4684	355	366	721
4685	351	343	694
4686	355	342	697
4687	371	353	724
4688	349	345	694
4689	358	372	730
4690	374	356	730
4691	359	334	693
4692	376	348	724
4693	360	356	716
4694	366	380	746
4695	365	367	732
4696	362	347	709
4697	364	370	734
4698	363	368	731
4699	375	367	742
4700	360	366	726
4701	350	355	705
4702	385	347	732
4703	362	363	725
4704	363	365	728
4705	365	362	727
4706	366	350	716
4707	375	378	753
4708	351	354	705
4709	340	359	699
4710	350	379	729
4711	352	359	711
4712	367	345	712
4713	355	354	709
4714	353	352	705
4715	370	350	720
4716	392	375	767
4717	376	372	748
4718	356	381	737
4719	364	357	721
4720	354	376	730
4721	375	358	733
4722	371	351	722
4723	357	361	718
4724	350	361	711
4725	350	358	708
4726	350	379	729
4727	379	364	743
4728	365	364	729
4729	362	361	723
4730	358	349	707
4731	351	364	715
4732	384	359	743
4733	344	379	723
4734	369	346	715
4735	374	364	738
4736	373	347	720
4737	371	356	727
4738	363	358	721
4739	363	324	687
4740	358	347	705
4741	370	365	735
4742	362	352	714
4743	347	352	699
4744	359	378	737
4745	380	364	744
4746	373	371	744
4747	362	385	747
4748	392	347	739
4749	376	352	728
4750	388	353	741
4751	368	363	731
4752	366	379	745
4753	365	346	711
4754	368	354	722
4755	372	378	750
4756	375	357	732
4757	378	362	740
4758	354	354	708
4759	380	364	744
4760	385	360	745
4761	360	368	728
4762	344	348	692
4763	356	352	708
4764	374	366	740
4765	358	354	712
4766	377	384	761
4767	358	356	714
4768	365	366	731
4769	365	345	710
4770	350	353	703
4771	340	363	703
4772	384	360	744
4773	370	356	726
4774	355	368	723
4775	349	370	719
4776	377	374	751
4777	369	351	720
4778	338	363	701
4779	371	363	734
4780	359	372	731
4781	363	344	707
4782	363	368	731
4783	373	361	734
4784	366	382	748
4785	358	379	737
4786	354	362	716
4787	382	355	737
4788	358	339	697
4789	373	338	711
4790	338	365	703
4791	348	371	719
4792	376	365	741
4793	358	359	717
4794	359	361	720
4795	355	343	698
4796	368	363	731
4797	371	356	727
4798	367	355	722
4799	360	379	739
4800	373	379	752
4801	376	384	760
4802	389	375	764
4803	361	380	741
4804	363	362	725
4805	369	367	736
4806	365	342	707
4807	387	352	739
4808	365	352	717
4809	367	360	727
4810	375	354	729
4811	388	367	755
4812	371	365	736
4813	371	381	752
4814	326	390	716
4815	352	377	729
4816	388	360	748
4817	346	368	714
4818	364	367	731
4819	374	384	758
4820	357	366	723
4821	362	388	750
4822	347	394	741
4823	354	352	706
4824	352	351	703
4825	363	354	717
4826	379	346	725
4827	383	334	717
4828	375	357	732
4829	382	358	740
4830	348	360	708
4831	374	351	725
4832	363	333	696
4833	381	337	718
4834	399	369	768
4835	365	363	728
4836	362	366	728
4837	344	371	715
4838	367	370	737
4839	382	341	723
4840	364	348	712
4841	354	362	716
4842	373	369	742
4843	373	355	728
4844	341	352	693
4845	335	366	701
4846	353	346	699
4847	362	377	739
4848	365	360	725
4849	370	378	748
4850	357	341	698
4851	359	375	734
4852	354	348	702
4853	352	351	703
4854	388	366	754
4855	392	349	741
4856	385	360	745
4857	372	361	733
4858	376	360	736
4859	358	350	708
4860	374	360	734
4861	362	341	703
4862	371	377	748
4863	348	350	698
4864	358	355	713
4865	363	360	723
4866	366	373	739
4867	376	370	746
4868	374	353	727
4869	397	348	745
4870	350	372	722
4871	358	343	701
4872	357	348	705
4873	367	360	727
4874	378	382	760
4875	376	374	750
4876	367	377	744
4877	346	358	704
4878	359	380	739
4879	360	335	695
4880	383	368	751
4881	353	362	715
4882	372	335	707
4883	349	377	726
4884	359	360	719
4885	394	359	753
4886	366	361	727
4887	369	371	740
4888	354	372	726
4889	378	362	740
4890	351	366	717
4891	340	362	702
4892	381	368	749
4893	371	370	741
4894	353	357	710
4895	357	358	715
4896	348	378	726
4897	366	367	733
4898	366	358	724
4899	364	365	729
4900	383	362	745
4901	352	394	746
4902	356	376	732
4903	387	370	757
4904	385	378	763
4905	344	395	739
4906	359	362	721
4907	373	336	709
4908	377	378	755
4909	367	356	723
4910	382	364	746
4911	381	366	747
4912	359	371	730
4913	379	369	748
4914	354	349	703
4915	368	371	739
4916	353	379	732
4917	386	367	753
4918	386	348	734
4919	378	368	746
4920	364	360	724
4921	358	364	722
4922	378	347	725
4923	387	348	735
4924	366	374	740
4925	365	352	717
4926	358	356	714
4927	365	371	736
4928	358	369	727
4929	330	347	677
4930	356	376	732
4931	384	370	754
4932	373	362	735
4933	379	365	744
4934	362	368	730
4935	371	355	726
4936	364	364	728
4937	359	369	728
4938	386	364	750
4939	356	362	718
4940	359	353	712
4941	365	357	722
4942	344	359	703
4943	370	345	715
4944	357	360	717
4945	350	364	714
4946	366	351	717
4947	361	328	689
4948	364	369	733
4949	352	373	725
4950	358	359	717
4951	374	390	764
4952	372	394	766
4953	371	341	712
4954	369	362	731
4955	360	362	722
4956	360	370	730
4957	354	379	733
4958	373	355	728
4959	353	355	708
4960	386	353	739
4961	358	369	727
4962	354	359	713
4963	335	358	693
4964	359	356	715
4965	360	358	718
4966	355	335	690
4967	340	358	698
4968	364	343	707
4969	355	335	690
4970	374	353	727
4971	384	381	765
4972	360	369	729
4973	369	351	720
4974	367	366	733
4975	357	370	727
4976	372	351	723
4977	375	339	714
4978	360	369	729
4979	374	371	745
4980	371	376	747
4981	356	345	701
4982	391	353	744
4983	357	370	727
4984	360	369	729
4985	351	362	713
4986	365	347	712
4987	356	366	722
4988	361	383	744
4989	368	385	753
4990	341	372	713
4991	366	342	708
4992	369	338	707
4993	371	351	722
4994	367	372	739
4995	368	353	721
4996	366	358	724
4997	352	349	701
4998	387	379	766
4999	378	348	726
5000	382	370	752
5001	374	349	723
5002	378	347	725
5003	372	374	746
5004	375	353	728
5005	375	361	736
5006	381	367	748
5007	355	369	724
5008	375	355	730
5009	378	336	714
5010	354	373	727
5011	374	357	731
5012	371	372	743
5013	373	388	761
5014	354	374	728
5015	367	368	735
5016	359	350	709
5017	335	378	713
5018	357	346	703
5019	350	372	722
5020	354	361	715
5021	356	343	699
5022	385	352	737
5023	354	374	728
5024	368	359	727
5025	348	348	696
5026	355	358	713
5027	358	371	729
5028	383	355	738
5029	359	382	741
5030	370	376	746
5031	339	381	720
5032	380	380	760
5033	363	358	721
5034	353	341	694
5035	360	349	709
5036	364	361	725
5037	347	367	714
5038	361	366	727
5039	376	363	739
5040	371	361	732
5041	384	380	764
5042	349	379	728
5043	369	352	721
5044	369	362	731
5045	373	368	741
5046	368	385	753
5047	369	346	715
5048	360	363	723
5049	349	368	717
5050	369	364	733
5051	370	357	727
5052	378	351	729
5053	350	357	707
5054	365	362	727
5055	366	349	715
5056	355	349	704
5057	365	365	730
5058	359	366	725
5059	363	370	733
