0	0	0	0	0	0	0	0	0	0	0	0	0	0	0	0	0	0	0	0	0	0	0	0	0	0	0	0	0	0	0	0	0	0	0	0	0	0	0	0	0	0	0	0	0	0	0	0	0	0	0	0	0	0	0	0	0	0	0	0	0	0	0	0	0	0	0	0	0	0	0	0	0	0	0	0	0	0	0	0	0	0	0	0	0	0	0	0	0	0	0	0	0	0	0	0	0	0	0	0	0	0	0	0	0	0	0	0	0	0	0	0	0	0	0	0	0	0	0	0	0	0	0	0	0	0	0	0	0	0	0	0	0	0	0	0	0	0	0	0	0	0	0	0	0	0	0	0	0	0	0	0	0	0	0	0	0	0	0	0	0	0	0	0	0	0	0	0	0	0	0	0	0	0	0	0	0	0	0	0	0	0	0	0	0	0	0	0	0	0	0	0	0	0	0	0	0	0	0	0	0	0	0	0	0	0	0	0	0	0	0	0	0	0	0	0	0	0	0	0	0	0	0	0	0	0	0	0	0	0	0	0	0	0	0	0	0	0	0	0	0	0	0	0	0	0	0	0	0	0	0	0	0	0	0	0	0	0	0	0	0	0	0	0	0	0	0	0	0	0	0	0	0	0	0	0	0	0	0	0	0	0	0	0	0	0	0	0	0	0	0	0	0	0	0	0	0	0	0	0	0	0	0	0	0	0	0	0	0	0	0	0	0	0	0	0	0	0	0	0	0	0	0	0	0	0	0	0	0	0	0	0	0	0	0	0	0	0	0	0	0	0	0	0	0	0	0	0	0	0	0	0	0	0	0	0	0	0	0	0	0	0	0	0	0	0	0	0	0	0	0	0	0	0	0	0	0	0	0	0	0	0	0	0	0	0	0	0	0	0	0	0	0	0	0	0	0	0	0	0	0	0	0	0	0	0	0	0	0	0	0	0	0	0	0	0	0	0	0	0	0	0	0	0	0	0	0	0	0	0	0	0	0	0	0	0	0	0	0	0	0	0	0	0	0	0	0	0	0	0	0	0	0	0	0	0	0	0	0	0	0	0	0	0	0	0	0	0	0	0	0	0	0	0	0	0	0	0	0	0	0	0	0	0	0	0	0	0	0	0	0	0	0	0	0	0	0	0	0	0	0	0	0	0	0	0	0	0	0	0	0	0	
64	470	
64	470	502	192	
64	470	192	
64	470	192	
64	470	342	350	348	478	
64	470	342	350	192	343	196	
64	470	342	192	340	65	
64	470	192	340	468	68	
64	470	192	340	469	67	406	
64	470	192	340	67	71	406	508	7	
64	470	192	340	67	71	508	87	
64	470	340	71	508	348	284	
64	470	340	71	336	508	476	
64	470	340	71	508	380	69	466	117	
64	470	340	71	380	69	
64	470	340	71	380	69	454	79	466	
64	470	340	71	69	468	7	452	
64	470	340	71	69	101	66	102	
470	340	71	69	101	372	324	117	
470	340	71	69	101	37	67	
470	71	69	101	37	468	324	452	471	68	
470	71	101	37	468	502	
470	71	101	37	468	
470	71	101	37	468	404	
470	71	101	37	103	468	
470	71	101	37	
470	71	101	37	
470	71	101	37	117	
470	71	101	37	97	
470	71	37	7	103	
470	71	37	
470	71	37	466	406	474	199	
470	71	37	406	474	466	
470	37	406	474	506	
37	406	474	36	
37	474	101	
37	474	410	472	
37	474	
37	474	
37	474	472	
37	474	
37	474	33	
37	474	101	
37	474	
37	474	36	
37	474	
37	474	
37	474	
37	474	506	
37	474	
37	474	506	
37	474	
37	474	
37	474	165	472	411	
37	474	
37	474	45	
37	474	36	32	
37	474	45	
37	474	
37	474	475	
37	474	
37	474	
37	474	346	
37	474	45	
37	474	
37	474	
37	474	
37	474	
37	474	
37	474	
37	474	
37	474	
37	474	
37	474	346	
37	474	
37	474	45	
37	474	
37	474	478	
37	474	
37	474	472	
37	474	36	
37	474	101	
37	474	
37	474	346	282	
37	474	
37	474	
37	474	
37	474	472	
37	474	
37	474	
37	474	
37	474	
37	474	
37	474	
37	474	
37	474	36	472	
37	474	
37	474	475	
37	474	
37	474	
37	474	
37	474	458	
37	474	
37	474	410	
37	474	
37	474	
37	474	475	
37	474	410	
37	474	475	
37	474	5	
37	474	36	
37	474	
37	474	
37	474	
37	474	
37	474	506	
37	474	346	
37	474	
37	474	165	
37	474	
37	474	
37	474	
37	474	458	
37	474	
37	474	
37	474	
37	474	
37	474	472	
37	474	
37	474	
37	474	
37	474	
37	474	
37	474	
37	474	
37	474	472	
37	474	
37	474	
37	474	
37	474	458	
37	474	472	45	
37	474	45	
37	474	
37	474	
37	474	
37	474	458	506	
37	474	
37	474	
37	474	478	
37	474	
37	474	
37	474	
37	474	
37	474	
37	474	101	
37	474	45	
37	474	475	346	
37	474	101	
37	474	472	
37	474	
37	474	478	
37	474	472	
37	474	
37	474	
37	474	
37	474	101	
37	474	410	
37	474	
37	474	
37	474	
37	474	
37	474	
37	474	
37	474	
37	474	
37	474	
37	474	
37	474	
37	474	
37	474	101	
37	474	
37	474	
37	474	458	
37	474	
37	474	466	506	
37	474	
37	474	
37	474	
37	474	36	
37	474	45	
37	474	
37	474	
37	474	
37	474	
37	474	
37	474	
37	474	53	
37	474	
37	474	346	
37	474	
37	474	
37	474	
37	474	
37	474	
37	474	
37	474	
37	474	
37	474	39	
37	474	
37	474	165	
37	474	53	
37	474	
37	474	466	
37	474	
37	474	39	
37	474	
37	474	
37	474	466	
37	474	
37	474	
37	474	
37	474	
37	474	
37	474	
37	474	
37	474	346	
37	474	
37	474	
37	474	
37	474	
37	474	
37	474	
37	474	36	
37	474	472	
37	474	39	
37	474	
37	474	
37	474	
37	474	
37	474	
37	474	
37	474	
37	474	
37	474	478	506	
37	474	
37	474	
37	474	
37	474	
37	474	36	
37	474	
37	474	
37	474	
37	474	506	
37	474	
37	474	
37	474	
37	474	
37	474	466	
37	474	346	
37	474	466	
37	474	
37	474	
37	474	506	36	
37	474	
37	474	410	346	
37	474	346	
37	474	
37	474	53	
37	474	
37	474	39	33	
37	474	
37	474	506	
37	474	
37	474	
37	474	
37	474	
37	474	
37	474	
37	474	36	
37	474	
37	474	
37	474	410	
37	474	
37	474	
37	474	53	506	
37	474	
37	474	
37	474	458	
37	474	53	
37	474	45	
37	474	
37	474	466	
37	474	
37	474	
37	474	499	497	
37	474	499	
37	474	
37	474	
37	474	
37	474	
37	474	53	
37	474	
37	474	
37	474	
37	474	
37	474	475	
37	474	
37	474	
37	474	
37	474	
37	474	
37	474	
37	474	
37	474	
37	474	410	
37	474	
37	474	
37	474	
37	474	
37	474	
37	474	
37	474	
37	474	
37	474	
37	474	
37	474	
37	474	
37	474	475	
37	474	
37	474	475	
37	474	
37	474	475	
37	474	
37	474	
37	474	
37	474	
37	474	
37	474	
37	474	
37	474	475	
37	474	
37	474	101	
37	474	
37	474	
37	474	100	36	33	
37	474	506	
37	474	5	
37	474	
37	474	
37	474	
37	474	458	
37	474	475	
37	474	498	
37	474	101	
37	474	
37	474	39	
37	474	
37	474	39	
37	474	5	
37	474	
37	474	
37	474	
37	474	39	
37	474	
37	474	
37	474	
37	474	
37	474	39	
37	474	
37	474	
37	474	101	
37	474	
37	474	101	
37	474	
37	474	
37	474	100	
37	474	53	
37	474	466	
37	474	
37	474	
37	474	
37	474	
37	474	33	
37	474	
37	474	
37	474	
37	474	
37	474	33	
37	474	506	
37	474	45	475	
37	474	458	
37	474	
37	474	
37	474	507	
37	474	
37	474	
37	474	
37	474	475	
37	474	33	165	
37	474	
37	474	
37	474	
37	474	
37	474	
37	474	
37	474	
37	474	466	
37	474	
37	474	
37	474	
37	474	
37	474	472	
37	474	
37	474	
37	474	
37	474	
37	474	39	55	
37	474	
37	474	
37	474	458	
37	474	346	
37	474	53	33	
37	474	
37	474	
37	474	472	
37	474	
37	474	
37	474	
37	474	45	472	
37	474	
37	474	45	
37	474	
37	474	
37	474	
37	474	
37	474	
37	474	97	
37	474	
37	474	
37	474	
37	474	458	472	
37	474	346	
37	474	53	
37	474	101	
37	474	
37	474	
37	474	410	
37	474	
37	474	410	
37	474	
37	474	
37	474	53	
37	474	
37	474	
37	474	475	472	
37	474	
37	474	53	
37	474	
37	474	
37	474	
37	474	5	
37	474	
37	474	
37	474	5	
37	474	
37	474	
37	474	
37	474	506	
37	474	478	33	
37	474	
37	474	
37	474	478	
37	474	
37	474	
37	474	
37	474	
37	474	
37	474	475	
37	474	
37	474	478	
37	474	
37	474	472	
37	474	
37	474	
37	474	
37	474	
37	474	
37	474	36	
37	474	
37	474	
37	474	
37	474	475	
37	474	
37	474	
37	474	
37	474	
37	474	
37	474	
37	474	
37	474	346	
37	474	
37	474	
37	474	
37	474	
37	474	
37	474	
37	474	
37	474	5	
37	474	33	
37	474	
37	474	45	101	
37	474	33	
37	474	
37	474	
37	474	
37	474	
37	474	472	475	411	
37	474	
37	474	
37	474	
37	474	
37	474	
37	474	68	
37	474	45	
37	474	506	
37	474	
37	474	36	347	
37	474	466	
37	474	
37	474	
37	474	410	478	
37	474	
37	474	
37	474	
37	474	478	
37	474	506	
37	474	
37	474	
37	474	
37	474	
37	474	
37	474	410	
37	474	
37	474	5	
37	474	
37	474	
37	474	
37	474	
37	474	
37	474	
37	474	
37	474	
37	474	53	
37	474	
37	474	
37	474	
37	474	
37	474	39	
37	474	
37	474	478	
37	474	
37	474	
37	474	
37	474	475	
37	474	458	
37	474	
37	474	
37	474	
37	474	
37	474	
37	474	
37	474	33	
37	474	
37	474	
37	474	
37	474	410	
37	474	
37	474	100	
37	474	165	
37	474	
37	474	36	
37	474	
37	474	
37	474	
37	474	
37	474	
37	474	
37	474	458	475	
37	474	53	
37	474	
37	474	
37	474	
37	474	
37	474	33	
37	474	346	506	
37	474	
37	474	
37	474	
37	474	346	
37	474	
37	474	478	466	
37	474	346	
37	474	
37	474	
37	474	
37	474	
37	474	
37	474	
37	474	
37	474	346	410	
37	474	
37	474	
37	474	
37	474	458	
37	474	
37	474	117	
37	474	
37	474	165	410	
37	474	
37	474	
37	474	382	
37	474	472	
37	474	
37	474	53	
37	474	
37	474	
37	474	
37	474	
37	474	53	
37	474	
37	474	
37	474	
37	474	39	
37	474	
37	474	53	
37	474	33	
37	474	
37	474	
37	474	
37	474	478	
37	474	
37	474	
37	474	506	
37	474	
37	474	402	410	
37	474	
37	474	
37	474	475	
37	474	
37	474	
37	474	36	
37	474	53	
37	474	
37	474	458	
37	474	506	
37	474	
37	474	472	
37	474	
37	474	
37	474	
37	474	
37	474	
37	474	478	
37	474	
37	474	
37	474	410	
37	474	
37	474	
37	474	
37	474	
37	474	
37	474	
37	474	
37	474	
37	474	
37	474	
37	474	
37	474	
37	474	
37	474	36	
37	474	
37	474	466	
37	474	
37	474	
37	474	
37	474	472	
37	474	
37	474	
37	474	
37	474	
37	474	
37	474	
37	474	
37	474	
37	474	
37	474	
37	474	
37	474	410	
37	474	
37	474	
37	474	346	
37	474	
37	474	
37	474	39	
37	474	
37	474	478	
37	474	
37	474	36	506	
37	474	472	410	
37	474	
37	474	472	36	
37	474	165	
37	474	
37	474	506	410	
37	474	
37	474	410	
37	474	
37	474	
37	474	
37	474	36	466	
37	474	
37	474	
37	474	
37	474	
37	474	
37	474	33	
37	474	
37	474	
37	474	
37	474	
37	474	
37	474	475	
37	474	410	
37	474	
37	474	472	
37	474	
37	474	
37	474	
37	474	346	
37	474	53	
37	474	506	
37	474	
37	474	478	
37	474	
37	474	36	
37	474	
37	474	
37	474	
37	474	
37	474	
37	474	
37	474	101	
37	474	
37	474	
37	474	
37	474	506	
37	474	5	
37	474	
37	474	
37	474	
37	474	506	
37	474	475	479	
37	474	
37	474	
37	474	
37	474	478	
37	474	
37	474	45	
37	474	
37	474	472	
37	474	506	
37	474	
37	474	165	
37	474	
37	474	410	
37	474	
37	474	
37	474	472	
37	474	
37	474	
37	474	39	
37	474	45	
37	474	
37	474	
37	474	
37	474	472	
37	474	
37	474	165	
37	474	
37	474	
37	474	
37	474	458	
37	474	
37	474	
37	474	
37	474	
37	474	
37	474	506	
37	474	
37	474	
37	474	
37	474	
37	474	
37	474	
37	474	
37	474	53	
37	474	
37	474	
37	474	
37	474	
37	474	
37	474	
37	474	
37	474	
37	474	
37	474	458	
37	474	35	
37	474	
37	474	
37	474	506	
37	474	
37	474	
37	474	39	
37	474	
37	474	
37	474	
37	474	
37	474	
37	474	53	117	
37	474	
37	474	
37	474	410	
37	474	
37	474	
37	474	
37	474	
37	474	
37	474	
37	474	165	
37	474	101	
37	474	
37	474	
37	474	466	
37	474	
37	474	466	
37	474	
37	474	
37	474	
37	474	346	
37	474	161	
37	474	
37	474	45	
37	474	
37	474	472	
37	474	
37	474	458	506	
37	474	
37	474	
37	474	
37	474	458	
37	474	
37	474	
37	474	
37	474	
37	474	229	
37	474	
37	474	478	458	
37	474	
37	474	
37	474	
37	474	
37	474	
37	474	
37	474	475	
37	474	
37	474	
37	474	478	346	
37	474	
37	474	
37	474	
37	474	
37	474	53	
37	474	
37	474	
37	474	
37	474	
37	474	
37	474	
37	474	
37	474	39	
37	474	5	
37	474	410	
37	474	45	101	
37	474	
37	474	36	
37	474	
37	474	
37	474	
37	474	
37	474	
37	474	
37	474	53	475	
37	474	101	
37	474	458	506	
37	474	101	
37	474	466	53	
37	474	
37	474	
37	474	
37	474	36	
37	474	
37	474	
37	474	
37	474	
37	474	
37	474	472	
37	474	410	475	
37	474	39	
37	474	411	
37	474	
37	474	
37	474	53	
37	474	
37	474	39	
37	474	
37	474	
37	474	101	
37	474	
37	474	
37	474	478	
37	474	
37	474	
37	474	39	
37	474	
37	474	472	
37	474	
37	474	
37	474	346	
37	474	478	
37	474	
37	474	36	
37	474	
37	474	
37	474	
37	474	
37	474	
37	474	
37	474	
37	474	
37	474	466	
37	474	53	
37	474	
37	474	
37	474	
37	474	
37	474	
37	474	475	
37	474	101	97	
37	474	
37	474	
37	474	101	
37	474	
37	474	346	
37	474	
37	474	
37	474	
37	474	
37	474	458	
37	474	
37	474	506	
37	474	
37	474	
37	474	
37	474	
37	474	
37	474	
37	474	
37	474	
37	474	
37	474	466	39	
37	474	
37	474	
37	474	53	
37	474	478	
37	474	
37	474	
37	474	472	
37	474	
37	474	
37	474	
37	474	
37	474	
37	474	
37	474	
37	474	
37	474	
37	474	
37	474	
37	474	
37	474	53	
37	474	
37	474	
37	474	
37	474	
37	474	472	
37	474	
37	474	33	
37	474	
37	474	165	
37	474	
37	474	
37	474	39	53	
37	474	
37	474	410	
37	474	39	
37	474	
37	474	
37	474	475	
37	474	
37	474	
37	474	
37	474	
37	474	
37	474	
37	474	
37	474	
37	474	
37	474	466	
37	474	5	
37	474	
37	474	506	
37	474	410	
37	474	347	
37	474	
37	474	
37	474	
37	474	
37	474	
37	474	
37	474	
37	474	346	
37	474	165	
37	474	
37	474	
37	474	344	36	472	478	
37	474	
37	474	
37	474	
37	474	
37	474	
37	474	472	
37	474	36	
37	474	
37	474	
37	474	
37	474	
37	474	
37	474	
37	474	
37	474	466	45	
37	474	466	
37	474	
37	474	
37	474	
37	474	39	458	478	
37	474	
37	474	
37	474	
37	474	
37	474	
37	474	
37	474	
37	474	
37	474	
37	474	
37	474	
37	474	33	
37	474	472	505	
37	474	
37	474	
37	474	478	
37	474	36	
37	474	466	
37	474	
37	474	45	
37	474	470	
37	474	
37	474	101	53	
37	474	
37	474	
37	474	
37	474	5	
37	474	45	
37	474	
37	474	
37	474	450	
37	474	
37	474	165	
37	474	
37	474	
37	474	
37	474	
37	474	
37	474	
37	474	
37	474	101	33	41	
37	474	
37	474	472	
37	474	410	
37	474	
37	474	
37	474	472	410	
37	474	
37	474	
37	474	
37	474	
37	474	39	
37	474	5	
37	474	36	
37	474	410	
37	474	
37	474	33	5	
37	474	
37	474	
37	474	479	39	
37	474	
37	474	
37	474	
37	474	
37	474	506	
37	474	
37	474	
37	474	466	
37	474	
37	474	53	
37	474	
37	474	
37	474	
37	474	
37	474	
37	474	
37	474	
37	474	
37	474	
37	474	
37	474	
37	474	
37	474	
37	474	
37	474	45	490	
37	474	
37	474	
37	474	
37	474	
37	474	346	
37	474	472	45	
37	474	
37	474	
37	474	
37	474	
37	474	475	
37	474	
37	474	458	472	
37	474	
37	474	
37	474	
37	474	
37	474	165	
37	474	
37	474	
37	474	
37	474	
37	474	
37	474	39	
37	474	101	346	
37	474	
37	474	53	
37	474	
37	474	
37	474	53	45	
37	474	
37	474	
37	474	
37	474	
37	474	478	
37	474	
37	474	
37	474	
37	474	
37	474	
37	474	
37	474	382	318	
37	474	382	383	
37	474	
37	474	
37	474	
37	474	506	
37	474	410	
37	474	53	
37	474	
37	474	
37	474	466	
37	474	475	
37	474	
37	474	
37	474	
37	474	
37	474	
37	474	
37	474	
37	474	165	
37	474	
37	474	
37	474	
37	474	506	
37	474	
37	474	
37	474	
37	474	
37	474	
37	474	475	
37	474	165	
37	474	
37	474	
37	474	101	
37	474	
37	474	
37	474	
37	474	475	
37	474	
37	474	36	
37	474	
37	474	472	478	
37	474	
37	474	472	506	
37	474	165	
37	474	165	
37	474	
37	474	506	
37	474	
37	474	
37	474	
37	474	
37	474	
37	474	53	
37	474	
37	474	
37	474	33	
37	474	
37	474	
37	474	5	472	
37	474	39	472	
37	474	
37	474	36	
37	474	
37	474	5	
37	474	402	
37	474	
37	474	
37	474	478	165	
37	474	
37	474	
37	474	
37	474	
37	474	
37	474	
37	474	5	
37	474	
37	474	466	
37	474	
37	474	36	
37	474	
37	474	
37	474	
37	474	478	
37	474	458	
37	474	
37	474	
37	474	
37	474	
37	474	53	
37	474	478	
37	474	
37	474	
37	474	
37	474	
37	474	
37	474	
37	474	5	
37	474	
37	474	
37	474	411	410	
37	474	53	
37	474	36	
37	474	
37	474	
37	474	133	5	33	
37	474	
37	474	466	
37	474	
37	474	
37	474	53	
37	474	
37	474	
37	474	36	101	
37	474	346	
37	474	
37	474	
37	474	
37	474	410	
37	474	
37	474	
37	474	45	
37	474	45	
37	474	
37	474	45	
37	474	
37	474	
37	474	
37	474	
37	474	45	
37	474	410	
37	474	458	
37	474	
37	474	
37	474	
37	474	
37	474	
37	474	410	458	
37	474	
37	474	
37	474	53	410	
37	474	
37	474	475	
37	474	
37	474	506	36	
37	474	
37	474	
37	474	344	376	
37	474	376	410	
37	474	376	312	
37	474	376	380	
37	474	376	504	
37	474	376	
37	474	
37	474	
37	474	45	
37	474	446	510	
37	474	458	
37	474	
37	474	
37	474	
37	474	
37	474	
37	474	
37	474	506	466	
37	474	
37	474	475	
37	474	
37	474	
37	474	
37	474	
37	474	410	414	
37	474	
37	474	33	
37	474	
37	474	
37	474	
37	474	
37	474	
37	474	
37	474	
37	474	
37	474	
37	474	
37	474	466	467	
37	474	
37	474	
37	474	
37	474	
37	474	
37	474	
37	474	
37	474	506	
37	474	410	
37	474	
37	474	
37	474	346	
37	474	
37	474	466	
37	474	475	
37	474	458	
37	474	
37	474	
37	474	
37	474	
37	474	
37	474	
37	474	
37	474	
37	474	
37	474	
37	474	
37	474	
37	474	
37	474	
37	474	
37	474	
37	474	
37	474	
37	474	53	61	
37	474	
37	474	
37	474	165	
37	474	
37	474	33	
37	474	
37	474	
37	474	
37	474	
37	474	39	
37	474	
37	474	478	470	
37	474	
37	474	
37	474	45	
37	474	466	
37	474	
37	474	5	
37	474	
37	474	
37	474	
37	474	53	
37	474	
37	474	458	506	346	
37	474	
37	474	472	
37	474	346	
37	474	53	
37	474	
37	474	
37	474	
37	474	
37	474	410	
37	474	410	
37	474	
37	474	
37	474	
37	474	
37	474	
37	474	
37	474	
37	474	458	
37	474	475	458	
37	474	346	347	
37	474	472	
37	474	
37	474	
37	474	101	
37	474	36	410	
37	474	
37	474	410	
37	474	
37	474	5	165	
37	474	
37	474	410	
37	474	
37	474	
37	474	472	
37	474	
37	474	466	
37	474	
37	474	
37	474	
37	474	
37	474	
37	474	
37	474	
37	474	
37	474	
37	474	
37	474	
37	474	
37	474	
37	474	
37	474	101	
37	474	39	
37	474	
37	474	
37	474	
37	474	
37	474	
37	474	458	
37	474	
37	474	
37	474	
37	474	
37	474	
37	474	
37	474	
37	474	346	
37	474	
37	474	
37	474	
37	474	
37	474	
37	474	475	
37	474	
37	474	
37	474	
37	474	466	
37	474	478	
37	474	
37	474	35	
37	474	
37	474	
37	474	
37	474	346	
37	474	
37	474	
37	474	466	
37	474	
37	474	
37	474	
37	474	466	
37	474	
37	474	165	
37	474	346	
37	474	475	
37	474	
37	474	
37	474	
37	474	165	
37	474	
37	474	
37	474	45	
37	474	
37	474	
37	474	506	458	
37	474	
37	474	410	165	
37	474	
37	474	
37	474	475	5	69	
37	474	
37	474	
37	474	
37	474	466	
37	474	
37	474	
37	474	
37	474	458	
37	474	
37	474	478	
37	474	478	
37	474	478	
37	474	
37	474	5	
37	474	
37	474	478	
37	474	410	
37	474	410	
37	474	
37	474	466	
37	474	
37	474	
37	474	53	
37	474	466	
37	474	346	
37	474	
37	474	
37	474	
37	474	
37	474	346	
37	474	
37	474	458	
37	474	
37	474	36	
37	474	
37	474	33	
37	474	
37	474	
37	474	
37	474	478	
37	474	
37	474	475	
37	474	45	
37	474	
37	474	
37	474	
37	474	
37	474	
37	474	
37	474	
37	474	
37	474	466	
37	474	
37	474	
37	474	475	
37	474	
37	474	
37	474	346	
37	474	36	45	
37	474	39	
37	474	
37	474	
37	474	
37	474	475	
37	474	
37	474	
37	474	475	
37	474	
37	474	
37	474	
37	474	39	
37	474	
37	474	45	
37	474	
37	474	478	
37	474	475	39	
37	474	
37	474	
37	474	
37	474	
37	474	
37	474	
37	474	
37	474	466	
37	474	36	
37	474	
37	474	
37	474	
37	474	
37	474	
37	474	
37	474	33	
37	474	
37	474	45	506	
37	474	
37	474	
37	474	
37	474	
37	474	
37	474	
37	474	
37	474	36	
37	474	
37	474	
37	474	
37	474	36	
37	474	
37	474	346	
37	474	
37	474	
37	474	458	
37	474	
37	474	
37	474	
37	474	394	33	
37	474	36	
37	474	165	
37	474	
37	474	
37	474	
37	474	
37	474	
37	474	
37	474	
37	474	
37	474	
37	474	53	
37	474	
37	474	
37	474	
37	474	
37	474	
37	474	
37	474	
37	474	
37	474	458	
37	474	
37	474	
37	474	
37	474	
37	474	478	
37	474	410	
37	474	459	458	
37	474	
37	474	
37	474	458	475	
37	474	338	
37	474	
37	474	
37	474	
37	474	
37	474	
37	474	
37	474	165	
37	474	
37	474	472	
37	474	165	
37	474	
37	474	472	
37	474	
37	474	
37	474	
37	474	
37	474	36	
37	474	
37	474	
37	474	
37	474	39	
37	474	475	
37	474	
37	474	
37	474	101	
37	474	
37	474	
37	474	410	165	5	
37	474	33	
37	474	
37	474	
37	474	475	
37	474	
37	474	
37	474	
37	474	
37	474	39	
37	474	
37	474	
37	474	
37	474	
37	474	36	
37	474	
37	474	
37	474	36	
37	474	472	
37	474	
37	474	
37	474	
37	474	
37	474	
37	474	
37	474	
37	474	
37	474	53	
37	474	165	164	
37	474	
37	474	346	
37	474	
37	474	475	
37	474	346	
37	474	466	346	
37	474	
37	474	
37	474	
37	474	
37	474	
37	474	
37	474	
37	474	475	
37	474	
37	474	
37	474	
37	474	
37	474	101	
37	474	
37	474	
37	474	
37	474	467	165	
37	474	
37	474	
37	474	53	
37	474	
37	474	
37	474	39	
37	474	466	
37	474	
37	474	346	
37	474	
37	474	
37	474	
37	474	
37	474	410	
37	474	
37	474	478	
37	474	
37	474	
37	474	
37	474	
37	474	410	266	
37	474	442	
37	474	
37	474	
37	474	
37	474	
37	474	472	
37	474	
37	474	
37	474	
37	474	466	
37	474	165	
37	474	
37	474	472	
37	474	
37	474	
37	474	
37	474	
37	474	
37	474	5	
37	474	
37	474	410	
37	474	
37	474	165	
37	474	
37	474	
37	474	
37	474	
37	474	
37	474	103	
37	474	
37	474	
37	474	
37	474	
37	474	165	
37	474	
37	474	346	466	467	
37	474	
37	474	
37	474	478	
37	474	
37	474	
37	474	346	
37	474	
37	474	472	
37	474	165	
37	474	346	
37	474	45	
37	474	
37	474	346	
37	474	
37	474	475	
37	474	475	458	506	
37	474	
37	474	
37	474	506	
37	474	
37	474	
37	474	
37	474	
37	474	475	
37	474	
37	474	
37	474	
37	474	
37	474	
37	474	36	
37	474	
37	474	
37	474	
37	474	33	
37	474	
37	474	
37	474	
37	474	
37	474	
37	474	
37	474	45	101	
37	474	346	
37	474	
37	474	410	
37	474	165	
37	474	
37	474	475	
37	474	346	
37	474	506	
37	474	
37	474	
37	474	346	
37	474	
37	474	36	
37	474	
37	474	466	
37	474	
37	474	
37	474	475	
37	474	
37	474	346	
37	474	
37	474	478	
37	474	
37	474	
37	474	
37	474	
37	474	
37	474	45	
37	474	165	
37	474	45	
37	474	
37	474	458	478	
37	474	
37	474	458	
37	474	
37	474	
37	474	
37	474	
37	474	
37	474	
37	474	
37	474	475	
37	474	
37	474	
37	474	
37	474	
37	474	
37	474	466	
37	474	
37	474	472	36	
37	474	
37	474	
37	474	478	
37	474	
37	474	
37	474	
37	474	
37	474	165	
37	474	346	45	
37	474	
37	474	36	458	
37	474	472	
37	474	
37	474	
37	474	
37	474	
37	474	
37	474	475	
37	474	
37	474	
37	474	
37	474	
37	474	33	
37	474	45	
37	474	
37	474	39	
37	474	458	
37	474	
37	474	
37	474	478	
37	474	
37	474	
37	474	
37	474	
37	474	5	
37	474	
37	474	165	
37	474	
37	474	
37	474	
37	474	
37	474	
37	474	
37	474	
37	474	
37	474	346	
37	474	45	
37	474	
37	474	
37	474	472	
37	474	
37	474	
37	474	
37	474	36	
37	474	
37	474	
37	474	
37	474	
37	474	
37	474	
37	474	
37	474	53	475	
37	474	472	
37	474	
37	474	475	
37	474	
37	474	101	
37	474	39	
37	474	101	
37	474	
37	474	33	
37	474	
37	474	165	
37	474	
37	474	
37	474	
37	474	53	
37	474	506	
37	474	
37	474	
37	474	
37	474	
37	474	
37	474	33	
37	474	
37	474	
37	474	
37	474	506	475	
37	474	
37	474	
37	474	
37	474	
37	474	173	
37	474	
37	474	466	
37	474	475	
37	474	472	
37	474	458	
37	474	33	
37	474	
37	474	
37	474	
37	474	
37	474	
37	474	
37	474	
37	474	33	
37	474	458	
37	474	
37	474	346	
37	474	
37	474	346	53	
37	474	
37	474	165	53	
37	474	
37	474	
37	474	
37	474	
37	474	
37	474	
37	474	
37	474	
37	474	
37	474	
37	474	
37	474	
37	474	
37	474	
37	474	
37	474	475	
37	474	
37	474	
37	474	
37	474	
37	474	347	
37	474	
37	474	
37	474	53	
37	474	478	
37	474	
37	474	
37	474	
37	474	53	
37	474	414	
37	474	
37	474	
37	474	
37	474	462	101	
37	474	
37	474	458	
37	474	
37	474	
37	474	4	
37	474	466	
37	474	
37	474	45	466	
37	474	
37	474	
37	474	
37	474	53	
37	474	506	39	
37	474	45	
37	474	165	
37	474	
37	474	36	
37	474	458	
37	474	
37	474	
37	474	
37	474	
37	474	
37	474	346	
37	474	
37	474	478	
37	474	
37	474	36	
37	474	466	
37	474	346	5	
37	474	
37	474	472	
37	474	
37	474	458	
37	474	
37	474	
37	474	
37	474	
37	474	33	
37	474	
37	474	
37	474	
37	474	
37	474	
37	474	
37	474	
37	474	101	
37	474	
37	474	
37	474	
37	474	
37	474	33	
37	474	
37	474	506	
37	474	
37	474	
37	474	
37	474	
37	474	39	
37	474	
37	474	506	
37	474	
37	474	
37	474	
37	474	
37	474	
37	474	346	
37	474	
37	474	
37	474	466	
37	474	
37	474	
37	474	
37	474	
37	474	
37	474	346	
37	474	458	
37	474	
37	474	
37	474	472	45	
37	474	
37	474	5	
37	474	
37	474	
37	474	
37	474	
37	474	39	472	
37	474	
37	474	475	
37	474	53	
37	474	
37	474	53	
37	474	
37	474	165	
37	474	
37	474	
37	474	45	
37	474	
37	474	
37	474	
37	474	165	
37	474	53	
37	474	475	
37	474	101	346	
37	474	33	
37	474	5	475	
37	474	
37	474	
37	474	39	
37	474	
37	474	
37	474	
37	474	
37	474	
37	474	
37	474	
37	474	
37	474	
37	474	
37	474	466	5	
37	474	
37	474	
37	474	
37	474	165	
37	474	507	478	
37	474	
37	474	36	
37	474	458	
37	474	458	
37	474	
37	474	
37	474	
37	474	506	33	
37	474	101	165	
37	474	
37	474	39	
37	474	39	
37	474	
37	474	
37	474	
37	474	45	
37	474	39	
37	474	
37	474	
37	474	
37	474	
37	474	
37	474	
37	474	
37	474	475	466	
37	474	
37	474	
37	474	
37	474	36	
37	474	
37	474	
37	474	466	
37	474	
37	474	39	45	466	
37	474	
37	474	
37	474	
37	474	
37	474	36	
37	474	
37	474	
37	474	
37	474	
37	474	100	45	
37	474	
37	474	
37	474	
37	474	
37	474	
37	474	
37	474	
37	474	165	
37	474	
37	474	
37	474	
37	474	
37	474	101	
37	474	
37	474	478	
37	474	
37	474	
37	474	
37	474	
37	474	53	101	
37	474	
37	474	
37	474	
37	474	
37	474	
37	474	
37	474	
37	474	
37	474	
37	474	
37	474	475	45	
37	474	
37	474	506	
37	474	
37	474	
37	474	36	466	
37	474	
37	474	506	
37	474	
37	474	
37	474	346	
37	474	
37	474	346	
37	474	
37	474	
37	474	
37	474	
37	474	
37	474	
37	474	
37	474	
37	474	
37	474	
37	474	
37	474	
37	474	165	
37	474	466	
37	474	
37	474	
37	474	
37	474	
37	474	
37	474	
37	474	45	
37	474	
37	474	
37	474	346	
37	474	
37	474	
37	474	458	
37	474	
37	474	
37	474	
37	474	
37	474	
37	474	36	53	
37	474	
37	474	
37	474	
37	474	
37	474	
37	474	
37	474	
37	474	
37	474	
37	474	
37	474	
37	474	
37	474	101	
37	474	33	
37	474	33	458	
37	474	
37	474	101	53	
37	474	
37	474	
37	474	
37	474	
37	474	
37	474	
37	474	
37	474	
37	474	458	466	
37	474	478	
37	474	
37	474	36	346	
37	474	408	472	36	
37	474	165	
37	474	
37	474	165	466	
37	474	
37	474	
37	474	
37	474	458	
37	474	
37	474	
37	474	
37	474	101	
37	474	
37	474	
37	474	
37	474	
37	474	
37	474	346	
37	474	39	
37	474	414	
37	474	
37	474	
37	474	478	
37	474	
37	474	
37	474	
37	474	36	
37	474	
37	474	475	
37	474	
37	474	466	39	
37	474	
37	474	
37	474	
37	474	
37	474	33	
37	474	
37	474	
37	474	346	
37	474	33	
37	474	466	
37	474	53	
37	474	45	
37	474	
37	474	
37	474	
37	474	478	
37	474	
37	474	
37	474	
37	474	478	
37	474	
37	474	
37	474	458	
37	474	
37	474	472	
37	474	
37	474	
37	474	
37	474	
37	474	
37	474	
37	474	410	33	
37	474	
37	474	346	
37	474	
37	474	
37	474	
37	474	
37	474	
37	474	
37	474	
37	474	
37	474	
37	474	
37	474	506	
37	474	
37	474	
37	474	
37	474	
37	474	410	5	
37	474	410	282	
37	474	165	
37	474	
37	474	
37	474	
37	474	410	
37	474	
37	474	
37	474	
37	474	45	
37	474	
37	474	506	
37	474	165	
37	474	
37	474	
37	474	
37	474	
37	474	
37	474	
37	474	
37	474	
37	474	410	
37	474	
37	474	
37	474	
37	474	39	
37	474	458	
37	474	
37	474	472	
37	474	
37	474	
37	474	410	
37	474	53	410	
37	474	346	475	53	
37	474	
37	474	
37	474	
37	474	
37	474	
37	474	
37	474	
37	474	466	41	33	
37	474	410	
37	474	
37	474	
37	474	
37	474	
37	474	
37	474	
37	474	
37	474	101	
37	474	36	
37	474	
37	474	165	
37	474	
37	474	
37	474	
37	474	
37	474	
37	474	
37	474	53	
37	474	506	
37	474	53	
37	474	
37	474	
37	474	
37	474	478	
37	474	
37	474	
37	474	
37	474	
37	474	
37	474	478	
37	474	61	475	
37	474	
37	474	
37	474	
37	474	45	
37	474	
37	474	
37	474	472	
37	474	478	
37	474	
37	474	458	
37	474	
37	474	36	
37	474	
37	474	
37	474	
37	474	
37	474	36	
37	474	
37	474	410	
37	474	472	
37	474	
37	474	
37	474	346	
37	474	
37	474	
37	474	
37	474	45	
37	474	
37	474	506	
37	474	472	
37	474	45	
37	474	
37	474	165	
37	474	
37	474	410	
37	474	45	
37	474	
37	474	462	
37	474	
37	474	472	
37	474	
37	474	506	
37	474	
37	474	
37	474	
37	474	466	
37	474	
37	474	410	
37	474	33	
37	474	346	
37	474	
37	474	
37	474	45	
37	474	53	101	
37	474	
37	474	
37	474	
37	474	
37	474	
37	474	
37	474	
37	474	506	
37	474	
37	474	466	39	
37	474	
37	474	
37	474	
37	474	
37	474	
37	474	
37	474	475	
37	474	53	
37	474	
37	474	475	
37	474	45	
37	474	
37	474	
37	474	
37	474	
37	474	
37	474	
37	474	
37	474	
37	474	36	
37	474	
37	474	
37	474	
37	474	
37	474	466	
37	474	
37	474	
37	474	
37	474	
37	474	100	
37	474	472	
37	474	
37	474	
37	474	
37	474	
37	474	
37	474	39	
37	474	
37	474	
37	474	
37	474	
37	474	
37	474	
37	474	
37	474	
37	474	
37	474	
37	474	
37	474	
37	474	
37	474	
37	474	458	490	
37	474	
37	474	101	
37	474	
37	474	
37	474	
37	474	
37	474	101	
37	474	36	
37	474	
37	474	475	
37	474	
37	474	
37	474	
37	474	
37	474	
37	474	
37	474	
37	474	
37	474	
37	474	
37	474	
37	474	
37	474	53	
37	474	
37	474	
37	474	478	
37	474	506	
37	474	
37	474	
37	474	
37	474	410	
37	474	39	
37	474	
37	474	
37	474	33	
37	474	
37	474	
37	474	
37	474	
37	474	
37	474	
37	474	
37	474	
37	474	101	
37	474	
37	474	39	
37	474	
37	474	
37	474	
37	474	
37	474	
37	474	
37	474	
37	474	
37	474	
37	474	
37	474	
37	474	
37	474	
37	474	466	5	
37	474	506	
37	474	
37	474	
37	474	
37	474	
37	474	
37	474	
37	474	
37	474	39	
37	474	
37	474	
37	474	506	
37	474	
37	474	
37	474	165	
37	474	
37	474	
37	474	
37	474	478	
37	474	
37	474	36	
37	474	
37	474	
37	474	
37	474	
37	474	458	
37	474	39	
37	474	
37	474	53	
37	474	
37	474	
37	474	344	478	472	
37	474	36	45	
37	474	
37	474	
37	474	
37	474	472	
37	474	
37	474	
37	474	
37	474	
37	474	506	
37	474	
37	474	
37	474	5	
37	474	
37	474	
37	474	
37	474	
37	474	
37	474	39	
37	474	472	
37	474	
37	474	
37	474	
37	474	
37	474	
37	474	
37	474	
37	474	
37	474	36	
37	474	165	
37	474	
37	474	394	
37	474	
37	474	
37	474	
37	474	410	
37	474	
37	474	
37	474	506	504	
37	474	458	
37	474	
37	474	346	
37	474	
37	474	
37	474	472	
37	474	
37	474	
37	474	
37	474	
37	474	
37	474	
37	474	
37	474	
37	474	346	
37	474	478	
37	474	
37	474	
37	474	
37	474	53	
37	474	
37	474	410	
37	474	
37	474	
37	474	
37	474	
37	474	
37	474	
37	474	
37	474	410	
37	474	
37	474	53	475	
37	474	
37	474	
37	474	
37	474	
37	474	458	472	
37	474	45	
37	474	101	
37	474	5	
37	474	39	
37	474	
37	474	
37	474	39	472	
37	474	
37	474	101	
37	474	346	
37	474	
37	474	
37	474	
37	474	
37	474	
37	474	
37	474	101	
37	474	
37	474	506	498	
37	474	
37	474	466	
37	474	346	
37	474	
37	474	
37	474	
37	474	
37	474	
37	474	
37	474	
37	474	
37	474	
37	474	39	
37	474	45	
37	474	101	
37	474	
37	474	475	
37	474	
37	474	
37	474	472	
37	474	
37	474	39	
37	474	
37	474	
37	474	
37	474	
37	474	
37	474	
37	474	
37	474	
37	474	346	
37	474	39	
37	474	
37	474	475	
37	474	338	
37	474	
37	474	
37	474	346	
37	474	
37	474	
37	474	36	
37	474	
37	474	
37	474	475	
37	474	475	
37	474	5	
37	474	
37	474	
37	474	
37	474	
37	474	
37	474	
37	474	
37	474	
37	474	
37	474	
37	474	
37	474	
37	474	
37	474	165	
37	474	466	
37	474	
37	474	378	
37	474	
37	474	
37	474	
37	474	466	
37	474	478	410	479	510	
37	474	36	
37	474	
37	474	
37	474	
37	474	
37	474	
37	474	
37	474	
37	474	
37	474	466	
37	474	
37	474	
37	474	
37	474	
37	474	39	
37	474	
37	474	
37	474	506	510	
37	474	
37	474	466	
37	474	
37	474	
37	474	165	
37	474	
37	474	45	
37	474	
37	474	
37	474	
37	474	
37	474	
37	474	
37	474	
37	474	
37	474	475	
37	474	346	
37	474	
37	474	
37	474	
37	474	36	
37	474	
37	474	
37	474	472	
37	474	
37	474	
37	474	
37	474	466	165	
37	474	
37	474	
37	474	466	
37	474	
37	474	
37	474	
37	474	36	
37	474	475	
37	474	
37	474	458	
37	474	475	467	
37	474	475	
37	474	53	478	
37	474	
37	474	39	
37	474	101	
37	474	
37	474	36	
37	474	
37	474	
37	474	
37	474	
37	474	506	
37	474	472	
37	474	
37	474	
37	474	
37	474	
37	474	
37	474	
37	474	
37	474	45	
37	474	458	
37	474	
37	474	
37	474	458	
37	474	165	
37	474	506	
37	474	
37	474	346	
37	474	
37	474	475	466	
37	474	
37	474	
37	474	
37	474	33	
37	474	
37	474	
37	474	
37	474	36	53	
37	474	
37	474	
37	474	
37	474	346	
37	474	
37	474	466	
37	474	
37	474	
37	474	
37	474	
37	474	
37	474	506	
37	474	
37	474	
37	474	
37	474	
37	474	
37	474	
37	474	
37	474	
37	474	
37	474	45	
37	474	
37	474	
37	474	
37	474	
37	474	346	
37	474	506	
37	474	472	
37	474	45	472	
37	474	
37	474	
37	474	
37	474	33	36	
37	474	
37	474	
37	474	
37	474	506	
37	474	33	
37	474	53	36	
37	474	39	
37	474	
37	474	
37	474	
37	474	
37	474	
37	474	
37	474	
37	474	
37	474	
37	474	
37	474	
37	474	53	
37	474	
37	474	36	
37	474	
37	474	
37	474	
37	474	
37	474	33	
37	474	
37	474	506	
37	474	
37	474	
37	474	472	
37	474	
37	474	
37	474	
37	474	
37	474	
37	474	101	
37	474	
37	474	
37	474	
37	474	478	
37	474	
37	474	
37	474	458	
37	474	
37	474	
37	474	
37	474	
37	474	466	39	
37	474	
37	474	165	
37	474	36	
37	474	
37	474	466	
37	474	101	
37	474	
37	474	
37	474	
37	474	39	
37	474	45	
37	474	
37	474	410	
37	474	
37	474	
37	474	
37	474	
37	474	
37	474	475	
37	474	
37	474	
37	474	506	
37	474	475	
37	474	
37	474	
37	474	
37	474	
37	474	458	
37	474	101	
37	474	
37	474	410	
37	474	
37	474	
37	474	
37	474	
37	474	
37	474	
37	474	
37	474	53	
37	474	33	
37	474	
37	474	
37	474	
37	474	
37	474	458	
37	474	
37	474	458	
37	474	478	
37	474	346	410	
37	474	
37	474	39	
37	474	
37	474	346	
37	474	
37	474	
37	474	
37	474	
37	474	101	
37	474	39	
37	474	
37	474	
37	474	478	
37	474	442	
37	474	101	
37	474	5	
37	474	
37	474	39	
37	474	165	
37	474	466	
37	474	
37	474	
37	474	39	
37	474	45	
37	474	45	
37	474	
37	474	
37	474	472	
37	474	
37	474	
37	474	36	
37	474	
37	474	
37	474	472	5	
37	474	
37	474	
37	474	
37	474	
37	474	
37	474	
37	474	
37	474	
37	474	
37	474	
37	474	
37	474	
37	474	101	
37	474	
37	474	36	475	
37	474	
37	474	
37	474	
37	474	45	
37	474	
37	474	53	
37	474	
37	474	
37	474	
37	474	
37	474	
37	474	
37	474	382	
37	474	382	
37	474	382	383	346	
37	474	382	
37	474	382	
37	474	382	5	374	
37	474	382	
37	474	382	475	410	
37	474	382	
37	474	382	33	
37	474	382	5	
37	474	382	
37	474	382	
37	474	382	
37	474	382	45	
37	474	382	45	475	
37	474	382	
37	474	382	36	458	
37	474	382	33	
37	474	382	165	
37	474	382	318	
37	474	382	
37	474	382	
37	474	382	
37	474	382	33	510	161	
37	474	382	380	
37	474	382	
37	474	382	
37	474	382	45	
37	474	382	5	383	
37	474	382	506	
37	474	382	
37	474	382	165	38	
37	474	382	38	6	383	100	101	33	
37	474	382	38	6	458	
37	474	382	6	2	
37	474	382	6	2	53	466	
37	474	382	6	2	66	39	101	
37	474	382	6	2	66	86	74	
37	474	382	66	194	478	475	82	
37	474	382	66	478	101	
37	474	382	66	478	374	
37	474	382	66	478	374	458	459	456	
37	474	382	66	478	374	462	310	318	278	406	308	165	
37	474	382	66	478	374	318	308	358	310	462	410	
37	474	66	478	374	308	302	414	326	342	366	
37	474	66	478	302	414	326	462	298	366	
37	474	66	478	302	326	298	172	67	
37	474	66	478	302	326	298	2	454	
37	474	66	478	302	326	298	430	
37	474	66	478	302	326	298	300	
37	474	66	478	302	326	298	426	98	
37	66	478	302	326	298	294	53	5	
66	478	326	298	74	
66	478	326	298	98	
66	478	326	298	462	242	114	243	10	178	246	470	98	
66	478	326	298	242	208	246	
66	478	326	298	242	114	118	
66	478	326	298	242	114	118	67	240	
66	326	298	242	114	118	116	290	302	
66	326	298	242	114	
66	326	298	242	114	118	302	
326	298	242	114	335	324	266	
326	298	242	114	
326	298	242	114	358	366	98	
326	298	242	114	358	98	
326	298	242	114	327	
326	298	242	114	
326	298	242	114	82	
326	298	242	114	358	115	
326	298	242	114	426	102	
326	298	114	98	
326	298	114	426	454	334	
326	298	114	424	354	450	
326	298	114	290	424	288	
326	114	424	
326	114	424	488	
326	114	424	
326	114	424	262	242	
326	114	424	322	
326	114	424	
326	114	424	
326	114	424	
326	114	424	
326	114	424	392	112	
326	114	424	
326	114	424	112	
326	114	424	489	
326	114	424	489	242	
326	114	424	489	457	486	327	
326	114	424	489	
326	114	424	489	242	
326	114	424	489	342	
326	114	424	489	454	462	
326	114	424	489	115	112	
326	114	424	489	488	
326	114	424	489	454	118	
326	114	424	489	426	
326	114	424	489	440	
326	114	424	489	334	
326	114	424	489	82	74	
326	114	424	489	324	
326	114	424	489	
326	114	424	489	361	425	
326	114	424	489	
326	114	424	489	452	
326	114	424	489	452	82	
326	114	424	489	452	
326	114	424	452	484	
326	114	424	452	
326	114	424	452	
326	114	424	452	115	416	
326	114	424	452	428	454	
326	114	424	452	448	
326	114	452	454	
114	452	
114	452	
114	452	50	453	
114	452	178	176	
114	452	178	
114	452	178	453	
114	452	178	
114	452	178	324	
114	452	178	448	182	
114	452	178	118	
114	452	178	
114	452	178	186	
114	452	178	454	50	
114	452	178	454	176	388	
114	452	178	454	388	384	
114	452	178	454	
114	452	178	454	
114	452	178	454	
114	452	178	454	390	398	50	182	179	
114	452	178	454	453	455	
114	452	178	454	146	186	
114	178	454	
114	178	454	455	54	177	179	
114	178	454	177	184	470	327	176	455	
114	178	454	177	49	462	478	460	
114	178	454	177	146	151	462	
114	178	454	177	
178	454	177	49	462	
178	454	177	470	
178	454	177	470	502	49	503	486	439	
178	454	177	502	49	486	57	
178	454	177	502	486	460	468	500	186	
178	454	177	486	460	113	
178	454	177	486	460	113	146	116	112	210	81	358	
178	454	177	486	460	113	146	450	456	185	
178	454	177	486	460	113	450	476	348	422	455	
178	454	177	460	113	450	476	49	486	422	502	165	503	149	332	
178	454	177	460	113	422	468	176	439	407	279	
178	454	177	113	422	439	407	176	471	343	48	452	428	185	462	430	327	181	
178	454	177	113	422	471	48	452	162	49	423	185	351	438	343	
454	177	113	422	471	48	452	462	390	406	
454	177	113	422	471	452	359	295	430	
454	177	113	422	471	452	324	
454	177	113	471	452	455	115	391	97	423	
177	113	471	452	391	455	460	241	479	181	
177	113	471	452	391	462	479	399	
177	113	471	452	462	185	476	460	
177	113	471	452	462	49	189	455	
177	113	471	452	462	49	460	53	
177	471	452	462	49	460	334	330	454	53	113	331	
177	471	452	462	460	508	476	420	455	
177	471	452	460	469	341	277	448	
177	471	452	460	476	412	388	
177	471	460	438	448	452	332	
177	471	460	470	
177	471	460	462	161	
177	471	460	469	503	
177	471	460	503	476	332	
177	471	460	407	438	406	179	
177	471	460	403	462	470	452	407	
177	471	460	476	
177	471	460	
177	460	462	
177	460	
177	460	
177	460	456	
177	460	
177	460	161	
177	460	492	
177	460	
177	460	
177	460	
177	460	461	
177	460	461	241	153	
177	460	
177	460	
177	460	145	
177	460	145	
177	460	476	462	
177	460	462	
177	460	
177	460	
177	460	
177	460	
177	460	
177	460	
177	460	332	328	161	
177	460	
177	460	
177	460	
177	460	147	
177	460	
177	460	
177	460	
177	460	
177	460	
177	460	
177	460	332	
177	460	452	
177	460	149	
177	460	149	181	
177	460	149	
177	460	149	
177	460	149	
177	460	149	
177	460	149	476	
177	460	149	
177	460	149	
177	460	149	179	
177	460	149	213	
177	460	149	241	
177	460	149	
177	460	149	
177	460	149	476	157	181	
460	149	476	
460	149	476	
460	149	476	492	
460	149	476	
460	149	476	348	
460	149	476	213	
460	149	476	472	151	
460	149	476	213	
460	149	476	508	181	
460	149	476	
460	149	476	17	
460	149	476	348	
460	149	476	181	151	
460	149	476	
460	149	476	
460	149	476	
460	149	476	151	478	
460	149	476	
460	149	476	
460	149	476	
460	149	476	213	
460	149	476	
460	149	476	
460	149	476	148	
460	149	476	
460	149	476	492	
460	149	476	477	461	
460	149	476	461	
460	149	476	492	
460	149	476	
460	149	476	508	
460	149	476	396	508	
460	149	476	468	
460	149	476	
460	149	476	181	
460	149	476	133	
460	149	476	
460	149	476	397	
460	149	476	157	462	
460	149	476	
460	149	476	158	
460	149	476	223	412	
460	149	476	
460	149	476	
460	149	476	151	215	27	348	
460	149	476	215	
460	149	476	215	214	
460	149	476	215	214	199	472	247	
460	149	476	215	214	212	222	
460	149	476	215	214	151	
149	476	215	214	
476	215	214	468	469	
476	215	214	218	
476	215	214	460	151	
476	214	477	349	210	285	
476	214	350	508	
476	214	
476	214	
476	214	
476	214	348	
476	214	
476	214	
476	214	
476	214	
476	214	399	
476	214	
476	214	
476	214	198	
476	214	468	500	508	
476	214	468	500	
476	214	468	
476	214	468	246	
476	214	468	
476	214	468	
476	214	468	
476	214	468	
476	214	468	
476	214	468	
476	214	468	
476	214	468	472	
476	214	468	404	
476	214	468	404	460	
476	214	468	
476	214	468	
476	214	468	340	
476	214	468	210	472	
476	214	468	508	
476	214	468	
476	214	468	
476	214	468	340	
476	214	468	508	
476	214	468	496	477	
476	214	468	461	348	
214	468	461	
214	468	461	397	489	
214	468	461	397	
214	468	461	210	212	
214	461	210	460	
214	461	210	211	
214	461	210	82	
214	461	210	211	
214	461	210	
214	461	210	460	
461	210	
461	210	
461	210	
461	210	
461	210	194	
461	210	
461	210	
461	210	477	
461	210	460	476	397	493	
461	210	476	463	
461	210	476	
461	210	476	
461	210	476	463	
461	210	476	
461	210	476	214	
210	476	214	348	
210	476	214	86	222	94	
210	476	214	94	
476	214	94	78	468	342	222	469	452	
476	214	94	78	215	477	468	
476	214	94	78	444	
476	214	94	78	444	460	
476	214	94	444	508	446	456	472	414	488	509	
476	214	94	444	456	446	348	
476	214	444	456	348	328	
476	214	444	456	328	480	
476	214	444	456	328	480	436	460	
476	214	456	328	480	436	215	
476	214	456	328	480	436	
476	214	456	328	480	436	352	210	
214	456	328	480	436	215	246	150	
214	456	328	480	436	86	
214	456	328	436	86	87	94	211	114	122	82	
214	456	328	436	86	87	22	70	83	330	222	
214	456	328	436	86	87	70	
214	456	328	436	86	87	70	71	215	
214	456	436	86	87	70	457	
214	456	436	86	70	71	460	
214	456	436	86	70	150	
436	86	70	84	
436	86	70	
436	86	70	78	
436	86	70	
436	86	70	
436	86	70	
436	86	70	
436	70	
436	70	86	
436	70	66	
436	70	
436	70	198	
436	70	404	
436	70	308	432	
436	70	
436	70	71	
436	70	
436	70	
436	70	86	
436	70	
436	70	86	
436	70	500	
436	70	
436	70	
436	70	
436	70	
436	70	
436	70	
436	70	
436	70	
436	70	86	
436	70	500	
436	70	86	
436	70	
436	70	86	102	
436	70	
436	70	
436	70	
436	70	
436	70	
436	70	437	309	
436	70	71	
436	70	
436	70	
436	70	438	
436	70	86	
436	70	308	437	
436	70	
436	70	420	
436	70	66	
436	70	
436	70	
436	70	444	316	
436	70	
436	70	
436	70	102	
436	70	68	
436	70	
436	70	
436	70	
436	70	
436	70	
436	70	68	
436	70	
436	70	
436	70	
436	70	78	
436	70	
436	70	
436	70	500	
436	70	66	71	
436	70	
436	70	
436	70	
436	70	
436	70	102	308	
436	70	404	
436	70	
436	70	432	71	
436	70	
436	70	438	
436	70	432	404	
436	70	66	
436	70	
436	70	66	
436	70	
436	70	
436	70	
436	70	438	
436	70	6	
436	70	
436	70	
436	70	
436	70	
436	70	79	
436	70	
436	70	78	
436	70	437	
436	70	
436	70	
436	70	404	
436	70	199	432	
436	70	
436	70	
436	70	68	
436	70	198	
436	70	
436	70	78	
436	70	
436	70	
436	70	
436	70	420	
436	70	6	
436	70	
436	70	86	
436	70	437	
436	70	
436	70	
436	70	
436	70	
436	70	438	
436	70	
436	70	
436	70	78	
436	70	
436	70	
436	70	66	
436	70	
436	70	
436	70	
436	70	
436	70	
436	70	86	
436	70	
436	70	
436	70	
436	70	428	
436	70	
436	70	
436	70	
436	70	
436	70	
436	70	
436	70	404	
436	70	86	
436	70	
436	70	66	
436	70	
436	70	
436	70	
436	70	86	438	
436	70	
436	70	
436	70	
436	70	437	
436	70	
436	70	
436	70	
436	70	
436	70	404	102	
436	70	
436	70	
436	70	
436	70	198	
436	70	422	
436	70	500	
436	70	6	
436	70	
436	70	
436	70	
436	70	
436	70	
436	70	86	
436	70	
436	70	
436	70	
436	70	444	
436	70	
436	70	6	
436	70	
436	70	198	
436	70	71	404	
436	70	
436	70	
436	70	68	
436	70	
436	70	
436	70	437	
436	70	6	71	
436	70	68	438	
436	70	
436	70	
436	70	432	
436	70	
436	70	78	
436	70	
436	70	500	
436	70	
436	70	438	
436	70	78	
436	70	
436	70	
436	70	
436	70	
436	70	6	
436	70	68	
436	70	
436	70	
436	70	
436	70	
436	70	
436	70	86	
436	70	
436	70	4	437	
436	70	
436	70	
436	70	
436	70	444	
436	70	
436	70	
436	70	198	199	
436	70	
436	70	79	404	78	
436	70	86	
436	70	
436	70	
436	70	86	
436	70	
436	70	
436	70	
436	70	
436	70	
436	70	
436	70	
436	70	66	308	
436	70	
436	70	
436	70	
436	70	438	
436	70	198	437	
436	70	
436	70	
436	70	
436	70	
436	70	
436	70	
436	70	
436	70	86	78	
436	70	
436	70	
436	70	86	
436	70	404	
436	70	
436	70	
436	70	
436	70	66	
436	70	
436	70	
436	70	
436	70	
436	70	308	
436	70	437	
436	70	86	84	
436	70	500	404	
436	70	438	
436	70	
436	70	102	
436	70	
436	70	
436	70	
436	70	86	
436	70	
436	70	
436	70	500	
436	70	444	
436	70	
436	70	
436	70	
436	70	
436	70	
436	70	
436	70	
436	70	102	
436	70	438	102	
436	70	
436	70	444	
436	70	
436	70	
436	70	
436	70	
436	70	
436	70	
436	70	
436	70	
436	70	
436	70	
436	70	66	
436	70	
436	70	
436	70	
436	70	6	
436	70	308	
436	70	
436	70	
436	70	
436	70	
436	70	
436	70	438	
436	70	
436	70	444	446	
436	70	
436	70	6	
436	70	
436	70	
436	70	
436	70	
436	70	6	
436	70	438	
436	70	
436	70	
436	70	
436	70	
436	70	86	
436	70	500	6	
436	70	
436	70	
436	70	66	
436	70	
436	70	71	432	
436	70	
436	70	437	
436	70	
436	70	437	
436	70	432	
436	70	
436	70	
436	70	78	
436	70	
436	70	437	
436	70	
436	70	432	
436	70	
436	70	22	20	
436	70	6	
436	70	86	
436	70	404	
436	70	
436	70	86	
436	70	
436	70	
436	70	
436	70	
436	70	
436	70	
436	70	
436	70	6	
436	70	102	316	
436	70	
436	70	
436	70	198	
436	70	
436	70	
436	70	
436	70	500	
436	70	
436	70	
436	70	
436	70	86	
436	70	
436	70	71	103	
436	70	
436	70	86	
436	70	445	
436	70	
436	70	
436	70	
436	70	
436	70	
436	70	
436	70	
436	70	198	
436	70	
436	70	438	
436	70	6	
436	70	102	308	
436	70	
436	70	
436	70	
436	70	
436	70	86	
436	70	68	
436	70	
436	70	
436	70	
436	70	
436	70	
436	70	198	
436	70	444	
436	70	
436	70	
436	70	
436	70	14	444	
436	70	
436	70	404	
436	70	
436	70	
436	70	308	420	432	
436	70	
436	70	
436	70	
436	70	
436	70	438	
436	70	
436	70	
436	70	
436	70	6	
436	70	
436	70	
436	70	
436	70	
436	70	
436	70	
436	70	
436	70	
436	70	198	
436	70	134	
436	70	
436	70	496	
436	70	
436	70	
436	70	86	444	
436	70	
436	70	
436	70	310	
436	70	6	
436	70	
436	70	
436	70	
436	70	
436	70	
436	70	
436	70	
436	70	
436	70	
436	70	
436	70	
436	70	
436	70	
436	70	
436	70	
436	70	
436	70	
436	70	437	
436	70	404	
436	70	438	
436	70	
436	70	78	
436	70	66	
436	70	
436	70	432	
436	70	
436	70	71	
436	70	
436	70	78	
436	70	
436	70	
436	70	
436	70	
436	70	438	
436	70	308	
436	70	
436	70	423	
436	70	
436	70	
436	70	
436	70	
436	70	404	
436	70	
436	70	86	500	
436	70	
436	70	
436	70	
436	70	6	
436	70	444	
436	70	86	68	
436	70	68	
436	70	437	406	
436	70	308	
436	70	6	
436	70	
436	70	
436	70	500	
436	70	500	
436	70	
436	70	
436	70	
436	70	500	432	
436	70	
436	70	
436	70	78	
436	70	
436	70	68	
436	70	
436	70	308	
436	70	
436	70	66	
436	70	
436	70	86	68	198	
436	70	198	
436	70	
436	70	
436	70	78	
436	70	444	
436	70	
436	70	
436	70	
436	70	
436	70	
436	70	
436	70	
436	70	316	
436	70	
436	70	
436	70	102	
436	70	
436	70	
436	70	
436	70	404	
436	70	
436	70	78	
436	70	
436	70	432	420	444	
436	70	
436	70	
436	70	437	
436	70	
436	70	
436	70	
436	70	
436	70	
436	70	
436	70	
436	70	86	
436	70	
436	70	500	
436	70	
436	70	404	
436	70	
436	70	
436	70	
436	70	
436	70	
436	70	198	
436	70	
436	70	
436	70	
436	70	
436	70	
436	70	438	
436	70	
436	70	66	
436	70	
436	70	438	86	198	
436	70	
436	70	
436	70	
436	70	
436	70	68	
436	70	
436	70	
436	70	438	
436	70	68	
436	70	
436	70	86	
436	70	500	
436	70	66	
436	70	198	66	
436	70	
436	70	198	
436	70	
436	70	500	
436	70	437	
436	70	
436	70	437	
436	70	86	87	246	
436	70	
436	70	
436	70	
436	70	
436	70	
436	70	
436	70	86	
436	70	432	
436	70	
436	70	420	
436	70	
436	70	
436	70	437	
436	70	432	
436	70	
436	70	
436	70	
436	70	
436	70	
436	70	71	
436	70	
436	70	404	
436	70	
436	70	
436	70	
436	70	
436	70	
436	70	194	66	
436	70	
436	70	
436	70	
436	70	
436	70	
436	70	
436	70	102	
436	70	
436	70	
436	70	
436	70	
436	70	
436	70	404	
436	70	
436	70	484	
436	70	
436	70	404	102	
436	70	
436	70	
436	70	
436	70	500	
436	70	
436	70	
436	70	
436	70	400	
436	70	6	68	420	
436	70	438	
436	70	
436	70	
436	70	79	
436	70	420	
436	70	86	420	
436	70	
436	70	78	
436	70	
436	70	
436	70	
436	70	438	
436	70	
436	70	
436	70	
436	70	6	
436	70	
436	70	66	
436	70	
436	70	
436	70	
436	70	
436	70	
436	70	
436	70	
436	70	
436	70	
436	70	
436	70	
436	70	
436	70	
436	70	444	
436	70	86	
436	70	
436	70	
436	70	
436	70	
436	70	
436	70	308	102	118	
436	70	
436	70	6	
436	70	
436	70	
436	70	6	
436	70	
436	70	71	
436	70	437	
436	70	68	
436	70	
436	70	
436	70	198	
436	70	
436	70	
436	70	
436	70	
436	70	
436	70	
436	70	
436	70	
436	70	438	
436	70	
436	70	
436	70	
436	70	
436	70	86	
436	70	
436	70	
436	70	
436	70	78	
436	70	
436	70	68	
436	70	198	
436	70	78	71	
436	70	432	
436	70	
436	70	
436	70	87	6	
436	70	308	
436	70	
436	70	
436	70	
436	70	
436	70	
436	70	
436	70	
436	70	68	
436	70	
436	70	
436	70	
436	70	68	420	
436	70	86	
436	70	
436	70	
436	70	
436	70	404	
436	70	86	438	439	
436	70	
436	70	
436	70	
436	70	444	
436	70	86	82	118	
436	70	78	444	
436	70	
436	70	
436	70	500	
436	70	
436	70	
436	70	
436	70	6	
436	70	78	
436	70	444	
436	70	
436	70	
436	70	
436	70	
436	70	
436	70	
436	70	66	
436	70	
436	70	
436	70	
436	70	
436	70	
436	70	6	
436	70	
436	70	
436	70	
436	70	
436	70	
436	70	
436	70	
436	70	437	
436	70	
436	70	
436	70	
436	70	
436	70	438	
436	70	102	404	420	
436	70	437	
436	70	
436	70	
436	70	
436	70	
436	70	86	
436	70	
436	70	
436	70	420	
436	70	
436	70	
436	70	
436	70	
436	70	68	102	
436	70	
436	70	86	
436	70	
436	70	
436	70	
436	70	86	
436	70	500	
436	70	
436	70	
436	70	
436	70	
436	70	66	71	
436	70	
436	70	
436	70	
436	70	
436	70	
436	70	
436	70	404	
436	70	
436	70	
436	70	
436	70	
436	70	
436	70	420	421	437	
436	70	
436	70	
436	70	
436	70	
436	70	
436	70	
436	70	66	
436	70	198	
436	70	6	
436	70	444	
436	70	198	
436	70	
436	70	68	
436	70	438	
436	70	6	
436	70	444	
436	70	
436	70	
436	70	
436	70	
436	70	
436	70	
436	70	
436	70	
436	70	
436	70	
436	70	
436	70	
436	70	420	
436	70	
436	70	
436	70	
436	70	
436	70	
436	70	
436	70	
436	70	
436	70	444	420	
436	70	
436	70	500	6	
436	70	
436	70	86	198	
436	70	
436	70	
436	70	
436	70	
436	70	308	
436	70	308	
436	70	
436	70	
436	70	437	
436	70	432	
436	70	
436	70	86	
436	70	71	
436	70	
436	70	444	
436	70	500	
436	70	86	6	
436	70	432	
436	70	
436	70	
436	70	432	
436	70	86	
436	70	78	
436	70	
436	70	308	432	
436	70	437	
436	70	86	
436	70	
436	70	68	437	
436	70	
436	70	
436	70	
436	70	
436	70	
436	70	68	71	
436	70	
436	70	
436	70	
436	70	
436	70	
436	70	86	78	66	
436	70	
436	70	
436	70	
436	70	404	420	
436	70	
436	70	
436	70	86	
436	70	
436	70	68	71	66	
436	70	
436	70	68	
436	70	437	86	
436	70	
436	70	71	
436	70	
436	70	86	
436	70	308	102	
436	70	
436	70	
436	70	
436	70	432	
436	70	437	
436	70	
436	70	440	198	
436	70	
436	70	
436	70	
436	70	66	
436	70	
436	70	
436	70	
436	70	
436	70	
436	70	
436	70	
436	70	
436	70	102	
436	70	
436	70	308	
436	70	
436	70	437	
436	70	
436	70	
436	70	
436	70	6	
436	70	444	
436	70	102	
436	70	
436	70	
436	70	
436	70	
436	70	
436	70	
436	70	66	
436	70	
436	70	
436	70	
436	70	
436	70	
436	70	102	
436	70	
436	70	86	
436	70	
436	70	102	
436	70	
436	70	
436	70	86	
436	70	71	
436	70	420	
436	70	
436	70	308	
436	70	
436	70	500	
436	70	
436	70	
436	70	
436	70	
436	70	404	
436	70	
436	70	
436	70	
436	70	
436	70	
436	70	
436	70	
436	70	
436	70	
436	70	
436	70	
436	70	502	
436	70	86	
436	70	71	
436	70	444	404	
436	70	71	
436	70	
436	70	
436	70	
436	70	444	
436	70	198	
436	70	86	
436	70	
436	70	
436	70	71	
436	70	
436	70	
436	70	
436	70	
436	70	
436	70	
436	70	
436	70	
436	70	404	
436	70	
436	70	
436	70	308	422	
436	70	
436	70	
436	70	
436	70	
436	70	438	
436	70	
436	70	
436	70	
436	70	68	444	
436	70	
436	70	86	
436	70	66	
436	70	
436	70	6	198	
436	70	432	
436	70	
436	70	
436	70	66	
436	70	
436	70	
436	70	444	420	78	
436	70	
436	70	86	
436	70	
436	70	
436	70	86	
436	70	438	444	
436	70	
436	70	437	
436	70	
436	70	198	
436	70	
436	70	438	
436	70	
436	70	
436	70	
436	70	
436	70	
436	70	
436	70	
436	70	
436	70	
436	70	6	
436	70	
436	70	
436	70	
436	70	78	
436	70	86	
436	70	500	
436	70	
436	70	308	
436	70	
436	70	
436	70	
436	70	
436	70	
436	70	
436	70	
436	70	198	
436	70	
436	70	437	
436	70	
436	70	
436	70	308	71	437	
436	70	
436	70	66	
436	70	86	
436	70	
436	70	438	
436	70	438	66	
436	70	
436	70	
436	70	
436	70	198	
436	70	
436	70	
436	70	
436	70	
436	70	
436	70	
436	70	
436	70	
436	70	400	432	
436	70	
436	70	
436	70	66	
436	70	
436	70	
436	70	437	
436	70	
436	70	
436	70	
436	70	
436	70	
436	70	
436	70	
436	70	439	78	
436	70	420	438	422	
436	70	
436	70	
436	70	
436	70	
436	70	
436	70	
436	70	86	
436	70	
436	70	437	
436	70	437	
436	70	86	
436	70	500	
436	70	
436	70	
436	70	
436	70	308	
436	70	
436	70	78	
436	70	
436	70	420	
436	70	
436	70	
436	70	
436	70	
436	70	
436	70	
436	70	
436	70	
436	70	
436	70	432	
436	70	
436	70	
436	70	
436	70	
436	70	445	500	
436	70	
436	70	79	86	95	432	416	
436	70	
436	70	71	
436	70	
436	70	
436	70	
436	70	71	7	
436	70	
436	70	
436	70	
436	70	
436	70	438	
436	70	
436	70	
436	70	
436	70	
436	70	420	
436	70	
436	70	
436	70	
436	70	
436	70	
436	70	
436	70	500	6	
436	70	66	
436	70	
436	70	
436	70	
436	70	
436	70	
436	70	66	
436	70	
436	70	
436	70	
436	70	
436	70	
436	70	
436	70	
436	70	
436	70	
436	70	
436	70	
436	70	
436	70	78	437	
436	70	437	
436	70	
436	70	
436	70	6	
436	70	420	
436	70	68	
436	70	
436	70	420	388	
436	70	
436	70	71	
436	70	
436	70	
436	70	
436	70	437	
436	70	
436	70	
436	70	432	438	
436	70	
436	70	500	
436	70	
436	70	
436	70	
436	70	437	308	
436	70	
436	70	
436	70	
436	70	438	
436	70	
436	70	420	
436	70	
436	70	
436	70	
436	70	
436	70	
436	70	
436	70	102	432	
436	70	
436	70	
436	70	68	
436	70	102	71	
436	70	
436	70	
436	70	
436	70	
436	70	87	
436	70	
436	70	
436	70	
436	70	
436	70	420	
436	70	78	
436	70	500	
436	70	
436	70	86	
436	70	
436	70	
436	70	
436	70	
436	70	432	
436	70	
436	70	
436	70	
436	70	308	
436	70	
436	70	437	
436	70	
436	70	
436	70	
436	70	
436	70	198	
436	70	
436	70	
436	70	
436	70	198	
436	70	
436	70	86	
436	70	
436	70	102	
436	70	
436	70	
436	70	
436	70	
436	70	
436	70	432	
436	70	68	
436	70	
436	70	
436	70	
436	70	
436	70	
436	70	420	
436	70	
436	70	
436	70	
436	70	
436	70	86	
436	70	404	
436	70	
436	70	
436	70	
436	70	432	
436	70	
436	70	308	
436	70	
436	70	102	78	
436	70	
436	70	444	
436	70	
436	70	
436	70	
436	70	
436	70	86	
436	70	71	
436	70	6	68	
436	70	
436	70	
436	70	76	78	94	
436	70	
436	70	
436	70	
436	70	
436	70	
436	70	
436	70	
436	70	444	
436	70	444	
436	70	78	
436	70	
436	70	
436	70	444	
436	70	444	
436	70	437	
436	70	66	
436	70	86	
436	70	
436	70	
436	70	
436	70	437	
436	70	
436	70	
436	70	
436	70	
436	70	
436	70	
436	70	
436	70	432	
436	70	78	
436	70	
436	70	437	
436	70	
436	70	
436	70	
436	70	68	
436	70	
436	70	439	438	
436	70	
436	70	
436	70	
436	70	
436	70	
436	70	420	
436	70	
436	70	
436	70	
436	70	
436	70	
436	70	74	
436	70	
436	70	
436	70	308	
436	70	420	
436	70	
436	70	
436	70	6	
436	70	
436	70	
436	70	102	
436	70	
436	70	
436	70	
436	70	
436	70	
436	70	68	500	
436	70	
436	70	198	
436	70	309	
436	70	
436	70	
436	70	
436	70	66	420	
436	70	102	
436	70	500	
436	70	420	
436	70	
436	70	
436	70	
436	70	
436	70	
436	70	86	
436	70	432	
436	70	
436	70	
436	70	
436	70	420	
436	70	
436	70	
436	70	
436	70	308	198	
436	70	
436	70	
436	70	437	
436	70	
436	70	
436	70	
436	70	
436	70	68	
436	70	86	
436	70	444	
436	70	
436	70	
436	70	
436	70	78	
436	70	68	
436	70	
436	70	
436	70	
436	70	71	
436	70	
436	70	
436	70	86	68	
436	70	86	71	
436	70	
436	70	
436	70	
436	70	445	
436	70	
436	70	
436	70	420	
436	70	
436	70	68	
436	70	86	
436	70	
436	70	
436	70	438	
436	70	68	
436	70	437	
436	70	78	
436	70	
436	70	
436	70	86	420	
436	70	86	500	
436	70	308	
436	70	
436	70	
436	70	86	
436	70	
436	70	
436	70	
436	70	78	
436	70	6	
436	70	86	428	
436	70	66	
436	70	
436	70	
436	70	
436	70	
436	70	68	66	
436	70	
436	70	
436	70	
436	70	
436	70	500	
436	70	78	
436	70	86	
436	70	500	84	86	
436	70	66	
436	70	
436	70	
436	70	
436	70	
436	70	
436	70	444	437	71	
436	70	404	438	
436	70	308	
436	70	
436	70	
436	70	
436	70	
436	70	
436	70	444	
436	70	
436	70	
436	70	86	
436	70	
436	70	
436	70	
436	70	308	
436	70	
436	70	
436	70	102	
436	70	
436	70	
436	70	
436	70	
436	70	
436	70	
436	70	404	6	
436	70	
436	70	71	
436	70	
436	70	198	
436	70	
436	70	
436	70	438	
436	70	
436	70	78	
436	70	
436	70	
436	70	
436	70	
436	70	
436	70	
436	70	
436	70	
436	70	438	432	
436	70	71	
436	70	86	102	22	
436	70	86	94	
436	70	437	
436	70	
436	70	412	
436	70	500	
436	70	
436	70	86	
436	70	102	
436	70	
436	70	
436	70	308	
436	70	
436	70	
436	70	
