1	347	251	598
2	323	232	555
3	322	244	566
4	300	276	576
5	310	287	597
6	292	268	560
7	285	291	576
8	295	278	573
9	293	273	566
10	295	283	578
11	270	298	568
12	261	278	539
13	288	272	560
14	285	282	567
15	264	260	524
16	279	255	534
17	290	281	571
18	280	251	531
19	285	259	544
20	292	272	564
21	279	261	540
22	271	259	530
23	281	238	519
24	323	224	547
25	288	223	511
26	311	243	554
27	293	215	508
28	271	222	493
29	300	234	534
30	301	281	582
31	285	296	581
32	251	313	564
33	248	308	556
34	240	318	558
35	218	319	537
36	193	295	488
37	197	303	500
38	200	307	507
39	228	258	486
40	239	227	466
41	264	221	485
42	249	242	491
43	243	222	465
44	236	252	488
45	235	250	485
46	218	238	456
47	185	255	440
48	209	246	455
49	184	264	448
50	218	267	485
51	201	284	485
52	251	252	503
53	246	238	484
54	271	229	500
55	286	227	513
56	256	211	467
57	261	197	458
58	280	182	462
59	311	183	494
60	277	189	466
61	282	200	482
62	242	196	438
63	225	186	411
64	219	216	435
65	201	223	424
66	193	235	428
67	179	232	411
68	195	239	434
69	177	250	427
70	185	248	433
71	194	242	436
72	198	263	461
73	225	261	486
74	194	261	455
75	194	261	455
76	207	261	468
77	221	289	510
78	200	304	504
79	230	298	528
80	240	290	530
81	214	282	496
82	257	289	546
83	245	294	539
84	276	280	556
85	300	295	595
86	288	274	562
87	301	278	579
88	292	270	562
89	321	256	577
90	336	267	603
91	343	259	602
92	343	255	598
93	333	252	585
94	333	249	582
95	310	250	560
96	310	230	540
97	328	213	541
98	311	193	504
99	330	176	506
100	320	192	512
101	297	223	520
102	309	198	507
103	294	217	511
104	292	235	527
105	322	215	537
106	282	216	498
107	304	227	531
108	297	220	517
109	291	226	517
110	300	244	544
111	257	230	487
112	249	233	482
113	249	225	474
114	242	239	481
115	246	225	471
116	228	239	467
117	215	248	463
118	246	287	533
119	249	331	580
120	270	382	652
121	274	377	651
122	293	355	648
123	261	394	655
124	264	397	661
125	299	381	680
126	263	386	649
127	302	384	686
128	278	357	635
129	261	360	621
130	246	371	617
131	251	370	621
132	283	372	655
133	291	369	660
134	298	379	677
135	273	373	646
136	272	374	646
137	242	383	625
138	248	352	600
139	284	360	644
140	257	376	633
141	263	374	637
142	274	374	648
143	270	363	633
144	267	376	643
145	282	375	657
146	274	366	640
147	255	366	621
148	251	381	632
149	260	375	635
150	263	371	634
151	258	380	638
152	262	367	629
153	255	368	623
154	273	367	640
155	273	375	648
156	258	383	641
157	277	367	644
158	267	379	646
159	267	351	618
160	266	345	611
161	258	364	622
162	255	371	626
163	288	368	656
164	290	373	663
165	297	365	662
166	322	351	673
167	297	347	644
168	316	346	662
169	311	302	613
170	330	257	587
171	331	248	579
172	311	235	546
173	308	238	546
174	329	232	561
175	302	216	518
176	274	225	499
177	216	254	470
178	227	267	494
179	219	291	510
180	212	315	527
181	217	312	529
182	222	309	531
183	202	315	517
184	214	314	528
185	252	311	563
186	307	279	586
187	298	238	536
188	330	190	520
189	309	190	499
190	317	214	531
191	310	220	530
192	280	215	495
193	280	218	498
194	263	243	506
195	252	231	483
196	272	269	541
197	284	286	570
198	289	307	596
199	295	288	583
200	246	325	571
201	241	335	576
202	244	338	582
203	262	320	582
204	264	280	544
205	270	273	543
206	267	257	524
207	262	223	485
208	247	200	447
209	232	210	442
210	241	163	404
211	255	210	465
212	234	224	458
213	210	234	444
214	191	261	452
215	165	286	451
216	142	290	432
217	180	305	485
218	192	280	472
219	177	295	472
220	196	275	471
221	210	283	493
222	222	272	494
223	243	242	485
224	239	253	492
225	254	227	481
226	280	208	488
227	279	178	457
228	255	225	480
229	273	251	524
230	294	252	546
231	290	260	550
232	262	236	498
233	272	256	528
234	268	252	520
235	271	253	524
236	235	266	501
237	259	294	553
238	238	280	518
239	264	258	522
240	250	259	509
241	226	290	516
242	243	316	559
243	297	308	605
244	293	291	584
245	276	252	528
246	301	228	529
247	306	210	516
248	298	205	503
249	298	220	518
250	280	225	505
251	284	252	536
252	282	246	528
253	275	256	531
254	279	207	486
255	277	232	509
256	261	232	493
257	261	224	485
258	271	223	494
259	248	227	475
260	244	230	474
261	257	216	473
262	242	244	486
263	234	253	487
264	233	250	483
265	240	266	506
266	277	315	592
267	287	310	597
268	301	346	647
269	313	326	639
270	282	313	595
271	303	330	633
272	320	327	647
273	316	324	640
274	302	318	620
275	309	320	629
276	334	345	679
277	338	315	653
278	333	310	643
279	335	312	647
280	322	314	636
281	313	307	620
282	314	329	643
283	297	307	604
284	303	310	613
285	336	307	643
286	325	321	646
287	297	316	613
288	326	313	639
289	298	307	605
290	293	335	628
291	306	330	636
292	327	347	674
293	318	329	647
294	324	337	661
295	328	324	652
296	328	336	664
297	326	316	642
298	314	330	644
299	318	321	639
300	301	337	638
301	306	333	639
302	319	325	644
303	318	342	660
304	324	335	659
305	336	331	667
306	303	329	632
307	303	347	650
308	329	333	662
309	313	308	621
310	298	327	625
311	295	335	630
312	307	321	628
313	297	337	634
314	295	329	624
315	306	322	628
316	293	326	619
317	332	310	642
318	301	335	636
319	321	332	653
320	324	334	658
321	308	347	655
322	281	322	603
323	308	330	638
324	318	332	650
325	319	325	644
326	317	315	632
327	321	292	613
328	295	315	610
329	287	321	608
330	300	328	628
331	307	318	625
332	310	319	629
333	313	338	651
334	304	322	626
335	323	309	632
336	319	323	642
337	298	327	625
338	312	316	628
339	309	326	635
340	302	320	622
341	314	303	617
342	321	316	637
343	304	321	625
344	296	312	608
345	301	327	628
346	308	327	635
347	321	321	642
348	310	306	616
349	326	324	650
350	323	302	625
351	324	330	654
352	281	334	615
353	306	335	641
354	301	325	626
355	297	341	638
356	320	317	637
357	336	315	651
358	320	343	663
359	330	327	657
360	299	299	598
361	310	310	620
362	300	332	632
363	320	319	639
364	303	337	640
365	295	339	634
366	301	343	644
367	305	306	611
368	315	299	614
369	290	296	586
370	302	303	605
371	317	310	627
372	324	318	642
373	307	318	625
374	329	329	658
375	327	319	646
376	319	306	625
377	294	319	613
378	306	317	623
379	310	312	622
380	308	350	658
381	317	319	636
382	314	317	631
383	326	343	669
384	313	330	643
385	299	306	605
386	300	321	621
387	295	332	627
388	299	307	606
389	329	309	638
390	309	331	640
391	324	307	631
392	305	294	599
393	310	327	637
394	327	315	642
395	305	329	634
396	304	318	622
397	315	338	653
398	295	314	609
399	275	323	598
400	305	322	627
401	307	323	630
402	315	315	630
403	316	325	641
404	306	320	626
405	328	328	656
406	285	300	585
407	306	317	623
408	291	310	601
409	309	326	635
410	285	331	616
411	303	334	637
412	318	322	640
413	302	305	607
414	325	316	641
415	328	306	634
416	329	302	631
417	307	303	610
418	305	315	620
419	305	309	614
420	331	331	662
421	335	323	658
422	308	332	640
423	311	334	645
424	305	316	621
425	327	322	649
426	336	322	658
427	309	324	633
428	275	322	597
429	297	309	606
430	294	321	615
431	324	314	638
432	313	308	621
433	311	330	641
434	298	322	620
435	302	326	628
436	288	328	616
437	309	310	619
438	303	315	618
439	310	334	644
440	312	345	657
441	323	312	635
442	321	332	653
443	326	320	646
444	324	294	618
445	329	307	636
446	308	317	625
447	292	341	633
448	320	317	637
449	296	316	612
450	323	326	649
451	314	320	634
452	326	324	650
453	339	319	658
454	312	302	614
455	304	307	611
456	290	335	625
457	308	342	650
458	300	327	627
459	296	321	617
460	313	322	635
461	314	302	616
462	323	318	641
463	316	324	640
464	331	326	657
465	320	321	641
466	303	320	623
467	321	327	648
468	296	335	631
469	319	321	640
470	314	319	633
471	320	327	647
472	327	331	658
473	319	332	651
474	301	321	622
475	295	331	626
476	304	334	638
477	303	320	623
478	325	332	657
479	313	339	652
480	314	325	639
481	312	330	642
482	304	311	615
483	293	325	618
484	277	329	606
485	309	336	645
486	308	335	643
487	295	322	617
488	302	322	624
489	300	322	622
490	305	311	616
491	309	328	637
492	358	310	668
493	305	296	601
494	283	311	594
495	321	311	632
496	313	315	628
497	288	347	635
498	328	310	638
499	300	336	636
500	276	325	601
501	316	335	651
502	307	312	619
503	315	316	631
504	331	288	619
505	338	296	634
506	336	326	662
507	297	344	641
508	319	325	644
509	329	299	628
510	307	311	618
511	314	324	638
512	315	317	632
513	309	329	638
514	299	318	617
515	311	317	628
516	314	319	633
517	301	313	614
518	298	308	606
519	286	319	605
520	302	328	630
521	297	342	639
522	311	337	648
523	307	332	639
524	282	327	609
525	277	345	622
526	303	331	634
527	311	334	645
528	308	338	646
529	305	307	612
530	319	328	647
531	329	358	687
532	324	340	664
533	312	340	652
534	314	343	657
535	322	301	623
536	329	327	656
537	308	307	615
538	316	311	627
539	320	328	648
540	297	328	625
541	318	304	622
542	324	303	627
543	286	317	603
544	311	314	625
545	307	332	639
546	303	343	646
547	318	322	640
548	302	323	625
549	327	298	625
550	331	298	629
551	322	316	638
552	301	331	632
553	303	351	654
554	298	346	644
555	309	316	625
556	311	327	638
557	308	340	648
558	322	327	649
559	324	299	623
560	267	316	583
561	291	297	588
562	280	293	573
563	297	315	612
564	318	305	623
565	301	301	602
566	303	308	611
567	310	311	621
568	309	320	629
569	317	332	649
570	316	317	633
571	309	317	626
572	308	326	634
573	301	329	630
574	298	310	608
575	303	304	607
576	303	304	607
577	313	328	641
578	321	336	657
579	317	312	629
580	292	314	606
581	307	313	620
582	306	312	618
583	314	306	620
584	304	320	624
585	318	341	659
586	281	355	636
587	298	343	641
588	292	327	619
589	307	327	634
590	330	303	633
591	334	309	643
592	311	326	637
593	308	321	629
594	298	338	636
595	298	342	640
596	295	327	622
597	288	327	615
598	307	297	604
599	318	295	613
600	309	326	635
601	313	320	633
602	312	295	607
603	302	311	613
604	320	314	634
605	330	323	653
606	305	307	612
607	322	324	646
608	314	304	618
609	320	286	606
610	301	312	613
611	294	328	622
612	301	331	632
613	291	335	626
614	316	331	647
615	312	305	617
616	319	321	640
617	313	318	631
618	323	314	637
619	301	336	637
620	320	331	651
621	299	328	627
622	323	330	653
623	311	323	634
624	310	324	634
625	306	319	625
626	294	333	627
627	303	349	652
628	299	316	615
629	302	330	632
630	282	343	625
631	286	333	619
632	286	320	606
633	290	328	618
634	290	316	606
635	301	318	619
636	320	330	650
637	337	307	644
638	304	306	610
639	317	307	624
640	311	310	621
641	343	316	659
642	307	321	628
643	323	313	636
644	313	302	615
645	318	298	616
646	291	303	594
647	309	327	636
648	311	328	639
649	314	313	627
650	306	333	639
651	303	308	611
652	302	322	624
653	282	333	615
654	305	327	632
655	305	322	627
656	300	327	627
657	316	353	669
658	291	316	607
659	314	326	640
660	302	332	634
661	329	345	674
662	335	306	641
663	292	323	615
664	303	330	633
665	327	328	655
666	308	356	664
667	312	304	616
668	297	314	611
669	312	318	630
670	306	326	632
671	339	308	647
672	312	309	621
673	315	323	638
674	295	333	628
675	299	333	632
676	293	333	626
677	302	344	646
678	324	334	658
679	315	330	645
680	309	314	623
681	313	322	635
682	301	328	629
683	293	287	580
684	310	323	633
685	310	325	635
686	317	322	639
687	300	340	640
688	293	305	598
689	283	344	627
690	319	324	643
691	317	326	643
692	320	325	645
693	332	305	637
694	338	339	677
695	323	324	647
696	330	328	658
697	345	321	666
698	323	291	614
699	287	338	625
700	285	319	604
701	319	319	638
702	330	303	633
703	327	334	661
704	312	333	645
705	320	320	640
706	313	361	674
707	323	298	621
708	313	331	644
709	304	321	625
710	298	301	599
711	315	321	636
712	308	348	656
713	307	337	644
714	304	330	634
715	295	330	625
716	294	320	614
717	301	327	628
718	312	310	622
719	303	295	598
720	319	337	656
721	312	337	649
722	312	348	660
723	325	332	657
724	310	324	634
725	311	331	642
726	337	332	669
727	313	328	641
728	305	331	636
729	317	302	619
730	298	312	610
731	315	340	655
732	300	318	618
733	305	308	613
734	312	315	627
735	293	305	598
736	321	336	657
737	323	304	627
738	306	322	628
739	326	324	650
740	306	330	636
741	303	331	634
742	335	330	665
743	334	314	648
744	307	355	662
745	289	320	609
746	313	330	643
747	297	331	628
748	313	314	627
749	306	312	618
750	305	319	624
751	314	325	639
752	303	341	644
753	275	302	577
754	310	324	634
755	317	327	644
756	307	321	628
757	322	324	646
758	329	297	626
759	319	293	612
760	312	328	640
761	292	324	616
762	316	303	619
763	322	308	630
764	308	317	625
765	308	331	639
766	309	328	637
767	307	314	621
768	323	314	637
769	298	298	596
770	327	320	647
771	313	299	612
772	342	316	658
773	304	306	610
774	301	320	621
775	300	315	615
776	320	336	656
777	295	317	612
778	320	300	620
779	321	307	628
780	315	310	625
781	301	313	614
782	310	324	634
783	314	333	647
784	299	313	612
785	298	318	616
786	298	304	602
787	312	320	632
788	306	334	640
789	307	332	639
790	308	330	638
791	306	328	634
792	293	310	603
793	311	312	623
794	313	307	620
795	301	312	613
796	306	300	606
797	307	313	620
798	305	346	651
799	308	318	626
800	317	318	635
801	310	302	612
802	286	298	584
803	319	327	646
804	291	335	626
805	314	304	618
806	296	316	612
807	310	328	638
808	306	333	639
809	302	329	631
810	299	326	625
811	307	315	622
812	295	314	609
813	299	329	628
814	315	331	646
815	296	344	640
816	304	328	632
817	327	328	655
818	299	334	633
819	331	322	653
820	312	326	638
821	294	321	615
822	296	324	620
823	313	321	634
824	296	340	636
825	309	338	647
826	312	332	644
827	315	321	636
828	312	317	629
829	300	313	613
830	322	330	652
831	305	326	631
832	321	316	637
833	312	309	621
834	324	307	631
835	295	319	614
836	305	337	642
837	293	330	623
838	270	315	585
839	308	311	619
840	301	306	607
841	295	304	599
842	315	329	644
843	300	337	637
844	298	321	619
845	297	329	626
846	328	317	645
847	306	311	617
848	313	328	641
849	315	325	640
850	312	332	644
851	313	331	644
852	331	329	660
853	309	329	638
854	309	308	617
855	316	301	617
856	288	316	604
857	325	325	650
858	329	338	667
859	310	324	634
860	282	329	611
861	310	302	612
862	293	319	612
863	323	286	609
864	314	318	632
865	321	308	629
866	327	327	654
867	313	305	618
868	309	326	635
869	296	316	612
870	287	327	614
871	310	309	619
872	324	330	654
873	325	328	653
874	303	304	607
875	298	323	621
876	303	324	627
877	282	340	622
878	307	339	646
879	295	338	633
880	277	321	598
881	304	333	637
882	306	334	640
883	299	325	624
884	290	304	594
885	307	301	608
886	327	317	644
887	295	334	629
888	298	325	623
889	297	327	624
890	322	322	644
891	301	336	637
892	304	336	640
893	311	325	636
894	302	325	627
895	336	302	638
896	300	337	637
897	297	325	622
898	300	325	625
899	319	336	655
900	312	323	635
901	289	322	611
902	299	313	612
903	294	297	591
904	320	296	616
905	314	332	646
906	320	333	653
907	299	333	632
908	315	322	637
909	322	308	630
910	312	326	638
911	337	316	653
912	304	316	620
913	311	316	627
914	287	316	603
915	297	327	624
916	328	330	658
917	315	330	645
918	274	337	611
919	290	312	602
920	301	317	618
921	319	328	647
922	330	323	653
923	316	342	658
924	285	331	616
925	314	319	633
926	306	314	620
927	327	326	653
928	317	303	620
929	301	320	621
930	313	315	628
931	324	313	637
932	285	345	630
933	316	323	639
934	328	316	644
935	323	312	635
936	304	345	649
937	302	297	599
938	303	310	613
939	313	336	649
940	307	322	629
941	317	320	637
942	314	334	648
943	300	315	615
944	283	336	619
945	294	318	612
946	292	330	622
947	333	302	635
948	316	326	642
949	310	307	617
950	297	315	612
951	303	308	611
952	291	301	592
953	292	288	580
954	301	310	611
955	312	319	631
956	318	321	639
957	312	316	628
958	319	318	637
959	329	314	643
960	295	318	613
961	311	324	635
962	316	313	629
963	323	318	641
964	301	334	635
965	319	336	655
966	318	323	641
967	321	330	651
968	329	312	641
969	323	322	645
970	342	312	654
971	335	314	649
972	330	326	656
973	310	311	621
974	320	337	657
975	294	308	602
976	290	339	629
977	307	333	640
978	320	302	622
979	317	313	630
980	316	318	634
981	316	329	645
982	285	340	625
983	303	341	644
984	286	307	593
985	345	301	646
986	346	277	623
987	337	250	587
988	354	258	612
989	331	259	590
990	321	257	578
991	347	241	588
992	321	214	535
993	314	202	516
994	333	194	527
995	340	188	528
996	327	205	532
997	323	211	534
998	333	189	522
999	335	193	528
1000	318	211	529
1001	280	227	507
1002	274	237	511
1003	252	236	488
1004	263	238	501
1005	255	244	499
1006	246	262	508
1007	259	290	549
1008	257	306	563
1009	260	321	581
1010	270	331	601
1011	263	356	619
1012	246	366	612
1013	256	353	609
1014	237	343	580
1015	234	335	569
1016	233	326	559
1017	239	335	574
1018	231	350	581
1019	243	345	588
1020	255	369	624
1021	238	337	575
1022	238	344	582
1023	257	338	595
1024	266	327	593
1025	264	365	629
1026	270	345	615
1027	258	349	607
1028	261	369	630
1029	269	355	624
1030	270	366	636
1031	280	342	622
1032	265	369	634
1033	268	357	625
1034	255	351	606
1035	246	358	604
1036	254	373	627
1037	248	363	611
1038	245	348	593
1039	217	372	589
1040	230	342	572
1041	237	332	569
1042	229	344	573
1043	236	331	567
1044	224	345	569
1045	213	336	549
1046	235	343	578
1047	233	353	586
1048	235	341	576
1049	241	359	600
1050	233	359	592
1051	257	339	596
1052	260	338	598
1053	242	369	611
1054	269	365	634
1055	253	355	608
1056	252	348	600
1057	306	317	623
1058	296	316	612
1059	310	350	660
1060	299	357	656
1061	297	319	616
1062	300	316	616
1063	299	325	624
1064	317	276	593
1065	317	316	633
1066	314	312	626
1067	313	310	623
1068	323	295	618
1069	313	302	615
1070	338	318	656
1071	340	305	645
1072	332	297	629
1073	326	322	648
1074	310	307	617
1075	335	294	629
1076	350	298	648
1077	343	301	644
1078	340	319	659
1079	335	297	632
1080	306	281	587
1081	336	298	634
1082	336	306	642
1083	321	304	625
1084	327	313	640
1085	319	293	612
1086	311	305	616
1087	320	321	641
1088	311	301	612
1089	336	296	632
1090	313	296	609
1091	344	311	655
1092	317	315	632
1093	347	288	635
1094	324	311	635
1095	326	299	625
1096	321	294	615
1097	320	334	654
1098	345	306	651
1099	342	299	641
1100	337	289	626
1101	341	290	631
1102	326	322	648
1103	317	315	632
1104	314	315	629
1105	302	312	614
1106	307	315	622
1107	317	322	639
1108	293	323	616
1109	315	295	610
1110	329	307	636
1111	302	294	596
1112	321	280	601
1113	334	302	636
1114	325	303	628
1115	330	310	640
1116	348	312	660
1117	301	312	613
1118	295	326	621
1119	315	308	623
1120	317	320	637
1121	324	304	628
1122	330	321	651
1123	322	297	619
1124	313	329	642
1125	319	312	631
1126	319	319	638
1127	309	318	627
1128	327	323	650
1129	321	330	651
1130	316	351	667
1131	308	314	622
1132	314	302	616
1133	329	321	650
1134	327	281	608
1135	327	302	629
1136	323	297	620
1137	294	309	603
1138	303	336	639
1139	310	341	651
1140	340	332	672
1141	342	353	695
1142	335	353	688
1143	314	354	668
1144	315	347	662
1145	332	351	683
1146	335	349	684
1147	321	354	675
1148	325	370	695
1149	311	385	696
1150	317	369	686
1151	325	368	693
1152	336	367	703
1153	329	356	685
1154	335	338	673
1155	336	368	704
1156	328	385	713
1157	340	373	713
1158	344	366	710
1159	344	366	710
1160	340	367	707
1161	337	352	689
1162	322	373	695
1163	335	380	715
1164	359	371	730
1165	346	373	719
1166	341	370	711
1167	333	339	672
1168	347	345	692
1169	337	353	690
1170	369	356	725
1171	312	373	685
1172	353	366	719
1173	320	374	694
1174	358	367	725
1175	338	364	702
1176	343	375	718
1177	358	364	722
1178	345	371	716
1179	373	357	730
1180	338	357	695
1181	319	375	694
1182	330	382	712
1183	345	372	717
1184	343	375	718
1185	342	348	690
1186	330	353	683
1187	332	368	700
1188	338	349	687
1189	341	365	706
1190	333	367	700
1191	366	366	732
1192	354	371	725
1193	344	350	694
1194	337	353	690
1195	305	372	677
1196	319	361	680
1197	328	369	697
1198	359	377	736
1199	346	364	710
1200	344	333	677
1201	332	367	699
1202	339	344	683
1203	347	382	729
1204	374	383	757
1205	347	360	707
1206	344	375	719
1207	333	364	697
1208	337	384	721
1209	330	369	699
1210	332	365	697
1211	319	354	673
1212	317	376	693
1213	350	373	723
1214	343	362	705
1215	348	359	707
1216	336	362	698
1217	323	365	688
1218	356	357	713
1219	352	368	720
1220	314	378	692
1221	344	366	710
1222	326	359	685
1223	343	388	731
1224	336	384	720
1225	316	395	711
1226	321	367	688
1227	334	364	698
1228	322	359	681
1229	329	367	696
1230	322	363	685
1231	323	384	707
1232	364	386	750
1233	342	341	683
1234	325	361	686
1235	327	354	681
1236	324	356	680
1237	356	344	700
1238	338	363	701
1239	314	388	702
1240	317	373	690
1241	343	379	722
1242	362	358	720
1243	327	383	710
1244	331	372	703
1245	345	355	700
1246	338	361	699
1247	345	361	706
1248	358	362	720
1249	325	355	680
1250	318	373	691
1251	354	355	709
1252	343	362	705
1253	352	358	710
1254	369	366	735
1255	345	340	685
1256	334	343	677
1257	351	329	680
1258	347	375	722
1259	332	377	709
1260	329	381	710
1261	350	375	725
1262	326	393	719
1263	334	373	707
1264	343	363	706
1265	338	357	695
1266	329	358	687
1267	320	364	684
1268	331	361	692
1269	329	377	706
1270	318	369	687
1271	349	352	701
1272	353	376	729
1273	331	364	695
1274	335	361	696
1275	337	366	703
1276	348	358	706
1277	342	343	685
1278	344	353	697
1279	341	366	707
1280	325	353	678
1281	334	357	691
1282	327	356	683
1283	329	348	677
1284	360	369	729
1285	349	360	709
1286	334	376	710
1287	319	352	671
1288	328	353	681
1289	346	339	685
1290	345	368	713
1291	348	351	699
1292	335	373	708
1293	305	355	660
1294	307	373	680
1295	318	378	696
1296	348	351	699
1297	354	383	737
1298	341	379	720
1299	321	374	695
1300	345	374	719
1301	334	381	715
1302	322	350	672
1303	334	369	703
1304	369	352	721
1305	353	369	722
1306	349	384	733
1307	340	358	698
1308	359	364	723
1309	350	356	706
1310	328	379	707
1311	333	349	682
1312	351	342	693
1313	343	357	700
1314	344	357	701
1315	355	359	714
1316	350	359	709
1317	345	358	703
1318	339	354	693
1319	331	351	682
1320	359	380	739
1321	361	392	753
1322	322	361	683
1323	343	368	711
1324	346	368	714
1325	338	353	691
1326	338	374	712
1327	349	390	739
1328	335	363	698
1329	328	356	684
1330	336	376	712
1331	342	348	690
1332	312	341	653
1333	329	355	684
1334	343	373	716
1335	354	362	716
1336	342	380	722
1337	344	376	720
1338	321	383	704
1339	323	373	696
1340	348	351	699
1341	328	349	677
1342	343	352	695
1343	343	365	708
1344	334	369	703
1345	342	363	705
1346	343	367	710
1347	345	382	727
1348	347	372	719
1349	361	372	733
1350	350	356	706
1351	323	378	701
1352	334	345	679
1353	358	360	718
1354	335	375	710
1355	339	358	697
1356	330	363	693
1357	336	340	676
1358	347	340	687
1359	343	338	681
1360	324	348	672
1361	339	364	703
1362	334	366	700
1363	343	378	721
1364	319	353	672
1365	339	372	711
1366	329	379	708
1367	331	375	706
1368	342	343	685
1369	320	350	670
1370	328	351	679
1371	330	357	687
1372	357	332	689
1373	336	363	699
1374	347	364	711
1375	330	385	715
1376	339	379	718
1377	330	370	700
1378	326	376	702
1379	342	347	689
1380	310	342	652
1381	358	358	716
1382	341	363	704
1383	327	371	698
1384	321	359	680
1385	334	373	707
1386	352	359	711
1387	356	353	709
1388	377	345	722
1389	332	353	685
1390	327	362	689
1391	327	372	699
1392	322	375	697
1393	340	354	694
1394	359	363	722
1395	349	376	725
1396	330	352	682
1397	339	376	715
1398	343	360	703
1399	341	349	690
1400	334	354	688
1401	344	380	724
1402	333	363	696
1403	321	350	671
1404	318	360	678
1405	351	347	698
1406	342	369	711
1407	352	354	706
1408	331	356	687
1409	344	357	701
1410	324	354	678
1411	351	354	705
1412	331	384	715
1413	315	399	714
1414	336	376	712
1415	347	387	734
1416	339	363	702
1417	363	367	730
1418	319	346	665
1419	334	339	673
1420	336	364	700
1421	349	348	697
1422	368	342	710
1423	354	345	699
1424	346	309	655
1425	354	338	692
1426	339	350	689
1427	353	333	686
1428	318	335	653
1429	340	319	659
1430	328	302	630
1431	340	312	652
1432	351	335	686
1433	332	327	659
1434	321	318	639
1435	321	306	627
1436	330	312	642
1437	340	292	632
1438	328	301	629
1439	330	285	615
1440	339	301	640
1441	337	294	631
1442	336	333	669
1443	347	317	664
1444	336	324	660
1445	338	329	667
1446	333	308	641
1447	321	302	623
1448	326	291	617
1449	317	305	622
1450	328	318	646
1451	340	317	657
1452	345	308	653
1453	306	325	631
1454	321	329	650
1455	338	331	669
1456	322	286	608
1457	324	311	635
1458	301	315	616
1459	283	322	605
1460	308	314	622
1461	308	330	638
1462	309	334	643
1463	303	374	677
1464	284	361	645
1465	285	369	654
1466	310	376	686
1467	287	385	672
1468	299	372	671
1469	285	377	662
1470	303	366	669
1471	297	369	666
1472	292	362	654
1473	300	362	662
1474	290	370	660
1475	284	366	650
1476	280	381	661
1477	270	376	646
1478	277	375	652
1479	287	384	671
1480	300	372	672
1481	292	363	655
1482	294	358	652
1483	271	360	631
1484	263	369	632
1485	265	357	622
1486	263	368	631
1487	261	367	628
1488	264	351	615
1489	281	357	638
1490	294	362	656
1491	285	363	648
1492	277	395	672
1493	271	375	646
1494	280	361	641
1495	293	370	663
1496	266	368	634
1497	263	362	625
1498	267	377	644
1499	283	361	644
1500	278	384	662
1501	297	349	646
1502	273	365	638
1503	265	371	636
1504	274	374	648
1505	251	365	616
1506	247	356	603
1507	254	361	615
1508	274	375	649
1509	264	356	620
1510	310	341	651
1511	323	336	659
1512	288	359	647
1513	318	331	649
1514	303	306	609
1515	308	325	633
1516	314	316	630
1517	330	302	632
1518	335	302	637
1519	347	271	618
1520	342	298	640
1521	322	303	625
1522	300	297	597
1523	318	287	605
1524	296	327	623
1525	313	339	652
1526	300	322	622
1527	282	325	607
1528	277	344	621
1529	248	312	560
1530	258	318	576
1531	273	319	592
1532	263	292	555
1533	266	299	565
1534	268	322	590
1535	291	294	585
1536	291	311	602
1537	309	317	626
1538	333	330	663
1539	330	332	662
1540	340	344	684
1541	333	323	656
1542	327	330	657
1543	354	341	695
1544	314	362	676
1545	323	364	687
1546	348	374	722
1547	336	342	678
1548	342	370	712
1549	343	338	681
1550	329	354	683
1551	334	329	663
1552	335	357	692
1553	342	363	705
1554	327	361	688
1555	345	361	706
1556	320	353	673
1557	352	342	694
1558	354	349	703
1559	351	353	704
1560	360	358	718
1561	337	346	683
1562	332	346	678
1563	348	364	712
1564	329	379	708
1565	336	386	722
1566	334	373	707
1567	335	352	687
1568	345	354	699
1569	342	362	704
1570	344	358	702
1571	332	375	707
1572	323	376	699
1573	307	369	676
1574	337	334	671
1575	328	350	678
1576	329	368	697
1577	335	360	695
1578	317	360	677
1579	312	360	672
1580	319	371	690
1581	325	350	675
1582	324	339	663
1583	307	381	688
1584	293	370	663
1585	288	350	638
1586	290	369	659
1587	305	375	680
1588	306	345	651
1589	295	349	644
1590	301	365	666
1591	288	378	666
1592	275	374	649
1593	261	368	629
1594	302	364	666
1595	316	365	681
1596	301	368	669
1597	311	361	672
1598	290	352	642
1599	296	373	669
1600	301	357	658
1601	301	357	658
1602	300	358	658
1603	306	370	676
1604	300	377	677
1605	330	359	689
1606	335	369	704
1607	326	363	689
1608	319	347	666
1609	321	347	668
1610	314	376	690
1611	321	381	702
1612	303	362	665
1613	297	383	680
1614	304	348	652
1615	314	347	661
1616	311	387	698
1617	324	363	687
1618	314	368	682
1619	307	384	691
1620	300	381	681
1621	317	344	661
1622	301	366	667
1623	325	382	707
1624	312	358	670
1625	318	386	704
1626	331	366	697
1627	302	368	670
1628	294	349	643
1629	293	365	658
1630	332	378	710
1631	299	332	631
1632	303	349	652
1633	299	354	653
1634	282	352	634
1635	281	367	648
1636	290	390	680
1637	284	350	634
1638	286	364	650
1639	309	363	672
1640	293	354	647
1641	311	358	669
1642	308	367	675
1643	299	378	677
1644	298	353	651
1645	290	380	670
1646	321	359	680
1647	297	364	661
1648	282	371	653
1649	310	351	661
1650	294	351	645
1651	276	362	638
1652	283	360	643
1653	287	360	647
1654	321	346	667
1655	303	313	616
1656	306	297	603
1657	299	295	594
1658	340	269	609
1659	317	255	572
1660	309	254	563
1661	313	254	567
1662	308	254	562
1663	340	233	573
1664	313	200	513
1665	302	185	487
1666	342	161	503
1667	352	175	527
1668	315	220	535
1669	319	218	537
1670	324	251	575
1671	288	272	560
1672	252	260	512
1673	255	246	501
1674	250	257	507
1675	253	275	528
1676	261	284	545
1677	262	269	531
1678	241	285	526
1679	262	261	523
1680	253	288	541
1681	251	276	527
1682	234	252	486
1683	274	287	561
1684	283	263	546
1685	298	227	525
1686	299	228	527
1687	297	218	515
1688	292	206	498
1689	300	225	525
1690	320	248	568
1691	304	241	545
1692	275	230	505
1693	282	246	528
1694	237	253	490
1695	232	241	473
1696	238	250	488
1697	228	264	492
1698	218	276	494
1699	201	273	474
1700	210	277	487
1701	204	269	473
1702	205	263	468
1703	208	270	478
1704	220	249	469
1705	214	255	469
1706	203	244	447
1707	184	256	440
1708	222	251	473
1709	202	261	463
1710	220	264	484
1711	206	264	470
1712	211	248	459
1713	218	233	451
1714	222	235	457
1715	255	241	496
1716	265	233	498
1717	285	249	534
1718	290	234	524
1719	331	240	571
1720	298	218	516
1721	284	246	530
1722	276	228	504
1723	249	248	497
1724	234	256	490
1725	213	249	462
1726	190	254	444
1727	188	253	441
1728	182	274	456
1729	205	250	455
1730	210	252	462
1731	214	232	446
1732	222	248	470
1733	245	235	480
1734	251	225	476
1735	260	227	487
1736	274	216	490
1737	249	240	489
1738	256	246	502
1739	254	216	470
1740	214	216	430
1741	208	245	453
1742	208	232	440
1743	214	237	451
1744	204	252	456
1745	203	256	459
1746	190	276	466
1747	192	286	478
1748	217	305	522
1749	241	280	521
1750	216	291	507
1751	236	282	518
1752	251	263	514
1753	269	267	536
1754	269	258	527
1755	278	259	537
1756	290	258	548
1757	252	239	491
1758	229	240	469
1759	255	219	474
1760	250	214	464
1761	273	214	487
1762	250	203	453
1763	240	200	440
1764	229	213	442
1765	209	218	427
1766	183	235	418
1767	179	213	392
1768	215	219	434
1769	224	225	449
1770	228	197	425
1771	219	206	425
1772	214	198	412
1773	220	217	437
1774	249	234	483
1775	237	229	466
1776	230	238	468
1777	242	229	471
1778	224	203	427
1779	214	183	397
1780	209	212	421
1781	227	216	443
1782	228	221	449
1783	202	227	429
1784	191	215	406
1785	209	211	420
1786	216	215	431
1787	222	213	435
1788	218	210	428
1789	230	241	471
1790	230	225	455
1791	231	221	452
1792	206	202	408
1793	237	206	443
1794	251	223	474
1795	268	218	486
1796	287	213	500
1797	295	216	511
1798	264	221	485
1799	265	235	500
1800	269	207	476
1801	251	205	456
1802	250	197	447
1803	265	200	465
1804	258	188	446
1805	240	212	452
1806	242	194	436
1807	241	196	437
1808	246	208	454
1809	235	214	449
1810	234	225	459
1811	214	241	455
1812	211	256	467
1813	229	277	506
1814	240	277	517
1815	209	285	494
1816	236	307	543
1817	243	272	515
1818	240	256	496
1819	258	256	514
1820	257	251	508
1821	252	259	511
1822	282	241	523
1823	251	265	516
1824	265	265	530
1825	239	265	504
1826	250	256	506
1827	266	271	537
1828	260	251	511
1829	234	238	472
1830	241	253	494
1831	244	223	467
1832	228	222	450
1833	237	238	475
1834	225	222	447
1835	218	232	450
1836	219	241	460
1837	227	245	472
1838	225	223	448
1839	235	246	481
1840	219	237	456
1841	213	227	440
1842	228	247	475
1843	215	205	420
1844	241	215	456
1845	220	237	457
1846	216	212	428
1847	230	222	452
1848	215	203	418
1849	228	212	440
1850	234	221	455
1851	240	209	449
1852	225	206	431
1853	241	226	467
1854	245	223	468
1855	215	238	453
1856	249	280	529
1857	221	280	501
1858	212	285	497
1859	229	273	502
1860	239	297	536
1861	241	279	520
1862	250	289	539
1863	251	310	561
1864	273	279	552
1865	277	275	552
1866	265	279	544
1867	257	269	526
1868	256	264	520
1869	261	223	484
1870	229	231	460
1871	252	247	499
1872	250	234	484
1873	246	257	503
1874	251	249	500
1875	270	245	515
1876	303	272	575
1877	349	318	667
1878	348	376	724
1879	347	359	706
1880	372	371	743
1881	388	345	733
1882	365	344	709
1883	352	370	722
1884	369	355	724
1885	362	388	750
1886	372	362	734
1887	380	371	751
1888	385	369	754
1889	373	353	726
1890	364	352	716
1891	375	370	745
1892	366	366	732
1893	354	353	707
1894	363	371	734
1895	339	383	722
1896	360	363	723
1897	370	386	756
1898	400	381	781
1899	369	340	709
1900	351	380	731
1901	377	371	748
1902	390	371	761
1903	384	343	727
1904	377	364	741
1905	360	362	722
1906	347	371	718
1907	381	354	735
1908	349	362	711
1909	371	361	732
1910	357	356	713
1911	361	349	710
1912	363	353	716
1913	366	346	712
1914	355	353	708
1915	371	358	729
1916	370	351	721
1917	356	366	722
1918	347	363	710
1919	376	386	762
1920	365	336	701
1921	367	346	713
1922	386	363	749
1923	372	357	729
1924	360	358	718
1925	357	369	726
1926	376	366	742
1927	367	370	737
1928	372	389	761
1929	347	371	718
1930	358	367	725
1931	346	362	708
1932	387	351	738
1933	392	362	754
1934	368	354	722
1935	361	379	740
1936	369	376	745
1937	346	369	715
1938	339	374	713
1939	344	337	681
1940	361	371	732
1941	367	378	745
1942	378	375	753
1943	394	351	745
1944	374	375	749
1945	381	345	726
1946	353	351	704
1947	364	348	712
1948	350	368	718
1949	395	361	756
1950	390	365	755
1951	370	359	729
1952	359	348	707
1953	362	354	716
1954	355	358	713
1955	375	382	757
1956	373	395	768
1957	371	370	741
1958	332	377	709
1959	371	374	745
1960	361	363	724
1961	376	380	756
1962	374	356	730
1963	361	371	732
1964	359	371	730
1965	370	383	753
1966	346	366	712
1967	360	343	703
1968	363	332	695
1969	376	367	743
1970	365	367	732
1971	369	366	735
1972	379	362	741
1973	358	357	715
1974	375	350	725
1975	367	369	736
1976	384	364	748
1977	373	363	736
1978	348	379	727
1979	381	359	740
1980	376	361	737
1981	383	379	762
1982	377	358	735
1983	351	355	706
1984	350	363	713
1985	363	362	725
1986	357	367	724
1987	373	373	746
1988	381	363	744
1989	375	345	720
1990	387	376	763
1991	370	359	729
1992	349	384	733
1993	375	382	757
1994	352	362	714
1995	373	370	743
1996	372	356	728
1997	366	364	730
1998	379	359	738
1999	347	362	709
2000	334	373	707
2001	366	354	720
2002	346	376	722
2003	358	358	716
2004	365	371	736
2005	371	380	751
2006	370	371	741
2007	358	363	721
2008	380	371	751
2009	371	363	734
2010	329	370	699
2011	351	367	718
2012	356	344	700
2013	347	358	705
2014	362	359	721
2015	373	398	771
2016	373	352	725
2017	370	347	717
2018	398	371	769
2019	389	360	749
2020	372	368	740
2021	381	353	734
2022	387	377	764
2023	376	338	714
2024	351	366	717
2025	351	361	712
2026	386	358	744
2027	360	355	715
2028	350	364	714
2029	357	380	737
2030	366	378	744
2031	364	380	744
2032	364	360	724
2033	376	356	732
2034	365	364	729
2035	361	371	732
2036	356	375	731
2037	365	351	716
2038	363	382	745
2039	377	363	740
2040	382	347	729
2041	398	350	748
2042	388	381	769
2043	368	351	719
2044	365	372	737
2045	387	345	732
2046	381	362	743
2047	354	364	718
2048	371	361	732
2049	363	355	718
2050	359	366	725
2051	364	364	728
2052	363	373	736
2053	385	358	743
2054	378	375	753
2055	363	359	722
2056	346	387	733
2057	357	377	734
2058	366	372	738
2059	359	360	719
2060	373	350	723
2061	373	342	715
2062	369	374	743
2063	367	367	734
2064	374	343	717
2065	374	349	723
2066	346	375	721
2067	375	362	737
2068	364	353	717
2069	377	347	724
2070	371	350	721
2071	338	369	707
2072	359	356	715
2073	380	349	729
2074	388	370	758
2075	375	360	735
2076	345	341	686
2077	352	385	737
2078	383	373	756
2079	371	369	740
2080	351	371	722
2081	371	379	750
2082	348	397	745
2083	375	378	753
2084	383	366	749
2085	373	390	763
2086	363	368	731
2087	355	381	736
2088	365	365	730
2089	394	369	763
2090	348	341	689
2091	377	351	728
2092	365	368	733
2093	380	360	740
2094	366	363	729
2095	359	359	718
2096	367	375	742
2097	375	378	753
2098	363	370	733
2099	372	379	751
2100	367	354	721
2101	387	343	730
2102	356	354	710
2103	376	340	716
2104	364	354	718
2105	361	372	733
2106	370	364	734
2107	365	359	724
2108	388	349	737
2109	367	339	706
2110	370	344	714
2111	363	374	737
2112	377	375	752
2113	377	375	752
2114	365	365	730
2115	376	356	732
2116	375	364	739
2117	351	355	706
2118	375	363	738
2119	377	384	761
2120	362	373	735
2121	351	380	731
2122	352	373	725
2123	365	364	729
2124	363	376	739
2125	370	370	740
2126	369	360	729
2127	348	375	723
2128	344	368	712
2129	352	357	709
2130	353	365	718
2131	361	343	704
2132	398	354	752
2133	376	386	762
2134	338	358	696
2135	357	373	730
2136	383	360	743
2137	358	365	723
2138	347	361	708
2139	347	367	714
2140	360	347	707
2141	374	358	732
2142	369	378	747
2143	385	342	727
2144	378	364	742
2145	384	370	754
2146	389	386	775
2147	378	366	744
2148	354	372	726
2149	361	368	729
2150	386	370	756
2151	375	354	729
2152	382	358	740
2153	358	384	742
2154	358	373	731
2155	373	355	728
2156	387	342	729
2157	368	360	728
2158	365	357	722
2159	358	356	714
2160	380	359	739
2161	366	371	737
2162	387	361	748
2163	366	391	757
2164	385	358	743
2165	363	341	704
2166	343	363	706
2167	356	371	727
2168	372	353	725
2169	376	361	737
2170	378	385	763
2171	369	353	722
2172	366	340	706
2173	363	361	724
2174	363	363	726
2175	381	373	754
2176	381	356	737
2177	369	366	735
2178	361	360	721
2179	367	336	703
2180	351	358	709
2181	362	380	742
2182	353	376	729
2183	372	363	735
2184	368	377	745
2185	358	360	718
2186	342	372	714
2187	364	352	716
2188	332	363	695
2189	380	368	748
2190	374	338	712
2191	349	379	728
2192	368	348	716
2193	345	367	712
2194	359	359	718
2195	366	362	728
2196	362	366	728
2197	389	345	734
2198	379	361	740
2199	351	368	719
2200	374	356	730
2201	385	365	750
2202	373	349	722
2203	370	366	736
2204	380	390	770
2205	352	395	747
2206	352	375	727
2207	373	359	732
2208	377	370	747
2209	320	362	682
2210	365	362	727
2211	372	373	745
2212	364	354	718
2213	374	354	728
2214	371	352	723
2215	350	397	747
2216	330	358	688
2217	369	370	739
2218	379	351	730
2219	367	381	748
2220	368	364	732
2221	339	365	704
2222	367	375	742
2223	368	367	735
2224	360	374	734
2225	392	342	734
2226	367	367	734
2227	351	359	710
2228	357	376	733
2229	362	370	732
2230	342	351	693
2231	369	359	728
2232	360	366	726
2233	346	366	712
2234	373	363	736
2235	379	363	742
2236	375	360	735
2237	370	367	737
2238	370	369	739
2239	376	368	744
2240	353	356	709
2241	350	378	728
2242	363	378	741
2243	378	373	751
2244	373	363	736
2245	357	357	714
2246	346	377	723
2247	389	374	763
2248	362	361	723
2249	391	349	740
2250	394	355	749
2251	387	357	744
2252	382	347	729
2253	372	344	716
2254	358	373	731
2255	365	364	729
2256	356	381	737
2257	343	371	714
2258	374	367	741
2259	377	362	739
2260	352	351	703
2261	368	365	733
2262	378	371	749
2263	374	379	753
2264	350	367	717
2265	373	370	743
2266	360	363	723
2267	394	373	767
2268	371	365	736
2269	384	367	751
2270	364	347	711
2271	372	358	730
2272	356	376	732
2273	360	394	754
2274	378	356	734
2275	374	351	725
2276	353	367	720
2277	378	350	728
2278	370	355	725
2279	376	363	739
2280	379	358	737
2281	379	355	734
2282	360	374	734
2283	367	372	739
2284	367	369	736
2285	374	331	705
2286	360	354	714
2287	394	365	759
2288	386	370	756
2289	350	358	708
2290	395	361	756
2291	376	358	734
2292	366	373	739
2293	368	371	739
2294	344	380	724
2295	361	352	713
2296	367	351	718
2297	384	358	742
2298	379	340	719
2299	367	362	729
2300	352	378	730
2301	353	356	709
2302	391	366	757
2303	405	375	780
2304	363	382	745
2305	368	373	741
2306	346	389	735
2307	363	382	745
2308	375	347	722
2309	370	366	736
2310	404	375	779
2311	358	362	720
2312	364	369	733
2313	385	365	750
2314	365	361	726
2315	358	338	696
2316	384	360	744
2317	350	387	737
2318	386	367	753
2319	363	362	725
2320	371	361	732
2321	376	354	730
2322	385	374	759
2323	385	353	738
2324	391	341	732
2325	376	354	730
2326	344	360	704
2327	371	366	737
2328	384	363	747
2329	381	343	724
2330	361	355	716
2331	367	379	746
2332	370	372	742
2333	377	350	727
2334	372	344	716
2335	377	357	734
2336	374	358	732
2337	394	349	743
2338	367	368	735
2339	368	364	732
2340	348	377	725
2341	370	373	743
2342	365	371	736
2343	381	373	754
2344	392	349	741
2345	365	358	723
2346	357	360	717
2347	363	360	723
2348	339	362	701
2349	371	359	730
2350	372	373	745
2351	374	383	757
2352	367	374	741
2353	373	371	744
2354	369	363	732
2355	399	349	748
2356	358	369	727
2357	359	373	732
2358	359	392	751
2359	371	358	729
2360	373	370	743
2361	357	366	723
2362	347	373	720
2363	355	368	723
2364	349	390	739
2365	378	375	753
2366	371	375	746
2367	368	370	738
2368	348	378	726
2369	343	376	719
2370	354	364	718
2371	363	366	729
2372	385	360	745
2373	384	342	726
2374	346	337	683
2375	359	341	700
2376	371	351	722
2377	380	346	726
2378	381	363	744
2379	387	370	757
2380	383	355	738
2381	354	330	684
2382	376	351	727
2383	350	380	730
2384	344	391	735
2385	361	387	748
2386	366	379	745
2387	385	347	732
2388	378	366	744
2389	369	382	751
2390	379	347	726
2391	359	379	738
2392	364	353	717
2393	350	338	688
2394	347	353	700
2395	350	349	699
2396	340	364	704
2397	369	356	725
2398	363	358	721
2399	364	340	704
2400	351	354	705
2401	368	349	717
2402	367	361	728
2403	370	345	715
2404	351	318	669
2405	352	341	693
2406	372	312	684
2407	348	308	656
2408	360	327	687
2409	345	348	693
2410	336	330	666
2411	376	338	714
2412	388	325	713
2413	370	329	699
2414	361	340	701
2415	371	348	719
2416	358	338	696
2417	359	332	691
2418	348	334	682
2419	357	334	691
2420	361	345	706
2421	378	369	747
2422	357	366	723
2423	337	342	679
2424	343	339	682
2425	367	359	726
2426	366	350	716
2427	381	368	749
2428	370	383	753
2429	368	382	750
2430	365	381	746
2431	394	365	759
2432	361	359	720
2433	370	354	724
2434	383	352	735
2435	356	374	730
2436	358	361	719
2437	370	368	738
2438	370	356	726
2439	373	358	731
2440	375	355	730
2441	364	354	718
2442	373	373	746
2443	350	372	722
2444	368	365	733
2445	367	353	720
2446	380	363	743
2447	384	341	725
2448	384	365	749
2449	375	367	742
2450	355	354	709
2451	353	359	712
2452	366	368	734
2453	366	365	731
2454	357	371	728
2455	354	368	722
2456	366	367	733
2457	364	353	717
2458	359	346	705
2459	372	379	751
2460	389	352	741
2461	365	351	716
2462	386	359	745
2463	370	359	729
2464	349	350	699
2465	365	349	714
2466	369	369	738
2467	373	343	716
2468	396	345	741
2469	367	375	742
2470	378	379	757
2471	382	363	745
2472	380	371	751
2473	382	365	747
2474	370	365	735
2475	365	389	754
2476	356	372	728
2477	374	368	742
2478	386	377	763
2479	393	342	735
2480	354	349	703
2481	365	350	715
2482	359	371	730
2483	358	378	736
2484	342	367	709
2485	348	358	706
2486	363	382	745
2487	364	371	735
2488	356	386	742
2489	364	364	728
2490	356	367	723
2491	370	372	742
2492	382	390	772
2493	386	370	756
2494	377	354	731
2495	363	358	721
2496	380	364	744
2497	385	367	752
2498	370	365	735
2499	371	378	749
2500	361	375	736
2501	363	382	745
2502	375	382	757
2503	371	351	722
2504	340	359	699
2505	373	360	733
2506	354	368	722
2507	374	358	732
2508	372	356	728
2509	358	374	732
2510	357	385	742
2511	363	347	710
2512	374	357	731
2513	385	386	771
2514	364	364	728
2515	368	385	753
2516	357	362	719
2517	361	372	733
2518	365	365	730
2519	357	383	740
2520	367	360	727
2521	355	379	734
2522	375	365	740
2523	366	343	709
2524	383	332	715
2525	374	342	716
2526	352	362	714
2527	357	372	729
2528	363	352	715
2529	392	348	740
2530	361	356	717
2531	374	369	743
2532	358	357	715
2533	367	341	708
2534	362	336	698
2535	358	363	721
2536	374	353	727
2537	360	358	718
2538	376	355	731
2539	370	371	741
2540	368	359	727
2541	378	360	738
2542	375	373	748
2543	369	344	713
2544	366	363	729
2545	375	359	734
2546	372	364	736
2547	368	371	739
2548	343	357	700
2549	360	359	719
2550	372	375	747
2551	368	372	740
2552	371	379	750
2553	359	381	740
2554	358	345	703
2555	380	362	742
2556	378	365	743
2557	364	395	759
2558	375	376	751
2559	376	366	742
2560	363	355	718
2561	372	383	755
2562	357	379	736
2563	394	355	749
2564	368	371	739
2565	360	353	713
2566	377	358	735
2567	351	363	714
2568	367	380	747
2569	370	382	752
2570	376	350	726
2571	355	349	704
2572	376	365	741
2573	382	353	735
2574	373	371	744
2575	369	376	745
2576	372	383	755
2577	380	369	749
2578	384	369	753
2579	377	356	733
2580	354	374	728
2581	365	359	724
2582	363	391	754
2583	366	371	737
2584	363	359	722
2585	382	372	754
2586	386	375	761
2587	391	367	758
2588	364	363	727
2589	366	385	751
2590	378	371	749
2591	356	362	718
2592	361	350	711
2593	373	341	714
2594	361	337	698
2595	357	366	723
2596	383	373	756
2597	381	361	742
2598	382	380	762
2599	362	367	729
2600	374	363	737
2601	384	354	738
2602	369	337	706
2603	357	364	721
2604	365	378	743
2605	351	377	728
2606	353	370	723
2607	358	381	739
2608	359	354	713
2609	347	358	705
2610	382	377	759
2611	366	354	720
2612	377	339	716
2613	354	351	705
2614	371	360	731
2615	353	384	737
2616	350	380	730
2617	366	383	749
2618	369	355	724
2619	369	354	723
2620	381	365	746
2621	377	360	737
2622	355	372	727
2623	383	370	753
2624	382	361	743
2625	377	369	746
2626	360	377	737
2627	379	365	744
2628	351	375	726
2629	383	333	716
2630	356	385	741
2631	382	382	764
2632	372	375	747
2633	366	379	745
2634	369	385	754
2635	367	383	750
2636	370	363	733
2637	375	369	744
2638	378	368	746
2639	368	379	747
2640	336	359	695
2641	359	377	736
2642	362	359	721
2643	373	354	727
2644	360	344	704
2645	371	354	725
2646	387	350	737
2647	365	346	711
2648	358	371	729
2649	370	374	744
2650	378	395	773
2651	382	367	749
2652	374	345	719
2653	367	369	736
2654	377	365	742
2655	364	374	738
2656	362	366	728
2657	382	326	708
2658	389	366	755
2659	350	385	735
2660	334	385	719
2661	367	382	749
2662	394	352	746
2663	357	358	715
2664	357	368	725
2665	370	366	736
2666	372	382	754
2667	360	369	729
2668	342	352	694
2669	382	334	716
2670	359	319	678
2671	358	360	718
2672	350	380	730
2673	373	359	732
2674	374	356	730
2675	373	378	751
2676	378	365	743
2677	395	355	750
2678	368	398	766
2679	382	397	779
2680	388	391	779
2681	378	354	732
2682	370	373	743
2683	356	349	705
2684	352	355	707
2685	383	356	739
2686	349	381	730
2687	376	351	727
2688	370	343	713
2689	357	357	714
2690	397	357	754
2691	372	367	739
2692	359	359	718
2693	365	370	735
2694	365	355	720
2695	369	350	719
2696	363	372	735
2697	360	337	697
2698	337	336	673
2699	369	381	750
2700	366	383	749
2701	385	374	759
2702	377	370	747
2703	372	372	744
2704	348	359	707
2705	377	374	751
2706	353	363	716
2707	377	367	744
2708	389	350	739
2709	374	367	741
2710	370	369	739
2711	344	369	713
2712	358	360	718
2713	381	352	733
2714	365	367	732
2715	382	355	737
2716	347	361	708
2717	386	367	753
2718	365	351	716
2719	368	376	744
2720	376	398	774
2721	366	389	755
2722	366	364	730
2723	362	375	737
2724	382	362	744
2725	378	379	757
2726	378	357	735
2727	361	377	738
2728	370	387	757
2729	362	380	742
2730	392	354	746
2731	370	364	734
2732	377	356	733
2733	388	367	755
2734	395	361	756
2735	388	354	742
2736	384	366	750
2737	366	350	716
2738	392	347	739
2739	368	378	746
2740	364	373	737
2741	381	362	743
2742	349	348	697
2743	352	355	707
2744	377	347	724
2745	380	344	724
2746	379	357	736
2747	365	352	717
2748	361	358	719
2749	374	350	724
2750	364	360	724
2751	378	343	721
2752	349	359	708
2753	376	385	761
2754	350	366	716
2755	364	367	731
2756	380	377	757
2757	362	367	729
2758	366	353	719
2759	401	358	759
2760	381	368	749
2761	373	377	750
2762	362	359	721
2763	365	391	756
2764	361	371	732
2765	369	363	732
2766	387	352	739
2767	373	359	732
2768	369	349	718
2769	383	368	751
2770	358	369	727
2771	370	354	724
2772	381	359	740
2773	381	360	741
2774	350	359	709
2775	375	367	742
2776	378	360	738
2777	367	387	754
2778	370	362	732
2779	375	357	732
2780	396	368	764
2781	368	338	706
2782	377	355	732
2783	375	378	753
2784	367	375	742
2785	375	380	755
2786	380	369	749
2787	385	349	734
2788	366	353	719
2789	362	366	728
2790	362	344	706
2791	390	353	743
2792	362	405	767
2793	363	343	706
2794	361	376	737
2795	368	354	722
2796	354	364	718
2797	364	344	708
2798	361	372	733
2799	358	365	723
2800	355	349	704
2801	370	364	734
2802	374	351	725
2803	367	359	726
2804	372	357	729
2805	388	360	748
2806	381	372	753
2807	356	382	738
2808	370	366	736
2809	379	377	756
2810	378	378	756
2811	367	363	730
2812	350	360	710
2813	357	370	727
2814	344	368	712
2815	350	369	719
2816	369	354	723
2817	380	383	763
2818	381	353	734
2819	353	349	702
2820	361	353	714
2821	342	364	706
2822	383	365	748
2823	365	357	722
2824	397	369	766
2825	361	349	710
2826	337	390	727
2827	373	373	746
2828	379	364	743
2829	339	352	691
2830	356	351	707
2831	362	353	715
2832	367	353	720
2833	369	364	733
2834	361	387	748
2835	363	358	721
2836	388	371	759
2837	353	387	740
2838	343	366	709
2839	352	371	723
2840	363	354	717
2841	364	365	729
2842	349	355	704
2843	379	367	746
2844	329	375	704
2845	368	377	745
2846	365	389	754
2847	362	362	724
2848	383	340	723
2849	375	360	735
2850	366	350	716
2851	380	360	740
2852	364	367	731
2853	373	367	740
2854	382	345	727
2855	366	349	715
2856	380	366	746
2857	352	363	715
2858	377	375	752
2859	373	361	734
2860	355	376	731
2861	368	361	729
2862	355	377	732
2863	352	361	713
2864	351	367	718
2865	378	397	775
2866	373	371	744
2867	363	348	711
2868	361	360	721
2869	373	351	724
2870	384	367	751
2871	379	366	745
2872	362	366	728
2873	360	351	711
2874	356	335	691
2875	356	354	710
2876	368	360	728
2877	376	357	733
2878	373	352	725
2879	364	347	711
2880	379	340	719
2881	367	373	740
2882	374	353	727
2883	358	346	704
2884	369	374	743
2885	381	367	748
2886	385	356	741
2887	383	354	737
2888	351	372	723
2889	360	338	698
2890	387	355	742
2891	361	360	721
2892	369	395	764
2893	374	383	757
2894	381	347	728
2895	380	355	735
2896	381	354	735
2897	375	355	730
2898	347	365	712
2899	378	373	751
2900	343	374	717
2901	389	374	763
2902	382	369	751
2903	361	342	703
2904	383	357	740
2905	373	371	744
2906	364	359	723
2907	364	368	732
2908	360	345	705
2909	365	379	744
2910	357	377	734
2911	383	358	741
2912	372	360	732
2913	362	355	717
2914	376	358	734
2915	359	379	738
2916	370	371	741
2917	377	368	745
2918	388	345	733
2919	386	355	741
2920	386	365	751
2921	361	362	723
2922	355	353	708
2923	361	361	722
2924	359	394	753
2925	365	374	739
2926	352	387	739
2927	360	394	754
2928	359	365	724
2929	381	337	718
2930	380	358	738
2931	370	354	724
2932	367	372	739
2933	373	369	742
2934	392	371	763
2935	371	369	740
2936	363	367	730
2937	368	349	717
2938	343	340	683
2939	378	344	722
2940	366	374	740
2941	387	359	746
2942	348	361	709
2943	369	352	721
2944	375	371	746
2945	365	356	721
2946	384	367	751
2947	362	365	727
2948	358	373	731
2949	365	379	744
2950	385	378	763
2951	369	385	754
2952	372	361	733
2953	377	352	729
2954	359	359	718
2955	350	352	702
2956	356	371	727
2957	385	381	766
2958	384	370	754
2959	373	374	747
2960	368	375	743
2961	377	365	742
2962	375	341	716
2963	364	340	704
2964	383	341	724
2965	370	360	730
2966	355	381	736
2967	395	340	735
2968	366	387	753
2969	350	352	702
2970	365	349	714
2971	389	359	748
2972	351	362	713
2973	357	371	728
2974	377	356	733
2975	392	339	731
2976	399	342	741
2977	367	360	727
2978	358	363	721
2979	367	353	720
2980	369	360	729
2981	364	348	712
2982	375	364	739
2983	388	337	725
2984	412	350	762
2985	381	354	735
2986	371	358	729
2987	365	374	739
2988	381	359	740
2989	373	381	754
2990	369	374	743
2991	387	352	739
2992	365	359	724
2993	387	379	766
2994	358	346	704
2995	392	363	755
2996	368	364	732
2997	373	350	723
2998	364	381	745
2999	385	360	745
3000	335	361	696
3001	345	372	717
3002	361	382	743
3003	358	373	731
3004	366	378	744
3005	370	347	717
3006	374	362	736
3007	355	369	724
3008	348	353	701
3009	355	365	720
3010	387	379	766
3011	390	354	744
3012	377	379	756
3013	383	346	729
3014	360	379	739
3015	371	364	735
3016	372	369	741
3017	355	369	724
3018	369	356	725
3019	382	366	748
3020	344	365	709
3021	363	372	735
3022	343	385	728
3023	381	375	756
3024	359	368	727
3025	382	385	767
3026	379	354	733
3027	377	365	742
3028	368	372	740
3029	345	356	701
3030	357	332	689
3031	380	369	749
3032	374	367	741
3033	394	374	768
3034	374	366	740
3035	387	361	748
3036	356	346	702
3037	367	365	732
3038	377	368	745
3039	382	366	748
3040	397	374	771
3041	363	377	740
3042	356	379	735
3043	374	353	727
3044	378	342	720
3045	382	354	736
3046	382	376	758
3047	379	375	754
3048	373	372	745
3049	370	378	748
3050	381	358	739
3051	352	346	698
3052	364	367	731
3053	365	362	727
3054	359	370	729
3055	366	369	735
3056	361	363	724
3057	372	347	719
3058	377	362	739
3059	348	357	705
3060	361	357	718
3061	371	346	717
3062	396	350	746
3063	374	359	733
3064	371	357	728
3065	382	364	746
3066	369	367	736
3067	370	369	739
3068	375	382	757
3069	355	370	725
3070	368	379	747
3071	375	369	744
3072	392	367	759
3073	359	363	722
3074	362	348	710
3075	350	368	718
3076	375	370	745
3077	391	377	768
3078	351	358	709
3079	380	343	723
3080	375	344	719
3081	388	362	750
3082	395	367	762
3083	385	350	735
3084	382	351	733
3085	362	354	716
3086	372	383	755
3087	340	354	694
3088	372	368	740
3089	370	358	728
3090	387	346	733
3091	374	368	742
3092	360	395	755
3093	371	368	739
3094	388	360	748
3095	367	366	733
3096	351	375	726
3097	356	357	713
3098	350	361	711
3099	341	338	679
3100	381	364	745
3101	360	364	724
3102	373	395	768
3103	356	365	721
3104	356	386	742
3105	369	394	763
3106	373	368	741
3107	390	353	743
3108	392	371	763
3109	388	351	739
3110	395	374	769
3111	367	355	722
3112	361	335	696
3113	376	335	711
3114	346	363	709
3115	376	362	738
3116	353	347	700
3117	368	353	721
3118	373	340	713
3119	379	364	743
3120	373	363	736
3121	367	380	747
3122	364	399	763
3123	375	346	721
3124	393	368	761
3125	366	348	714
3126	381	368	749
3127	376	360	736
3128	385	347	732
3129	381	369	750
3130	375	360	735
3131	368	369	737
3132	378	358	736
3133	364	358	722
3134	359	341	700
3135	372	350	722
3136	371	360	731
3137	348	361	709
3138	373	367	740
3139	395	359	754
3140	368	362	730
3141	363	365	728
3142	371	373	744
3143	358	373	731
3144	367	371	738
3145	367	368	735
3146	370	369	739
3147	378	377	755
3148	375	368	743
3149	360	369	729
3150	369	366	735
3151	350	358	708
3152	367	374	741
3153	375	361	736
3154	393	354	747
3155	379	371	750
3156	355	378	733
3157	365	364	729
3158	372	370	742
3159	376	356	732
3160	355	356	711
3161	348	358	706
3162	379	372	751
3163	367	358	725
3164	372	361	733
3165	375	366	741
3166	349	363	712
3167	359	369	728
3168	368	376	744
3169	368	376	744
3170	370	353	723
3171	364	358	722
3172	341	365	706
3173	351	350	701
3174	357	347	704
3175	381	361	742
3176	372	365	737
3177	388	346	734
3178	381	358	739
3179	360	374	734
3180	383	382	765
3181	369	393	762
3182	383	363	746
3183	345	381	726
3184	359	370	729
3185	377	365	742
3186	362	377	739
3187	349	358	707
3188	350	334	684
3189	365	378	743
3190	357	358	715
3191	385	368	753
3192	375	350	725
3193	360	366	726
3194	375	342	717
3195	370	375	745
3196	371	330	701
3197	362	359	721
3198	366	365	731
3199	358	367	725
3200	365	366	731
3201	374	350	724
3202	351	372	723
3203	371	369	740
3204	381	349	730
3205	383	362	745
3206	359	374	733
3207	355	369	724
3208	374	372	746
3209	360	376	736
3210	352	366	718
3211	372	359	731
3212	380	348	728
3213	367	364	731
3214	364	373	737
3215	352	376	728
3216	369	365	734
3217	377	345	722
3218	361	384	745
3219	386	347	733
3220	360	361	721
3221	349	371	720
3222	352	366	718
3223	381	346	727
3224	386	358	744
3225	385	359	744
3226	372	379	751
3227	375	368	743
3228	380	369	749
3229	375	392	767
3230	375	387	762
3231	358	377	735
3232	360	377	737
3233	405	352	757
3234	377	340	717
3235	389	354	743
3236	370	374	744
3237	392	369	761
3238	362	354	716
3239	372	354	726
3240	385	368	753
3241	377	372	749
3242	382	368	750
3243	358	380	738
3244	381	355	736
3245	380	349	729
3246	354	355	709
3247	365	361	726
3248	371	355	726
3249	358	349	707
3250	365	359	724
3251	363	381	744
3252	348	363	711
3253	366	362	728
3254	353	351	704
3255	346	364	710
3256	346	367	713
3257	367	365	732
3258	394	372	766
3259	388	346	734
3260	363	346	709
3261	362	377	739
3262	385	350	735
3263	366	369	735
3264	371	361	732
3265	358	369	727
3266	369	383	752
3267	350	346	696
3268	374	351	725
3269	359	371	730
3270	362	372	734
3271	376	369	745
3272	369	372	741
3273	371	369	740
3274	379	355	734
3275	383	365	748
3276	349	366	715
3277	364	347	711
3278	351	346	697
3279	388	345	733
3280	381	367	748
3281	369	353	722
3282	367	351	718
3283	386	344	730
3284	379	347	726
3285	371	365	736
3286	377	375	752
3287	370	371	741
3288	375	373	748
3289	368	379	747
3290	366	380	746
3291	375	342	717
3292	374	361	735
3293	381	359	740
3294	361	351	712
3295	385	366	751
3296	342	397	739
3297	386	348	734
3298	355	341	696
3299	351	370	721
3300	367	369	736
3301	370	356	726
3302	357	340	697
3303	378	375	753
3304	372	359	731
3305	362	359	721
3306	336	366	702
3307	374	355	729
3308	355	363	718
3309	364	352	716
3310	369	349	718
3311	354	344	698
3312	351	380	731
3313	378	375	753
3314	350	364	714
3315	370	336	706
3316	363	360	723
3317	361	350	711
3318	355	371	726
3319	370	376	746
3320	382	380	762
3321	346	383	729
3322	361	358	719
3323	375	367	742
3324	369	382	751
3325	364	342	706
3326	336	372	708
3327	352	367	719
3328	365	356	721
3329	349	368	717
3330	353	361	714
3331	359	357	716
3332	363	386	749
3333	370	348	718
3334	373	344	717
3335	379	381	760
3336	389	356	745
3337	380	379	759
3338	378	357	735
3339	371	358	729
3340	364	361	725
3341	363	353	716
3342	362	375	737
3343	359	333	692
3344	382	364	746
3345	362	365	727
3346	350	368	718
3347	361	362	723
3348	368	355	723
3349	367	377	744
3350	370	374	744
3351	384	364	748
3352	388	358	746
3353	382	360	742
3354	353	371	724
3355	384	387	771
3356	368	380	748
3357	374	361	735
3358	375	359	734
3359	386	356	742
3360	366	363	729
3361	372	364	736
3362	385	370	755
3363	381	365	746
3364	372	344	716
3365	384	360	744
3366	372	356	728
3367	364	360	724
3368	363	382	745
3369	365	338	703
3370	358	368	726
3371	348	363	711
3372	368	354	722
3373	383	361	744
3374	381	353	734
3375	367	359	726
3376	361	369	730
3377	379	380	759
3378	389	387	776
3379	402	355	757
3380	370	370	740
3381	357	365	722
3382	379	356	735
3383	376	357	733
3384	377	369	746
3385	361	380	741
3386	360	357	717
3387	355	337	692
3388	351	365	716
3389	352	364	716
3390	381	371	752
3391	361	359	720
3392	355	368	723
3393	371	370	741
3394	354	380	734
3395	364	360	724
3396	366	347	713
3397	338	359	697
3398	363	398	761
3399	382	374	756
3400	372	375	747
3401	357	364	721
3402	355	387	742
3403	348	382	730
3404	364	365	729
3405	371	362	733
3406	375	384	759
3407	363	338	701
3408	369	373	742
3409	366	370	736
3410	373	356	729
3411	365	368	733
3412	370	365	735
3413	358	362	720
3414	381	364	745
3415	372	369	741
3416	364	371	735
3417	358	365	723
3418	369	350	719
3419	349	397	746
3420	368	367	735
3421	374	373	747
3422	358	370	728
3423	370	354	724
3424	378	352	730
3425	346	365	711
3426	365	377	742
3427	371	362	733
3428	374	365	739
3429	371	364	735
3430	363	360	723
3431	376	356	732
3432	356	364	720
3433	377	379	756
3434	383	377	760
3435	366	379	745
3436	358	367	725
3437	367	391	758
3438	371	364	735
3439	363	361	724
3440	361	381	742
3441	381	371	752
3442	380	365	745
3443	363	385	748
3444	363	372	735
3445	370	358	728
3446	383	365	748
3447	365	346	711
3448	349	370	719
3449	368	363	731
3450	355	362	717
3451	378	367	745
3452	367	361	728
3453	342	351	693
3454	355	350	705
3455	396	377	773
3456	360	376	736
3457	382	349	731
3458	382	387	769
3459	362	368	730
3460	361	371	732
3461	375	386	761
3462	366	365	731
3463	370	360	730
3464	385	365	750
3465	380	367	747
3466	387	364	751
3467	373	365	738
3468	357	374	731
3469	377	350	727
3470	383	367	750
3471	369	377	746
3472	360	374	734
3473	360	362	722
3474	335	378	713
3475	362	359	721
3476	376	382	758
3477	378	367	745
3478	379	351	730
3479	369	377	746
3480	360	370	730
3481	367	373	740
3482	361	388	749
3483	377	360	737
3484	352	370	722
3485	366	363	729
3486	387	366	753
3487	360	388	748
3488	375	380	755
3489	353	353	706
3490	357	364	721
3491	358	355	713
3492	359	356	715
3493	369	364	733
3494	364	362	726
3495	375	347	722
3496	383	358	741
3497	366	368	734
3498	357	357	714
3499	381	356	737
3500	385	363	748
3501	391	329	720
3502	382	362	744
3503	363	370	733
3504	381	377	758
3505	373	359	732
3506	361	345	706
3507	364	369	733
3508	389	365	754
3509	372	349	721
3510	380	372	752
3511	385	393	778
3512	362	385	747
3513	379	353	732
3514	348	394	742
3515	363	376	739
3516	381	382	763
3517	389	370	759
3518	372	339	711
3519	355	363	718
3520	366	359	725
3521	350	371	721
3522	359	363	722
3523	353	358	711
3524	347	362	709
3525	368	348	716
3526	391	356	747
3527	370	377	747
3528	390	362	752
3529	381	352	733
3530	379	355	734
3531	371	366	737
3532	371	372	743
3533	366	373	739
3534	352	373	725
3535	349	350	699
3536	388	359	747
3537	392	385	777
3538	358	388	746
3539	359	349	708
3540	405	354	759
3541	389	363	752
3542	365	348	713
3543	394	349	743
3544	372	346	718
3545	353	363	716
3546	383	352	735
3547	379	352	731
3548	378	372	750
3549	386	378	764
3550	374	354	728
3551	389	354	743
3552	378	371	749
3553	371	376	747
3554	341	368	709
3555	367	380	747
3556	400	392	792
3557	372	365	737
3558	386	383	769
3559	380	355	735
3560	391	362	753
3561	366	333	699
3562	354	369	723
3563	370	365	735
3564	366	356	722
3565	376	356	732
3566	376	355	731
3567	344	343	687
3568	354	372	726
3569	372	352	724
3570	364	373	737
3571	374	371	745
3572	347	376	723
3573	376	369	745
3574	391	366	757
3575	385	369	754
3576	360	371	731
3577	375	340	715
3578	371	333	704
3579	345	352	697
3580	347	347	694
3581	384	362	746
3582	360	360	720
3583	353	365	718
3584	366	381	747
3585	367	363	730
3586	360	355	715
3587	379	372	751
3588	364	377	741
3589	341	376	717
3590	369	378	747
3591	375	369	744
3592	373	367	740
3593	362	351	713
3594	361	351	712
3595	366	343	709
3596	382	385	767
3597	399	353	752
3598	375	362	737
3599	361	393	754
3600	363	385	748
3601	344	386	730
3602	361	374	735
3603	364	371	735
3604	385	365	750
3605	370	340	710
3606	358	348	706
3607	346	372	718
3608	369	368	737
3609	372	365	737
3610	371	379	750
3611	358	358	716
3612	378	361	739
3613	379	360	739
3614	373	376	749
3615	365	374	739
3616	348	366	714
3617	350	364	714
3618	374	375	749
3619	376	373	749
3620	374	380	754
3621	361	369	730
3622	369	375	744
3623	368	349	717
3624	356	362	718
3625	372	376	748
3626	365	367	732
3627	358	371	729
3628	356	352	708
3629	373	389	762
3630	374	369	743
3631	370	356	726
3632	348	357	705
3633	358	357	715
3634	376	367	743
3635	378	368	746
3636	346	378	724
3637	369	374	743
3638	374	352	726
3639	377	367	744
3640	389	373	762
3641	358	372	730
3642	350	371	721
3643	353	392	745
3644	382	356	738
3645	381	355	736
3646	366	379	745
3647	343	352	695
3648	374	356	730
3649	360	362	722
3650	395	352	747
3651	376	353	729
3652	374	377	751
3653	368	365	733
3654	363	363	726
3655	385	363	748
3656	354	375	729
3657	348	365	713
3658	358	324	682
3659	396	346	742
3660	384	346	730
3661	380	355	735
3662	371	360	731
3663	377	372	749
3664	380	368	748
3665	359	365	724
3666	380	362	742
3667	371	373	744
3668	373	351	724
3669	334	362	696
3670	359	356	715
3671	383	371	754
3672	374	362	736
3673	373	391	764
3674	371	390	761
3675	365	377	742
3676	356	362	718
3677	380	360	740
3678	379	365	744
3679	385	369	754
3680	393	378	771
3681	356	357	713
3682	361	382	743
3683	365	352	717
3684	366	347	713
3685	367	349	716
3686	380	373	753
3687	380	351	731
3688	391	341	732
3689	374	352	726
3690	370	353	723
3691	413	374	787
3692	363	391	754
3693	369	362	731
3694	372	384	756
3695	388	357	745
3696	367	351	718
3697	352	382	734
3698	365	360	725
3699	386	348	734
3700	369	351	720
3701	372	357	729
3702	386	362	748
3703	373	365	738
3704	365	353	718
3705	376	353	729
3706	364	372	736
3707	384	363	747
3708	386	344	730
3709	388	360	748
3710	367	344	711
3711	351	350	701
3712	347	358	705
3713	363	356	719
3714	365	356	721
3715	363	372	735
3716	376	382	758
3717	382	362	744
3718	363	373	736
3719	365	358	723
3720	402	347	749
3721	356	355	711
3722	362	349	711
3723	337	362	699
3724	375	373	748
3725	366	367	733
3726	363	359	722
3727	352	382	734
3728	377	359	736
3729	363	361	724
3730	370	355	725
3731	350	362	712
3732	378	349	727
3733	376	353	729
3734	373	387	760
3735	370	371	741
3736	379	368	747
3737	366	364	730
3738	353	379	732
3739	352	366	718
3740	369	346	715
3741	365	353	718
3742	365	359	724
3743	354	338	692
3744	360	349	709
3745	374	368	742
3746	379	375	754
3747	361	345	706
3748	375	354	729
3749	351	364	715
3750	347	379	726
3751	373	370	743
3752	373	359	732
3753	360	369	729
3754	362	354	716
3755	361	369	730
3756	392	349	741
3757	395	341	736
3758	365	339	704
3759	350	361	711
3760	368	371	739
3761	361	372	733
3762	372	361	733
3763	381	365	746
3764	389	365	754
3765	376	364	740
3766	357	376	733
3767	373	391	764
3768	348	367	715
3769	382	375	757
3770	390	364	754
3771	374	365	739
3772	381	364	745
3773	353	364	717
3774	358	348	706
3775	373	341	714
3776	384	371	755
3777	346	372	718
3778	350	358	708
3779	362	358	720
3780	368	355	723
3781	360	363	723
3782	343	389	732
3783	377	380	757
3784	380	362	742
3785	376	357	733
3786	391	372	763
3787	362	365	727
3788	376	339	715
3789	374	335	709
3790	375	351	726
3791	370	357	727
3792	359	330	689
3793	371	343	714
3794	389	345	734
3795	371	363	734
3796	376	364	740
3797	389	364	753
3798	374	364	738
3799	391	371	762
3800	404	371	775
3801	366	359	725
3802	378	358	736
3803	364	375	739
3804	367	349	716
3805	379	367	746
3806	373	393	766
3807	360	365	725
3808	337	391	728
3809	346	358	704
3810	360	351	711
3811	359	363	722
3812	357	345	702
3813	356	354	710
3814	376	371	747
3815	351	367	718
3816	381	356	737
3817	379	352	731
3818	380	359	739
3819	356	349	705
3820	373	350	723
3821	380	381	761
3822	349	386	735
3823	343	366	709
3824	357	357	714
3825	370	370	740
3826	366	342	708
3827	375	368	743
3828	357	378	735
3829	367	344	711
3830	344	371	715
3831	359	374	733
3832	374	358	732
3833	371	350	721
3834	372	343	715
3835	370	352	722
3836	368	367	735
3837	361	387	748
3838	362	384	746
3839	365	362	727
3840	387	365	752
3841	386	359	745
3842	387	361	748
3843	342	360	702
3844	359	349	708
3845	356	347	703
3846	361	362	723
3847	386	343	729
3848	377	355	732
3849	384	365	749
3850	348	373	721
3851	352	379	731
3852	354	376	730
3853	361	373	734
3854	320	365	685
3855	358	373	731
3856	365	358	723
3857	388	376	764
3858	354	355	709
3859	352	362	714
3860	354	362	716
3861	360	365	725
3862	368	353	721
3863	373	349	722
3864	354	356	710
3865	353	382	735
3866	388	361	749
3867	399	364	763
3868	366	363	729
3869	377	360	737
3870	370	350	720
3871	363	380	743
3872	360	385	745
3873	369	382	751
3874	372	391	763
3875	369	353	722
3876	359	347	706
3877	356	369	725
3878	349	381	730
3879	366	350	716
3880	367	355	722
3881	374	349	723
3882	359	365	724
3883	361	377	738
3884	368	366	734
3885	357	354	711
3886	375	374	749
3887	354	377	731
3888	361	353	714
3889	389	354	743
3890	365	362	727
3891	365	377	742
3892	381	372	753
3893	366	370	736
3894	358	354	712
3895	359	384	743
3896	363	347	710
3897	366	373	739
3898	359	392	751
3899	383	366	749
3900	364	375	739
3901	354	376	730
3902	335	363	698
3903	353	363	716
3904	348	359	707
3905	362	347	709
3906	384	362	746
3907	367	364	731
3908	369	360	729
3909	373	350	723
3910	365	361	726
3911	374	350	724
3912	335	386	721
3913	360	358	718
3914	372	374	746
3915	368	365	733
3916	352	360	712
3917	369	388	757
3918	353	384	737
3919	361	385	746
3920	359	342	701
3921	352	352	704
3922	352	359	711
3923	328	360	688
3924	364	376	740
3925	365	356	721
3926	355	384	739
3927	358	366	724
3928	367	356	723
3929	357	362	719
3930	364	367	731
3931	377	358	735
3932	350	364	714
3933	351	379	730
3934	366	344	710
3935	366	353	719
3936	354	347	701
3937	368	358	726
3938	377	361	738
3939	356	369	725
3940	373	361	734
3941	356	369	725
3942	357	374	731
3943	394	369	763
3944	376	342	718
3945	349	341	690
3946	358	371	729
3947	352	349	701
3948	365	395	760
3949	398	371	769
3950	388	372	760
3951	341	340	681
3952	372	363	735
3953	359	359	718
3954	374	352	726
3955	368	361	729
3956	348	371	719
3957	374	353	727
3958	373	355	728
3959	375	380	755
3960	380	362	742
3961	372	380	752
3962	363	365	728
3963	367	363	730
3964	360	346	706
3965	370	374	744
3966	365	351	716
3967	363	362	725
3968	378	351	729
3969	356	366	722
3970	354	377	731
3971	358	364	722
3972	361	343	704
3973	358	363	721
3974	368	353	721
3975	358	375	733
3976	366	356	722
3977	371	358	729
3978	361	350	711
3979	399	333	732
3980	367	352	719
3981	365	369	734
3982	366	376	742
3983	368	358	726
3984	373	374	747
3985	369	353	722
3986	372	360	732
3987	358	363	721
3988	392	357	749
3989	363	382	745
3990	356	359	715
3991	377	358	735
3992	339	377	716
3993	357	326	683
3994	368	363	731
3995	362	392	754
3996	368	371	739
3997	367	347	714
3998	378	379	757
3999	369	400	769
4000	373	358	731
4001	359	349	708
4002	376	341	717
4003	360	352	712
4004	370	351	721
4005	362	381	743
4006	382	349	731
4007	384	353	737
4008	386	345	731
4009	370	359	729
4010	370	364	734
4011	375	357	732
4012	344	358	702
4013	353	355	708
4014	372	358	730
4015	374	360	734
4016	365	373	738
4017	369	349	718
4018	358	352	710
4019	366	372	738
4020	351	368	719
4021	360	373	733
4022	368	351	719
4023	387	331	718
4024	373	342	715
4025	373	355	728
4026	381	359	740
4027	380	375	755
4028	402	368	770
4029	360	389	749
4030	373	366	739
4031	374	351	725
4032	379	358	737
4033	366	361	727
4034	355	363	718
4035	363	356	719
4036	355	375	730
4037	382	378	760
4038	353	363	716
4039	369	348	717
4040	352	356	708
4041	368	361	729
4042	399	348	747
4043	380	367	747
4044	357	360	717
4045	353	351	704
4046	383	349	732
4047	353	351	704
4048	378	377	755
4049	363	355	718
4050	368	351	719
4051	393	375	768
4052	367	365	732
4053	374	359	733
4054	372	361	733
4055	373	369	742
4056	357	382	739
4057	355	380	735
4058	343	356	699
4059	341	371	712
4060	376	387	763
4061	383	356	739
4062	361	377	738
4063	375	374	749
4064	369	358	727
4065	346	378	724
4066	373	369	742
4067	375	376	751
4068	368	394	762
4069	359	379	738
4070	376	369	745
4071	358	370	728
4072	369	354	723
4073	371	387	758
4074	356	357	713
4075	358	349	707
4076	374	349	723
4077	341	375	716
4078	357	367	724
4079	356	344	700
4080	364	352	716
4081	363	337	700
4082	353	360	713
4083	375	364	739
4084	349	365	714
4085	360	366	726
4086	369	363	732
4087	376	379	755
4088	391	377	768
4089	375	357	732
4090	376	359	735
4091	374	370	744
4092	372	373	745
4093	361	343	704
4094	377	353	730
4095	395	355	750
4096	342	365	707
4097	374	382	756
4098	348	354	702
4099	336	364	700
4100	348	363	711
4101	365	370	735
4102	372	364	736
4103	383	365	748
4104	357	375	732
4105	383	377	760
4106	382	355	737
4107	374	365	739
4108	379	366	745
4109	402	338	740
4110	376	370	746
4111	375	360	735
4112	370	348	718
4113	364	350	714
4114	376	362	738
4115	368	344	712
4116	361	358	719
4117	369	359	728
4118	351	352	703
4119	373	351	724
4120	375	347	722
4121	351	360	711
4122	346	340	686
4123	368	364	732
4124	374	373	747
4125	352	354	706
4126	354	367	721
4127	370	363	733
4128	385	321	706
4129	370	357	727
4130	390	359	749
4131	368	351	719
4132	373	338	711
4133	355	357	712
4134	375	377	752
4135	380	364	744
4136	385	361	746
4137	387	363	750
4138	367	371	738
4139	378	377	755
4140	368	366	734
4141	380	362	742
4142	389	358	747
4143	361	354	715
4144	360	373	733
4145	358	348	706
4146	359	347	706
4147	365	345	710
4148	369	377	746
4149	363	376	739
4150	362	375	737
4151	368	360	728
4152	356	364	720
4153	383	363	746
4154	340	348	688
4155	361	348	709
4156	359	368	727
4157	375	363	738
4158	363	367	730
4159	364	377	741
4160	360	363	723
4161	386	375	761
4162	375	353	728
4163	358	367	725
4164	378	341	719
4165	376	373	749
4166	377	367	744
4167	371	365	736
4168	364	370	734
4169	375	341	716
4170	389	350	739
4171	383	348	731
4172	332	339	671
4173	374	366	740
4174	354	380	734
4175	364	362	726
4176	360	348	708
4177	368	348	716
4178	374	357	731
4179	379	348	727
4180	359	361	720
4181	358	371	729
4182	373	370	743
4183	385	340	725
4184	398	339	737
4185	380	355	735
4186	368	348	716
4187	367	376	743
4188	359	368	727
4189	358	349	707
4190	364	386	750
4191	366	360	726
4192	364	373	737
4193	376	377	753
4194	377	375	752
4195	379	367	746
4196	368	387	755
4197	381	366	747
4198	383	350	733
4199	394	375	769
4200	363	371	734
4201	368	379	747
4202	370	363	733
4203	374	382	756
4204	359	360	719
4205	367	403	770
4206	379	385	764
4207	365	364	729
4208	376	360	736
4209	384	364	748
4210	388	377	765
4211	359	370	729
4212	367	370	737
4213	373	365	738
4214	393	389	782
4215	376	368	744
4216	369	353	722
4217	384	372	756
4218	370	339	709
4219	383	374	757
4220	352	372	724
4221	341	364	705
4222	388	365	753
4223	369	359	728
4224	372	396	768
4225	342	384	726
4226	379	366	745
4227	367	363	730
4228	373	347	720
4229	365	360	725
4230	365	361	726
4231	340	386	726
4232	338	385	723
4233	368	375	743
4234	384	369	753
4235	350	353	703
4236	392	371	763
4237	371	358	729
4238	388	362	750
4239	386	389	775
4240	379	358	737
4241	374	348	722
4242	395	353	748
4243	383	358	741
4244	363	377	740
4245	382	360	742
4246	361	359	720
4247	378	337	715
4248	391	350	741
4249	366	345	711
4250	378	367	745
4251	345	358	703
4252	365	349	714
4253	369	373	742
4254	360	356	716
4255	359	358	717
4256	375	370	745
4257	370	385	755
4258	377	382	759
4259	363	371	734
4260	354	387	741
4261	398	365	763
4262	369	361	730
4263	357	366	723
4264	387	375	762
4265	355	366	721
4266	361	374	735
4267	355	366	721
4268	376	349	725
4269	351	369	720
4270	337	363	700
4271	377	345	722
4272	356	349	705
4273	373	341	714
4274	385	363	748
4275	358	365	723
4276	373	367	740
4277	364	367	731
4278	371	365	736
4279	378	356	734
4280	370	361	731
4281	374	380	754
4282	401	363	764
4283	353	359	712
4284	362	370	732
4285	358	362	720
4286	376	374	750
4287	373	366	739
4288	360	362	722
4289	382	364	746
4290	365	385	750
4291	365	352	717
4292	382	352	734
4293	376	352	728
4294	348	357	705
4295	366	370	736
4296	387	391	778
4297	355	386	741
4298	341	368	709
4299	359	362	721
4300	334	362	696
4301	356	359	715
4302	354	366	720
4303	379	363	742
4304	389	377	766
4305	389	366	755
4306	361	380	741
4307	346	373	719
4308	376	375	751
4309	355	388	743
4310	376	365	741
4311	358	340	698
4312	355	370	725
4313	353	360	713
4314	370	371	741
4315	357	370	727
4316	357	333	690
4317	370	366	736
4318	379	359	738
4319	384	346	730
4320	383	340	723
4321	378	362	740
4322	364	375	739
4323	352	366	718
4324	359	349	708
4325	363	359	722
4326	371	363	734
4327	359	351	710
4328	360	366	726
4329	384	374	758
4330	370	375	745
4331	372	350	722
4332	381	361	742
4333	356	366	722
4334	348	358	706
4335	356	373	729
4336	377	378	755
4337	397	356	753
4338	378	370	748
4339	368	356	724
4340	403	338	741
4341	370	348	718
4342	390	355	745
4343	359	368	727
4344	363	370	733
4345	380	376	756
4346	369	374	743
4347	378	385	763
4348	359	353	712
4349	373	358	731
4350	367	379	746
4351	348	371	719
4352	379	378	757
4353	358	377	735
4354	397	366	763
4355	374	356	730
4356	375	381	756
4357	393	360	753
4358	380	348	728
4359	377	377	754
4360	347	371	718
4361	373	341	714
4362	345	396	741
4363	367	361	728
4364	360	375	735
4365	358	323	681
4366	371	341	712
4367	362	338	700
4368	373	344	717
4369	361	382	743
4370	387	363	750
4371	383	358	741
4372	382	369	751
4373	355	379	734
4374	371	343	714
4375	365	375	740
4376	374	363	737
4377	388	367	755
4378	373	370	743
4379	351	345	696
4380	363	353	716
4381	366	346	712
4382	364	355	719
4383	344	391	735
4384	352	377	729
4385	373	382	755
4386	364	369	733
4387	369	367	736
4388	364	374	738
4389	361	337	698
4390	352	382	734
4391	367	390	757
4392	394	377	771
4393	371	356	727
4394	380	372	752
4395	369	382	751
4396	376	371	747
4397	383	372	755
4398	398	341	739
4399	362	359	721
4400	366	395	761
4401	388	360	748
4402	380	372	752
4403	370	352	722
4404	379	339	718
4405	346	372	718
4406	363	364	727
4407	376	364	740
4408	367	393	760
4409	389	326	715
4410	345	351	696
4411	353	366	719
4412	336	365	701
4413	357	361	718
4414	370	361	731
4415	351	392	743
4416	352	389	741
4417	349	382	731
4418	376	346	722
4419	381	389	770
4420	364	366	730
4421	361	361	722
4422	367	375	742
4423	379	396	775
4424	367	368	735
4425	390	368	758
4426	363	359	722
4427	372	367	739
4428	364	349	713
4429	384	347	731
4430	362	384	746
4431	377	357	734
4432	380	357	737
4433	368	347	715
4434	355	377	732
4435	374	367	741
4436	355	359	714
4437	369	369	738
4438	360	357	717
4439	388	372	760
4440	380	384	764
4441	361	383	744
4442	352	377	729
4443	379	363	742
4444	383	362	745
4445	370	355	725
4446	381	357	738
4447	364	371	735
4448	381	383	764
4449	362	372	734
4450	347	376	723
4451	375	383	758
4452	386	380	766
4453	383	363	746
4454	378	384	762
4455	361	356	717
4456	388	374	762
4457	375	359	734
4458	372	362	734
4459	350	362	712
4460	383	373	756
4461	377	382	759
4462	370	339	709
4463	360	344	704
4464	364	380	744
4465	371	385	756
4466	381	361	742
4467	376	375	751
4468	373	349	722
4469	360	354	714
4470	389	355	744
4471	371	377	748
4472	368	367	735
4473	377	365	742
4474	360	377	737
4475	341	372	713
4476	377	384	761
4477	362	364	726
4478	377	349	726
4479	379	360	739
4480	371	366	737
4481	347	374	721
4482	397	391	788
4483	373	378	751
4484	400	367	767
4485	369	367	736
4486	360	360	720
4487	351	369	720
4488	344	373	717
4489	346	377	723
4490	367	376	743
4491	339	364	703
4492	357	366	723
4493	328	355	683
4494	342	345	687
4495	375	363	738
4496	370	337	707
4497	367	364	731
4498	367	358	725
4499	379	344	723
4500	388	358	746
4501	385	358	743
4502	377	335	712
4503	345	363	708
4504	385	376	761
4505	378	335	713
4506	347	392	739
4507	378	380	758
4508	369	375	744
4509	358	352	710
4510	367	366	733
4511	380	361	741
4512	387	383	770
4513	387	360	747
4514	379	360	739
4515	361	372	733
4516	363	382	745
4517	369	371	740
4518	373	368	741
4519	363	354	717
4520	353	369	722
4521	375	363	738
4522	357	378	735
4523	367	346	713
4524	377	358	735
4525	380	363	743
4526	373	366	739
4527	358	351	709
4528	386	364	750
4529	367	360	727
4530	383	364	747
4531	383	377	760
4532	349	379	728
4533	367	361	728
4534	368	370	738
4535	380	365	745
4536	385	367	752
4537	361	364	725
4538	390	355	745
4539	389	370	759
4540	366	382	748
4541	385	370	755
4542	356	334	690
4543	369	350	719
4544	370	374	744
4545	350	353	703
4546	366	353	719
4547	366	348	714
4548	401	369	770
4549	346	356	702
4550	353	362	715
4551	355	361	716
4552	337	368	705
4553	362	351	713
4554	366	359	725
4555	377	351	728
4556	371	351	722
4557	340	373	713
4558	357	369	726
4559	359	364	723
4560	370	351	721
4561	391	369	760
4562	373	372	745
4563	388	362	750
4564	370	382	752
4565	379	379	758
4566	372	375	747
4567	386	375	761
4568	377	368	745
4569	363	393	756
4570	367	375	742
4571	377	371	748
4572	377	380	757
4573	360	376	736
4574	369	354	723
4575	379	363	742
4576	374	365	739
4577	365	362	727
4578	392	338	730
4579	377	363	740
4580	339	362	701
4581	388	349	737
4582	375	344	719
4583	346	363	709
4584	361	365	726
4585	368	357	725
4586	349	370	719
4587	359	351	710
4588	378	361	739
4589	386	341	727
4590	384	361	745
4591	382	366	748
4592	376	345	721
4593	378	358	736
4594	384	358	742
4595	376	371	747
4596	356	341	697
4597	359	345	704
4598	356	341	697
4599	357	364	721
4600	403	347	750
4601	377	357	734
4602	363	339	702
4603	366	345	711
4604	377	360	737
4605	360	386	746
4606	371	349	720
4607	369	339	708
4608	365	372	737
4609	375	361	736
4610	340	364	704
4611	361	349	710
4612	378	360	738
4613	382	377	759
4614	370	362	732
4615	367	341	708
4616	389	348	737
4617	371	346	717
4618	354	361	715
4619	369	354	723
4620	374	356	730
4621	372	371	743
4622	357	361	718
4623	369	341	710
4624	377	343	720
4625	374	362	736
4626	387	384	771
4627	350	355	705
4628	379	364	743
4629	383	368	751
4630	393	352	745
4631	370	351	721
4632	374	360	734
4633	354	343	697
4634	351	381	732
4635	367	361	728
4636	381	367	748
4637	351	357	708
4638	358	360	718
4639	375	369	744
4640	368	387	755
4641	387	362	749
4642	391	364	755
4643	367	364	731
4644	352	375	727
4645	363	360	723
4646	375	334	709
4647	366	345	711
4648	363	358	721
4649	373	347	720
4650	363	365	728
4651	369	384	753
4652	391	357	748
4653	372	347	719
4654	365	363	728
4655	367	385	752
4656	375	353	728
4657	380	353	733
4658	376	362	738
4659	342	371	713
4660	355	365	720
4661	364	391	755
4662	364	381	745
4663	361	346	707
4664	363	330	693
4665	352	352	704
4666	364	373	737
4667	348	383	731
4668	352	367	719
4669	372	374	746
4670	369	375	744
4671	356	376	732
4672	367	366	733
4673	361	362	723
4674	384	353	737
4675	351	381	732
4676	386	368	754
4677	362	355	717
4678	359	375	734
4679	376	395	771
4680	401	364	765
4681	369	358	727
4682	385	352	737
4683	351	348	699
4684	360	380	740
4685	371	365	736
4686	365	372	737
4687	364	376	740
4688	344	390	734
4689	366	363	729
4690	381	337	718
4691	358	362	720
4692	358	355	713
4693	368	373	741
4694	371	371	742
4695	396	364	760
4696	385	366	751
4697	373	377	750
4698	371	372	743
4699	381	353	734
4700	353	383	736
4701	364	386	750
4702	377	381	758
4703	375	368	743
4704	378	346	724
4705	352	359	711
4706	362	360	722
4707	367	363	730
4708	361	355	716
4709	376	340	716
4710	386	356	742
4711	375	369	744
4712	362	363	725
4713	356	358	714
4714	383	375	758
4715	377	372	749
4716	379	361	740
4717	347	378	725
4718	352	380	732
4719	380	353	733
4720	390	354	744
4721	403	352	755
4722	366	374	740
4723	361	371	732
4724	365	368	733
4725	381	358	739
4726	377	353	730
4727	339	349	688
4728	380	362	742
4729	365	376	741
4730	393	385	778
4731	373	363	736
4732	377	369	746
4733	380	344	724
4734	355	351	706
4735	391	372	763
4736	356	339	695
4737	405	333	738
4738	371	370	741
4739	370	359	729
4740	368	357	725
4741	368	342	710
4742	336	368	704
4743	361	373	734
4744	359	360	719
4745	362	362	724
4746	384	367	751
4747	383	350	733
4748	352	370	722
4749	363	362	725
4750	354	366	720
4751	358	368	726
4752	350	362	712
4753	371	348	719
4754	374	363	737
4755	366	369	735
4756	361	371	732
4757	353	373	726
4758	375	373	748
4759	371	375	746
4760	352	362	714
4761	344	356	700
4762	361	373	734
4763	374	362	736
4764	366	358	724
4765	374	380	754
4766	379	358	737
4767	367	346	713
4768	361	357	718
4769	383	359	742
4770	373	360	733
4771	382	344	726
4772	348	364	712
4773	363	343	706
4774	343	380	723
4775	364	373	737
4776	353	385	738
4777	348	355	703
4778	374	358	732
4779	371	378	749
4780	387	377	764
4781	378	355	733
4782	363	348	711
4783	372	373	745
4784	366	355	721
4785	377	369	746
4786	365	357	722
4787	373	364	737
4788	365	362	727
4789	345	366	711
4790	372	361	733
4791	364	385	749
4792	351	377	728
4793	386	368	754
4794	378	366	744
4795	385	375	760
4796	361	386	747
4797	366	370	736
4798	355	354	709
4799	383	354	737
4800	379	391	770
4801	366	355	721
4802	372	377	749
4803	368	360	728
4804	372	361	733
4805	354	370	724
4806	358	372	730
4807	357	376	733
4808	352	371	723
4809	364	367	731
4810	371	347	718
4811	351	373	724
4812	369	387	756
4813	380	386	766
4814	371	380	751
4815	371	353	724
4816	365	370	735
4817	383	375	758
4818	363	357	720
4819	353	349	702
4820	355	363	718
4821	394	342	736
4822	360	353	713
4823	347	369	716
4824	362	359	721
4825	378	360	738
4826	377	351	728
4827	366	368	734
4828	373	343	716
4829	368	371	739
4830	361	364	725
4831	354	365	719
4832	368	374	742
4833	367	349	716
4834	358	365	723
4835	367	373	740
4836	379	377	756
4837	361	361	722
4838	341	333	674
4839	360	346	706
4840	367	344	711
4841	371	333	704
4842	363	348	711
4843	370	336	706
4844	344	359	703
4845	369	384	753
4846	365	343	708
4847	379	370	749
4848	364	375	739
4849	356	346	702
4850	379	366	745
4851	356	370	726
4852	353	354	707
4853	364	341	705
4854	384	355	739
4855	341	371	712
4856	334	357	691
4857	357	379	736
4858	349	359	708
4859	367	344	711
4860	376	349	725
4861	364	348	712
4862	336	376	712
4863	356	367	723
4864	387	346	733
4865	396	344	740
4866	377	386	763
4867	348	365	713
4868	351	375	726
4869	370	354	724
4870	361	371	732
4871	388	371	759
4872	369	385	754
4873	363	361	724
4874	364	352	716
4875	337	345	682
4876	389	359	748
4877	344	361	705
4878	387	370	757
4879	373	361	734
4880	361	373	734
4881	361	363	724
4882	367	380	747
4883	348	377	725
4884	346	360	706
4885	366	365	731
4886	351	371	722
4887	378	370	748
4888	365	383	748
4889	340	370	710
4890	348	367	715
4891	337	345	682
4892	374	352	726
4893	386	363	749
4894	356	352	708
4895	369	366	735
4896	368	375	743
4897	390	344	734
4898	389	355	744
4899	382	359	741
4900	356	380	736
4901	373	343	716
4902	387	330	717
4903	374	372	746
4904	352	354	706
4905	359	346	705
4906	374	348	722
4907	400	361	761
4908	370	377	747
4909	354	375	729
4910	368	373	741
4911	383	374	757
4912	366	374	740
4913	345	377	722
4914	357	373	730
4915	358	379	737
4916	369	374	743
4917	363	359	722
4918	383	357	740
4919	368	367	735
4920	347	361	708
4921	349	353	702
4922	369	381	750
4923	378	373	751
4924	356	371	727
4925	376	359	735
4926	363	372	735
4927	365	356	721
4928	356	373	729
4929	369	363	732
4930	377	383	760
4931	369	362	731
4932	377	355	732
4933	364	393	757
4934	354	384	738
4935	352	384	736
4936	385	380	765
4937	358	366	724
4938	345	351	696
4939	367	368	735
4940	370	349	719
4941	351	372	723
4942	373	379	752
4943	371	386	757
4944	370	354	724
4945	372	378	750
4946	342	362	704
4947	352	366	718
4948	366	373	739
4949	366	350	716
4950	375	351	726
4951	345	365	710
4952	342	354	696
4953	357	357	714
4954	384	367	751
4955	343	354	697
4956	367	370	737
4957	365	353	718
4958	369	386	755
4959	373	376	749
4960	344	363	707
4961	380	351	731
4962	382	357	739
4963	376	369	745
4964	391	359	750
4965	370	353	723
4966	374	350	724
4967	375	364	739
4968	359	380	739
4969	369	388	757
4970	374	367	741
4971	362	368	730
4972	362	365	727
4973	367	355	722
4974	380	359	739
4975	353	345	698
4976	372	374	746
4977	358	364	722
4978	377	357	734
4979	391	378	769
4980	364	370	734
4981	363	353	716
4982	371	358	729
4983	383	355	738
4984	344	360	704
4985	369	372	741
4986	363	366	729
4987	369	373	742
4988	363	375	738
4989	369	387	756
4990	353	365	718
4991	350	354	704
4992	357	360	717
4993	371	349	720
4994	368	373	741
4995	380	359	739
4996	373	337	710
4997	379	349	728
4998	370	357	727
4999	355	357	712
5000	362	380	742
5001	387	367	754
5002	369	377	746
5003	387	373	760
5004	365	354	719
5005	362	372	734
5006	362	366	728
5007	379	389	768
5008	356	364	720
5009	353	369	722
5010	358	355	713
5011	373	362	735
5012	358	378	736
5013	383	346	729
5014	366	359	725
5015	369	352	721
5016	382	360	742
5017	373	369	742
5018	361	353	714
5019	345	360	705
5020	334	369	703
5021	370	350	720
5022	393	344	737
5023	350	369	719
5024	372	366	738
5025	384	383	767
5026	367	379	746
5027	363	379	742
5028	355	353	708
5029	351	382	733
5030	371	350	721
5031	362	359	721
5032	349	363	712
5033	360	381	741
5034	397	365	762
5035	365	377	742
5036	355	369	724
5037	342	388	730
5038	350	393	743
5039	355	385	740
5040	371	351	722
5041	383	349	732
5042	366	394	760
5043	360	382	742
5044	372	359	731
5045	372	370	742
5046	390	375	765
5047	386	372	758
5048	375	357	732
5049	349	382	731
5050	395	367	762
5051	381	391	772
5052	361	351	712
5053	381	351	732
5054	372	379	751
5055	371	379	750
5056	364	370	734
5057	363	335	698
5058	369	370	739
5059	361	362	723
5060	362	367	729
5061	374	345	719
5062	372	352	724
5063	355	370	725
5064	365	380	745
5065	357	364	721
5066	379	358	737
5067	365	354	719
5068	360	378	738
5069	369	368	737
5070	359	373	732
5071	362	368	730
5072	386	350	736
5073	374	358	732
5074	387	363	750
5075	377	364	741
5076	391	365	756
5077	376	346	722
5078	395	373	768
5079	379	350	729
5080	369	349	718
5081	358	392	750
5082	365	359	724
5083	378	351	729
5084	350	353	703
