0	0	0	0	0	0	0	0	0	0	0	0	0	0	0	0	0	0	0	0	0	0	0	0	0	0	0	0	0	0	0	0	0	0	0	0	0	0	0	0	0	0	0	0	0	0	0	0	0	0	0	0	0	0	0	0	0	0	0	0	0	0	0	0	0	0	0	0	0	0	0	0	0	0	0	0	0	0	0	0	0	0	0	0	0	0	0	0	0	0	0	0	0	0	0	0	0	0	0	0	0	0	0	0	0	0	0	0	0	0	0	0	0	0	0	0	0	0	0	0	0	0	0	0	0	0	0	0	0	0	0	0	0	0	0	0	0	0	0	0	0	0	0	0	0	0	0	0	0	0	0	0	0	0	0	0	0	0	0	0	0	0	0	0	0	0	0	0	0	0	0	0	0	0	0	0	0	0	0	0	0	0	0	0	0	0	0	0	0	0	0	0	0	0	0	0	0	0	0	0	0	0	0	0	0	0	0	0	0	0	0	0	0	0	0	0	0	0	0	0	0	0	0	0	0	0	0	0	0	0	0	0	0	0	0	0	0	0	0	0	0	0	0	0	0	0	0	0	0	0	0	0	0	0	0	0	0	0	0	0	0	0	0	0	0	0	0	0	0	0	0	0	0	0	0	0	0	0	0	0	0	0	0	0	0	0	0	0	0	0	0	0	0	0	0	0	0	0	0	0	0	0	0	0	0	0	0	0	0	0	0	0	0	0	0	0	0	0	0	0	0	0	0	0	0	0	0	0	0	0	0	0	0	0	0	0	0	0	0	0	0	0	0	0	0	0	0	0	0	0	0	0	0	0	0	0	0	0	0	0	0	0	0	0	0	0	0	0	0	0	0	0	0	0	0	0	0	0	0	0	0	0	0	0	0	0	0	0	0	0	0	0	0	0	0	0	0	0	0	0	0	0	0	0	0	0	0	0	0	0	0	0	0	0	0	0	0	0	0	0	0	0	0	0	0	0	0	0	0	0	0	0	0	0	0	0	0	0	0	0	0	0	0	0	0	0	0	0	0	0	0	0	0	0	0	0	0	0	0	0	0	0	0	0	0	0	0	0	0	0	0	0	0	0	0	0	0	0	0	0	0	0	0	0	0	0	0	0	0	0	0	0	0	0	0	0	0	0	0	0	0	0	0	0	0	0	0	0	0	0	0	0	
58	336	
58	336	59	368	280	
58	336	59	280	312	313	
58	336	59	280	312	320	264	
58	336	59	280	312	368	43	
58	336	59	280	312	
58	336	59	280	312	50	
58	336	59	280	312	26	
58	59	280	312	282	
58	59	280	312	63	
58	59	280	312	115	123	
58	59	280	43	
58	59	280	
58	59	280	
58	59	280	282	187	
58	59	280	312	
58	59	280	312	284	
58	59	280	51	
58	59	280	63	
58	59	280	171	282	
58	59	280	
59	280	408	
59	280	51	
59	280	264	281	266	
59	280	282	
59	280	282	346	
59	280	58	
59	280	51	
59	280	282	344	
59	280	376	344	
59	280	376	336	
59	280	376	336	272	320	
59	280	376	336	312	
59	280	376	336	62	337	
59	280	376	336	62	27	43	
59	280	376	336	62	27	338	51	377	
59	376	336	56	62	184	348	380	476	
59	376	336	62	14	340	
59	376	336	14	78	
59	376	336	14	377	12	374	368	
59	376	336	14	377	12	381	340	27	
59	376	336	14	377	12	381	380	312	
59	376	336	14	377	12	381	8	4	
59	376	336	14	377	12	381	380	
376	336	14	377	12	381	424	504	383	
376	336	14	377	12	381	344	
336	14	377	12	381	361	363	6	369	
336	14	377	12	381	6	344	
336	14	377	12	6	2	
336	14	377	12	78	10	4	2	
336	14	377	12	2	34	50	66	
336	14	377	12	2	34	50	18	379	383	
336	14	377	12	2	34	50	18	66	381	70	361	52	54	10	60	
14	377	12	34	50	18	381	70	178	99	199	135	
14	377	12	34	50	18	381	70	99	199	26	509	313	214	195	380	
14	377	12	34	50	18	381	99	199	30	131	365	227	
14	377	50	18	381	99	199	227	
377	50	18	381	99	199	227	97	
377	50	18	381	99	199	317	445	285	
377	50	18	381	199	319	315	307	135	447	114	115	
377	50	18	381	199	319	472	281	315	195	314	349	
377	50	18	381	199	472	281	369	383	
50	18	381	199	472	281	369	380	508	500	308	372	317	207	
50	18	381	199	472	281	369	380	372	476	377	
50	18	381	199	472	281	372	476	308	414	369	456	
50	18	381	199	281	372	476	308	369	82	
50	18	381	199	281	372	476	308	371	207	409	
50	18	381	281	372	476	114	412	308	396	60	52	
50	18	381	281	372	476	114	308	48	52	508	409	176	
50	18	381	281	372	476	308	52	508	118	38	59	114	412	
50	18	381	281	372	476	308	38	48	34	265	
50	18	381	281	372	476	308	48	102	56	49	349	
50	18	381	281	372	476	308	48	102	26	70	2	409	78	58	
50	18	381	281	372	476	308	70	14	6	114	12	
50	18	381	281	372	476	308	198	265	
50	18	381	281	372	476	308	178	198	118	
50	18	381	281	476	198	308	372	2	283	348	
50	18	381	281	476	198	372	194	134	
50	381	281	476	198	70	134	22	62	130	19	
50	381	281	476	198	134	22	19	114	194	48	
50	381	281	476	198	134	19	83	
50	381	281	476	198	114	
50	381	281	476	198	230	
50	381	281	476	198	230	265	34	508	
50	381	281	476	198	230	34	283	48	383	287	285	
50	381	476	198	230	34	348	
50	381	476	198	230	34	239	238	
50	476	198	230	238	
50	476	198	238	508	
50	476	198	238	348	34	114	468	
50	476	198	238	34	108	206	
50	476	198	238	34	108	2	98	348	
50	476	198	238	34	108	
50	476	198	238	34	108	174	
50	476	198	238	34	108	104	124	
50	476	198	238	34	108	
50	476	198	238	34	108	51	
50	476	198	238	34	108	500	412	
50	476	198	238	34	108	508	
50	476	198	238	34	108	508	477	412	444	
50	476	198	238	34	108	508	477	412	444	472	
50	476	198	238	34	108	477	444	236	
50	476	198	238	34	108	444	502	412	438	404	
50	476	198	238	34	108	444	477	35	
50	476	198	238	34	108	444	440	
50	476	198	238	34	108	444	206	32	
50	476	198	238	34	108	444	70	236	
50	476	198	238	34	108	444	236	124	412	
50	476	238	34	108	444	412	198	196	110	
50	476	238	34	108	444	412	436	308	284	
476	238	34	108	444	412	436	432	396	460	
476	238	34	108	444	412	268	396	316	
476	238	34	108	444	412	268	316	32	348	
476	238	34	108	444	412	268	300	301	508	415	
476	238	34	108	444	412	268	160	508	297	124	230	
476	238	34	108	444	412	160	468	
34	108	444	412	284	
34	108	412	236	404	162	
108	412	
108	412	
108	412	
108	412	
108	412	
108	412	109	
108	412	
108	412	44	
108	412	
108	412	
108	412	
108	412	
108	412	
108	412	104	
108	412	110	
108	412	120	104	110	124	
108	412	
108	412	409	
108	412	
108	412	
108	412	284	
108	412	
108	412	
108	412	
108	412	408	
108	412	110	
108	412	
108	412	236	
108	412	
108	412	
108	412	
108	412	
108	412	
108	412	110	404	
108	412	124	
108	412	
108	412	110	
108	412	124	
108	412	
108	412	
108	412	76	
108	412	
108	412	
108	412	
108	412	
108	412	
108	412	112	
108	412	112	36	44	
108	412	112	
108	412	112	80	16	
108	412	112	80	
108	412	112	80	413	
108	412	112	80	472	104	474	240	
108	412	112	80	472	
412	112	80	472	
412	112	80	472	
412	112	80	472	456	
412	112	80	472	48	
112	80	472	
80	472	16	24	48	474	
80	472	48	
80	472	
80	472	474	
80	472	
80	472	
80	472	17	16	
80	472	17	153	185	
80	472	153	185	137	139	143	152	
80	472	153	137	25	
80	472	153	137	129	
80	472	153	137	129	408	9	
472	153	137	129	408	496	400	432	
472	153	137	129	408	400	464	412	476	336	
472	153	137	408	400	392	
472	153	137	408	400	139	155	
472	153	137	408	400	464	386	496	498	
153	137	408	400	464	440	
153	408	400	440	464	413	152	
153	408	400	440	413	
153	408	400	440	413	384	
153	408	413	29	400	
153	408	413	415	
153	408	413	179	227	
153	408	413	187	249	243	157	
153	408	413	187	249	233	217	
153	408	413	187	249	217	185	
153	408	413	249	281	409	
153	408	413	249	409	281	411	
153	408	413	249	409	
153	408	413	249	409	412	281	285	
153	408	413	249	409	401	185	412	
413	249	409	401	273	
413	249	409	401	273	257	473	385	408	
413	249	409	401	273	257	321	393	
249	409	401	273	257	321	261	329	
249	409	273	257	321	275	289	
249	409	273	257	321	275	449	256	
249	409	321	275	465	
249	409	321	275	217	188	185	248	89	283	
249	409	321	275	188	185	248	25	120	121	89	240	187	180	
249	321	275	185	120	121	187	241	413	339	
249	321	275	185	121	187	91	177	217	184	27	219	
249	321	275	185	121	187	91	217	184	186	27	257	
249	321	275	121	187	91	186	152	155	251	120	
249	321	275	187	91	186	152	144	154	217	
249	321	275	187	91	186	152	144	
321	275	187	186	152	
321	275	187	186	152	
321	275	187	186	152	323	339	
321	275	187	186	320	323	257	355	256	178	
321	275	187	186	320	259	336	155	279	368	359	307	
321	275	187	186	320	259	307	352	155	315	
321	275	187	186	320	259	352	
275	187	186	320	259	257	353	267	59	251	
275	187	186	320	259	273	256	260	
275	187	186	320	259	256	257	258	344	345	
275	187	186	320	259	336	
275	187	186	259	
275	187	186	259	
275	187	186	259	181	235	
275	187	186	259	291	59	11	123	
275	187	186	259	122	123	155	
187	186	259	123	
187	186	259	123	248	252	
186	259	123	248	252	59	
186	259	123	248	252	236	
186	259	123	248	252	127	
259	123	248	252	121	127	323	
259	123	248	252	387	391	
259	123	248	252	391	
259	123	248	252	391	257	
259	123	248	252	391	
259	123	248	252	391	455	387	487	
259	123	248	252	391	455	387	
259	123	248	252	391	455	487	253	
259	123	248	252	391	455	220	291	
259	123	252	391	455	387	463	511	509	104	258	
259	123	252	391	455	387	463	127	397	511	383	451	
259	123	252	391	455	387	451	
259	123	252	391	455	387	59	156	275	451	
259	123	252	391	455	387	327	325	188	
259	123	252	391	455	387	325	291	307	275	389	
259	123	252	391	455	387	251	187	254	
259	123	252	391	455	115	
123	252	391	455	327	
252	391	455	238	206	
252	391	455	387	407	
252	391	
252	391	
252	391	390	423	
252	391	389	
252	391	
252	391	
252	391	
252	391	423	
252	391	248	
252	391	
252	391	
252	391	
252	391	
252	391	
252	391	
252	391	
252	391	
252	391	188	
252	391	
252	391	
252	391	
252	391	
252	391	253	
252	391	253	
252	391	387	
252	391	455	
252	391	423	
252	391	
252	391	423	
252	391	124	
252	391	
252	391	
252	391	
252	391	399	
252	391	
252	391	
252	391	
252	391	
252	391	
252	391	
252	391	385	
252	391	
252	391	387	244	
252	391	
252	391	236	
252	391	
252	391	248	407	
252	391	
252	391	
252	391	220	
252	391	188	
252	391	
252	391	399	
252	391	
252	391	
252	391	254	
252	391	254	
252	391	221	
252	391	423	
252	391	
252	391	
252	391	387	
252	391	254	
252	391	
252	391	220	
252	391	
252	391	
252	391	
252	391	
252	391	188	
252	391	
252	391	
252	391	
252	391	295	439	423	
252	391	
252	391	
252	391	
252	391	387	
252	391	
252	391	
252	391	
252	391	
252	391	261	
252	391	
252	391	
252	391	
252	391	
252	391	
252	391	
252	391	
252	391	
252	391	
252	391	
252	391	390	
252	391	
252	391	
252	391	387	
252	391	
252	391	423	
252	391	
252	391	
252	391	
252	391	
252	391	
252	391	
252	391	253	
252	391	387	254	
252	391	
252	391	
252	391	407	
252	391	
252	391	
252	391	253	
252	391	
252	391	
252	391	
252	391	263	
252	391	
252	391	
252	391	
252	391	
252	391	263	
252	391	
252	391	263	
252	391	
252	391	
252	391	
252	391	
252	391	263	220	
252	391	253	
252	391	
252	391	
252	391	423	
252	391	
252	391	455	
252	391	
252	391	
252	391	
252	391	407	
252	391	
252	391	
252	391	
252	391	253	
252	391	
252	391	
252	391	
252	391	
252	391	263	387	
252	391	399	387	
252	391	
252	391	
252	391	
252	391	
252	391	390	
252	391	
252	391	
252	391	
252	391	254	
252	391	
252	391	
252	391	
252	391	
252	391	
252	391	244	
252	391	
252	391	
252	391	
252	391	455	
252	391	
252	391	
252	391	
252	391	327	
252	391	
252	391	423	
252	391	
252	391	244	
252	391	
252	391	
252	391	
252	391	399	407	124	232	248	
252	391	
252	391	
252	391	399	
252	391	
252	391	
252	391	399	
252	391	
252	391	
252	391	
252	391	
252	391	
252	391	387	
252	391	236	
252	391	
252	391	253	
252	391	455	
252	391	
252	391	
252	391	
252	391	220	
252	391	
252	391	263	
252	391	253	
252	391	407	
252	391	407	
252	391	
252	391	
252	391	395	236	
252	391	
252	391	
252	391	220	387	
252	391	
252	391	455	
252	391	
252	391	188	220	244	
252	391	399	
252	391	388	390	
252	391	390	
252	391	389	
252	391	
252	391	
252	391	
252	391	
252	391	
252	391	263	
252	391	
252	391	
252	391	
252	391	
252	391	
252	391	
252	391	
252	391	
252	391	
252	391	455	
252	391	
252	391	
252	391	
252	391	
252	391	407	
252	391	
252	391	188	
252	391	263	
252	391	263	
252	391	
252	391	
252	391	
252	391	399	
252	391	
252	391	390	
252	391	
252	391	244	
252	391	
252	391	
252	391	
252	391	387	
252	391	
252	391	253	
252	391	
252	391	
252	391	
252	391	
252	391	
252	391	399	
252	391	
252	391	
252	391	
252	391	
252	391	
252	391	
252	391	
252	391	
252	391	263	
252	391	387	
252	391	
252	391	
252	391	
252	391	
252	391	399	220	
252	391	
252	391	
252	391	407	220	
252	391	
252	391	
252	391	
252	391	
252	391	
252	391	248	
252	391	
252	391	423	
252	391	220	
252	391	
252	391	116	117	
252	391	254	
252	391	
252	391	
252	391	
252	391	
252	391	451	455	
252	391	
252	391	
252	391	390	
252	391	
252	391	220	238	
252	391	
252	391	
252	391	188	
252	391	387	236	
252	391	244	
252	391	399	
252	391	
252	391	
252	391	
252	391	
252	391	
252	391	
252	391	263	
252	391	
252	391	407	
252	391	
252	391	
252	391	
252	391	
252	391	220	390	
252	391	
252	391	
252	391	124	
252	391	
252	391	407	
252	391	
252	391	
252	391	
252	391	
252	391	387	
252	391	
252	391	
252	391	248	
252	391	
252	391	390	
252	391	188	
252	391	244	
252	391	
252	391	
252	391	454	455	
252	391	387	
252	391	
252	391	
252	391	244	
252	391	
252	391	220	
252	391	254	
252	391	
252	391	248	
252	391	
252	391	263	
252	391	244	
252	391	188	
252	391	
252	391	249	254	
252	391	
252	391	387	
252	391	
252	391	
252	391	
252	391	387	399	
252	391	
252	391	244	
252	391	
252	391	
252	391	
252	391	
252	391	
252	391	
252	391	455	220	
252	391	
252	391	
252	391	
252	391	
252	391	390	
252	391	
252	391	
252	391	190	
252	391	
252	391	390	
252	391	244	399	
252	391	387	
252	391	220	
252	391	188	
252	391	
252	391	
252	391	
252	391	
252	391	253	
252	391	
252	391	
252	391	
252	391	
252	391	387	
252	391	254	244	
252	391	
252	391	
252	391	
252	391	
252	391	
252	391	
252	391	422	
252	391	503	471	
252	391	
252	391	
252	391	
252	391	
252	391	387	
252	391	
252	391	
252	391	263	423	
252	391	
252	391	
252	391	389	
252	391	
252	391	244	
252	391	
252	391	254	
252	391	
252	391	
252	391	
252	391	423	
252	391	
252	391	
252	391	244	
252	391	
252	391	
252	391	
252	391	248	
252	391	
252	391	387	
252	391	
252	391	
252	391	
252	391	407	188	
252	391	
252	391	
252	391	124	
252	391	
252	391	423	389	
252	391	
252	391	
252	391	248	
252	391	
252	391	455	
252	391	
252	391	
252	391	
252	391	
252	391	
252	391	
252	391	
252	391	
252	391	
252	391	
252	391	
252	391	236	
252	391	244	263	
252	391	
252	391	
252	391	
252	391	220	389	
252	391	455	
252	391	
252	391	
252	391	
252	391	
252	391	
252	391	
252	391	228	
252	391	423	
252	391	
252	391	244	
252	391	
252	391	
252	391	
252	391	253	
252	391	254	
252	391	253	
252	391	
252	391	
252	391	188	399	
252	391	
252	391	
252	391	188	
252	391	124	
252	391	390	
252	391	
252	391	
252	391	
252	391	253	
252	391	
252	391	
252	391	399	124	
252	391	
252	391	
252	391	
252	391	
252	391	455	
252	391	
252	391	387	
252	391	
252	391	
252	391	263	
252	391	390	
252	391	
252	391	390	
252	391	
252	391	188	
252	391	
252	391	254	
252	391	
252	391	
252	391	
252	391	327	
252	391	
252	391	
252	391	189	
252	391	
252	391	
252	391	390	
252	391	
252	391	236	
252	391	
252	391	
252	391	386	248	220	
252	391	
252	391	387	
252	391	
252	391	
252	391	423	253	244	263	
252	391	
252	391	
252	391	
252	391	
252	391	455	
252	391	407	
252	391	108	100	
252	391	
252	391	
252	391	
252	391	220	
252	391	
252	391	253	
252	391	
252	391	423	
252	391	220	
252	391	
252	391	
252	391	244	399	248	
252	391	
252	391	60	
252	391	
252	391	
252	391	
252	391	387	
252	391	
252	391	
252	391	124	248	236	125	
252	391	
252	391	
252	391	253	
252	391	124	
252	391	
252	391	
252	391	389	
252	391	
252	391	
252	391	
252	391	
252	391	
252	391	
252	391	
252	391	248	
252	391	
252	391	
252	391	423	
252	391	390	
252	391	
252	391	
252	391	188	
252	391	
252	391	220	92	
252	391	
252	391	
252	391	
252	391	
252	391	
252	391	
252	391	
252	391	
252	391	
252	391	
252	391	
252	391	
252	391	
252	391	188	263	
252	391	
252	391	
252	391	
252	391	
252	391	
252	391	455	
252	391	253	254	
252	391	262	390	
252	391	244	
252	391	253	248	
252	391	
252	391	
252	391	
252	391	244	
252	391	387	
252	391	
252	391	
252	391	
252	391	407	
252	391	
252	391	
252	391	
252	391	
252	391	263	
252	391	
252	391	
252	391	
252	391	
252	391	
252	391	
252	391	
252	391	
252	391	
252	391	
252	391	
252	391	
252	391	190	220	
252	391	263	
252	391	236	228	
252	391	
252	391	
252	391	
252	391	
252	391	
252	391	
252	391	
252	391	253	
252	391	236	
252	391	220	
252	391	
252	391	
252	391	253	
252	391	
252	391	
252	391	
252	391	
252	391	
252	391	
252	391	
252	391	
252	391	174	
252	391	
252	391	423	
252	391	
252	391	125	
252	391	
252	391	
252	391	455	
252	391	
252	391	399	
252	391	395	
252	391	455	
252	391	387	
252	391	236	423	
252	391	
252	391	248	
252	391	
252	391	
252	391	263	
252	391	455	
252	391	407	
252	391	
252	391	253	
252	391	
252	391	244	220	
252	391	236	
252	391	244	
252	391	
252	391	
252	391	
252	391	
252	391	
252	391	
252	391	
252	391	
252	391	
252	391	
252	391	
252	391	407	
252	391	
252	391	
252	391	
252	391	
252	391	
252	391	124	
252	391	
252	391	
252	391	399	
252	391	
252	391	
252	391	
252	391	124	
252	391	
252	391	
252	391	
252	391	
252	391	
252	391	213	390	
252	391	213	387	
252	391	213	387	
252	391	213	423	
252	391	213	389	397	
252	391	213	387	399	
252	391	213	85	
252	391	213	85	
252	391	213	399	389	
252	391	213	265	263	257	
252	391	213	257	
252	391	213	399	463	397	
391	213	399	462	212	
391	213	399	429	482	462	494	430	263	
391	213	399	395	398	430	
391	213	399	398	389	277	405	
391	213	398	277	495	285	399	
391	213	398	277	495	373	455	423	263	285	372	
391	213	398	277	495	373	357	
391	213	277	495	373	357	325	279	
391	213	277	495	373	357	325	486	453	
391	213	277	495	373	357	325	486	324	353	365	341	511	
391	213	495	373	357	325	486	367	333	431	485	341	
213	495	373	357	325	367	491	483	
213	495	357	325	367	491	489	
213	357	325	367	491	321	363	489	
213	357	325	367	491	381	380	
213	357	325	367	491	381	380	365	
213	357	367	491	381	
213	357	367	491	381	209	483	
213	357	367	491	381	
213	357	367	491	381	335	215	
213	357	367	491	381	335	
213	357	367	491	381	221	209	
213	357	367	491	381	365	427	
213	357	367	491	381	380	485	365	
213	357	367	491	381	197	335	363	
213	357	367	491	381	359	
213	367	491	381	
213	367	491	381	
213	367	491	381	
213	367	491	381	373	
213	367	491	381	
213	367	491	381	373	383	
213	367	491	381	84	85	
213	367	491	381	
213	367	491	381	
213	367	491	381	
213	367	491	381	427	
213	367	491	381	383	349	
213	367	491	381	509	363	495	
213	367	491	381	335	334	
213	367	491	381	
213	367	491	381	
213	367	491	381	212	509	365	
213	491	381	365	483	
213	491	381	
213	491	381	215	
213	491	381	149	85	
213	491	381	247	85	84	80	
213	491	381	212	208	216	
213	491	381	212	245	
213	491	381	212	92	
213	491	381	212	205	244	237	229	
213	491	381	
213	491	381	
213	491	381	
213	491	381	
213	491	381	197	363	
213	491	381	509	317	
213	491	381	
213	491	381	196	
213	491	381	196	148	197	198	
213	491	381	196	508	
213	381	196	
213	381	196	
213	381	196	377	
213	381	196	228	
213	381	196	
213	381	196	
381	196	132	
381	196	197	
381	196	
381	196	377	
381	196	212	
381	196	
381	196	
381	196	
381	196	68	373	
381	196	
381	196	
381	196	377	
381	196	204	
381	196	377	
381	196	
381	196	132	
381	196	
381	196	197	
381	196	68	
381	196	
381	196	132	
381	196	
381	196	
381	196	192	
381	196	
381	196	68	
381	196	68	
381	196	
381	196	
381	196	
381	196	204	197	
381	196	
381	196	
381	196	
381	196	317	192	
381	196	197	383	
381	196	
381	196	197	
381	196	228	
381	196	
381	196	365	
381	196	
381	196	
381	196	
381	196	317	
381	196	377	
381	196	377	
381	196	
381	196	349	
381	196	377	
381	196	
381	196	
381	196	
381	196	
381	196	
381	196	
381	196	377	
381	196	
381	196	
381	196	365	364	
381	196	364	
381	196	364	373	
381	196	364	
381	196	364	198	206	
381	196	364	356	352	
381	196	364	377	
381	196	364	224	132	
381	196	364	224	
381	196	364	224	383	
381	196	364	224	332	
381	196	364	224	
381	196	364	224	
381	196	364	224	383	
196	364	224	228	68	
196	364	224	365	68	212	4	84	
196	364	224	
196	364	224	197	
196	364	224	68	
196	364	224	
196	364	224	
196	364	224	365	
196	364	224	68	
196	364	224	
196	364	224	492	
196	364	224	
196	364	224	
196	364	224	360	356	
364	224	292	
364	224	
364	224	
364	224	192	
364	224	
364	224	228	
364	224	
364	224	
364	224	365	
364	224	332	96	
364	224	376	
364	224	160	226	
364	224	376	
364	224	
364	224	366	
364	224	
364	224	
364	224	100	232	
364	224	100	226	
364	224	100	68	96	
364	224	68	360	
364	224	68	
364	224	68	
364	224	68	70	
364	224	
364	224	366	
364	224	
364	224	
364	224	225	
364	224	300	
364	224	
364	224	
364	224	356	494	
364	224	232	
364	224	
364	224	
364	224	
364	224	360	
364	224	
364	224	
364	224	
364	224	
364	224	
364	224	
364	224	300	292	
364	224	
364	224	365	
364	224	228	
364	224	
364	224	
364	224	268	492	
364	224	
364	224	228	
364	224	
364	224	226	
364	224	365	300	
364	224	
364	224	492	
364	224	300	228	
364	224	
364	224	
364	224	
364	224	
364	224	192	
364	224	
364	224	226	
364	224	356	228	
364	224	
364	224	
364	224	
364	224	
364	224	
364	224	380	
364	224	
364	224	
364	224	
364	224	
364	224	
364	224	
364	224	
364	224	360	
364	224	
364	224	225	
364	224	
364	224	
364	224	192	
364	224	296	366	
364	224	
364	224	
364	224	356	
364	224	
364	224	
364	224	
364	224	232	96	240	192	
364	224	
364	224	
364	224	
364	224	
364	224	356	
364	224	300	192	
364	224	
364	224	225	
364	224	
364	224	240	96	
364	224	380	
364	224	365	
364	224	
364	224	
364	224	
364	224	
364	224	
364	224	160	
364	224	
364	224	332	
364	224	
364	224	332	
364	224	300	316	
364	224	
364	224	
364	224	
364	224	240	
364	224	300	
364	224	380	
364	224	300	
364	224	
364	224	
364	224	332	
364	224	
364	224	232	
364	224	
364	224	
364	224	
364	224	
364	224	
364	224	96	360	
364	224	
364	224	380	
364	224	
364	224	
364	224	
364	224	
364	224	
364	224	300	
364	224	292	
364	224	
364	224	
364	224	236	
364	224	
364	224	
364	224	300	32	
364	224	232	
364	224	230	
364	224	
364	224	300	96	
364	224	
364	224	
364	224	300	
364	224	365	
364	224	
364	224	160	492	
364	224	
364	224	
364	224	
364	224	380	
364	224	
364	224	192	
364	224	
364	224	
364	224	
364	224	
364	224	160	
364	224	160	
364	224	
364	224	
364	224	
364	224	365	
364	224	
364	224	228	
364	224	365	
364	224	
364	224	
364	224	
364	224	
364	224	
364	224	
364	224	360	
364	224	360	128	
364	224	228	226	
364	224	
364	224	
364	224	365	
364	224	
364	224	
364	224	303	
364	224	366	
364	224	356	226	
364	224	
364	224	
364	224	
364	224	
364	224	
364	224	
364	224	
364	224	
364	224	
364	224	
364	224	300	
364	224	
364	224	300	360	
364	224	
364	224	192	
364	224	360	
364	224	
364	224	
364	224	
364	224	
364	224	
364	224	366	
364	224	
364	224	
364	224	
364	224	
364	224	
364	224	493	360	
364	224	228	96	
364	224	240	
364	224	232	300	
364	224	97	
364	224	
364	224	
364	224	300	
364	224	
364	224	360	
364	224	
364	224	
364	224	
364	224	228	366	
364	224	300	
364	224	
364	224	
364	224	
364	224	
364	224	366	380	
364	224	
364	224	356	
364	224	
364	224	
364	224	365	
364	224	226	
364	224	360	228	
364	224	
364	224	
364	224	160	
364	224	
364	224	
364	224	300	
364	224	160	
364	224	365	192	
364	224	
364	224	356	
364	224	
364	224	
364	224	
364	224	
364	224	232	
364	224	
364	224	
364	224	492	
364	224	
364	224	225	
364	224	360	
364	224	100	96	102	
364	224	100	
364	224	100	
364	224	100	
364	224	100	
364	224	100	
364	224	100	
364	224	100	228	225	
364	224	100	232	
364	224	100	68	300	
364	224	100	
364	224	100	300	232	
364	224	100	
364	224	100	232	
364	224	100	
364	224	100	492	356	
364	224	100	
364	224	100	
364	224	100	228	
364	224	100	
364	224	100	
364	224	100	228	
364	224	100	196	366	
364	224	100	
364	224	100	
364	224	100	36	
364	224	100	68	
364	224	100	68	
364	224	100	68	300	292	
364	224	100	68	292	
364	224	100	68	292	96	
364	224	100	292	
364	224	100	292	300	116	
364	224	100	292	300	228	
364	224	100	292	
364	224	100	292	288	102	
364	224	100	292	225	108	68	226	
364	224	100	292	232	
364	224	100	292	232	237	
364	224	100	292	
364	224	100	292	
364	224	100	292	300	160	
364	224	100	292	
364	224	292	
364	224	292	
364	224	292	228	
364	224	292	
364	224	292	228	
364	224	292	232	
364	224	292	
364	224	292	380	381	
364	224	292	360	
364	224	292	
364	224	292	288	
364	224	292	
364	224	292	192	
364	224	292	
364	224	292	492	
364	224	292	
364	224	292	
364	224	292	293	
364	224	292	226	192	196	
364	224	292	
364	224	292	
364	224	292	
364	224	292	
364	224	292	225	
364	224	292	
364	224	292	260	
364	224	292	
364	224	292	260	
364	224	292	
364	224	292	
364	224	292	294	288	
364	224	292	192	
364	224	292	365	
364	224	292	
364	224	292	360	
364	224	292	
364	224	292	
364	224	292	
364	224	292	356	
364	224	292	226	
364	224	292	
364	224	292	300	
364	224	292	232	
364	224	292	32	226	228	
364	224	292	32	300	
364	224	292	32	40	
364	224	292	32	356	
364	224	292	32	160	
364	224	292	32	96	226	
364	224	292	32	160	48	
364	224	292	32	
364	224	292	32	
364	292	32	
364	292	32	
364	292	32	365	
364	292	32	294	293	
364	292	32	492	160	
364	292	32	
364	292	32	382	
364	292	32	382	308	
364	32	382	492	160	
364	32	382	374	
364	32	382	
364	32	382	
364	32	382	0	40	
364	32	382	224	160	
364	32	382	224	232	
364	32	382	224	
364	32	382	224	96	240	492	
364	32	382	224	48	366	
364	32	382	224	
364	32	382	224	160	
364	32	224	
364	32	224	96	
364	32	224	
364	32	224	356	
364	32	224	
364	32	224	
364	32	224	360	
364	32	224	360	
364	32	224	365	96	
364	32	224	226	
364	32	224	
364	32	224	96	160	
364	32	224	
364	32	224	360	
364	32	224	300	
364	224	
364	224	
364	224	
364	224	232	248	
364	224	
364	224	
364	224	
364	224	
364	224	
364	224	
364	224	
364	224	96	
364	224	
364	224	
364	224	
364	224	
364	224	
364	224	374	342	332	375	
364	224	374	
364	224	374	240	358	
364	224	374	228	192	
364	224	374	360	96	
364	224	374	240	
364	224	374	
364	224	374	
364	224	374	
364	224	374	370	
364	224	374	
364	224	374	
364	224	374	232	492	
364	224	374	232	96	492	
364	224	374	226	
364	224	374	160	375	
364	224	374	232	228	226	
364	224	374	
364	224	374	225	
364	224	374	
364	224	374	
364	224	374	232	200	
364	224	374	
364	224	374	192	232	
364	224	374	360	
364	224	374	
364	224	374	358	
364	224	374	225	492	
364	224	374	
364	224	374	
364	224	374	365	370	
364	224	374	382	
364	224	374	
364	224	374	375	
364	224	374	
364	224	374	
364	224	374	380	
364	224	374	
364	224	374	
364	224	374	342	375	
364	224	374	
364	224	374	
364	224	374	358	
364	224	374	
364	224	374	
364	224	374	
364	224	374	365	
364	224	374	
364	224	374	
364	224	374	
364	224	374	
364	224	374	
364	224	374	
364	224	374	
364	224	374	
364	224	374	225	
364	224	374	
364	224	374	
364	224	374	
364	224	374	
364	224	374	372	
364	224	374	232	502	
364	224	374	160	232	
364	224	374	
364	224	374	
364	224	374	
364	224	374	
364	224	374	232	
364	224	374	
364	224	374	
364	224	374	232	375	
364	224	374	240	
364	224	374	502	
364	224	374	226	
364	224	374	
364	224	374	232	
364	224	374	365	502	
364	224	374	
364	224	374	375	
364	224	374	96	372	
364	224	374	232	
364	224	374	232	
364	224	374	300	
364	224	374	232	
364	224	374	96	232	365	
364	224	374	96	232	248	192	
364	224	374	96	232	
364	224	374	96	232	
224	374	96	232	
224	374	96	232	248	168	358	
224	374	96	232	
224	374	96	232	
224	374	96	232	
224	374	96	232	228	
224	374	96	232	248	
224	374	96	232	32	342	
374	96	232	98	
374	96	232	98	248	200	
374	96	232	98	
374	96	502	498	419	491	370	470	
374	96	419	291	387	
374	96	419	291	
374	96	419	291	
374	96	419	291	355	
374	96	419	291	385	257	
96	419	291	483	
96	419	291	120	
96	419	291	
96	419	291	267	
96	419	291	267	97	
96	419	291	267	417	
96	419	291	
96	419	291	
96	419	291	
96	419	291	435	
96	419	291	34	355	50	
96	419	291	34	
96	419	291	34	
96	419	291	34	
96	419	291	34	35	
96	419	291	34	427	32	
96	419	291	34	435	
96	419	291	34	435	303	224	112	
96	419	291	34	303	435	483	299	
96	419	291	34	303	423	162	
96	419	34	303	423	64	299	418	271	427	483	35	
96	419	34	303	423	97	417	
96	34	303	423	97	163	487	
96	34	303	423	97	100	225	319	108	
96	34	303	423	97	67	3	104	399	315	391	299	
96	34	303	423	97	67	295	
96	34	303	423	97	67	439	104	319	3	113	108	35	99	
96	34	303	423	97	67	99	
96	34	303	423	97	99	104	33	302	32	37	
96	34	303	423	97	33	2	18	431	42	
96	34	303	423	97	33	2	367	
96	34	303	423	97	99	295	65	
34	303	423	97	32	
303	423	97	33	96	
303	423	97	96	33	41	
303	423	97	33	
303	423	97	113	99	241	
303	423	97	113	99	
303	423	97	113	227	421	
303	423	97	113	227	96	
303	423	97	113	227	427	121	395	420	439	
423	97	113	227	427	121	420	235	292	422	123	425	81	234	203	
423	97	113	227	427	420	235	49	
423	97	113	420	235	49	421	288	
423	97	113	420	235	49	177	
423	113	235	49	419	171	
423	113	235	49	419	203	
423	113	235	49	419	483	435	421	233	
423	235	49	419	421	227	437	427	17	
423	235	49	419	421	227	293	437	436	391	
423	235	49	419	421	293	437	436	501	497	
423	235	49	419	421	293	436	33	357	
235	49	419	421	293	436	357	33	48	251	51	417	250	
235	49	419	421	293	51	48	427	
235	49	419	421	293	51	48	427	439	289	
49	419	421	293	51	48	115	235	
49	419	421	293	51	48	91	89	219	217	
49	419	421	293	51	91	89	219	17	93	81	
49	421	293	51	91	89	219	93	55	83	25	81	33	67	
49	421	293	51	89	93	25	55	119	179	85	9	118	
49	421	293	51	89	93	119	85	25	23	21	55	
421	293	51	89	93	119	85	23	7	295	
421	293	51	89	93	119	85	291	309	
421	293	51	89	93	119	85	291	295	487	
421	293	51	93	119	85	291	295	359	50	
421	293	51	93	119	85	295	359	103	77	205	81	
293	51	93	119	85	295	359	92	447	421	375	
293	51	93	119	85	295	359	291	447	87	
293	51	93	119	85	295	291	447	359	261	
293	51	93	119	85	295	447	13	213	29	303	
293	51	119	85	295	447	93	
293	51	119	85	295	125	113	118	
293	51	119	85	295	181	
293	51	119	85	295	115	118	
293	51	119	85	295	123	50	81	103	
293	51	119	85	295	123	50	247	178	162	289	21	
293	119	85	295	123	50	99	251	84	115	
293	119	85	295	123	50	99	69	359	227	121	98	34	
293	85	295	123	99	34	2	50	
293	85	295	123	99	34	59	98	255	67	
293	85	295	123	99	
293	85	295	123	99	
293	85	295	123	99	261	357	301	
293	85	295	123	99	291	292	
293	85	295	123	99	292	261	357	
293	85	295	99	292	294	84	
293	85	295	99	263	289	259	288	
293	85	295	99	359	107	487	
293	85	295	99	359	
293	85	295	99	387	262	35	327	421	263	451	39	
293	85	295	99	387	403	262	39	327	67	65	279	395	
85	295	99	387	262	327	
85	295	99	387	327	263	331	329	
85	295	99	387	327	81	326	35	17	
85	295	99	387	327	81	359	451	323	
85	295	99	387	327	81	323	325	80	311	395	209	333	339	329	359	
85	295	99	387	327	81	339	17	97	489	113	103	117	
295	99	387	327	81	339	17	489	103	403	
295	99	387	327	81	339	17	489	467	451	326	343	
295	99	387	81	339	17	489	451	419	427	115	488	85	18	19	
295	99	387	81	339	17	489	451	419	114	347	226	403	391	234	449	385	455	
295	99	387	81	339	17	489	451	419	347	435	19	499	23	35	371	457	83	395	505	
295	99	387	81	339	17	489	451	419	435	499	83	347	91	
295	99	387	81	339	17	419	435	499	83	347	475	19	473	507	403	465	395	331	
295	99	387	81	339	17	419	499	19	435	211	507	
295	99	387	81	339	17	419	499	19	435	227	16	
295	99	387	81	339	17	419	499	435	83	227	417	67	497	391	289	
295	99	387	81	339	17	419	499	433	389	227	49	441	371	423	
295	99	387	81	339	17	419	499	433	371	441	34	259	467	417	
295	99	387	81	339	17	419	499	259	417	466	483	21	338	
295	99	81	339	17	419	499	259	417	483	424	113	293	392	433	
99	81	339	17	419	499	259	417	113	433	291	424	295	428	
99	81	339	17	419	499	259	433	291	424	417	
99	81	339	17	499	259	433	424	107	435	103	102	235	
99	81	339	17	499	259	433	424	107	102	305	426	118	119	43	
99	81	339	17	499	433	424	107	426	43	323	417	401	97	441	
99	81	339	17	499	433	424	107	426	417	145	488	263	305	337	47	
99	81	339	17	499	433	424	107	426	98	113	497	
99	81	339	499	433	424	107	426	67	507	425	66	
99	81	499	424	107	426	67	437	83	371	
81	499	424	107	426	437	105	75	235	
81	499	424	107	426	392	
81	499	424	107	426	43	
81	499	424	107	416	235	
81	499	424	107	99	371	375	
81	499	424	107	203	295	375	
81	499	424	107	203	80	
81	499	424	107	203	251	
81	499	424	107	488	
81	499	424	107	507	235	451	459	483	
81	499	424	107	235	449	392	
81	499	424	107	235	449	392	305	385	89	433	
81	499	424	107	235	449	392	305	488	313	
81	499	424	107	235	305	313	239	425	301	433	296	429	498	
81	499	424	107	235	313	425	421	432	497	305	289	444	433	
499	424	107	235	313	421	432	497	435	436	467	
499	424	107	235	313	421	432	497	496	429	
499	107	235	421	432	497	304	306	371	307	504	420	472	436	
107	235	421	432	497	306	371	307	111	311	
107	235	421	432	371	307	111	306	109	434	110	
107	235	421	432	371	307	111	163	227	306	304	105	
107	235	421	432	371	111	95	87	119	
107	421	432	371	111	227	226	231	163	400	
107	421	432	371	111	227	
107	421	432	371	111	227	110	225	
107	421	432	371	111	227	420	225	
107	421	432	371	111	227	440	433	444	47	
107	421	432	371	111	227	433	226	47	436	
107	421	432	371	111	227	226	339	110	
107	421	432	371	111	227	339	231	337	437	
107	421	432	371	111	227	437	
107	421	432	371	111	227	355	433	
107	421	432	371	111	227	423	231	370	102	230	
107	421	432	371	111	227	106	99	
107	421	432	371	111	227	339	307	
107	421	432	371	111	227	231	339	
107	421	432	371	111	227	485	105	434	355	
107	421	432	371	111	227	485	231	355	275	307	226	103	
107	421	432	371	111	227	485	231	275	339	307	306	343	105	
107	421	432	371	111	227	485	339	509	453	343	429	441	109	
107	421	432	371	111	227	485	453	429	195	370	428	493	
107	421	432	371	111	227	485	453	429	449	433	431	440	493	448	
107	421	432	371	111	227	485	453	429	449	433	385	307	99	484	
421	432	371	111	227	485	453	429	307	99	400	397	
421	432	111	227	485	453	429	99	501	
421	111	227	485	453	429	99	110	455	78	
421	111	227	485	453	429	99	110	127	239	
421	111	227	485	453	429	99	127	
111	227	485	453	429	99	127	243	452	109	
111	227	485	453	429	99	127	243	421	
111	227	485	453	429	99	127	243	469	455	238	405	102	110	
111	227	485	453	429	99	127	243	501	493	356	509	
111	227	485	453	429	99	127	243	501	509	123	122	107	452	
111	227	485	453	429	99	127	243	501	509	122	469	493	98	
111	485	453	429	99	127	243	501	122	509	393	408	392	
111	485	453	429	99	127	243	122	484	211	241	
111	485	453	429	99	127	243	484	405	501	122	486	
111	485	453	429	99	127	243	484	501	227	493	
111	485	453	429	99	243	227	455	
111	485	453	429	99	243	227	484	109	
111	453	429	99	243	227	211	261	241	115	127	293	
111	453	429	99	243	227	493	445	
111	453	429	99	243	493	79	115	107	485	445	
111	453	429	243	493	114	397	509	115	
111	453	429	243	127	301	
111	453	429	243	301	63	
111	453	429	243	301	63	445	485	
111	429	243	301	445	109	481	447	421	
429	243	301	109	481	242	
429	243	301	109	481	
429	243	301	109	481	397	
429	243	301	109	481	417	
429	243	301	109	481	480	
429	243	301	109	481	45	
429	243	301	109	481	179	
429	243	301	109	481	227	269	
429	243	301	109	481	449	421	
429	243	301	109	481	449	111	417	
429	243	301	109	481	449	111	428	
429	243	301	109	481	449	448	73	242	72	
429	243	301	109	481	449	201	111	
301	109	449	201	465	321	
301	109	449	317	
109	449	457	
109	449	101	
109	449	
109	449	
109	449	
109	449	
109	449	
109	449	
109	449	452	108	
109	449	
109	449	
109	449	77	
109	449	
109	449	77	36	
109	449	453	
109	449	
109	449	105	453	
109	449	
109	449	321	
109	449	237	
109	449	
109	449	
109	449	385	457	
109	449	125	465	
109	449	
109	449	
109	449	
109	449	451	
109	449	
109	449	453	
109	449	
109	449	
109	449	237	
109	449	
109	449	
109	449	125	
109	449	
109	449	
109	449	108	
109	449	
109	449	
109	449	
109	449	
109	449	
109	449	101	
109	449	465	
109	449	
109	449	
109	449	105	
109	449	465	108	
109	449	
109	449	
109	449	
109	449	
109	449	321	
109	449	
109	449	457	
109	449	
109	449	
109	449	77	
109	449	
109	449	
109	449	
109	449	108	
109	449	
109	449	
109	449	
109	449	
109	449	451	
109	449	
109	449	465	
109	449	
109	449	
109	449	385	108	
109	449	
109	449	
109	449	
109	449	385	
109	449	111	101	
109	449	
109	449	453	
109	449	125	
109	449	
109	449	
109	449	105	
109	449	
109	449	
109	449	
109	449	77	
109	449	
109	449	
109	449	465	
109	449	
109	449	
109	449	448	
109	449	451	
109	449	237	121	
109	449	
109	449	
109	449	
109	449	
109	449	
109	449	
109	449	
109	449	453	
109	449	
109	449	481	451	448	
109	449	
109	449	385	
109	449	
109	449	
109	449	108	
109	449	
109	449	
109	449	
109	449	
109	449	
109	449	101	
109	449	
109	449	
109	449	108	
109	449	
109	449	125	
109	449	
109	449	
109	449	385	108	45	
109	449	
109	449	
109	449	
109	449	453	
109	449	385	481	
109	449	
109	449	
109	449	
109	449	
109	449	
109	449	
109	449	45	
109	449	
109	449	
109	449	465	101	
109	449	
109	449	
109	449	
109	449	
109	449	451	
109	449	
109	449	
109	449	457	
109	449	105	
109	449	
109	449	
109	449	457	
109	449	
109	449	
109	449	
109	449	108	
109	449	341	
109	449	
109	449	125	
109	449	108	
109	449	
109	449	
109	449	45	
109	449	
109	449	
109	449	
109	449	
109	449	
109	449	
109	449	
109	449	389	
109	449	465	
109	449	125	457	
109	449	
109	449	
109	449	
109	449	465	
109	449	
109	449	
109	449	
109	449	448	
109	449	
109	449	
109	449	
109	449	465	
109	449	
109	449	
109	449	
109	449	385	
109	449	
109	449	
109	449	
109	449	108	
109	449	
109	449	
109	449	
109	449	
109	449	457	
109	449	
109	449	
109	449	
109	449	
109	449	101	
109	449	448	
109	449	
109	449	69	105	
109	449	
109	449	385	
109	449	
109	449	
109	449	111	
109	449	
109	449	
109	449	
109	449	448	
109	449	
109	449	
109	449	465	
109	449	
109	449	
109	449	
109	449	
109	449	101	
109	449	
109	449	448	
109	449	
109	449	
109	449	
109	449	
109	449	237	
109	449	
109	449	
109	449	101	
109	449	401	451	
109	449	77	
109	449	105	
109	449	448	
109	449	
109	449	111	
109	449	
109	449	
109	449	448	
109	449	
109	449	
109	449	
109	449	
109	449	
109	449	
109	449	
109	449	
109	449	
109	449	
109	449	
109	449	101	451	
109	449	
109	449	
109	449	
109	449	
109	449	
109	449	
109	449	
109	449	77	
109	449	
109	449	45	
109	449	
109	449	
109	449	
109	449	
109	449	
109	449	
109	449	
109	449	
109	449	
109	449	
109	449	448	
109	449	321	
109	449	
109	449	
109	449	
109	449	
109	449	
109	449	
109	449	
109	449	77	
109	449	
109	449	
109	449	
109	449	108	
109	449	111	
109	449	
109	449	111	108	
109	449	
109	449	
109	449	
109	449	451	
109	449	
109	449	
109	449	
109	449	
109	449	
109	449	105	
109	449	111	
109	449	
109	449	
109	449	
109	449	77	481	
109	449	108	
109	449	
109	449	101	
109	449	
109	449	
109	449	
109	449	
109	449	
109	449	
109	449	
109	449	
109	449	457	
109	449	
109	449	
109	449	
109	449	448	
109	449	
109	449	481	448	
109	449	
109	449	
109	449	
109	449	
109	449	45	385	
109	449	
109	449	
109	449	
109	449	
109	449	
109	449	
109	449	
109	449	
109	449	
109	449	
109	449	
109	449	451	
109	449	
109	449	
109	449	
109	449	
109	449	
109	449	
109	449	
109	449	
109	449	385	
109	449	
109	449	
109	449	77	
109	449	
109	449	
109	449	
109	449	
109	449	37	
109	449	77	105	
109	449	
109	449	465	
109	449	
109	449	237	
109	449	
109	449	321	
109	449	485	
109	449	
109	449	101	453	
109	449	453	
109	449	
109	449	
109	449	
109	449	
109	449	481	
109	449	
109	449	
109	449	108	
109	449	61	
109	449	45	
109	449	448	
109	449	
109	449	
109	449	
109	449	
109	449	
109	449	451	
109	449	
109	449	
109	449	
109	449	
109	449	
109	449	
109	449	
109	449	
109	449	
109	449	
109	449	481	
109	449	
109	449	
109	449	
109	449	237	101	
109	449	
109	449	
109	449	105	
109	449	105	45	
109	449	
109	449	
109	449	
109	449	
109	449	
109	449	
109	449	
109	449	385	
109	449	
109	449	
109	449	111	448	
109	449	101	
109	449	
109	449	125	
109	449	453	
109	449	
109	449	
109	449	
109	449	105	
109	449	
109	449	77	
109	449	237	
109	449	
109	449	
109	449	448	
109	449	
109	449	
109	449	
109	449	77	
109	449	105	
109	449	
109	449	321	111	
109	449	
109	449	
109	449	481	
109	449	
109	449	237	
109	449	453	
109	449	
109	449	
109	449	
109	449	101	
109	449	111	
109	449	
109	449	125	
109	449	
109	449	237	451	
109	449	
109	449	45	
109	449	
109	449	111	
109	449	
109	449	
109	449	105	
109	449	
109	449	
109	449	
109	449	
109	449	
109	449	
109	449	
109	449	125	
109	449	
109	449	
109	449	
109	449	
109	449	
109	449	465	
109	449	125	
109	449	
109	449	
109	449	
109	449	108	
109	449	
109	449	
109	449	
109	449	
109	449	
109	449	
109	449	105	
109	449	465	
109	449	448	
109	449	
109	449	111	
109	449	465	448	
109	449	
109	449	
109	449	125	
109	449	385	
109	449	453	
109	449	453	455	
109	449	481	
109	449	
109	449	
109	449	448	
109	449	237	
109	449	
109	449	
109	449	451	493	
109	449	
109	449	
109	449	
109	449	
109	449	
109	449	
109	449	
109	449	
109	449	
109	449	457	
109	449	69	
109	449	69	
109	449	69	
109	449	69	
109	449	69	77	
109	449	69	85	
109	449	69	451	
109	449	69	457	
109	449	69	253	
109	449	69	451	
109	449	69	
109	449	69	321	
109	449	69	
109	449	69	
109	449	69	
109	449	69	65	
109	449	69	
109	449	69	
109	449	69	465	
109	449	69	451	
109	449	69	
109	449	69	
109	449	69	
109	449	69	
109	449	69	237	108	
109	449	69	100	
109	449	69	
109	449	69	453	
109	449	69	77	237	
109	449	69	
109	449	69	
109	449	69	
109	449	69	
109	449	
109	449	105	
109	449	
109	449	
109	449	108	
109	449	
109	449	101	
109	449	
109	449	
109	449	
109	449	105	
109	449	
109	449	237	
109	449	45	
109	449	
109	449	465	
109	449	
109	449	
109	449	
109	449	451	
109	449	
109	449	
109	449	
109	449	453	
109	449	
109	449	237	
109	449	
109	449	
109	449	451	
109	449	451	465	
109	449	
109	449	448	
109	449	
109	449	
109	449	73	481	
109	449	
109	449	
109	449	
109	449	
109	449	
109	449	
109	449	
109	449	
109	449	
109	449	
109	449	459	
109	449	111	
109	449	
109	449	
109	449	
109	449	
109	449	
109	449	
109	449	
109	449	448	
109	449	481	
109	449	
109	449	
109	449	
109	449	
109	449	125	
109	449	385	
109	449	
109	449	
109	449	
109	449	
109	449	
109	449	
109	449	
109	449	
109	449	
109	449	
109	449	101	
109	449	
109	449	
109	449	
109	449	
109	449	
109	449	
109	449	
109	449	
109	449	385	
109	449	
109	449	
109	449	125	
109	449	77	
109	449	111	
109	449	77	101	
109	449	
109	449	108	
109	449	
109	449	
109	449	
109	449	
109	449	
109	449	
109	449	467	
109	449	125	
109	449	
109	449	
109	449	
109	449	
109	449	101	
109	449	
109	449	465	
109	449	
109	449	
109	449	
109	449	
109	449	
109	449	
109	449	
109	449	
109	449	
109	449	
109	449	
109	449	
109	449	
109	449	
109	449	
109	449	
109	449	
109	449	
109	449	
109	449	
109	449	
109	449	
109	449	101	
109	449	
109	449	237	
109	449	
109	449	
109	449	
109	449	
109	449	
109	449	
109	449	
109	449	
109	449	
109	449	
109	449	481	385	
109	449	
109	449	448	
109	449	453	
109	449	
109	449	
109	449	
109	449	
109	449	448	453	
109	449	
109	449	
109	449	481	
109	449	
109	449	
109	449	
109	449	453	
109	449	105	
109	449	481	453	
109	449	
109	449	
109	449	
109	449	
109	449	
109	449	
109	449	
109	449	
109	449	111	
109	449	
109	449	
109	449	
109	449	
109	449	
109	449	451	
109	449	125	
109	449	321	
109	449	45	
109	449	
109	449	
109	449	
109	449	
109	449	481	105	
109	449	
109	449	45	
109	449	
109	449	101	
109	449	451	
109	449	
109	449	
109	449	
109	449	
109	449	457	
109	449	393	
109	449	
109	449	105	
109	449	
109	449	105	
109	449	
109	449	
109	449	
109	449	
109	449	
109	449	
109	449	
109	449	
109	449	448	
109	449	
109	449	101	481	
109	449	
109	449	
109	449	105	
109	449	
109	449	
109	449	
109	449	
109	449	
109	449	
109	449	125	
109	449	
109	449	453	
109	449	
109	449	453	45	
109	449	
109	449	111	77	
109	449	
109	449	
109	449	
109	449	
109	449	
109	449	
109	449	105	
109	449	237	
109	449	
109	449	45	
109	449	45	
109	449	
109	449	111	
109	449	
109	449	
109	449	465	
109	449	451	
109	449	
109	449	45	47	
109	449	237	
109	449	
109	449	456	457	
109	449	465	237	
109	449	
109	449	
109	449	
109	449	
109	449	
109	449	
109	449	
109	449	
109	449	
109	449	
109	449	
109	449	
109	449	105	
109	449	
109	449	
109	449	
109	449	
109	449	481	321	
109	449	101	451	
109	449	
109	449	481	
109	449	481	
109	449	
109	449	
109	449	
109	449	
109	449	
109	449	
109	449	
109	449	
109	449	
109	449	
109	449	45	
109	449	
109	449	
109	449	101	
109	449	
109	449	
109	449	77	
109	449	
109	449	125	457	
109	449	111	
109	449	
109	449	111	
109	449	
109	449	
109	449	
109	449	
109	449	
109	449	125	
109	449	
109	449	
109	449	
109	449	45	
109	449	453	
109	449	237	
109	449	
109	449	77	101	
109	449	
109	449	111	
109	449	
109	449	
109	449	
109	449	
109	449	
109	449	453	
109	449	101	
109	449	
109	449	237	
109	449	
109	449	111	
109	449	
109	449	
109	449	465	
109	449	108	
109	449	
109	449	453	
109	449	
109	449	
109	449	
109	449	
109	449	
109	449	
109	449	
109	449	
109	449	
109	449	
109	449	457	
109	449	
109	449	
109	449	
109	449	
109	449	
109	449	
109	449	
109	449	
109	449	
109	449	237	
109	449	
109	449	108	
109	449	
109	449	
109	449	
109	449	
109	449	
109	449	
109	449	
109	449	
109	449	
109	449	
109	449	111	
109	449	
109	449	
109	449	453	
109	449	385	
109	449	
109	449	
109	449	
109	449	
109	449	
109	449	111	105	453	
109	449	
109	449	
109	449	
109	449	
109	449	
109	449	101	
109	449	77	
109	449	
109	449	
109	449	
109	449	448	
109	449	
109	449	
109	449	
109	449	
109	449	
109	449	
109	449	101	
109	449	
109	449	
109	449	
109	449	
109	449	
109	449	
109	449	
109	449	237	
109	449	481	101	
109	449	
109	449	
109	449	
109	449	
109	449	
109	449	
109	449	
109	449	
109	449	13	
109	449	
109	449	101	77	
109	449	
109	449	
109	449	
109	449	
109	449	
109	449	457	
109	449	385	
109	449	
109	449	
109	449	
109	449	97	
109	449	
109	449	
109	449	
109	449	
109	449	
109	449	453	
109	449	
109	449	
109	449	481	
109	449	
109	449	448	
109	449	
109	449	451	387	
109	449	237	
109	449	45	
109	449	
109	449	
109	449	461	105	
109	449	
109	449	451	
109	449	
109	449	
109	449	
109	449	
109	449	
109	449	
109	449	
109	449	
109	449	
109	449	
109	449	448	
109	449	465	
109	449	
109	449	
109	449	
109	449	
109	449	
109	449	
109	449	
109	449	
109	449	
109	449	
109	449	
109	449	
109	449	321	
109	449	
109	449	
109	449	448	
109	449	
109	449	45	
109	449	
109	449	448	
109	449	
109	449	
109	449	77	
109	449	
109	449	108	
109	449	
109	449	
109	449	
109	449	465	
109	449	
109	449	
109	449	
109	449	385	
109	449	448	
109	449	
109	449	
109	449	
109	449	453	
109	449	
109	449	
109	449	
109	449	
109	449	
109	449	
109	449	
109	449	101	
109	449	
109	449	
109	449	
109	449	481	
109	449	77	
109	449	
109	449	
109	449	
109	449	
109	449	481	237	
109	449	
109	449	
109	449	108	
109	449	453	
109	449	
109	449	
109	449	
109	449	
109	449	457	
109	449	457	
109	449	
109	449	
109	449	
109	449	321	
109	449	77	
109	449	
109	449	465	
109	449	321	
109	449	
109	449	
109	449	
109	449	457	481	
109	449	321	
109	449	125	
109	449	
109	449	237	
109	449	
109	449	
109	449	321	
109	449	
109	449	
109	449	111	
109	449	
109	449	77	
109	449	
109	449	101	
109	449	453	
109	449	
109	449	77	
109	449	
109	449	
109	449	
109	449	
109	449	105	481	
109	449	
109	449	
109	449	77	481	
109	449	
109	449	101	
109	449	
109	449	
109	449	
109	449	101	
109	449	
109	449	
109	449	
109	449	
109	449	125	
109	449	
109	449	
109	449	461	465	
109	449	451	
109	449	77	
109	449	
109	449	448	321	
109	449	
109	449	
109	449	
109	449	
109	449	
109	449	
109	449	
109	449	
109	449	385	
109	449	481	
109	449	
109	449	
109	449	
109	449	
109	449	
109	449	481	451	
109	449	101	
109	449	465	
109	449	
109	449	101	
109	449	
109	449	
109	449	
109	449	
109	449	448	
109	449	101	
109	449	
109	449	
109	449	
109	449	
109	449	
109	449	
109	449	
109	449	
109	449	
109	449	481	
109	449	101	
109	449	
109	449	45	
109	449	237	
109	449	
109	449	
109	449	
109	449	
109	449	
109	449	
109	449	481	465	469	
109	449	
109	449	77	
109	449	
109	449	
109	449	
109	449	237	
109	449	
109	449	45	
109	449	
109	449	448	
109	449	
109	449	
109	449	77	
109	449	
109	449	321	
109	449	
109	449	
109	449	
109	449	
109	449	
109	449	
109	449	
109	449	
109	449	321	
109	449	105	
109	449	
109	449	
109	449	
109	449	453	
109	449	105	77	
109	449	
109	449	457	
109	449	
109	449	
109	449	125	
109	449	321	
109	449	
109	449	
109	449	
109	449	
109	449	
109	449	
109	449	104	
109	449	
109	449	
109	449	111	
109	449	
109	449	
109	449	
109	449	111	
109	449	
109	449	
109	449	457	
109	449	
109	449	101	
109	449	457	
109	449	237	
109	449	
109	449	101	
109	449	101	
109	449	
109	449	385	
109	449	
109	449	
109	449	
109	449	
109	449	
109	449	
109	449	
109	449	125	448	
109	449	453	
109	449	453	
109	449	101	
109	449	
109	449	
109	449	
109	449	
109	449	
109	449	45	97	
109	449	108	
109	449	
109	449	108	
109	449	
109	449	
109	449	
109	449	
109	449	465	
109	449	
109	449	
109	449	
109	449	
109	449	77	
109	449	453	111	
109	449	111	
109	449	
109	449	465	
109	449	451	
109	449	
109	449	
109	449	
109	449	481	
109	449	
109	449	
109	449	
109	449	
109	449	237	
109	449	
109	449	
109	449	385	257	
109	449	
109	449	108	
109	449	385	
109	449	
109	449	
109	449	127	125	451	
109	449	
109	449	105	
109	449	
109	449	108	
109	449	
109	449	
109	449	77	
109	449	
109	449	111	
109	449	
109	449	
109	449	
109	449	
109	449	453	
109	449	
109	449	93	
109	449	
109	449	
109	449	
109	449	101	
109	449	
109	449	
109	449	
109	449	
109	449	125	
109	449	
109	449	
109	449	
109	449	453	
109	449	
109	449	
109	449	
109	449	
109	449	
109	449	385	
109	449	
109	449	
109	449	
109	449	
109	449	
109	449	
109	449	
109	449	
109	449	
109	449	125	
109	449	125	
109	449	101	
109	449	451	
109	449	453	105	
109	449	
109	449	
109	449	
109	449	
109	449	
109	449	465	
109	449	
109	449	
109	449	453	
109	449	
109	449	
109	449	
109	449	
109	449	
109	449	45	
109	449	
109	449	
109	449	385	
109	449	
109	449	
109	449	111	
109	449	45	
109	449	
109	449	321	
109	449	77	
109	449	
109	449	
109	449	321	385	
109	449	
109	449	
109	449	
109	449	
109	449	
109	449	
109	449	
109	449	125	
109	449	
109	449	
109	449	
109	449	465	
109	449	
109	449	
109	449	385	
109	449	69	
109	449	
109	449	
109	449	385	
109	449	
109	449	
109	449	
109	449	
109	449	101	
109	449	
109	449	
109	449	
109	449	
109	449	
109	449	
109	449	448	
109	449	
109	449	
109	449	105	
109	449	
109	449	
109	449	77	
109	449	
109	449	
109	449	
109	449	
109	449	237	
109	449	
109	449	
109	449	465	
109	449	
109	449	461	453	
109	449	
109	449	101	
109	449	
109	449	453	
109	449	
109	449	105	
109	449	
109	449	
109	449	
109	449	
109	449	101	
109	449	
109	449	
109	449	453	
109	449	
109	449	
109	449	
109	449	
109	449	
109	449	
109	449	
109	449	
109	449	45	
109	449	
109	449	
109	449	
109	449	
109	449	457	105	
109	449	
109	449	
109	449	
109	449	
109	449	
109	449	
109	449	105	
109	449	
109	449	
109	449	
109	449	77	
109	449	
109	449	
109	449	
109	449	
109	449	
109	449	
109	449	448	
109	449	
109	449	
109	449	
109	449	461	
109	449	
109	449	
109	449	
109	449	
109	449	
109	449	45	
109	449	
109	449	
109	449	
109	449	
109	449	
109	449	
109	449	453	
109	449	
109	449	481	
109	449	
109	449	481	111	
109	449	
109	449	
109	449	108	465	
109	449	
109	449	
109	449	108	105	
109	449	
109	449	
109	449	451	
109	449	
109	449	
109	449	453	
109	449	456	
109	449	
109	449	
109	449	69	465	385	
109	449	
109	449	
109	449	
109	449	
109	449	
109	449	
109	449	
109	449	321	
109	449	111	
109	449	
109	449	
109	449	465	
109	449	385	
109	449	101	
109	449	
109	449	
109	449	
109	449	
109	449	
109	449	111	
109	449	
109	449	321	
109	449	
109	449	125	
109	449	
109	449	
109	449	
109	449	237	
109	449	
109	449	111	
109	449	457	
109	449	
109	449	
109	449	
109	449	111	
109	449	
109	449	
109	449	
109	449	
109	449	385	387	
109	449	125	321	
109	449	
109	449	
109	449	451	
109	449	
109	449	
109	449	
109	449	105	
109	449	101	
109	449	451	
109	449	
109	449	
109	449	
109	449	
109	449	101	69	
109	449	
109	449	
109	449	
109	449	
109	449	
109	449	
109	449	457	
109	449	
109	449	321	
109	449	
109	449	
109	449	457	
109	449	
109	449	457	
109	449	453	
109	449	385	
109	449	105	
109	449	45	
109	449	
109	449	
109	449	
109	449	101	
109	449	
109	449	
109	449	237	
109	449	
109	449	
109	449	
109	449	
109	449	237	
109	449	111	
109	449	101	
109	449	108	
109	449	
109	449	
109	449	111	
109	449	
109	449	451	
109	449	237	
109	449	
109	449	108	
109	449	451	
109	449	
109	449	
109	449	105	
109	449	
109	449	
109	449	77	
109	449	
109	449	237	
109	449	385	
109	449	
109	449	
109	449	
109	449	
109	449	481	
109	449	77	
109	449	
109	449	
109	449	
109	449	
109	449	
109	449	
109	449	
109	449	
109	449	
109	449	
109	449	
109	449	77	
109	449	453	
109	449	321	
109	449	
109	449	
109	449	
109	449	
109	449	77	
109	449	
109	449	
109	449	451	
109	449	321	
109	449	
109	449	
109	449	
109	449	
109	449	
109	449	
109	449	
109	449	
109	449	
109	449	385	
109	449	
109	449	
109	449	385	
109	449	125	
109	449	453	
109	449	
109	449	
109	449	
109	449	
109	449	
109	449	
109	449	461	
109	449	
109	449	
109	449	453	
109	449	101	
109	449	
109	449	
109	449	321	457	
109	449	
109	449	
109	449	61	448	237	
109	449	451	
109	449	77	453	
109	449	108	
109	449	
109	449	
109	449	
109	449	451	
109	449	
109	449	
109	449	
109	449	
109	449	
109	449	105	
109	449	237	105	
109	449	
109	449	
109	449	
109	449	
109	449	
109	449	
109	449	389	385	
109	449	
109	449	457	
109	449	465	
109	449	125	
109	449	465	
109	449	
109	449	
109	449	
109	449	
109	449	
109	449	481	
109	449	
109	449	
109	449	
109	449	125	
109	449	
109	449	
109	449	125	
109	449	
109	449	465	
109	449	453	
109	449	
109	449	
109	449	
109	449	384	
109	449	448	450	
109	449	
109	449	457	
109	449	
109	449	41	105	
109	449	
109	449	105	
109	449	
109	449	
109	449	45	
109	449	
109	449	
109	449	
109	449	
109	449	457	448	
109	449	105	
109	449	
109	449	
109	449	
109	449	105	
109	449	101	
109	449	
109	449	
109	449	
109	449	
109	449	
109	449	45	101	
109	449	453	
109	449	
109	449	
109	449	453	
109	449	111	
109	449	
109	449	
109	449	
109	449	
109	449	45	
109	449	
109	449	45	
109	449	
109	449	111	
109	449	
109	449	321	353	
109	449	448	
109	449	465	
109	449	
109	449	
109	449	451	
109	449	100	101	
109	449	
109	449	
109	449	
109	449	101	
109	449	
109	449	
109	449	
109	449	
109	449	111	
109	449	
109	449	
109	449	
109	449	
109	449	
109	449	
109	449	111	
109	449	
109	449	
109	449	385	
109	449	
109	449	108	
109	449	
109	449	
109	449	125	
109	449	101	
109	449	
109	449	125	465	
109	449	
109	449	457	451	
109	449	108	111	
109	449	
109	449	69	
109	449	
109	449	
109	449	
109	449	453	481	
109	449	111	
109	449	
109	449	
109	449	
109	449	45	
109	449	
109	449	105	
109	449	
109	449	
109	449	
109	449	
109	449	
109	449	448	
109	449	
109	449	
109	449	
109	449	
109	449	
109	449	385	
109	449	453	
109	449	
109	449	453	
109	449	
109	449	
109	449	
109	449	
109	449	453	
109	449	101	
109	449	111	
109	449	
109	449	
109	449	
109	449	44	
109	449	
109	449	
109	449	461	448	
109	449	
109	449	
109	449	
109	449	
109	449	
109	449	
109	449	453	
109	449	100	
109	449	
109	449	
109	449	
109	449	
109	449	
109	449	
109	449	111	465	
109	449	448	
109	449	101	
109	449	
109	449	
109	449	257	
109	449	
109	449	
109	449	
109	449	
109	449	
109	449	
109	449	451	
109	449	
109	449	
109	449	108	
109	449	
109	449	
109	449	
109	449	125	
109	449	465	
109	449	461	
109	449	
109	449	101	
109	449	77	
109	449	
109	449	
109	449	77	
109	449	
109	449	465	
109	449	
109	449	111	
109	449	481	
109	449	
109	449	108	
109	449	
109	449	
109	449	
109	449	
109	449	
109	449	
109	449	321	
109	449	
109	449	
109	449	451	
109	449	
109	449	
109	449	
109	449	
109	449	
109	449	
109	449	385	
109	449	45	108	465	
109	449	111	
109	449	
109	449	
109	449	
109	449	457	
109	449	237	
109	449	453	
109	449	481	453	
109	449	457	
109	449	
109	449	
109	449	
109	449	451	105	
109	449	
109	449	
109	449	
109	449	465	
109	449	101	457	
109	449	
109	449	
109	449	111	
109	449	
109	449	
109	449	
109	449	
109	449	108	
109	449	
109	449	
109	449	453	
109	449	125	
109	449	481	465	
109	449	
109	449	
109	449	385	
109	449	
109	449	
109	449	
109	449	
109	449	
109	449	465	
109	449	105	111	
109	449	
109	449	
109	449	
109	449	
109	449	451	
109	449	
109	449	
109	449	
109	449	
109	449	237	
109	449	
109	449	
109	449	
109	449	
109	449	453	
109	449	
109	449	
109	449	77	453	
109	449	
109	449	
109	449	
109	449	
109	449	
109	449	481	
109	449	93	125	
109	449	
109	449	
109	449	
109	449	
109	449	
109	449	101	
109	449	
109	449	
109	449	
109	449	
109	449	
109	449	111	
109	449	
109	449	
109	449	
109	449	
109	449	
109	449	
109	449	
109	449	
109	449	
109	449	
109	449	
109	449	105	
109	449	
109	449	
109	449	
109	449	
109	449	385	
109	449	
109	449	
109	449	
109	449	
109	449	
109	449	
109	449	
109	449	
109	449	
109	449	
109	449	45	
109	449	
109	449	
109	449	
109	449	77	
109	449	
109	449	
109	449	
109	449	
109	449	
109	449	
109	449	
109	449	108	
109	449	
109	449	
109	449	
109	449	
109	449	
109	449	
109	449	111	
109	449	
109	449	451	
109	449	
109	449	
109	449	
109	449	
109	449	
109	449	
109	449	453	
109	449	
109	449	
109	449	
109	449	481	
109	449	448	
109	449	77	
109	449	111	
109	449	451	
109	449	
109	449	385	
109	449	
109	449	
109	449	385	
109	449	
109	449	
109	449	
109	449	
109	449	
109	449	465	
109	449	385	
109	449	
109	449	
109	449	
109	449	237	
109	449	393	
109	449	321	
109	449	108	
109	449	
109	449	69	101	111	
109	449	
109	449	
109	449	
109	449	
109	449	
109	449	
109	449	
109	449	45	
109	449	
109	449	
109	449	448	
109	449	
109	449	108	77	
109	449	
109	449	
109	449	
109	449	
109	449	
109	449	
109	449	
109	449	
109	449	
109	449	
109	449	448	
109	449	
109	449	
109	449	
109	449	125	77	
109	449	
109	449	451	
109	449	
109	449	
109	449	
109	449	111	
109	449	
109	449	
109	449	
109	449	
109	449	
109	449	
109	449	
109	449	
109	449	
109	449	
109	449	
109	449	461	
109	449	
109	449	
109	449	
109	449	
109	449	237	
109	449	457	
109	449	45	
109	449	
109	449	
109	449	
109	449	236	
109	449	
109	449	448	
109	449	
109	449	448	
109	449	385	
109	449	
109	449	
109	449	321	108	
109	449	481	
109	449	
109	449	457	
109	449	453	
109	449	
109	449	
109	449	108	
109	449	451	
109	449	448	450	
109	449	
109	449	
109	449	125	
109	449	45	
109	449	
109	449	
109	449	105	
109	449	
109	449	451	
109	449	237	
109	449	
109	449	
109	449	
109	449	385	
109	449	45	
109	449	
109	449	
109	449	
109	449	481	
109	449	453	
109	449	
109	449	448	
109	449	
109	449	
109	449	
109	449	
109	449	
109	449	
109	449	
109	449	
109	449	237	77	
109	449	
109	449	
109	449	
109	449	481	
109	449	
109	449	
109	449	
109	449	
109	449	
109	449	
109	449	
109	449	125	
109	449	
109	449	
109	449	
109	449	
109	449	
109	449	
109	449	
109	449	
109	449	
109	449	
109	449	453	
109	449	
109	449	
109	449	
109	449	
109	449	
109	449	
109	449	
109	449	
109	449	
109	449	105	
109	449	
109	449	45	
109	449	
109	449	101	125	
109	449	385	
109	449	
109	449	
109	449	453	
109	449	
109	449	
109	449	
109	449	
109	449	45	385	
109	449	
109	449	
109	449	125	
109	449	
109	449	
109	449	77	
109	449	457	
109	449	
109	449	101	
109	449	
109	449	
109	449	
109	449	
109	449	
109	449	
109	449	448	
109	449	
109	449	
109	449	
109	449	465	
109	449	481	
109	449	481	
109	449	
109	449	
109	449	
109	449	77	
109	449	
109	449	
109	449	451	
109	449	
109	449	
109	449	485	
109	449	
109	449	385	
109	449	77	
109	449	
109	449	
109	449	125	101	
109	449	465	
109	449	457	
109	449	
109	449	465	
109	449	
109	449	
109	449	
109	449	111	
109	449	
109	449	
109	449	
109	449	101	
109	449	
109	449	125	
109	449	
109	449	
109	449	
109	449	
109	449	
109	449	
109	449	
109	449	481	
109	449	
109	449	
109	449	
109	449	
109	449	
109	449	45	
109	449	125	
109	449	111	
109	449	
109	449	
109	449	111	385	
109	449	
109	449	
109	449	
109	449	
109	449	387	
109	449	
109	449	
109	449	
109	449	
109	449	
109	449	
109	449	
109	449	237	45	
109	449	
109	449	
109	449	451	
109	449	
109	449	
109	449	
109	449	
109	449	101	
109	449	
109	449	
109	449	385	
109	449	
109	449	
109	449	
109	449	
109	449	448	
109	449	
109	449	
109	449	
109	449	77	
109	449	
109	449	
109	449	448	
109	449	
109	449	
109	449	
109	449	
109	449	
109	449	
109	449	
109	449	101	
109	449	321	
109	449	453	
109	449	
109	449	
109	449	387	
109	449	
109	449	
109	449	108	453	
109	449	
109	449	
109	449	
109	449	
109	449	
109	449	
109	449	125	
109	449	77	
109	449	
109	449	73	
109	449	451	
109	449	385	
109	449	
109	449	
109	449	
109	449	
109	449	
109	449	45	108	
109	449	108	
109	449	
109	449	
109	449	101	
109	449	
109	449	
109	449	77	
109	449	448	
109	449	
109	449	125	
109	449	
109	449	
109	449	
109	449	
109	449	
109	449	
109	449	
109	449	69	
109	449	
109	449	
109	449	
109	449	
109	449	
109	449	
109	449	
109	449	111	45	
109	449	
109	449	
109	449	
109	449	
109	449	
109	449	
109	449	
109	449	
109	449	
109	449	77	
109	449	
109	449	457	
109	449	
109	449	
109	449	
109	449	
109	449	385	
109	449	
109	449	
109	449	
109	449	448	
109	449	385	
109	449	
109	449	101	
109	449	
109	449	
109	449	465	237	
109	449	
109	449	461	
109	449	481	
109	449	125	
109	449	
109	449	
109	449	
109	449	
109	449	237	
109	449	
109	449	385	
109	449	45	
109	449	457	
109	449	
109	449	
109	449	
109	449	
109	449	108	
109	449	
109	449	
109	449	
109	449	
109	449	457	
109	449	
109	449	
109	449	321	453	
109	449	
109	449	
109	449	
109	449	
109	449	
109	449	108	
109	449	
109	449	453	
109	449	
109	449	
109	449	
109	449	45	
109	449	448	
109	449	
109	449	
109	449	
109	449	
109	449	
109	449	
109	449	
109	449	
109	449	
109	449	
109	449	
109	449	
109	449	
109	449	448	
109	449	
109	449	
109	449	
109	449	
109	449	
109	449	481	108	
109	449	
109	449	45	
109	449	321	
109	449	
109	449	
109	449	
109	449	
109	449	453	
109	449	451	
109	449	
109	449	37	
109	449	448	
109	449	465	
109	449	
109	449	
109	449	
109	449	
109	449	
109	449	45	
109	449	45	
109	449	
109	449	108	
109	449	
109	449	
109	449	
109	449	
109	449	453	
109	449	457	
109	449	457	393	
109	449	
109	449	448	
109	449	
109	449	45	
109	449	
109	449	77	
109	449	
109	449	
109	449	77	456	
109	449	
109	449	
109	449	
109	449	
109	449	448	
109	449	
109	449	
109	449	448	
109	449	
109	449	
109	449	
109	449	77	
109	449	469	
109	449	
109	449	
109	449	481	
109	449	
109	449	448	
109	449	
109	449	
109	449	
109	449	237	253	101	
109	449	
109	449	
109	449	
109	449	448	
109	449	453	
109	449	448	45	
109	449	237	
109	449	
109	449	
109	449	
109	449	457	489	
109	449	385	
109	449	
109	449	451	
109	449	481	
109	449	
109	449	45	
109	449	
109	449	
109	449	321	
109	449	
109	449	
109	449	
109	449	481	
109	449	
109	449	
109	449	
109	449	105	448	
109	449	
109	449	105	
109	449	321	
109	449	
109	449	
109	449	
109	449	45	
109	449	125	105	
109	449	
109	449	
109	449	111	
109	449	
109	449	
109	449	
109	449	
109	449	
109	449	108	
109	449	108	
109	449	125	
109	449	
109	449	
109	449	108	
109	449	
109	449	
109	449	
109	449	
109	449	481	
109	449	
109	449	
109	449	
109	449	
109	449	237	
109	449	237	
109	449	
109	449	
109	449	
109	449	451	
109	449	451	
109	449	125	
109	449	448	321	
109	449	
109	449	
109	449	
109	449	
109	449	
109	449	
109	449	
109	449	
109	449	111	110	
109	449	101	
109	449	
109	449	
109	449	
109	449	
109	449	
109	449	
109	449	111	
109	449	45	
109	449	
109	449	
109	449	
109	449	
109	449	
109	449	
109	449	77	
109	449	
109	449	
109	449	
109	449	
109	449	237	
109	449	105	
109	449	385	448	465	
109	449	
109	449	237	453	
109	449	385	
109	449	
109	449	
109	449	77	465	
109	449	453	
109	449	
109	449	77	
109	449	
109	449	
109	449	
109	449	451	
109	449	
109	449	
109	449	
109	449	
109	449	
109	449	
109	449	
109	449	448	289	417	
109	449	45	
109	449	
109	449	
109	449	
109	449	105	
109	449	481	
109	449	481	457	451	
109	449	
109	449	
109	449	
109	449	
109	449	
109	449	
109	449	
109	449	
109	449	101	
109	449	
109	449	
109	449	
109	449	77	
109	449	
109	449	
109	449	111	
109	449	
109	449	453	
109	449	
109	449	321	337	
109	449	
109	449	
109	449	
109	449	
109	449	453	125	
109	449	
109	449	
109	449	461	101	453	
109	449	
109	449	
109	449	
109	449	45	
109	449	
109	449	105	385	
109	449	457	
109	449	101	
109	449	
109	449	
109	449	108	45	
109	449	
109	449	448	
109	449	
109	449	
109	449	451	
109	449	
109	449	101	
109	449	77	
109	449	
109	449	
109	449	
109	449	45	
109	449	45	
109	449	
109	449	105	457	
109	449	
109	449	
109	449	
109	449	481	
109	449	
109	449	
109	449	
109	449	
109	449	
109	449	
109	449	465	
109	449	
109	449	
109	449	
109	449	77	
109	449	
109	449	
109	449	
109	449	
109	449	
109	449	
109	449	451	
109	449	
109	449	
109	449	
109	449	448	
109	449	465	
109	449	321	
109	449	
109	449	
109	449	
109	449	
109	449	
109	449	448	
109	449	
109	449	
109	449	
109	449	
109	449	
109	449	453	
109	449	
109	449	
109	449	125	
109	449	77	
109	449	385	
109	449	
109	449	
109	449	
109	449	
109	449	
109	449	
109	449	
109	449	
109	449	111	453	
109	449	
109	449	
109	449	465	
109	449	
109	449	237	
109	449	
109	449	
109	449	
109	449	
109	449	
109	449	
109	449	465	
109	449	
109	449	
109	449	111	451	
109	449	237	
109	449	101	117	
109	449	
109	449	465	
109	449	448	
109	449	
109	449	
109	449	45	
109	449	
109	449	481	
109	449	
109	449	
109	449	
109	449	
109	449	
109	449	
109	449	
109	449	
109	449	101	
109	449	
109	449	
109	449	465	
109	449	
109	449	
109	449	
109	449	
109	449	
109	449	
109	449	45	465	
109	449	465	481	
109	449	448	
109	449	108	451	
109	449	321	
109	449	321	
109	449	
109	449	
109	449	
109	449	
109	449	
109	449	
109	449	
109	449	237	
109	449	
109	449	101	451	
109	449	
109	449	385	457	453	
109	449	
109	449	481	
109	449	
109	449	
109	449	
109	449	
109	449	77	
109	449	
109	449	
109	449	
109	449	
109	449	101	
109	449	111	
109	449	
109	449	
109	449	
109	449	
109	449	465	
109	449	101	385	
109	449	
109	449	
109	449	
109	449	
109	449	
109	449	453	
109	449	237	
109	449	
109	449	451	
109	449	
109	449	105	
109	449	77	
109	449	
109	449	481	
109	449	
109	449	
109	449	
109	449	
109	449	77	
109	449	111	
109	449	
109	449	448	
109	449	
109	449	105	
109	449	465	451	
109	449	
109	449	
109	449	
109	449	
109	449	
109	449	
109	449	125	
109	449	
109	449	
109	449	
109	449	
109	449	237	
109	449	453	
109	449	
109	449	
109	449	
109	449	465	
109	449	
109	449	
109	449	
109	449	
109	449	
109	449	
109	449	451	
109	449	
109	449	
109	449	77	
109	449	100	101	
109	449	
109	449	
109	449	
109	449	
109	449	
109	449	
109	449	448	111	
109	449	465	
109	449	385	
109	449	
109	449	77	
109	449	
109	449	
109	449	
109	449	
109	449	77	125	
109	449	
109	449	
109	449	
109	449	
109	449	
109	449	
109	449	
109	449	
109	449	451	
109	449	385	
109	449	
109	449	
109	449	
109	449	105	
109	449	
109	449	
109	449	45	
109	449	
109	449	
109	449	45	
109	449	
109	449	
109	449	
109	449	
109	449	
109	449	
109	449	
109	449	
109	449	
109	449	
109	449	448	
109	449	
109	449	
109	449	
109	449	
109	449	
109	449	237	
109	449	45	
109	449	
109	449	
109	449	
109	449	
109	449	
109	449	
109	449	105	
109	449	77	
109	449	
109	449	
109	449	105	73	
109	449	453	
109	449	125	
109	449	453	457	
109	449	
109	449	
109	449	
109	449	
109	449	457	
109	449	385	401	
109	449	
109	449	
109	449	
109	449	
109	449	111	451	108	
109	449	
109	449	125	
109	449	
109	449	
109	449	
109	449	
109	449	
109	449	385	
109	449	
109	449	125	
109	449	
109	449	
109	449	
109	449	125	
109	449	105	
109	449	
109	449	
109	449	453	
109	449	
109	449	
109	449	
109	449	
109	449	385	
109	449	
109	449	
109	449	
109	449	
109	449	105	
109	449	489	
109	449	237	
109	449	
109	449	
109	449	
109	449	
109	449	453	
109	449	321	
109	449	
109	449	
109	449	
109	449	
109	449	237	
109	449	448	
109	449	
109	449	237	
109	449	385	
109	449	
109	449	
109	449	
109	449	
109	449	
109	449	
109	449	237	
109	449	
109	449	101	77	
109	449	
109	449	481	
109	449	
109	449	
109	449	
109	449	457	
109	449	
109	449	
109	449	
109	449	
109	449	
109	449	117	77	
109	449	
109	449	481	
109	449	
109	449	
109	449	125	451	
109	449	108	
109	449	457	
109	449	
109	449	
109	449	
109	449	
109	449	
109	449	
109	449	451	
109	449	481	
109	449	
109	449	
109	449	
109	449	101	
109	449	
109	449	
109	449	
109	449	
109	449	
109	449	
109	449	
109	449	
109	449	465	
109	449	
109	449	77	
109	449	
109	449	451	
109	449	237	465	
109	449	457	
109	449	
109	449	45	
109	449	107	
109	449	321	
109	449	125	465	
109	449	
109	449	
109	449	
109	449	
109	449	101	
109	449	451	
109	449	
109	449	
109	449	
109	449	
109	449	
109	449	
109	449	
109	449	
109	449	111	
109	449	45	
109	449	108	
109	449	111	321	
109	449	
109	449	
109	449	
109	449	
109	449	
109	449	
109	449	453	451	
109	449	
109	449	
109	449	
109	449	
109	449	
109	449	385	
109	449	
109	449	
109	449	237	
109	449	
109	449	
109	449	
109	449	
109	449	
109	449	
109	449	111	
109	449	
109	449	
109	449	
109	449	
109	449	101	125	
109	449	
109	449	
109	449	
109	449	
109	449	101	
109	449	237	
109	449	
109	449	
109	449	
109	449	
109	449	
109	449	
109	449	
109	449	
109	449	
109	449	
109	449	125	
109	449	237	
109	449	
109	449	
109	449	
109	449	237	
109	449	
109	449	
109	449	
109	449	
109	449	
109	449	
109	449	
109	449	
109	449	451	
109	449	
109	449	108	
109	449	237	
109	449	
109	449	
109	449	
109	449	
109	449	
109	449	
109	449	385	
109	449	
109	449	
109	449	127	
109	449	
109	449	
109	449	
109	449	
109	449	
109	449	
109	449	
109	449	
109	449	
109	449	
109	449	
109	449	
109	449	
109	449	125	
109	449	
109	449	
109	449	77	
109	449	321	
109	449	
109	449	108	
109	449	
109	449	
109	449	
109	449	385	77	
109	449	
109	449	
109	449	
109	449	125	
109	449	
109	449	
109	449	451	
109	449	101	
109	449	
109	449	
109	449	237	45	47	
109	449	
109	449	
109	449	
109	449	108	
109	449	448	
109	449	
109	449	
109	449	
109	449	
109	449	
109	449	101	
109	449	
109	449	
109	449	448	
109	449	
109	449	125	
