1	266	242	508
2	228	222	450
3	192	202	394
4	229	210	439
5	230	206	436
6	215	210	425
7	237	191	428
8	239	202	441
9	241	219	460
10	299	208	507
11	300	229	529
12	383	283	666
13	484	351	835
14	570	425	995
15	684	491	1175
16	780	577	1357
17	812	677	1489
18	794	750	1544
19	837	762	1599
20	826	766	1592
21	848	749	1597
22	863	765	1628
23	862	733	1595
24	874	771	1645
25	864	769	1633
26	867	748	1615
27	894	774	1668
28	879	780	1659
29	885	781	1666
30	862	786	1648
31	866	757	1623
32	875	755	1630
33	893	752	1645
34	868	746	1614
35	871	772	1643
36	843	742	1585
37	862	767	1629
38	879	752	1631
39	871	756	1627
40	874	778	1652
41	867	755	1622
42	871	751	1622
43	879	786	1665
44	880	759	1639
45	859	749	1608
46	883	743	1626
47	871	750	1621
48	868	752	1620
49	875	769	1644
50	885	768	1653
51	864	765	1629
52	869	749	1618
53	882	768	1650
54	818	750	1568
55	873	767	1640
56	879	755	1634
57	856	763	1619
58	847	742	1589
59	876	775	1651
60	879	749	1628
61	856	757	1613
62	886	774	1660
63	844	763	1607
64	880	763	1643
65	887	755	1642
66	870	759	1629
67	874	772	1646
68	865	743	1608
69	866	774	1640
70	876	752	1628
71	877	769	1646
72	870	767	1637
73	866	754	1620
74	874	747	1621
75	865	744	1609
76	875	780	1655
77	855	738	1593
78	856	734	1590
79	856	743	1599
80	853	758	1611
81	881	756	1637
82	858	753	1611
83	873	747	1620
84	872	771	1643
85	888	786	1674
86	862	753	1615
87	866	743	1609
88	857	770	1627
89	853	769	1622
90	858	772	1630
91	872	750	1622
92	869	777	1646
93	865	773	1638
94	878	750	1628
95	873	753	1626
96	869	737	1606
97	880	739	1619
98	869	756	1625
99	864	771	1635
100	872	769	1641
101	875	737	1612
102	864	779	1643
103	880	769	1649
104	850	746	1596
105	879	746	1625
106	869	753	1622
107	878	772	1650
108	883	773	1656
109	864	754	1618
110	861	746	1607
111	860	762	1622
112	867	780	1647
113	866	761	1627
114	866	766	1632
115	868	766	1634
116	898	758	1656
117	875	747	1622
118	841	758	1599
119	869	738	1607
120	878	742	1620
121	906	755	1661
122	855	774	1629
123	856	763	1619
124	871	744	1615
125	862	773	1635
126	869	759	1628
127	876	757	1633
128	872	760	1632
129	886	758	1644
130	877	753	1630
131	865	769	1634
132	873	742	1615
133	841	774	1615
134	864	770	1634
135	866	749	1615
136	874	765	1639
137	873	754	1627
138	887	739	1626
139	869	764	1633
140	877	755	1632
141	890	757	1647
142	857	767	1624
143	900	754	1654
144	901	765	1666
145	853	778	1631
146	863	760	1623
147	854	746	1600
148	881	769	1650
149	871	769	1640
150	858	744	1602
151	876	755	1631
152	867	774	1641
153	887	757	1644
154	869	760	1629
155	874	764	1638
156	862	785	1647
157	885	769	1654
158	874	790	1664
159	871	770	1641
160	883	774	1657
161	883	776	1659
162	856	746	1602
163	866	764	1630
164	854	772	1626
165	863	766	1629
166	857	768	1625
167	873	755	1628
168	868	763	1631
169	880	772	1652
170	893	776	1669
171	871	766	1637
172	861	756	1617
173	869	776	1645
174	887	766	1653
175	878	778	1656
176	862	764	1626
177	852	755	1607
178	878	750	1628
179	869	749	1618
180	877	762	1639
181	860	736	1596
182	876	781	1657
183	890	787	1677
184	867	775	1642
185	871	772	1643
186	844	761	1605
187	828	762	1590
188	894	746	1640
189	863	750	1613
190	887	760	1647
191	896	748	1644
192	859	744	1603
193	891	760	1651
194	852	754	1606
195	889	745	1634
196	868	784	1652
197	852	766	1618
198	861	755	1616
199	868	760	1628
200	874	782	1656
201	875	761	1636
202	893	753	1646
203	864	783	1647
204	839	758	1597
205	877	759	1636
206	867	763	1630
207	880	748	1628
208	869	785	1654
209	867	756	1623
210	889	755	1644
211	851	773	1624
212	881	787	1668
213	859	769	1628
214	862	765	1627
215	864	769	1633
216	865	765	1630
217	843	759	1602
218	872	758	1630
219	853	779	1632
220	885	780	1665
221	863	764	1627
222	867	769	1636
223	865	767	1632
224	882	742	1624
225	856	760	1616
226	858	758	1616
227	874	769	1643
228	894	763	1657
229	885	750	1635
230	869	775	1644
231	868	780	1648
232	857	767	1624
233	874	756	1630
234	856	763	1619
235	876	761	1637
236	870	755	1625
237	894	773	1667
238	860	775	1635
239	892	742	1634
240	880	736	1616
241	851	759	1610
242	868	755	1623
243	870	775	1645
244	864	778	1642
245	857	755	1612
246	881	746	1627
247	881	755	1636
248	861	747	1608
249	878	776	1654
250	851	790	1641
251	878	774	1652
252	902	740	1642
253	851	769	1620
254	852	785	1637
255	863	765	1628
256	874	752	1626
257	880	788	1668
258	874	756	1630
259	881	739	1620
260	871	762	1633
261	874	779	1653
262	866	774	1640
263	850	737	1587
264	861	759	1620
265	855	775	1630
266	860	740	1600
267	892	763	1655
268	866	752	1618
269	881	740	1621
270	862	743	1605
271	861	767	1628
272	874	782	1656
273	834	773	1607
274	853	786	1639
275	874	755	1629
276	871	755	1626
277	872	721	1593
278	863	767	1630
279	888	753	1641
280	868	777	1645
281	857	757	1614
282	864	759	1623
283	877	768	1645
284	865	767	1632
285	837	764	1601
286	882	760	1642
287	847	763	1610
288	864	759	1623
289	871	749	1620
290	868	760	1628
291	897	751	1648
292	879	766	1645
293	852	752	1604
294	867	765	1632
295	856	757	1613
296	885	750	1635
297	859	763	1622
298	856	757	1613
299	880	741	1621
300	888	779	1667
301	873	748	1621
302	877	773	1650
303	853	775	1628
304	845	787	1632
305	864	759	1623
306	879	760	1639
307	891	770	1661
308	865	776	1641
309	868	770	1638
310	870	742	1612
311	848	769	1617
312	866	764	1630
313	863	739	1602
314	854	770	1624
315	895	753	1648
316	883	769	1652
317	874	767	1641
318	874	772	1646
319	863	788	1651
320	854	754	1608
321	853	756	1609
322	865	745	1610
323	888	771	1659
324	880	771	1651
325	868	770	1638
326	866	773	1639
327	882	756	1638
328	884	735	1619
329	847	773	1620
330	854	775	1629
331	882	764	1646
332	877	756	1633
333	861	754	1615
334	849	752	1601
335	868	748	1616
336	888	785	1673
337	858	775	1633
338	883	781	1664
339	865	739	1604
340	879	785	1664
341	888	764	1652
342	855	735	1590
343	869	771	1640
344	883	763	1646
345	838	771	1609
346	879	748	1627
347	880	759	1639
348	858	740	1598
349	877	764	1641
350	872	776	1648
351	885	760	1645
352	882	744	1626
353	875	789	1664
354	864	756	1620
355	866	739	1605
356	867	768	1635
357	862	749	1611
358	856	763	1619
359	864	747	1611
360	862	767	1629
361	869	761	1630
362	864	785	1649
363	887	759	1646
364	881	777	1658
365	865	771	1636
366	872	774	1646
367	896	776	1672
368	894	754	1648
369	880	759	1639
370	867	766	1633
371	863	756	1619
372	855	759	1614
373	880	742	1622
374	871	778	1649
375	884	763	1647
376	863	761	1624
377	872	752	1624
378	877	743	1620
379	872	781	1653
380	890	758	1648
381	881	756	1637
382	859	797	1656
383	865	765	1630
384	881	754	1635
385	856	755	1611
386	862	780	1642
387	882	783	1665
388	863	770	1633
389	836	758	1594
390	880	774	1654
391	878	750	1628
392	877	765	1642
393	863	762	1625
394	878	752	1630
395	884	757	1641
396	879	749	1628
397	880	786	1666
398	849	798	1647
399	872	726	1598
400	869	757	1626
401	859	743	1602
402	884	772	1656
403	844	776	1620
404	892	766	1658
405	865	746	1611
406	870	780	1650
407	845	763	1608
408	854	760	1614
409	879	738	1617
410	877	756	1633
411	857	766	1623
412	866	740	1606
413	879	768	1647
414	869	750	1619
415	874	760	1634
416	843	753	1596
417	887	743	1630
418	874	729	1603
419	863	773	1636
420	850	750	1600
421	858	771	1629
422	876	769	1645
423	855	770	1625
424	851	781	1632
425	875	759	1634
426	846	739	1585
427	850	767	1617
428	880	745	1625
429	859	767	1626
430	829	765	1594
431	862	728	1590
432	863	748	1611
433	844	776	1620
434	873	765	1638
435	863	770	1633
436	848	776	1624
437	887	750	1637
438	882	747	1629
439	860	739	1599
440	881	778	1659
441	845	785	1630
442	878	762	1640
443	876	745	1621
444	849	747	1596
445	878	748	1626
446	855	774	1629
447	868	758	1626
448	892	759	1651
449	853	766	1619
450	873	744	1617
451	875	745	1620
452	884	762	1646
453	847	759	1606
454	853	771	1624
455	850	768	1618
456	876	741	1617
457	896	762	1658
458	874	763	1637
459	865	754	1619
460	880	773	1653
461	860	767	1627
462	862	775	1637
463	889	765	1654
464	891	768	1659
465	859	769	1628
466	869	774	1643
467	849	762	1611
468	859	740	1599
469	888	753	1641
470	855	776	1631
471	866	741	1607
472	853	760	1613
473	876	734	1610
474	860	762	1622
475	872	745	1617
476	851	766	1617
477	861	774	1635
478	881	751	1632
479	852	754	1606
480	880	759	1639
481	858	769	1627
482	867	773	1640
483	852	747	1599
484	865	770	1635
485	882	743	1625
486	876	766	1642
487	858	729	1587
488	889	762	1651
489	875	768	1643
490	889	742	1631
491	880	778	1658
492	886	739	1625
493	854	770	1624
494	870	768	1638
495	888	763	1651
496	859	770	1629
497	859	769	1628
498	885	761	1646
499	846	768	1614
500	891	764	1655
501	882	763	1645
502	885	741	1626
503	871	753	1624
504	871	772	1643
505	848	776	1624
506	865	772	1637
507	859	772	1631
508	879	758	1637
509	861	764	1625
510	867	775	1642
511	884	761	1645
512	864	770	1634
513	873	767	1640
514	866	776	1642
515	872	777	1649
516	857	786	1643
517	865	750	1615
518	866	746	1612
519	877	754	1631
520	880	764	1644
521	862	756	1618
522	850	771	1621
523	848	746	1594
524	865	765	1630
525	892	745	1637
526	854	775	1629
527	885	759	1644
528	843	796	1639
529	859	773	1632
530	849	762	1611
531	893	751	1644
532	868	741	1609
533	867	751	1618
534	886	748	1634
535	873	746	1619
536	886	765	1651
537	846	763	1609
538	850	761	1611
539	860	744	1604
540	871	754	1625
541	869	776	1645
542	856	775	1631
543	865	749	1614
544	833	784	1617
545	866	763	1629
546	881	757	1638
547	869	758	1627
548	868	787	1655
549	873	765	1638
550	877	778	1655
551	881	759	1640
552	885	749	1634
553	864	753	1617
554	891	739	1630
555	854	733	1587
556	875	762	1637
557	858	772	1630
558	871	749	1620
559	874	745	1619
560	866	786	1652
561	864	750	1614
562	868	766	1634
563	860	755	1615
564	863	758	1621
565	873	779	1652
566	893	771	1664
567	878	760	1638
568	855	749	1604
569	865	769	1634
570	869	759	1628
571	882	744	1626
572	865	756	1621
573	861	788	1649
574	853	762	1615
575	891	756	1647
576	896	751	1647
577	871	763	1634
578	852	782	1634
579	876	757	1633
580	844	796	1640
581	851	773	1624
582	850	762	1612
583	863	775	1638
584	854	772	1626
585	867	764	1631
586	870	765	1635
587	854	767	1621
588	854	766	1620
589	868	770	1638
590	871	780	1651
591	866	773	1639
592	887	769	1656
593	868	738	1606
594	867	769	1636
595	860	745	1605
596	873	768	1641
597	888	762	1650
598	887	760	1647
599	855	784	1639
600	852	767	1619
601	867	737	1604
602	880	767	1647
603	873	747	1620
604	857	754	1611
605	866	744	1610
606	874	741	1615
607	898	763	1661
608	858	771	1629
609	851	764	1615
610	857	805	1662
611	881	747	1628
612	872	731	1603
613	856	768	1624
614	873	779	1652
615	857	766	1623
616	856	764	1620
617	876	761	1637
618	874	770	1644
619	859	757	1616
620	881	765	1646
621	859	772	1631
622	862	760	1622
623	842	762	1604
624	861	779	1640
625	861	765	1626
626	876	751	1627
627	883	753	1636
628	863	765	1628
629	869	772	1641
630	881	769	1650
631	875	754	1629
632	862	747	1609
633	863	756	1619
634	864	763	1627
635	861	770	1631
636	873	753	1626
637	868	764	1632
638	858	755	1613
639	868	729	1597
640	890	764	1654
641	860	741	1601
642	859	765	1624
643	882	790	1672
644	863	753	1616
645	860	745	1605
646	845	767	1612
647	868	770	1638
648	867	764	1631
649	883	779	1662
650	865	775	1640
651	869	772	1641
652	855	786	1641
653	873	799	1672
654	859	768	1627
655	889	748	1637
656	863	786	1649
657	881	775	1656
658	843	756	1599
659	873	764	1637
660	878	740	1618
661	873	768	1641
662	855	792	1647
663	882	748	1630
664	845	757	1602
665	890	759	1649
666	860	780	1640
667	864	748	1612
668	870	769	1639
669	872	767	1639
670	879	759	1638
671	891	742	1633
672	892	765	1657
673	853	768	1621
674	869	756	1625
675	860	771	1631
676	864	758	1622
677	871	761	1632
678	861	757	1618
679	863	767	1630
680	868	761	1629
681	834	775	1609
682	891	777	1668
683	872	771	1643
684	875	760	1635
685	873	758	1631
686	859	787	1646
687	863	765	1628
688	866	759	1625
689	866	745	1611
690	877	760	1637
691	879	748	1627
692	881	765	1646
693	862	771	1633
694	871	774	1645
695	854	783	1637
696	895	733	1628
697	868	768	1636
698	854	777	1631
699	863	787	1650
700	877	730	1607
701	856	772	1628
702	902	746	1648
703	855	779	1634
704	898	729	1627
705	868	764	1632
706	858	765	1623
707	852	767	1619
708	877	764	1641
709	866	767	1633
710	857	735	1592
711	848	775	1623
712	871	774	1645
713	881	751	1632
714	881	755	1636
715	880	763	1643
716	865	770	1635
717	867	762	1629
718	877	764	1641
719	868	745	1613
720	873	764	1637
721	875	771	1646
722	858	762	1620
723	888	742	1630
724	846	749	1595
725	854	751	1605
726	855	745	1600
727	879	778	1657
728	843	766	1609
729	821	745	1566
730	861	745	1606
731	882	775	1657
732	844	739	1583
733	861	757	1618
734	885	741	1626
735	871	761	1632
736	853	779	1632
737	874	777	1651
738	856	760	1616
739	893	752	1645
740	879	745	1624
741	869	741	1610
742	866	773	1639
743	864	762	1626
744	871	777	1648
745	871	752	1623
746	868	770	1638
747	860	765	1625
748	887	756	1643
749	877	758	1635
750	862	772	1634
751	874	769	1643
752	873	750	1623
753	876	764	1640
754	869	753	1622
755	873	784	1657
756	887	764	1651
757	863	782	1645
758	868	762	1630
759	865	767	1632
760	872	750	1622
761	839	758	1597
762	871	771	1642
763	859	759	1618
764	881	783	1664
765	855	775	1630
766	872	758	1630
767	861	768	1629
768	869	749	1618
769	893	762	1655
770	863	787	1650
771	847	772	1619
772	868	751	1619
773	863	784	1647
774	834	774	1608
775	857	741	1598
776	867	753	1620
777	884	772	1656
778	878	768	1646
779	871	793	1664
780	880	762	1642
781	875	726	1601
782	891	757	1648
783	865	755	1620
784	870	770	1640
785	868	785	1653
786	843	746	1589
787	842	756	1598
788	874	755	1629
789	868	755	1623
790	872	753	1625
791	888	741	1629
792	881	743	1624
793	877	745	1622
794	873	782	1655
795	852	773	1625
796	885	759	1644
797	863	759	1622
798	873	760	1633
799	865	772	1637
800	872	741	1613
801	855	749	1604
802	846	751	1597
803	864	767	1631
804	859	786	1645
805	879	738	1617
806	870	742	1612
807	880	754	1634
808	859	764	1623
809	879	780	1659
810	881	766	1647
811	882	767	1649
812	872	762	1634
813	847	758	1605
814	880	751	1631
815	886	743	1629
816	887	760	1647
817	856	771	1627
818	878	750	1628
819	853	771	1624
820	874	750	1624
821	857	757	1614
822	867	777	1644
823	879	753	1632
824	869	759	1628
825	858	740	1598
826	859	764	1623
827	884	793	1677
828	880	762	1642
829	854	733	1587
830	885	773	1658
831	863	758	1621
832	877	752	1629
833	878	770	1648
834	894	738	1632
835	871	769	1640
836	866	768	1634
837	850	756	1606
838	853	768	1621
839	872	773	1645
840	865	738	1603
841	875	735	1610
842	867	774	1641
843	898	757	1655
844	859	781	1640
845	866	780	1646
846	868	773	1641
847	892	761	1653
848	897	744	1641
849	879	763	1642
850	884	753	1637
851	871	742	1613
852	861	761	1622
853	852	762	1614
854	863	772	1635
855	877	770	1647
856	872	761	1633
857	885	753	1638
858	870	773	1643
859	877	771	1648
860	873	759	1632
861	904	745	1649
862	867	777	1644
863	865	760	1625
864	861	766	1627
865	843	776	1619
866	856	756	1612
867	840	778	1618
868	859	766	1625
869	878	754	1632
870	880	751	1631
871	888	730	1618
872	864	735	1599
873	874	754	1628
874	876	768	1644
875	853	746	1599
876	863	761	1624
877	867	744	1611
878	873	770	1643
879	872	776	1648
880	860	758	1618
881	864	770	1634
882	882	758	1640
883	858	767	1625
884	858	780	1638
885	882	756	1638
886	850	769	1619
887	872	771	1643
888	877	758	1635
889	861	756	1617
890	850	764	1614
891	864	747	1611
892	897	763	1660
893	872	756	1628
894	874	777	1651
895	890	767	1657
896	903	772	1675
897	879	770	1649
898	868	756	1624
899	874	730	1604
900	857	759	1616
901	851	776	1627
902	849	764	1613
903	852	755	1607
904	856	771	1627
905	855	792	1647
906	874	760	1634
907	888	765	1653
908	907	746	1653
909	877	782	1659
910	840	777	1617
911	844	750	1594
912	893	767	1660
913	871	765	1636
914	880	744	1624
915	864	760	1624
916	890	744	1634
917	852	770	1622
918	886	759	1645
919	894	768	1662
920	857	774	1631
921	866	789	1655
922	866	757	1623
923	839	760	1599
924	844	760	1604
925	886	746	1632
926	880	776	1656
927	868	759	1627
928	877	782	1659
929	871	774	1645
930	857	774	1631
931	878	751	1629
932	860	757	1617
933	860	746	1606
934	879	764	1643
935	878	754	1632
936	868	762	1630
937	871	764	1635
938	886	766	1652
939	856	777	1633
940	886	752	1638
941	890	764	1654
942	850	751	1601
943	861	752	1613
944	851	771	1622
945	855	775	1630
946	857	742	1599
947	861	777	1638
948	871	778	1649
949	891	759	1650
950	872	759	1631
951	875	813	1688
952	887	765	1652
953	891	771	1662
954	854	745	1599
955	851	763	1614
956	864	761	1625
957	860	740	1600
958	871	766	1637
959	872	767	1639
960	879	758	1637
961	878	748	1626
962	879	746	1625
963	868	764	1632
964	877	750	1627
965	879	757	1636
966	867	755	1622
967	862	754	1616
968	871	760	1631
969	863	778	1641
970	852	775	1627
971	856	751	1607
972	886	771	1657
973	868	752	1620
974	862	769	1631
975	857	763	1620
976	893	745	1638
977	874	766	1640
978	874	768	1642
979	873	756	1629
980	857	745	1602
981	864	742	1606
982	852	758	1610
983	897	744	1641
984	877	779	1656
985	880	759	1639
986	855	765	1620
987	878	754	1632
988	858	764	1622
989	856	768	1624
990	870	735	1605
991	881	754	1635
992	855	769	1624
993	867	758	1625
994	858	762	1620
995	872	756	1628
996	878	740	1618
997	859	757	1616
998	859	757	1616
999	866	784	1650
1000	871	773	1644
1001	877	757	1634
1002	849	753	1602
1003	878	772	1650
1004	881	770	1651
1005	846	743	1589
1006	870	779	1649
1007	871	766	1637
1008	854	771	1625
1009	886	766	1652
1010	870	763	1633
1011	862	750	1612
1012	888	761	1649
1013	866	771	1637
1014	843	769	1612
1015	875	785	1660
1016	864	773	1637
1017	856	803	1659
1018	874	771	1645
1019	884	756	1640
1020	891	744	1635
1021	867	756	1623
1022	859	747	1606
1023	865	766	1631
1024	865	769	1634
1025	855	770	1625
1026	875	769	1644
1027	870	750	1620
1028	861	764	1625
1029	877	760	1637
1030	862	771	1633
1031	884	765	1649
1032	861	755	1616
1033	853	760	1613
1034	850	747	1597
1035	889	737	1626
1036	846	762	1608
1037	847	753	1600
1038	892	754	1646
1039	854	746	1600
1040	873	776	1649
1041	847	764	1611
1042	877	761	1638
1043	855	762	1617
1044	871	776	1647
1045	884	747	1631
1046	875	756	1631
1047	857	754	1611
1048	888	755	1643
1049	884	739	1623
1050	855	780	1635
1051	862	754	1616
1052	879	766	1645
1053	870	762	1632
1054	896	783	1679
1055	864	756	1620
1056	851	769	1620
1057	853	743	1596
1058	898	744	1642
1059	875	768	1643
1060	888	757	1645
1061	867	760	1627
1062	890	774	1664
1063	856	755	1611
1064	858	772	1630
1065	898	775	1673
1066	869	757	1626
1067	848	751	1599
1068	859	756	1615
1069	891	751	1642
1070	852	787	1639
1071	878	764	1642
1072	878	765	1643
1073	864	757	1621
1074	899	764	1663
1075	873	761	1634
1076	864	753	1617
1077	881	771	1652
1078	882	751	1633
1079	864	762	1626
1080	861	764	1625
1081	851	767	1618
1082	862	744	1606
1083	851	750	1601
1084	851	780	1631
1085	865	784	1649
1086	867	765	1632
1087	877	761	1638
1088	864	766	1630
1089	845	770	1615
1090	865	763	1628
1091	874	773	1647
1092	863	764	1627
1093	848	757	1605
1094	844	764	1608
1095	875	791	1666
1096	877	770	1647
1097	893	764	1657
1098	871	777	1648
1099	868	754	1622
1100	863	778	1641
1101	875	764	1639
1102	868	766	1634
1103	892	753	1645
1104	865	746	1611
1105	849	747	1596
1106	857	767	1624
1107	865	762	1627
1108	888	749	1637
1109	866	750	1616
1110	891	761	1652
1111	878	770	1648
1112	861	742	1603
1113	899	775	1674
1114	856	761	1617
1115	858	740	1598
1116	867	760	1627
1117	861	763	1624
1118	875	754	1629
1119	882	742	1624
1120	852	755	1607
1121	851	754	1605
1122	852	753	1605
1123	839	770	1609
1124	872	760	1632
1125	861	738	1599
1126	891	738	1629
1127	859	745	1604
1128	855	771	1626
1129	864	763	1627
1130	858	744	1602
1131	879	775	1654
1132	855	770	1625
1133	869	773	1642
1134	878	758	1636
1135	853	761	1614
1136	851	759	1610
1137	874	771	1645
1138	861	765	1626
1139	881	746	1627
1140	877	750	1627
1141	858	751	1609
1142	862	776	1638
1143	873	790	1663
1144	836	769	1605
1145	884	743	1627
1146	850	779	1629
1147	867	771	1638
1148	868	752	1620
1149	868	742	1610
1150	863	760	1623
1151	860	770	1630
1152	889	767	1656
1153	883	750	1633
1154	872	755	1627
1155	873	791	1664
1156	865	773	1638
1157	871	762	1633
1158	878	770	1648
1159	889	766	1655
1160	874	764	1638
1161	867	761	1628
1162	867	784	1651
1163	864	770	1634
1164	864	764	1628
1165	855	760	1615
1166	884	740	1624
1167	862	768	1630
1168	869	771	1640
1169	881	785	1666
1170	853	768	1621
1171	863	741	1604
1172	866	778	1644
1173	882	736	1618
1174	871	764	1635
1175	866	751	1617
1176	886	726	1612
1177	848	775	1623
1178	877	736	1613
1179	875	760	1635
1180	851	746	1597
1181	872	750	1622
1182	866	773	1639
1183	871	757	1628
1184	849	775	1624
1185	900	754	1654
1186	895	769	1664
1187	859	754	1613
1188	859	776	1635
1189	853	751	1604
1190	867	753	1620
1191	877	742	1619
1192	870	771	1641
1193	869	767	1636
1194	871	764	1635
1195	874	759	1633
1196	875	766	1641
1197	859	780	1639
1198	878	761	1639
1199	850	777	1627
1200	855	756	1611
1201	873	763	1636
1202	876	743	1619
1203	868	760	1628
1204	892	754	1646
1205	889	751	1640
1206	857	744	1601
1207	876	787	1663
1208	868	764	1632
1209	877	781	1658
1210	852	754	1606
1211	890	775	1665
1212	859	755	1614
1213	844	776	1620
1214	876	762	1638
1215	859	761	1620
1216	863	764	1627
1217	883	736	1619
1218	887	746	1633
1219	883	758	1641
1220	880	789	1669
1221	869	770	1639
1222	863	765	1628
1223	890	776	1666
1224	869	759	1628
1225	873	784	1657
1226	870	770	1640
1227	868	770	1638
1228	859	764	1623
1229	894	770	1664
1230	885	767	1652
1231	866	772	1638
1232	871	767	1638
1233	854	755	1609
1234	884	759	1643
1235	897	732	1629
1236	889	773	1662
1237	853	772	1625
1238	844	760	1604
1239	877	764	1641
1240	882	771	1653
1241	861	776	1637
1242	860	743	1603
1243	867	752	1619
1244	850	763	1613
1245	873	747	1620
1246	844	773	1617
1247	886	761	1647
1248	869	782	1651
1249	872	714	1586
1250	895	757	1652
1251	859	736	1595
1252	872	762	1634
1253	849	765	1614
1254	871	768	1639
1255	885	763	1648
1256	851	755	1606
1257	865	764	1629
1258	872	763	1635
1259	876	760	1636
1260	897	764	1661
1261	868	772	1640
1262	859	752	1611
1263	864	765	1629
1264	866	760	1626
1265	869	765	1634
1266	868	741	1609
1267	865	749	1614
1268	871	756	1627
1269	893	760	1653
1270	853	757	1610
1271	866	762	1628
1272	880	761	1641
1273	867	763	1630
1274	869	751	1620
1275	889	774	1663
1276	887	784	1671
1277	875	760	1635
1278	866	769	1635
1279	858	783	1641
1280	877	766	1643
1281	886	754	1640
1282	865	777	1642
1283	874	751	1625
1284	878	765	1643
1285	883	776	1659
1286	888	754	1642
1287	864	753	1617
1288	854	764	1618
1289	884	782	1666
1290	855	762	1617
1291	878	764	1642
1292	883	775	1658
1293	872	763	1635
1294	876	746	1622
1295	843	772	1615
1296	876	743	1619
1297	846	776	1622
1298	872	772	1644
1299	876	767	1643
1300	854	772	1626
1301	871	762	1633
1302	856	757	1613
1303	868	767	1635
1304	874	755	1629
1305	884	744	1628
1306	864	750	1614
1307	867	775	1642
1308	868	754	1622
1309	874	783	1657
1310	870	763	1633
1311	879	742	1621
1312	878	756	1634
1313	877	763	1640
1314	861	735	1596
1315	836	767	1603
1316	877	770	1647
1317	875	762	1637
1318	874	780	1654
1319	850	765	1615
1320	854	741	1595
1321	881	772	1653
1322	868	751	1619
1323	855	760	1615
1324	875	769	1644
1325	857	752	1609
1326	873	765	1638
1327	859	757	1616
1328	889	759	1648
1329	862	768	1630
1330	872	754	1626
1331	865	752	1617
1332	890	760	1650
1333	877	742	1619
1334	862	755	1617
1335	863	766	1629
1336	868	760	1628
1337	854	756	1610
1338	846	768	1614
1339	871	738	1609
1340	880	763	1643
1341	853	756	1609
1342	880	739	1619
1343	865	752	1617
1344	880	774	1654
1345	878	764	1642
1346	861	742	1603
1347	865	775	1640
1348	856	762	1618
1349	875	774	1649
1350	880	744	1624
1351	866	742	1608
1352	897	760	1657
1353	840	779	1619
1354	857	766	1623
1355	863	757	1620
1356	897	741	1638
1357	867	749	1616
1358	867	769	1636
1359	874	782	1656
1360	872	777	1649
1361	876	775	1651
1362	861	773	1634
1363	873	759	1632
1364	858	778	1636
1365	863	773	1636
1366	835	754	1589
1367	858	753	1611
1368	879	764	1643
1369	865	745	1610
1370	850	769	1619
1371	878	745	1623
1372	873	765	1638
1373	876	751	1627
1374	863	765	1628
1375	849	753	1602
1376	887	763	1650
1377	880	755	1635
1378	864	764	1628
1379	843	779	1622
1380	859	771	1630
1381	858	754	1612
1382	870	772	1642
1383	849	771	1620
1384	871	778	1649
1385	859	743	1602
1386	876	723	1599
1387	861	740	1601
1388	870	771	1641
1389	864	760	1624
1390	869	740	1609
1391	884	786	1670
1392	859	780	1639
1393	863	767	1630
1394	874	769	1643
1395	873	757	1630
1396	879	761	1640
1397	886	763	1649
1398	875	747	1622
1399	887	736	1623
1400	858	781	1639
1401	875	773	1648
1402	871	765	1636
1403	887	759	1646
1404	851	754	1605
1405	871	762	1633
1406	871	779	1650
1407	893	766	1659
1408	847	750	1597
1409	865	753	1618
1410	878	779	1657
1411	865	773	1638
1412	852	755	1607
1413	859	775	1634
1414	861	731	1592
1415	847	758	1605
1416	854	788	1642
1417	854	762	1616
1418	864	787	1651
1419	861	770	1631
1420	882	758	1640
1421	840	773	1613
1422	887	783	1670
1423	879	771	1650
1424	845	736	1581
1425	881	757	1638
1426	876	776	1652
1427	883	754	1637
1428	862	783	1645
1429	856	773	1629
1430	878	751	1629
1431	874	781	1655
1432	845	752	1597
1433	876	751	1627
1434	875	743	1618
1435	823	781	1604
1436	868	792	1660
1437	879	749	1628
1438	848	771	1619
1439	869	785	1654
1440	860	767	1627
1441	874	762	1636
1442	866	756	1622
1443	858	750	1608
1444	858	772	1630
1445	899	743	1642
1446	871	760	1631
1447	879	758	1637
1448	868	765	1633
1449	892	758	1650
1450	878	770	1648
1451	878	756	1634
1452	883	765	1648
1453	867	748	1615
1454	870	753	1623
1455	871	759	1630
1456	848	771	1619
1457	881	735	1616
1458	898	758	1656
1459	876	756	1632
1460	855	757	1612
1461	892	762	1654
1462	861	771	1632
1463	857	777	1634
1464	860	775	1635
1465	860	791	1651
1466	865	777	1642
1467	863	758	1621
1468	882	771	1653
1469	887	756	1643
1470	876	777	1653
1471	880	766	1646
1472	861	779	1640
1473	870	787	1657
1474	837	758	1595
1475	873	774	1647
1476	872	756	1628
1477	863	752	1615
1478	876	751	1627
1479	872	764	1636
1480	846	759	1605
1481	856	753	1609
1482	844	777	1621
1483	866	750	1616
1484	854	753	1607
1485	860	749	1609
1486	857	764	1621
1487	860	781	1641
1488	852	762	1614
1489	869	771	1640
1490	875	763	1638
1491	853	768	1621
1492	854	766	1620
1493	863	780	1643
1494	858	762	1620
1495	871	743	1614
1496	869	765	1634
1497	874	759	1633
1498	861	747	1608
1499	855	783	1638
1500	881	757	1638
1501	879	761	1640
1502	856	770	1626
1503	865	759	1624
1504	849	747	1596
1505	875	735	1610
1506	862	729	1591
1507	862	762	1624
1508	868	783	1651
1509	870	762	1632
1510	873	765	1638
1511	867	762	1629
1512	849	754	1603
1513	872	758	1630
1514	856	751	1607
1515	867	766	1633
1516	864	753	1617
1517	855	760	1615
1518	865	771	1636
1519	873	747	1620
1520	855	750	1605
1521	865	770	1635
1522	881	765	1646
1523	851	766	1617
1524	863	764	1627
1525	881	765	1646
1526	874	748	1622
1527	857	753	1610
1528	859	789	1648
1529	880	737	1617
1530	856	786	1642
1531	878	783	1661
1532	867	762	1629
1533	883	764	1647
1534	879	755	1634
1535	858	765	1623
1536	892	755	1647
1537	885	761	1646
1538	860	769	1629
1539	867	786	1653
1540	866	768	1634
1541	871	766	1637
1542	865	756	1621
1543	866	746	1612
1544	873	765	1638
1545	877	764	1641
1546	883	781	1664
1547	878	780	1658
1548	859	739	1598
1549	869	746	1615
1550	856	771	1627
1551	892	759	1651
1552	865	764	1629
1553	876	749	1625
1554	869	759	1628
1555	881	788	1669
1556	869	768	1637
1557	866	754	1620
1558	871	769	1640
1559	877	773	1650
1560	858	754	1612
1561	878	758	1636
1562	867	765	1632
1563	860	754	1614
1564	855	766	1621
1565	882	782	1664
1566	863	773	1636
1567	870	750	1620
1568	854	749	1603
1569	871	741	1612
1570	867	759	1626
1571	853	755	1608
1572	853	776	1629
1573	874	778	1652
1574	828	755	1583
1575	874	740	1614
1576	869	779	1648
1577	853	751	1604
1578	888	774	1662
1579	882	760	1642
1580	886	764	1650
1581	856	766	1622
1582	865	749	1614
1583	877	763	1640
1584	840	782	1622
1585	876	767	1643
1586	855	764	1619
1587	879	760	1639
1588	864	738	1602
1589	879	766	1645
1590	870	734	1604
1591	887	739	1626
1592	870	763	1633
1593	874	768	1642
1594	864	751	1615
1595	860	774	1634
1596	877	753	1630
1597	900	767	1667
1598	891	753	1644
1599	866	756	1622
1600	860	768	1628
1601	879	770	1649
1602	884	759	1643
1603	856	732	1588
1604	875	765	1640
1605	855	775	1630
1606	846	747	1593
1607	853	771	1624
1608	888	773	1661
1609	863	773	1636
1610	855	783	1638
1611	873	759	1632
1612	860	748	1608
1613	860	777	1637
1614	846	769	1615
1615	907	751	1658
1616	879	758	1637
1617	881	765	1646
1618	876	781	1657
1619	877	750	1627
1620	866	766	1632
1621	868	755	1623
1622	877	730	1607
1623	877	754	1631
1624	863	767	1630
1625	873	769	1642
1626	865	765	1630
1627	864	781	1645
1628	876	747	1623
1629	852	774	1626
1630	871	754	1625
1631	874	758	1632
1632	863	759	1622
1633	854	756	1610
1634	866	761	1627
1635	853	762	1615
1636	861	778	1639
1637	877	745	1622
1638	882	752	1634
1639	874	748	1622
1640	860	750	1610
1641	888	746	1634
1642	864	763	1627
1643	883	774	1657
1644	851	763	1614
1645	867	752	1619
1646	888	776	1664
1647	877	749	1626
1648	868	759	1627
1649	865	760	1625
1650	862	758	1620
1651	848	753	1601
1652	883	741	1624
1653	865	745	1610
1654	858	754	1612
1655	887	776	1663
1656	857	770	1627
1657	845	747	1592
1658	873	744	1617
1659	850	770	1620
1660	865	762	1627
1661	861	770	1631
1662	863	768	1631
1663	868	763	1631
1664	880	764	1644
1665	865	770	1635
1666	864	735	1599
1667	860	771	1631
1668	866	753	1619
1669	840	770	1610
1670	856	765	1621
1671	895	772	1667
1672	858	761	1619
1673	843	737	1580
1674	873	769	1642
1675	872	774	1646
1676	879	767	1646
1677	881	756	1637
1678	876	780	1656
1679	871	760	1631
1680	862	783	1645
1681	851	767	1618
1682	874	769	1643
1683	839	773	1612
1684	875	752	1627
1685	893	782	1675
1686	876	767	1643
1687	859	731	1590
1688	883	745	1628
1689	880	790	1670
1690	851	745	1596
1691	850	768	1618
1692	874	767	1641
1693	877	761	1638
1694	903	756	1659
1695	861	747	1608
1696	848	761	1609
1697	879	764	1643
1698	876	764	1640
1699	883	779	1662
1700	858	790	1648
1701	872	751	1623
1702	844	771	1615
1703	883	769	1652
1704	872	768	1640
1705	847	765	1612
1706	850	757	1607
1707	884	768	1652
1708	862	761	1623
1709	855	784	1639
1710	827	773	1600
1711	862	788	1650
1712	866	734	1600
1713	867	767	1634
1714	847	752	1599
1715	860	749	1609
1716	854	758	1612
1717	852	738	1590
1718	866	764	1630
1719	860	777	1637
1720	861	773	1634
1721	866	759	1625
1722	862	739	1601
1723	886	760	1646
1724	871	737	1608
1725	884	755	1639
1726	854	763	1617
1727	871	765	1636
1728	847	752	1599
1729	870	770	1640
1730	859	778	1637
1731	879	758	1637
1732	875	760	1635
1733	869	752	1621
1734	869	760	1629
1735	896	761	1657
1736	889	745	1634
1737	875	764	1639
1738	863	766	1629
1739	863	760	1623
1740	863	744	1607
1741	863	769	1632
1742	869	756	1625
1743	893	784	1677
1744	862	755	1617
1745	881	783	1664
1746	887	756	1643
1747	876	776	1652
1748	866	779	1645
1749	844	789	1633
1750	868	766	1634
1751	858	767	1625
1752	858	754	1612
1753	851	761	1612
1754	869	746	1615
1755	854	751	1605
1756	859	769	1628
1757	872	772	1644
1758	847	779	1626
1759	879	748	1627
1760	866	758	1624
1761	865	783	1648
1762	868	791	1659
1763	868	792	1660
1764	855	764	1619
1765	906	768	1674
1766	841	753	1594
1767	883	764	1647
1768	890	755	1645
1769	867	749	1616
1770	878	772	1650
1771	872	766	1638
1772	865	769	1634
1773	875	739	1614
1774	869	765	1634
1775	884	771	1655
1776	890	746	1636
1777	858	773	1631
1778	866	755	1621
1779	864	730	1594
1780	853	756	1609
1781	851	748	1599
1782	854	765	1619
1783	853	763	1616
1784	875	789	1664
1785	851	745	1596
1786	867	768	1635
1787	873	773	1646
1788	884	755	1639
1789	892	757	1649
1790	883	754	1637
1791	858	771	1629
1792	858	738	1596
1793	872	768	1640
1794	863	732	1595
1795	856	750	1606
1796	863	767	1630
1797	872	756	1628
1798	879	800	1679
1799	854	753	1607
1800	862	779	1641
1801	864	755	1619
1802	848	787	1635
1803	852	773	1625
1804	855	769	1624
1805	875	746	1621
1806	872	744	1616
1807	861	774	1635
1808	864	766	1630
1809	865	774	1639
1810	871	766	1637
1811	877	763	1640
1812	871	771	1642
1813	852	784	1636
1814	846	751	1597
1815	871	758	1629
1816	888	772	1660
1817	870	766	1636
1818	871	763	1634
1819	890	753	1643
1820	858	758	1616
1821	854	763	1617
1822	876	772	1648
1823	873	745	1618
1824	853	759	1612
1825	875	779	1654
1826	878	736	1614
1827	858	766	1624
1828	890	739	1629
1829	893	758	1651
1830	840	780	1620
1831	886	789	1675
1832	857	780	1637
1833	872	773	1645
1834	880	744	1624
1835	862	726	1588
1836	868	732	1600
1837	858	773	1631
1838	869	760	1629
1839	872	759	1631
1840	878	775	1653
1841	874	756	1630
1842	868	751	1619
1843	880	765	1645
1844	887	774	1661
1845	871	769	1640
1846	846	766	1612
1847	859	766	1625
1848	868	771	1639
1849	861	764	1625
1850	846	753	1599
1851	889	767	1656
1852	865	772	1637
1853	858	755	1613
1854	859	767	1626
1855	892	774	1666
1856	883	760	1643
1857	886	761	1647
1858	872	771	1643
1859	883	734	1617
1860	868	765	1633
1861	874	771	1645
1862	866	745	1611
1863	883	756	1639
1864	867	760	1627
1865	873	767	1640
1866	871	777	1648
1867	877	755	1632
1868	875	765	1640
1869	857	761	1618
1870	849	761	1610
1871	867	749	1616
1872	882	765	1647
1873	883	770	1653
1874	868	774	1642
1875	859	759	1618
1876	887	756	1643
1877	876	769	1645
1878	887	756	1643
1879	871	743	1614
1880	857	750	1607
1881	880	743	1623
1882	869	780	1649
1883	860	753	1613
1884	866	775	1641
1885	872	762	1634
1886	871	754	1625
1887	877	744	1621
1888	858	780	1638
1889	862	751	1613
1890	859	747	1606
1891	871	757	1628
1892	874	743	1617
1893	896	740	1636
1894	873	747	1620
1895	865	752	1617
1896	881	729	1610
1897	881	777	1658
1898	860	775	1635
1899	874	768	1642
1900	867	777	1644
1901	866	758	1624
1902	846	761	1607
1903	851	749	1600
1904	833	775	1608
1905	884	774	1658
1906	868	782	1650
1907	877	747	1624
1908	888	743	1631
1909	882	767	1649
1910	848	780	1628
1911	874	738	1612
1912	851	778	1629
1913	878	747	1625
1914	871	763	1634
1915	846	792	1638
1916	876	769	1645
1917	887	763	1650
1918	859	735	1594
1919	867	757	1624
1920	861	760	1621
1921	857	748	1605
1922	859	773	1632
1923	845	791	1636
1924	864	755	1619
1925	858	786	1644
1926	857	754	1611
1927	879	743	1622
1928	870	754	1624
1929	872	746	1618
1930	880	741	1621
1931	854	740	1594
1932	875	757	1632
1933	886	750	1636
1934	848	775	1623
1935	878	751	1629
1936	857	786	1643
1937	850	760	1610
1938	852	749	1601
1939	886	754	1640
1940	880	754	1634
1941	833	746	1579
1942	882	768	1650
1943	869	751	1620
1944	879	748	1627
1945	882	748	1630
1946	843	774	1617
1947	866	772	1638
1948	866	749	1615
1949	868	756	1624
1950	861	753	1614
1951	863	754	1617
1952	862	780	1642
1953	889	774	1663
1954	861	801	1662
1955	855	770	1625
1956	881	736	1617
1957	864	737	1601
1958	871	775	1646
1959	891	763	1654
1960	874	738	1612
1961	876	771	1647
1962	881	765	1646
1963	878	766	1644
1964	877	759	1636
1965	877	762	1639
1966	889	769	1658
1967	822	753	1575
1968	848	773	1621
1969	872	756	1628
1970	843	757	1600
1971	862	776	1638
1972	872	753	1625
1973	862	767	1629
1974	864	772	1636
1975	887	781	1668
1976	865	749	1614
1977	864	742	1606
1978	881	737	1618
1979	845	748	1593
1980	868	756	1624
1981	889	745	1634
1982	860	725	1585
1983	876	757	1633
1984	883	770	1653
1985	883	755	1638
1986	852	769	1621
1987	881	765	1646
1988	859	781	1640
1989	885	791	1676
1990	869	752	1621
1991	854	754	1608
1992	878	785	1663
1993	864	744	1608
1994	880	751	1631
1995	863	752	1615
1996	861	763	1624
1997	890	747	1637
1998	866	730	1596
1999	889	741	1630
2000	853	734	1587
2001	867	768	1635
2002	863	780	1643
2003	866	762	1628
2004	874	781	1655
2005	858	781	1639
2006	879	756	1635
2007	857	752	1609
2008	875	765	1640
2009	876	777	1653
2010	884	759	1643
2011	850	779	1629
2012	872	763	1635
2013	869	768	1637
2014	853	782	1635
2015	868	787	1655
2016	873	759	1632
2017	867	740	1607
2018	864	765	1629
2019	841	771	1612
2020	859	745	1604
2021	865	758	1623
2022	886	726	1612
2023	883	776	1659
2024	861	773	1634
2025	863	761	1624
2026	872	779	1651
2027	854	762	1616
2028	881	738	1619
2029	883	782	1665
2030	849	778	1627
2031	866	766	1632
2032	893	758	1651
2033	884	771	1655
2034	862	784	1646
2035	863	754	1617
2036	866	742	1608
2037	882	744	1626
2038	895	758	1653
2039	886	778	1664
2040	865	761	1626
2041	857	771	1628
2042	881	744	1625
2043	878	751	1629
2044	873	750	1623
2045	899	767	1666
2046	858	751	1609
2047	857	753	1610
2048	862	771	1633
2049	877	769	1646
2050	878	782	1660
2051	868	771	1639
2052	856	772	1628
2053	879	770	1649
2054	857	770	1627
2055	879	767	1646
2056	862	744	1606
2057	859	787	1646
2058	876	754	1630
2059	882	738	1620
2060	865	747	1612
2061	883	746	1629
2062	857	752	1609
2063	843	776	1619
2064	877	747	1624
2065	898	765	1663
2066	868	759	1627
2067	877	766	1643
2068	882	760	1642
2069	879	746	1625
2070	859	764	1623
2071	833	762	1595
2072	880	772	1652
2073	858	778	1636
2074	884	766	1650
2075	850	771	1621
2076	877	752	1629
2077	885	757	1642
2078	873	760	1633
2079	862	749	1611
2080	854	768	1622
2081	863	768	1631
2082	876	752	1628
2083	842	775	1617
2084	868	762	1630
2085	884	760	1644
2086	865	754	1619
2087	877	753	1630
2088	873	762	1635
2089	874	772	1646
2090	878	769	1647
2091	835	771	1606
2092	871	746	1617
2093	854	766	1620
2094	868	736	1604
2095	880	732	1612
2096	884	756	1640
2097	860	786	1646
2098	860	749	1609
2099	880	761	1641
2100	865	770	1635
2101	875	754	1629
2102	880	768	1648
2103	862	742	1604
2104	864	764	1628
2105	856	796	1652
2106	860	761	1621
2107	873	774	1647
2108	851	769	1620
2109	870	757	1627
2110	870	756	1626
2111	865	757	1622
2112	877	764	1641
2113	855	746	1601
2114	885	772	1657
2115	880	756	1636
2116	864	770	1634
2117	869	768	1637
2118	855	785	1640
2119	849	764	1613
2120	858	755	1613
2121	871	774	1645
2122	889	766	1655
2123	882	755	1637
2124	880	759	1639
2125	867	764	1631
2126	883	774	1657
2127	876	766	1642
2128	884	753	1637
2129	844	750	1594
2130	861	760	1621
2131	860	762	1622
2132	871	748	1619
2133	876	743	1619
2134	855	754	1609
2135	836	753	1589
2136	857	786	1643
2137	855	786	1641
2138	884	748	1632
2139	895	748	1643
2140	861	761	1622
2141	848	753	1601
2142	864	736	1600
2143	884	762	1646
2144	890	748	1638
2145	868	746	1614
2146	856	779	1635
2147	870	765	1635
2148	855	761	1616
2149	877	755	1632
2150	858	762	1620
2151	859	780	1639
2152	863	774	1637
2153	893	765	1658
2154	869	764	1633
2155	864	757	1621
2156	871	751	1622
2157	861	738	1599
2158	866	767	1633
2159	878	745	1623
2160	879	759	1638
2161	863	763	1626
2162	840	764	1604
2163	869	756	1625
2164	848	757	1605
2165	875	764	1639
2166	866	780	1646
2167	875	747	1622
2168	861	771	1632
2169	858	760	1618
2170	865	767	1632
2171	862	785	1647
2172	879	774	1653
2173	868	782	1650
2174	853	776	1629
2175	872	771	1643
2176	868	759	1627
2177	853	762	1615
2178	864	759	1623
2179	855	760	1615
2180	854	776	1630
2181	864	759	1623
2182	853	773	1626
2183	873	764	1637
2184	880	755	1635
2185	861	755	1616
2186	880	748	1628
2187	869	763	1632
2188	867	761	1628
2189	880	770	1650
2190	888	753	1641
2191	862	760	1622
2192	874	756	1630
2193	879	769	1648
2194	875	760	1635
2195	854	745	1599
2196	863	768	1631
2197	861	758	1619
2198	878	774	1652
2199	872	779	1651
2200	877	755	1632
2201	884	760	1644
2202	861	773	1634
2203	877	757	1634
2204	852	778	1630
2205	866	780	1646
2206	853	783	1636
2207	869	785	1654
2208	874	775	1649
2209	845	755	1600
2210	870	758	1628
2211	863	759	1622
2212	864	772	1636
2213	861	769	1630
2214	874	758	1632
2215	856	748	1604
2216	879	775	1654
2217	866	765	1631
2218	844	749	1593
2219	860	745	1605
2220	851	769	1620
2221	876	749	1625
2222	864	758	1622
2223	862	767	1629
2224	864	754	1618
2225	858	781	1639
2226	882	746	1628
2227	851	780	1631
2228	877	759	1636
2229	889	746	1635
2230	871	764	1635
2231	889	764	1653
2232	872	747	1619
2233	873	771	1644
2234	858	762	1620
2235	851	757	1608
2236	880	746	1626
2237	888	753	1641
2238	868	757	1625
2239	883	770	1653
2240	855	749	1604
2241	850	766	1616
2242	853	732	1585
2243	866	759	1625
2244	868	734	1602
2245	862	767	1629
2246	864	784	1648
2247	881	765	1646
2248	881	746	1627
2249	864	774	1638
2250	882	772	1654
2251	875	769	1644
2252	851	768	1619
2253	858	773	1631
2254	855	765	1620
2255	872	770	1642
2256	871	753	1624
2257	852	762	1614
2258	845	781	1626
2259	842	745	1587
2260	866	760	1626
2261	872	764	1636
2262	873	748	1621
2263	862	765	1627
2264	893	794	1687
2265	857	751	1608
2266	906	768	1674
2267	875	750	1625
2268	868	765	1633
2269	835	774	1609
2270	849	744	1593
2271	870	764	1634
2272	849	756	1605
2273	868	760	1628
2274	851	752	1603
2275	860	751	1611
2276	874	769	1643
2277	867	747	1614
2278	860	769	1629
2279	859	761	1620
2280	872	748	1620
2281	871	766	1637
2282	873	786	1659
2283	878	778	1656
2284	867	764	1631
2285	869	746	1615
2286	862	777	1639
2287	864	767	1631
2288	886	738	1624
2289	881	783	1664
2290	887	764	1651
2291	876	760	1636
2292	853	768	1621
2293	874	776	1650
2294	865	772	1637
2295	900	772	1672
2296	865	766	1631
2297	850	753	1603
2298	871	750	1621
2299	872	760	1632
2300	870	769	1639
2301	893	763	1656
2302	873	766	1639
2303	862	751	1613
2304	887	739	1626
2305	861	741	1602
2306	857	747	1604
2307	869	779	1648
2308	846	745	1591
2309	852	780	1632
2310	874	769	1643
2311	889	766	1655
2312	844	777	1621
2313	867	763	1630
2314	864	776	1640
2315	874	771	1645
2316	856	751	1607
2317	864	768	1632
2318	861	761	1622
2319	860	761	1621
2320	871	773	1644
2321	871	772	1643
2322	875	744	1619
2323	873	776	1649
2324	884	768	1652
2325	885	750	1635
2326	862	760	1622
2327	855	763	1618
2328	856	764	1620
2329	846	766	1612
2330	887	756	1643
2331	858	779	1637
2332	866	778	1644
2333	865	768	1633
2334	868	759	1627
2335	878	774	1652
2336	876	764	1640
2337	881	751	1632
2338	880	768	1648
2339	870	748	1618
2340	871	771	1642
2341	878	771	1649
2342	861	771	1632
2343	850	779	1629
2344	863	747	1610
2345	891	773	1664
2346	860	777	1637
2347	872	765	1637
2348	838	774	1612
2349	857	744	1601
2350	906	751	1657
2351	870	763	1633
2352	850	768	1618
2353	855	769	1624
2354	871	771	1642
2355	870	776	1646
2356	869	766	1635
2357	894	768	1662
2358	885	763	1648
2359	867	773	1640
2360	854	763	1617
2361	864	772	1636
2362	884	742	1626
2363	880	768	1648
2364	860	800	1660
2365	836	752	1588
2366	901	768	1669
2367	881	744	1625
2368	845	774	1619
2369	863	771	1634
2370	867	753	1620
2371	893	790	1683
2372	857	772	1629
2373	856	764	1620
2374	878	758	1636
2375	844	771	1615
2376	869	750	1619
2377	886	758	1644
2378	857	743	1600
2379	889	738	1627
2380	845	750	1595
2381	870	750	1620
2382	871	762	1633
2383	871	750	1621
2384	844	770	1614
2385	888	764	1652
2386	886	762	1648
2387	871	777	1648
2388	879	773	1652
2389	877	775	1652
2390	881	772	1653
2391	879	768	1647
2392	869	757	1626
2393	869	783	1652
2394	862	787	1649
2395	875	758	1633
2396	901	752	1653
2397	882	734	1616
2398	865	757	1622
2399	876	772	1648
2400	870	763	1633
2401	873	777	1650
2402	882	759	1641
2403	864	767	1631
2404	857	764	1621
2405	883	764	1647
2406	878	760	1638
2407	866	779	1645
2408	873	776	1649
2409	874	774	1648
2410	880	750	1630
2411	854	777	1631
2412	864	753	1617
2413	870	769	1639
2414	857	760	1617
2415	872	776	1648
2416	850	744	1594
2417	874	753	1627
2418	883	755	1638
2419	882	748	1630
2420	892	769	1661
2421	869	738	1607
2422	863	771	1634
2423	894	784	1678
2424	867	759	1626
2425	868	780	1648
2426	851	753	1604
2427	856	759	1615
2428	858	756	1614
2429	854	779	1633
2430	859	740	1599
2431	881	775	1656
2432	864	748	1612
2433	873	769	1642
2434	873	765	1638
2435	864	759	1623
2436	862	767	1629
2437	867	749	1616
2438	866	743	1609
2439	871	760	1631
2440	873	762	1635
2441	868	772	1640
2442	860	759	1619
2443	878	739	1617
2444	868	776	1644
2445	889	776	1665
2446	871	745	1616
2447	870	763	1633
2448	853	749	1602
2449	849	764	1613
2450	882	751	1633
2451	875	739	1614
2452	854	745	1599
2453	874	767	1641
2454	861	770	1631
2455	880	767	1647
2456	858	753	1611
2457	880	754	1634
2458	873	783	1656
2459	871	745	1616
2460	870	750	1620
2461	869	743	1612
2462	869	778	1647
2463	888	787	1675
2464	861	757	1618
2465	868	755	1623
2466	874	771	1645
2467	870	750	1620
2468	863	763	1626
2469	844	744	1588
2470	840	755	1595
2471	894	746	1640
2472	863	777	1640
2473	872	759	1631
2474	856	755	1611
2475	844	761	1605
2476	876	771	1647
2477	854	776	1630
2478	867	774	1641
2479	863	745	1608
2480	873	740	1613
2481	862	751	1613
2482	854	775	1629
2483	893	729	1622
2484	872	767	1639
2485	871	766	1637
2486	870	753	1623
2487	867	784	1651
2488	863	762	1625
2489	870	751	1621
2490	874	758	1632
2491	862	756	1618
2492	866	753	1619
2493	846	772	1618
2494	886	757	1643
2495	888	772	1660
2496	867	763	1630
2497	850	755	1605
2498	852	764	1616
2499	874	768	1642
2500	852	774	1626
2501	851	772	1623
2502	884	770	1654
2503	867	736	1603
2504	854	775	1629
2505	862	760	1622
2506	878	770	1648
2507	863	782	1645
2508	853	788	1641
2509	866	751	1617
2510	862	767	1629
2511	868	764	1632
2512	872	766	1638
2513	866	767	1633
2514	880	732	1612
2515	857	763	1620
2516	868	765	1633
2517	861	753	1614
2518	853	739	1592
2519	865	754	1619
2520	854	749	1603
2521	866	767	1633
2522	874	747	1621
2523	877	748	1625
2524	862	773	1635
2525	862	758	1620
2526	880	754	1634
2527	875	761	1636
2528	858	773	1631
2529	854	767	1621
2530	864	763	1627
2531	894	736	1630
2532	875	763	1638
2533	877	756	1633
2534	865	741	1606
2535	850	751	1601
2536	841	770	1611
2537	885	747	1632
2538	872	752	1624
2539	883	786	1669
2540	880	785	1665
2541	878	763	1641
2542	888	756	1644
2543	907	756	1663
2544	860	762	1622
2545	859	766	1625
2546	871	773	1644
2547	870	775	1645
2548	871	767	1638
2549	874	765	1639
2550	863	748	1611
2551	848	741	1589
2552	870	768	1638
2553	866	751	1617
2554	879	750	1629
2555	866	747	1613
2556	869	755	1624
2557	869	767	1636
2558	839	770	1609
2559	861	771	1632
2560	871	757	1628
2561	887	754	1641
2562	878	762	1640
2563	881	754	1635
2564	869	767	1636
2565	865	770	1635
2566	862	768	1630
2567	853	757	1610
2568	860	763	1623
2569	849	789	1638
2570	858	767	1625
2571	876	752	1628
2572	852	765	1617
2573	873	755	1628
2574	855	767	1622
2575	867	777	1644
2576	879	769	1648
2577	866	768	1634
2578	852	755	1607
2579	862	753	1615
2580	856	751	1607
2581	878	788	1666
2582	853	759	1612
2583	866	748	1614
2584	854	758	1612
2585	883	763	1646
2586	864	750	1614
2587	903	761	1664
2588	845	756	1601
2589	858	752	1610
2590	862	755	1617
2591	856	761	1617
2592	874	766	1640
2593	872	771	1643
2594	867	751	1618
2595	869	745	1614
2596	888	761	1649
2597	865	773	1638
2598	874	763	1637
2599	867	767	1634
2600	856	761	1617
2601	879	770	1649
2602	886	760	1646
2603	854	745	1599
2604	873	763	1636
2605	873	774	1647
2606	883	762	1645
2607	865	754	1619
2608	893	769	1662
2609	845	775	1620
2610	864	772	1636
2611	870	750	1620
2612	886	774	1660
2613	891	754	1645
2614	858	771	1629
2615	865	789	1654
2616	877	791	1668
2617	856	782	1638
2618	851	740	1591
2619	863	762	1625
2620	878	776	1654
2621	892	758	1650
2622	860	772	1632
2623	874	748	1622
2624	852	760	1612
2625	870	752	1622
2626	859	764	1623
2627	878	766	1644
2628	861	774	1635
2629	871	765	1636
2630	872	755	1627
2631	854	739	1593
2632	865	756	1621
2633	846	760	1606
2634	878	746	1624
2635	875	753	1628
2636	886	762	1648
2637	867	780	1647
2638	874	762	1636
2639	828	762	1590
2640	869	753	1622
2641	851	765	1616
2642	877	770	1647
2643	871	755	1626
2644	870	767	1637
2645	872	751	1623
2646	845	773	1618
2647	886	748	1634
2648	839	769	1608
2649	855	750	1605
2650	891	771	1662
2651	849	761	1610
2652	886	761	1647
2653	863	766	1629
2654	851	782	1633
2655	874	731	1605
2656	877	766	1643
2657	870	750	1620
2658	855	763	1618
2659	874	764	1638
2660	842	764	1606
2661	886	753	1639
2662	870	758	1628
2663	853	754	1607
2664	853	780	1633
2665	835	779	1614
2666	857	744	1601
2667	873	774	1647
2668	895	744	1639
2669	869	756	1625
2670	858	768	1626
2671	859	751	1610
2672	864	769	1633
2673	858	736	1594
2674	871	759	1630
2675	888	749	1637
2676	843	776	1619
2677	860	762	1622
2678	862	741	1603
2679	846	759	1605
2680	829	772	1601
2681	870	743	1613
2682	885	739	1624
2683	876	766	1642
2684	873	761	1634
2685	857	774	1631
2686	863	760	1623
2687	848	757	1605
2688	872	756	1628
2689	867	768	1635
2690	852	751	1603
2691	909	788	1697
2692	855	761	1616
2693	849	743	1592
2694	900	731	1631
2695	868	766	1634
2696	897	752	1649
2697	890	745	1635
2698	870	762	1632
2699	871	748	1619
2700	874	779	1653
2701	851	746	1597
2702	846	757	1603
2703	867	775	1642
2704	860	774	1634
2705	870	776	1646
2706	874	747	1621
2707	876	770	1646
2708	888	764	1652
2709	878	769	1647
2710	869	752	1621
2711	849	766	1615
2712	855	764	1619
2713	844	768	1612
2714	878	745	1623
2715	845	760	1605
2716	873	767	1640
2717	872	730	1602
2718	855	764	1619
2719	874	764	1638
2720	848	761	1609
2721	857	755	1612
2722	856	777	1633
2723	888	767	1655
2724	856	778	1634
2725	877	726	1603
2726	861	768	1629
2727	859	751	1610
2728	883	753	1636
2729	859	781	1640
2730	855	770	1625
2731	834	781	1615
2732	876	773	1649
2733	867	766	1633
2734	879	760	1639
2735	878	778	1656
2736	889	728	1617
2737	866	776	1642
2738	874	769	1643
2739	896	734	1630
2740	861	788	1649
2741	882	730	1612
2742	873	761	1634
2743	856	760	1616
2744	858	777	1635
2745	852	742	1594
2746	848	763	1611
2747	867	766	1633
2748	901	778	1679
2749	870	766	1636
2750	859	781	1640
2751	875	764	1639
2752	854	751	1605
2753	885	768	1653
2754	871	747	1618
2755	868	763	1631
2756	874	767	1641
2757	859	785	1644
2758	867	772	1639
2759	867	775	1642
2760	856	757	1613
2761	890	753	1643
2762	872	743	1615
2763	867	766	1633
2764	898	763	1661
2765	847	764	1611
2766	857	766	1623
2767	884	771	1655
2768	860	756	1616
2769	865	771	1636
2770	853	769	1622
2771	863	763	1626
2772	850	771	1621
2773	876	764	1640
2774	864	754	1618
2775	867	798	1665
2776	872	805	1677
2777	871	752	1623
2778	887	732	1619
2779	870	763	1633
2780	881	768	1649
2781	878	764	1642
2782	878	778	1656
2783	852	771	1623
2784	882	764	1646
2785	862	788	1650
2786	898	751	1649
2787	886	766	1652
2788	911	760	1671
2789	887	738	1625
2790	883	736	1619
2791	882	783	1665
2792	885	771	1656
2793	869	758	1627
2794	880	745	1625
2795	870	776	1646
2796	859	753	1612
2797	861	770	1631
2798	873	773	1646
2799	839	741	1580
2800	845	749	1594
2801	865	754	1619
2802	859	787	1646
2803	846	761	1607
2804	882	763	1645
2805	851	773	1624
2806	881	740	1621
2807	876	753	1629
2808	873	758	1631
2809	882	769	1651
2810	865	777	1642
2811	871	779	1650
2812	868	763	1631
2813	868	764	1632
2814	864	762	1626
2815	870	782	1652
2816	862	760	1622
2817	834	781	1615
2818	860	755	1615
2819	874	762	1636
2820	874	774	1648
2821	871	739	1610
2822	861	757	1618
2823	880	785	1665
2824	841	766	1607
2825	897	776	1673
2826	885	770	1655
2827	870	757	1627
2828	866	761	1627
2829	871	785	1656
2830	862	773	1635
2831	868	768	1636
2832	883	765	1648
2833	864	756	1620
2834	855	768	1623
2835	861	765	1626
2836	860	775	1635
2837	860	741	1601
2838	878	753	1631
2839	844	762	1606
2840	876	760	1636
2841	866	773	1639
2842	861	762	1623
2843	887	768	1655
2844	874	736	1610
2845	860	756	1616
2846	859	753	1612
2847	850	758	1608
2848	856	753	1609
2849	885	756	1641
2850	887	749	1636
2851	877	766	1643
2852	865	757	1622
2853	871	771	1642
2854	909	751	1660
2855	871	733	1604
2856	872	777	1649
2857	864	745	1609
2858	863	753	1616
2859	868	752	1620
2860	899	745	1644
2861	879	751	1630
2862	864	770	1634
2863	883	751	1634
2864	855	762	1617
2865	847	758	1605
2866	865	753	1618
2867	847	770	1617
2868	882	755	1637
2869	870	757	1627
2870	853	756	1609
2871	855	780	1635
2872	862	755	1617
2873	883	772	1655
2874	873	751	1624
2875	861	774	1635
2876	853	755	1608
2877	854	790	1644
2878	894	767	1661
2879	880	757	1637
2880	847	762	1609
2881	848	765	1613
2882	883	760	1643
2883	866	745	1611
2884	872	766	1638
2885	876	755	1631
2886	848	757	1605
2887	859	753	1612
2888	872	759	1631
2889	890	760	1650
2890	874	775	1649
2891	870	777	1647
2892	874	777	1651
2893	871	758	1629
2894	864	753	1617
2895	867	770	1637
2896	853	769	1622
2897	871	763	1634
2898	851	734	1585
2899	859	759	1618
2900	838	772	1610
2901	869	760	1629
2902	864	778	1642
2903	873	758	1631
2904	881	775	1656
2905	850	804	1654
2906	866	769	1635
2907	876	760	1636
2908	854	769	1623
2909	896	754	1650
2910	859	765	1624
2911	878	751	1629
2912	851	740	1591
2913	861	751	1612
2914	856	754	1610
2915	869	764	1633
2916	865	767	1632
2917	849	750	1599
2918	850	741	1591
2919	869	778	1647
2920	881	789	1670
2921	873	778	1651
2922	858	762	1620
2923	866	757	1623
2924	866	754	1620
2925	847	790	1637
2926	869	746	1615
2927	845	771	1616
2928	862	780	1642
2929	898	733	1631
2930	889	764	1653
2931	859	761	1620
2932	871	761	1632
2933	878	755	1633
2934	860	748	1608
2935	883	742	1625
2936	877	743	1620
2937	883	744	1627
2938	882	744	1626
2939	866	765	1631
2940	870	768	1638
2941	879	779	1658
2942	872	761	1633
2943	860	758	1618
2944	889	783	1672
2945	865	754	1619
2946	860	776	1636
2947	873	767	1640
2948	840	756	1596
2949	842	778	1620
2950	854	747	1601
2951	854	784	1638
2952	871	771	1642
2953	859	763	1622
2954	880	762	1642
2955	864	786	1650
2956	896	741	1637
2957	846	761	1607
2958	862	746	1608
2959	879	725	1604
2960	883	766	1649
2961	866	758	1624
2962	854	765	1619
2963	875	755	1630
2964	876	760	1636
2965	846	762	1608
2966	867	757	1624
2967	873	755	1628
2968	870	740	1610
2969	868	756	1624
2970	861	764	1625
2971	858	784	1642
2972	870	755	1625
2973	868	757	1625
2974	873	744	1617
2975	887	771	1658
2976	864	765	1629
2977	882	769	1651
2978	885	766	1651
2979	877	769	1646
2980	882	773	1655
2981	869	793	1662
2982	891	776	1667
2983	882	765	1647
2984	855	756	1611
2985	866	756	1622
2986	869	760	1629
2987	882	744	1626
2988	886	768	1654
2989	868	763	1631
2990	879	759	1638
2991	869	744	1613
2992	883	760	1643
2993	887	749	1636
2994	860	748	1608
2995	876	754	1630
2996	856	757	1613
2997	885	773	1658
2998	869	749	1618
2999	867	782	1649
3000	863	760	1623
3001	869	759	1628
3002	858	778	1636
3003	879	774	1653
3004	881	754	1635
3005	860	754	1614
3006	869	757	1626
3007	867	770	1637
3008	874	773	1647
3009	881	756	1637
3010	854	762	1616
3011	856	766	1622
3012	888	761	1649
3013	876	775	1651
3014	866	767	1633
3015	866	774	1640
3016	862	770	1632
3017	879	737	1616
3018	862	772	1634
3019	871	749	1620
3020	857	776	1633
3021	858	789	1647
3022	876	760	1636
3023	856	778	1634
3024	888	752	1640
3025	875	770	1645
3026	875	773	1648
3027	863	746	1609
3028	874	772	1646
3029	889	751	1640
3030	855	770	1625
3031	867	778	1645
3032	862	755	1617
3033	864	780	1644
3034	869	778	1647
3035	873	743	1616
3036	836	751	1587
3037	858	747	1605
3038	870	757	1627
3039	891	747	1638
3040	868	760	1628
3041	863	747	1610
3042	880	747	1627
3043	889	778	1667
3044	901	757	1658
3045	864	763	1627
3046	868	756	1624
3047	873	772	1645
3048	869	768	1637
3049	875	745	1620
3050	887	761	1648
3051	887	792	1679
3052	842	738	1580
3053	861	758	1619
3054	866	737	1603
3055	886	776	1662
3056	846	750	1596
3057	854	755	1609
3058	878	767	1645
3059	859	765	1624
3060	873	770	1643
3061	890	763	1653
3062	882	774	1656
3063	863	757	1620
3064	862	747	1609
3065	882	761	1643
3066	878	760	1638
3067	866	761	1627
3068	871	769	1640
3069	868	753	1621
3070	873	747	1620
3071	892	740	1632
3072	849	749	1598
3073	851	770	1621
3074	899	778	1677
3075	862	772	1634
3076	888	739	1627
3077	879	760	1639
3078	884	775	1659
3079	847	773	1620
3080	865	772	1637
3081	889	746	1635
3082	890	772	1662
3083	878	757	1635
3084	881	750	1631
3085	880	758	1638
3086	864	751	1615
3087	862	770	1632
3088	870	765	1635
3089	874	768	1642
3090	850	764	1614
3091	883	765	1648
3092	878	779	1657
3093	842	792	1634
3094	851	749	1600
3095	875	727	1602
3096	870	750	1620
3097	885	779	1664
3098	883	753	1636
3099	855	757	1612
3100	872	744	1616
3101	897	778	1675
3102	873	731	1604
3103	870	737	1607
3104	850	738	1588
3105	877	766	1643
3106	847	754	1601
3107	878	783	1661
3108	874	767	1641
3109	858	769	1627
3110	861	744	1605
3111	885	764	1649
3112	856	758	1614
3113	855	754	1609
3114	859	774	1633
3115	875	769	1644
3116	838	795	1633
3117	862	752	1614
3118	854	755	1609
3119	856	778	1634
3120	885	768	1653
3121	858	746	1604
3122	867	773	1640
3123	868	771	1639
3124	870	757	1627
3125	863	767	1630
3126	861	766	1627
3127	863	780	1643
3128	890	774	1664
3129	879	760	1639
3130	849	762	1611
3131	880	755	1635
3132	884	771	1655
3133	874	743	1617
3134	854	743	1597
3135	884	733	1617
3136	855	757	1612
3137	869	781	1650
3138	872	771	1643
3139	877	766	1643
3140	871	780	1651
3141	879	777	1656
3142	875	733	1608
3143	870	755	1625
3144	885	780	1665
3145	872	765	1637
3146	881	757	1638
3147	882	761	1643
3148	878	770	1648
3149	865	771	1636
3150	870	775	1645
3151	867	763	1630
3152	868	756	1624
3153	850	777	1627
3154	872	767	1639
3155	883	764	1647
3156	882	743	1625
3157	885	768	1653
3158	862	773	1635
3159	894	761	1655
3160	872	778	1650
3161	856	742	1598
3162	868	758	1626
3163	852	764	1616
3164	867	762	1629
3165	860	763	1623
3166	862	779	1641
3167	845	768	1613
3168	889	773	1662
3169	875	753	1628
3170	883	757	1640
3171	877	772	1649
3172	867	767	1634
3173	866	807	1673
3174	861	782	1643
3175	868	765	1633
3176	879	774	1653
3177	867	780	1647
3178	870	744	1614
3179	868	757	1625
3180	871	753	1624
3181	846	768	1614
3182	848	787	1635
3183	892	745	1637
3184	862	749	1611
3185	894	753	1647
3186	874	742	1616
3187	837	770	1607
3188	884	763	1647
3189	873	759	1632
3190	868	746	1614
3191	867	745	1612
3192	866	782	1648
3193	901	734	1635
3194	882	762	1644
3195	872	761	1633
3196	890	762	1652
3197	872	772	1644
3198	885	780	1665
3199	889	752	1641
3200	872	750	1622
3201	892	749	1641
3202	872	752	1624
3203	865	757	1622
3204	858	779	1637
3205	864	743	1607
3206	865	763	1628
3207	866	759	1625
3208	866	747	1613
3209	870	745	1615
3210	868	767	1635
3211	887	757	1644
3212	869	759	1628
3213	874	775	1649
3214	865	763	1628
3215	864	744	1608
3216	854	752	1606
3217	873	770	1643
3218	884	770	1654
3219	875	776	1651
3220	878	784	1662
3221	863	776	1639
3222	859	746	1605
3223	860	748	1608
3224	859	773	1632
3225	866	752	1618
3226	888	769	1657
3227	861	748	1609
3228	856	780	1636
3229	880	751	1631
3230	891	730	1621
3231	884	745	1629
3232	877	753	1630
3233	852	756	1608
3234	887	753	1640
3235	853	768	1621
3236	869	777	1646
3237	861	747	1608
3238	872	729	1601
3239	840	769	1609
3240	863	748	1611
3241	862	764	1626
3242	866	751	1617
3243	844	750	1594
3244	865	748	1613
3245	866	756	1622
3246	883	765	1648
3247	874	774	1648
3248	873	779	1652
3249	878	751	1629
3250	866	749	1615
3251	849	772	1621
3252	853	767	1620
3253	873	751	1624
3254	858	748	1606
3255	885	755	1640
3256	885	749	1634
3257	856	765	1621
3258	866	751	1617
3259	870	754	1624
3260	884	776	1660
3261	872	769	1641
3262	864	773	1637
3263	865	750	1615
3264	865	786	1651
3265	899	761	1660
3266	872	755	1627
3267	894	748	1642
3268	853	799	1652
3269	887	745	1632
3270	883	769	1652
3271	853	765	1618
3272	876	732	1608
3273	860	769	1629
3274	862	770	1632
3275	876	791	1667
3276	885	778	1663
3277	862	767	1629
3278	866	766	1632
3279	875	741	1616
3280	868	758	1626
3281	859	762	1621
3282	877	780	1657
3283	847	766	1613
3284	877	763	1640
3285	871	761	1632
3286	875	767	1642
3287	864	762	1626
3288	867	762	1629
3289	884	747	1631
3290	862	782	1644
3291	869	757	1626
3292	852	757	1609
3293	866	769	1635
3294	868	770	1638
3295	861	764	1625
3296	856	786	1642
3297	868	756	1624
3298	877	743	1620
3299	858	756	1614
3300	885	773	1658
3301	895	753	1648
3302	873	751	1624
3303	870	752	1622
3304	875	741	1616
3305	872	744	1616
3306	861	746	1607
3307	884	738	1622
3308	874	772	1646
3309	873	769	1642
3310	870	762	1632
3311	871	752	1623
3312	874	748	1622
3313	849	758	1607
3314	867	780	1647
3315	890	744	1634
3316	871	759	1630
3317	865	750	1615
3318	891	765	1656
3319	879	783	1662
3320	853	766	1619
3321	871	766	1637
3322	856	782	1638
3323	883	761	1644
3324	867	757	1624
3325	881	752	1633
3326	859	744	1603
3327	860	776	1636
3328	885	759	1644
3329	864	756	1620
3330	857	738	1595
3331	840	754	1594
3332	889	749	1638
3333	873	753	1626
3334	876	747	1623
3335	881	765	1646
3336	881	766	1647
3337	876	781	1657
3338	876	773	1649
3339	847	770	1617
3340	862	740	1602
3341	883	745	1628
3342	843	782	1625
3343	888	744	1632
3344	859	763	1622
3345	871	741	1612
3346	869	765	1634
3347	854	778	1632
3348	875	747	1622
3349	872	752	1624
3350	878	763	1641
3351	858	767	1625
3352	894	766	1660
3353	844	782	1626
3354	859	771	1630
3355	874	771	1645
3356	865	761	1626
3357	882	781	1663
3358	859	757	1616
3359	862	762	1624
3360	868	734	1602
3361	866	746	1612
3362	860	776	1636
3363	878	755	1633
3364	870	762	1632
3365	892	764	1656
3366	848	759	1607
3367	861	752	1613
3368	892	770	1662
3369	857	780	1637
3370	851	774	1625
3371	863	764	1627
3372	885	775	1660
3373	872	768	1640
3374	863	752	1615
3375	864	759	1623
3376	860	762	1622
3377	859	766	1625
3378	870	763	1633
3379	863	795	1658
3380	866	770	1636
3381	858	762	1620
3382	890	746	1636
3383	867	768	1635
3384	844	728	1572
3385	863	771	1634
3386	870	754	1624
3387	856	758	1614
3388	881	766	1647
3389	889	750	1639
3390	878	769	1647
3391	899	771	1670
3392	858	740	1598
3393	857	759	1616
3394	884	777	1661
3395	863	759	1622
3396	867	758	1625
3397	856	757	1613
3398	853	768	1621
3399	866	752	1618
3400	866	749	1615
3401	865	732	1597
3402	865	775	1640
3403	870	786	1656
3404	883	774	1657
3405	893	764	1657
3406	857	764	1621
3407	875	772	1647
3408	855	757	1612
3409	859	738	1597
3410	862	764	1626
3411	872	771	1643
3412	852	758	1610
3413	859	753	1612
3414	885	751	1636
3415	855	762	1617
3416	852	766	1618
3417	874	741	1615
3418	855	779	1634
3419	874	774	1648
3420	875	773	1648
3421	860	782	1642
3422	861	782	1643
3423	880	757	1637
3424	870	754	1624
3425	872	775	1647
3426	854	747	1601
3427	864	781	1645
3428	874	766	1640
3429	854	778	1632
3430	878	757	1635
3431	871	756	1627
3432	864	774	1638
3433	854	775	1629
3434	855	754	1609
3435	880	763	1643
3436	875	743	1618
3437	880	760	1640
3438	882	767	1649
3439	850	757	1607
3440	891	750	1641
3441	858	759	1617
3442	882	762	1644
3443	872	783	1655
3444	877	769	1646
3445	876	739	1615
3446	869	773	1642
3447	854	762	1616
3448	875	768	1643
3449	884	756	1640
3450	865	773	1638
3451	867	757	1624
3452	870	738	1608
3453	857	763	1620
3454	884	739	1623
3455	864	753	1617
3456	854	778	1632
3457	875	768	1643
3458	858	756	1614
3459	888	766	1654
3460	887	761	1648
3461	882	761	1643
3462	877	750	1627
3463	887	749	1636
3464	898	755	1653
3465	876	754	1630
3466	874	788	1662
3467	855	773	1628
3468	865	746	1611
3469	867	769	1636
3470	853	741	1594
3471	872	779	1651
3472	842	798	1640
3473	851	773	1624
3474	859	776	1635
3475	857	779	1636
3476	869	768	1637
3477	875	787	1662
3478	870	768	1638
3479	853	752	1605
3480	875	757	1632
3481	886	772	1658
3482	881	758	1639
3483	854	753	1607
3484	841	760	1601
3485	844	762	1606
3486	889	766	1655
3487	843	774	1617
3488	863	771	1634
3489	865	766	1631
3490	852	752	1604
3491	875	780	1655
3492	874	778	1652
3493	862	759	1621
3494	873	760	1633
3495	880	749	1629
3496	877	752	1629
3497	891	768	1659
3498	862	761	1623
3499	851	750	1601
3500	878	764	1642
3501	887	763	1650
3502	884	743	1627
3503	861	758	1619
3504	881	747	1628
3505	868	780	1648
3506	865	769	1634
3507	870	760	1630
3508	879	792	1671
3509	870	749	1619
3510	864	745	1609
3511	854	753	1607
3512	877	741	1618
3513	865	765	1630
3514	871	756	1627
3515	874	774	1648
3516	879	754	1633
3517	873	773	1646
3518	881	747	1628
3519	862	747	1609
3520	872	771	1643
3521	865	768	1633
3522	874	746	1620
3523	884	749	1633
3524	856	754	1610
3525	849	754	1603
3526	867	775	1642
3527	872	775	1647
3528	855	798	1653
3529	893	759	1652
3530	889	752	1641
3531	873	768	1641
3532	859	750	1609
3533	871	776	1647
3534	850	739	1589
3535	868	772	1640
3536	854	761	1615
3537	847	761	1608
3538	859	747	1606
3539	890	765	1655
3540	861	741	1602
3541	875	741	1616
3542	885	767	1652
3543	857	754	1611
3544	872	743	1615
3545	869	745	1614
3546	889	762	1651
3547	879	758	1637
3548	877	775	1652
3549	855	761	1616
3550	871	748	1619
3551	865	765	1630
3552	860	763	1623
3553	862	753	1615
3554	865	757	1622
3555	862	784	1646
3556	866	756	1622
3557	890	775	1665
3558	870	749	1619
3559	867	751	1618
3560	867	769	1636
3561	861	745	1606
3562	857	781	1638
3563	885	751	1636
3564	859	760	1619
3565	885	741	1626
3566	833	759	1592
3567	868	750	1618
3568	873	757	1630
3569	869	755	1624
3570	849	775	1624
3571	855	761	1616
3572	882	746	1628
3573	872	757	1629
3574	866	780	1646
3575	882	768	1650
3576	877	748	1625
3577	875	760	1635
3578	877	762	1639
3579	873	780	1653
3580	876	769	1645
3581	877	759	1636
3582	882	768	1650
3583	872	765	1637
3584	877	760	1637
3585	857	742	1599
3586	869	776	1645
3587	875	770	1645
3588	872	751	1623
3589	859	758	1617
3590	878	762	1640
3591	890	755	1645
3592	874	758	1632
3593	882	790	1672
3594	868	762	1630
3595	850	757	1607
3596	866	742	1608
3597	876	758	1634
3598	865	748	1613
3599	876	750	1626
3600	889	748	1637
3601	854	765	1619
3602	866	730	1596
3603	875	760	1635
3604	871	758	1629
3605	886	763	1649
3606	870	756	1626
3607	868	747	1615
3608	864	768	1632
3609	848	760	1608
3610	873	752	1625
3611	850	773	1623
3612	868	748	1616
3613	873	762	1635
3614	849	795	1644
3615	898	763	1661
3616	884	744	1628
3617	884	754	1638
3618	875	753	1628
3619	851	796	1647
3620	868	756	1624
3621	878	742	1620
3622	880	757	1637
3623	885	764	1649
3624	872	767	1639
3625	886	751	1637
3626	871	745	1616
3627	879	744	1623
3628	857	773	1630
3629	859	764	1623
3630	871	760	1631
3631	844	764	1608
3632	865	766	1631
3633	878	751	1629
3634	847	771	1618
3635	869	779	1648
3636	869	779	1648
3637	883	754	1637
3638	885	767	1652
3639	855	774	1629
3640	881	734	1615
3641	882	772	1654
3642	860	745	1605
3643	865	751	1616
3644	850	757	1607
3645	852	764	1616
3646	861	768	1629
3647	871	735	1606
3648	868	747	1615
3649	874	746	1620
3650	871	753	1624
3651	881	754	1635
3652	872	754	1626
3653	855	766	1621
3654	839	787	1626
3655	878	772	1650
3656	855	780	1635
3657	864	757	1621
3658	854	749	1603
3659	837	756	1593
3660	876	739	1615
3661	870	788	1658
3662	868	758	1626
3663	848	760	1608
3664	852	771	1623
3665	878	763	1641
3666	862	749	1611
3667	874	749	1623
3668	833	758	1591
3669	853	777	1630
3670	868	768	1636
3671	877	732	1609
3672	858	773	1631
3673	862	774	1636
3674	851	768	1619
3675	882	759	1641
3676	850	780	1630
3677	846	808	1654
3678	864	754	1618
3679	865	754	1619
3680	873	771	1644
3681	872	774	1646
3682	889	776	1665
3683	887	743	1630
3684	860	761	1621
3685	891	755	1646
3686	874	744	1618
3687	875	770	1645
3688	860	745	1605
3689	865	765	1630
3690	892	778	1670
3691	861	758	1619
3692	884	766	1650
3693	833	767	1600
3694	867	753	1620
3695	870	768	1638
3696	842	776	1618
3697	872	784	1656
3698	859	743	1602
3699	888	766	1654
3700	878	759	1637
3701	862	765	1627
3702	853	768	1621
3703	862	775	1637
3704	874	759	1633
3705	896	742	1638
3706	866	753	1619
3707	869	737	1606
3708	872	732	1604
3709	878	763	1641
3710	874	784	1658
3711	901	745	1646
3712	859	745	1604
3713	858	760	1618
3714	862	770	1632
3715	881	758	1639
3716	882	788	1670
3717	872	757	1629
3718	868	767	1635
3719	862	788	1650
3720	868	765	1633
3721	866	759	1625
3722	876	751	1627
3723	876	776	1652
3724	860	777	1637
3725	877	799	1676
3726	868	759	1627
3727	875	765	1640
3728	852	751	1603
3729	866	785	1651
3730	871	737	1608
3731	855	762	1617
3732	866	763	1629
3733	850	747	1597
3734	861	763	1624
3735	868	772	1640
3736	848	767	1615
3737	842	765	1607
3738	865	752	1617
3739	879	771	1650
3740	877	766	1643
3741	865	755	1620
3742	886	754	1640
3743	886	759	1645
3744	900	759	1659
3745	877	773	1650
3746	862	766	1628
3747	872	755	1627
3748	879	749	1628
3749	870	768	1638
3750	857	775	1632
3751	861	775	1636
3752	863	786	1649
3753	880	774	1654
3754	872	786	1658
3755	873	754	1627
3756	873	770	1643
3757	827	763	1590
3758	858	781	1639
3759	880	757	1637
3760	867	746	1613
3761	877	738	1615
3762	861	765	1626
3763	851	782	1633
3764	873	774	1647
3765	849	756	1605
3766	876	750	1626
3767	865	748	1613
3768	896	753	1649
3769	858	759	1617
3770	880	762	1642
3771	885	772	1657
3772	874	755	1629
3773	858	754	1612
3774	900	738	1638
3775	872	785	1657
3776	870	734	1604
3777	880	764	1644
3778	845	768	1613
3779	866	759	1625
3780	853	768	1621
3781	878	768	1646
3782	855	751	1606
3783	882	750	1632
3784	871	775	1646
3785	885	760	1645
3786	874	760	1634
3787	881	753	1634
3788	895	756	1651
3789	886	746	1632
3790	872	757	1629
3791	876	751	1627
3792	885	759	1644
3793	864	760	1624
3794	875	754	1629
3795	866	749	1615
3796	873	752	1625
3797	859	763	1622
3798	866	765	1631
3799	872	762	1634
3800	877	777	1654
3801	877	763	1640
3802	853	745	1598
3803	873	772	1645
3804	858	756	1614
3805	874	761	1635
3806	865	765	1630
3807	862	765	1627
3808	871	752	1623
3809	855	771	1626
3810	859	785	1644
3811	848	769	1617
3812	864	766	1630
3813	863	778	1641
3814	852	773	1625
3815	864	764	1628
3816	854	778	1632
3817	862	773	1635
3818	847	763	1610
3819	889	736	1625
3820	864	742	1606
3821	879	749	1628
3822	855	771	1626
3823	867	763	1630
3824	863	746	1609
3825	884	772	1656
3826	869	776	1645
3827	862	759	1621
3828	865	775	1640
3829	872	756	1628
3830	877	760	1637
3831	877	760	1637
3832	874	771	1645
3833	857	757	1614
3834	885	748	1633
3835	898	762	1660
3836	866	757	1623
3837	867	762	1629
3838	872	772	1644
3839	851	778	1629
3840	843	750	1593
3841	882	767	1649
3842	869	779	1648
3843	851	776	1627
3844	871	747	1618
3845	885	778	1663
3846	875	747	1622
3847	847	774	1621
3848	864	774	1638
3849	878	773	1651
3850	864	778	1642
3851	872	762	1634
3852	859	753	1612
3853	865	753	1618
3854	864	734	1598
3855	859	773	1632
3856	862	771	1633
3857	860	792	1652
3858	897	748	1645
3859	879	758	1637
3860	876	763	1639
3861	868	772	1640
3862	867	758	1625
3863	858	769	1627
3864	883	794	1677
3865	843	764	1607
3866	881	753	1634
3867	867	747	1614
3868	873	773	1646
3869	889	755	1644
3870	859	757	1616
3871	881	739	1620
3872	857	752	1609
3873	876	761	1637
3874	854	766	1620
3875	878	765	1643
3876	874	755	1629
3877	853	771	1624
3878	883	748	1631
3879	877	767	1644
3880	895	759	1654
3881	871	762	1633
3882	858	740	1598
3883	882	752	1634
3884	883	776	1659
3885	866	767	1633
3886	868	783	1651
3887	859	766	1625
3888	876	768	1644
3889	865	757	1622
3890	868	741	1609
3891	890	753	1643
3892	867	764	1631
3893	885	747	1632
3894	860	765	1625
3895	881	754	1635
3896	869	794	1663
3897	868	765	1633
3898	875	774	1649
3899	876	766	1642
3900	841	762	1603
3901	860	781	1641
3902	899	759	1658
3903	871	768	1639
3904	892	765	1657
3905	859	751	1610
3906	851	764	1615
3907	874	754	1628
3908	879	764	1643
3909	849	769	1618
3910	881	765	1646
3911	867	732	1599
3912	877	760	1637
3913	859	761	1620
3914	893	744	1637
3915	865	735	1600
3916	859	741	1600
3917	863	761	1624
3918	858	762	1620
3919	876	773	1649
3920	871	782	1653
3921	903	750	1653
3922	868	773	1641
3923	879	762	1641
3924	894	769	1663
3925	875	771	1646
3926	865	763	1628
3927	872	761	1633
3928	878	753	1631
3929	887	764	1651
3930	850	770	1620
3931	852	788	1640
3932	889	743	1632
3933	875	763	1638
3934	841	754	1595
3935	879	753	1632
3936	856	755	1611
3937	851	771	1622
3938	860	768	1628
3939	846	766	1612
3940	876	778	1654
3941	858	768	1626
3942	892	764	1656
3943	863	774	1637
3944	862	770	1632
3945	854	769	1623
3946	849	755	1604
3947	871	769	1640
3948	858	761	1619
3949	860	751	1611
3950	888	748	1636
3951	865	767	1632
3952	873	771	1644
3953	892	755	1647
3954	891	775	1666
3955	881	770	1651
3956	868	757	1625
3957	844	756	1600
3958	861	740	1601
3959	865	764	1629
3960	870	750	1620
3961	872	741	1613
3962	872	746	1618
3963	838	770	1608
3964	878	760	1638
3965	860	745	1605
3966	858	756	1614
3967	873	762	1635
3968	877	775	1652
3969	879	750	1629
3970	837	749	1586
3971	852	768	1620
3972	869	757	1626
3973	869	765	1634
3974	877	760	1637
3975	873	768	1641
3976	878	771	1649
3977	878	751	1629
3978	882	778	1660
3979	880	769	1649
3980	861	745	1606
3981	864	766	1630
3982	860	776	1636
3983	855	770	1625
3984	872	771	1643
3985	865	771	1636
3986	873	750	1623
3987	875	764	1639
3988	865	769	1634
3989	870	746	1616
3990	871	749	1620
3991	875	754	1629
3992	866	750	1616
3993	856	757	1613
3994	878	779	1657
3995	833	756	1589
3996	875	779	1654
3997	869	761	1630
3998	865	769	1634
3999	874	770	1644
4000	862	762	1624
4001	874	750	1624
4002	863	770	1633
4003	877	767	1644
4004	872	750	1622
4005	878	759	1637
4006	878	748	1626
4007	884	770	1654
4008	853	770	1623
4009	888	776	1664
4010	872	767	1639
4011	885	740	1625
4012	864	738	1602
4013	867	769	1636
4014	882	761	1643
4015	859	764	1623
4016	868	738	1606
4017	868	733	1601
4018	863	763	1626
4019	869	757	1626
4020	869	765	1634
4021	881	767	1648
4022	878	754	1632
4023	891	770	1661
4024	875	772	1647
4025	865	744	1609
4026	877	770	1647
4027	871	759	1630
4028	875	754	1629
4029	873	757	1630
4030	885	760	1645
4031	865	772	1637
4032	881	756	1637
4033	866	752	1618
4034	879	783	1662
4035	860	762	1622
4036	854	736	1590
4037	879	786	1665
4038	844	753	1597
4039	860	766	1626
4040	864	775	1639
4041	879	770	1649
4042	863	760	1623
4043	866	757	1623
4044	844	772	1616
4045	873	753	1626
4046	871	769	1640
4047	849	750	1599
4048	870	771	1641
4049	871	758	1629
4050	844	742	1586
4051	860	764	1624
4052	857	773	1630
4053	864	746	1610
4054	871	767	1638
4055	847	768	1615
4056	868	775	1643
4057	865	745	1610
4058	881	756	1637
4059	855	753	1608
4060	869	763	1632
4061	850	761	1611
4062	856	774	1630
4063	849	762	1611
4064	878	766	1644
4065	875	758	1633
4066	865	779	1644
4067	847	735	1582
4068	873	746	1619
4069	886	769	1655
4070	879	767	1646
4071	872	753	1625
4072	862	770	1632
4073	860	754	1614
4074	854	760	1614
4075	841	756	1597
4076	865	765	1630
4077	869	767	1636
4078	869	787	1656
4079	885	763	1648
4080	866	752	1618
4081	854	735	1589
4082	867	761	1628
4083	857	768	1625
4084	856	775	1631
4085	857	770	1627
4086	853	761	1614
4087	856	766	1622
4088	868	771	1639
4089	874	767	1641
4090	868	747	1615
4091	861	760	1621
4092	869	766	1635
4093	887	787	1674
4094	874	756	1630
4095	880	757	1637
4096	870	753	1623
4097	865	770	1635
4098	874	772	1646
4099	847	750	1597
4100	884	756	1640
4101	892	740	1632
4102	888	755	1643
4103	846	758	1604
4104	873	761	1634
4105	848	769	1617
4106	863	783	1646
4107	879	758	1637
4108	883	761	1644
4109	878	768	1646
4110	860	755	1615
4111	862	764	1626
4112	859	779	1638
4113	864	749	1613
4114	887	754	1641
4115	871	742	1613
4116	857	775	1632
4117	872	772	1644
4118	891	753	1644
4119	878	771	1649
4120	856	772	1628
4121	884	783	1667
4122	881	759	1640
4123	841	765	1606
4124	871	773	1644
4125	863	778	1641
4126	849	768	1617
4127	869	776	1645
4128	871	766	1637
4129	868	763	1631
4130	870	744	1614
4131	868	752	1620
4132	888	769	1657
4133	869	747	1616
4134	862	733	1595
4135	881	720	1601
4136	893	776	1669
4137	867	769	1636
4138	874	776	1650
4139	883	775	1658
4140	886	748	1634
4141	866	764	1630
4142	859	788	1647
4143	875	752	1627
4144	863	757	1620
4145	884	766	1650
4146	880	779	1659
4147	873	770	1643
4148	885	756	1641
4149	867	761	1628
4150	846	746	1592
4151	852	761	1613
4152	875	767	1642
4153	890	751	1641
4154	860	727	1587
4155	887	776	1663
4156	866	740	1606
4157	871	785	1656
4158	861	758	1619
4159	861	764	1625
4160	881	737	1618
4161	857	753	1610
4162	870	775	1645
4163	877	767	1644
4164	853	754	1607
4165	857	750	1607
4166	877	770	1647
4167	847	792	1639
4168	864	762	1626
4169	865	756	1621
4170	850	753	1603
4171	855	782	1637
4172	861	758	1619
4173	850	787	1637
4174	867	778	1645
4175	874	758	1632
4176	851	785	1636
4177	897	753	1650
4178	861	764	1625
4179	864	746	1610
4180	880	761	1641
4181	873	764	1637
4182	874	772	1646
4183	893	756	1649
4184	867	771	1638
4185	864	764	1628
4186	860	758	1618
4187	889	749	1638
4188	874	769	1643
4189	885	756	1641
4190	867	763	1630
4191	858	755	1613
4192	871	775	1646
4193	875	768	1643
4194	858	763	1621
4195	857	776	1633
4196	872	759	1631
4197	880	739	1619
4198	879	749	1628
4199	873	749	1622
4200	871	758	1629
4201	871	778	1649
4202	848	757	1605
4203	853	767	1620
4204	879	756	1635
4205	894	761	1655
4206	868	775	1643
4207	881	751	1632
4208	886	762	1648
4209	872	761	1633
4210	838	768	1606
4211	877	760	1637
4212	880	751	1631
4213	870	729	1599
4214	837	754	1591
4215	866	769	1635
4216	861	776	1637
4217	847	768	1615
4218	842	774	1616
4219	885	771	1656
4220	877	763	1640
4221	873	754	1627
4222	850	747	1597
4223	872	782	1654
4224	892	749	1641
4225	845	739	1584
4226	858	772	1630
4227	864	785	1649
4228	887	788	1675
4229	891	756	1647
4230	872	751	1623
4231	842	768	1610
4232	880	778	1658
4233	861	777	1638
4234	861	763	1624
4235	869	765	1634
4236	885	774	1659
4237	864	741	1605
4238	855	770	1625
4239	881	768	1649
4240	858	759	1617
4241	867	743	1610
4242	910	758	1668
4243	857	768	1625
4244	874	766	1640
4245	875	763	1638
4246	875	749	1624
4247	862	768	1630
4248	848	778	1626
4249	861	774	1635
4250	865	757	1622
4251	851	765	1616
4252	875	758	1633
4253	860	761	1621
4254	893	778	1671
4255	856	779	1635
4256	869	766	1635
4257	848	773	1621
4258	877	764	1641
4259	868	764	1632
4260	873	757	1630
4261	884	795	1679
4262	871	766	1637
4263	859	763	1622
4264	856	760	1616
4265	863	764	1627
4266	883	751	1634
4267	860	756	1616
4268	854	762	1616
4269	877	741	1618
4270	870	756	1626
4271	896	752	1648
4272	860	757	1617
4273	883	747	1630
4274	891	752	1643
4275	851	778	1629
4276	878	753	1631
4277	880	772	1652
4278	869	763	1632
4279	855	765	1620
4280	877	754	1631
4281	883	747	1630
4282	860	741	1601
4283	849	763	1612
4284	871	773	1644
4285	874	723	1597
4286	866	743	1609
4287	885	770	1655
4288	863	759	1622
4289	868	752	1620
4290	864	775	1639
4291	872	758	1630
4292	843	781	1624
4293	876	729	1605
4294	864	760	1624
4295	863	749	1612
4296	886	775	1661
4297	864	753	1617
4298	864	742	1606
4299	877	769	1646
4300	880	741	1621
4301	877	764	1641
4302	881	786	1667
4303	887	743	1630
4304	878	765	1643
4305	869	782	1651
4306	886	779	1665
4307	890	750	1640
4308	860	768	1628
4309	874	751	1625
4310	874	771	1645
4311	886	779	1665
4312	864	763	1627
4313	890	763	1653
4314	856	733	1589
4315	867	753	1620
4316	865	769	1634
4317	860	768	1628
4318	847	752	1599
4319	859	740	1599
4320	889	753	1642
4321	863	769	1632
4322	862	770	1632
4323	850	746	1596
4324	877	749	1626
4325	872	744	1616
4326	867	761	1628
4327	870	764	1634
4328	859	763	1622
4329	851	777	1628
4330	887	757	1644
4331	860	757	1617
4332	890	737	1627
4333	863	746	1609
4334	869	758	1627
4335	843	758	1601
4336	883	741	1624
4337	862	755	1617
4338	874	769	1643
4339	880	754	1634
4340	864	751	1615
4341	857	764	1621
4342	858	750	1608
4343	882	764	1646
4344	863	738	1601
4345	859	746	1605
4346	871	738	1609
4347	869	754	1623
4348	871	745	1616
4349	873	767	1640
4350	876	757	1633
4351	870	781	1651
4352	859	778	1637
4353	858	752	1610
4354	875	776	1651
4355	848	768	1616
4356	844	784	1628
4357	863	769	1632
4358	879	789	1668
4359	859	740	1599
4360	862	774	1636
4361	863	768	1631
4362	875	768	1643
4363	855	756	1611
4364	886	763	1649
4365	883	753	1636
4366	886	755	1641
4367	860	743	1603
4368	852	767	1619
4369	841	763	1604
4370	872	747	1619
4371	839	776	1615
4372	863	754	1617
4373	877	779	1656
4374	872	763	1635
4375	884	766	1650
4376	866	742	1608
4377	861	763	1624
4378	876	775	1651
4379	872	793	1665
4380	887	756	1643
4381	883	776	1659
4382	884	776	1660
4383	881	747	1628
4384	872	763	1635
4385	877	766	1643
4386	872	770	1642
4387	873	756	1629
4388	866	760	1626
4389	858	768	1626
4390	882	766	1648
4391	897	765	1662
4392	866	763	1629
4393	859	766	1625
4394	873	745	1618
4395	898	770	1668
4396	875	752	1627
4397	861	769	1630
4398	872	774	1646
4399	891	768	1659
4400	864	747	1611
4401	847	780	1627
4402	862	746	1608
4403	858	762	1620
4404	866	753	1619
4405	876	780	1656
4406	880	769	1649
4407	857	771	1628
4408	865	766	1631
4409	873	780	1653
4410	857	740	1597
4411	858	755	1613
4412	872	766	1638
4413	874	780	1654
4414	876	755	1631
4415	883	757	1640
4416	865	770	1635
4417	865	772	1637
4418	895	744	1639
4419	874	750	1624
4420	870	776	1646
4421	867	745	1612
4422	859	758	1617
4423	869	779	1648
4424	883	767	1650
4425	871	785	1656
4426	906	797	1703
4427	850	775	1625
4428	890	766	1656
4429	866	729	1595
4430	867	750	1617
4431	861	768	1629
4432	857	752	1609
4433	870	773	1643
4434	871	772	1643
4435	862	743	1605
4436	891	764	1655
4437	881	745	1626
4438	867	758	1625
4439	865	795	1660
4440	866	763	1629
4441	861	765	1626
4442	877	768	1645
4443	866	763	1629
4444	857	763	1620
4445	858	774	1632
4446	879	768	1647
4447	874	761	1635
4448	875	745	1620
4449	870	754	1624
4450	887	785	1672
4451	852	781	1633
4452	873	755	1628
4453	872	759	1631
4454	859	762	1621
4455	865	746	1611
4456	875	754	1629
4457	860	759	1619
4458	849	771	1620
4459	866	767	1633
4460	875	766	1641
4461	853	777	1630
4462	890	751	1641
4463	872	758	1630
4464	868	754	1622
4465	848	759	1607
4466	860	759	1619
4467	872	768	1640
4468	876	757	1633
4469	880	747	1627
4470	884	781	1665
4471	851	773	1624
4472	867	778	1645
4473	894	782	1676
4474	863	777	1640
4475	850	735	1585
4476	865	774	1639
4477	872	745	1617
4478	870	740	1610
4479	848	763	1611
4480	876	772	1648
4481	863	754	1617
4482	873	738	1611
4483	863	787	1650
4484	865	773	1638
4485	852	759	1611
4486	861	767	1628
4487	863	799	1662
4488	873	769	1642
4489	851	764	1615
4490	846	746	1592
4491	881	782	1663
4492	855	756	1611
4493	879	739	1618
4494	887	759	1646
4495	873	725	1598
4496	827	754	1581
4497	847	728	1575
4498	872	764	1636
4499	866	752	1618
4500	880	751	1631
4501	862	774	1636
4502	863	773	1636
4503	878	783	1661
4504	884	747	1631
4505	886	753	1639
4506	878	743	1621
4507	871	755	1626
4508	856	752	1608
4509	873	772	1645
4510	865	756	1621
4511	870	770	1640
4512	842	762	1604
4513	861	759	1620
4514	861	744	1605
4515	879	743	1622
4516	846	776	1622
4517	877	755	1632
4518	877	742	1619
4519	867	744	1611
4520	848	759	1607
4521	878	777	1655
4522	867	755	1622
4523	864	755	1619
4524	884	776	1660
4525	855	774	1629
4526	865	780	1645
4527	875	743	1618
4528	866	770	1636
4529	875	760	1635
4530	868	767	1635
4531	860	740	1600
4532	863	747	1610
4533	860	777	1637
4534	862	768	1630
4535	853	766	1619
4536	882	752	1634
4537	856	755	1611
4538	878	763	1641
4539	884	750	1634
4540	884	766	1650
4541	887	757	1644
4542	888	749	1637
4543	888	763	1651
4544	868	770	1638
4545	855	780	1635
4546	878	770	1648
4547	860	753	1613
4548	885	756	1641
4549	883	760	1643
4550	855	779	1634
4551	871	779	1650
4552	860	756	1616
4553	873	752	1625
4554	893	755	1648
4555	880	769	1649
4556	870	763	1633
4557	842	755	1597
4558	872	755	1627
4559	891	734	1625
4560	866	764	1630
4561	875	768	1643
4562	884	771	1655
4563	848	779	1627
4564	872	772	1644
4565	853	758	1611
4566	866	740	1606
4567	873	745	1618
4568	884	783	1667
4569	869	748	1617
4570	867	757	1624
4571	886	774	1660
4572	870	783	1653
4573	862	761	1623
4574	869	782	1651
4575	842	758	1600
4576	859	748	1607
4577	861	765	1626
4578	890	758	1648
4579	845	763	1608
4580	856	774	1630
4581	870	764	1634
4582	846	774	1620
4583	866	761	1627
4584	878	764	1642
4585	856	781	1637
4586	860	790	1650
4587	856	755	1611
4588	873	762	1635
4589	882	758	1640
4590	898	750	1648
4591	843	776	1619
4592	856	765	1621
4593	867	765	1632
4594	886	767	1653
4595	864	762	1626
4596	868	778	1646
4597	876	753	1629
4598	887	767	1654
4599	861	744	1605
4600	842	762	1604
4601	876	753	1629
4602	859	783	1642
4603	881	794	1675
4604	859	755	1614
4605	865	753	1618
4606	863	751	1614
4607	873	765	1638
4608	856	756	1612
4609	865	754	1619
4610	864	760	1624
4611	871	753	1624
4612	864	756	1620
4613	884	781	1665
4614	862	775	1637
4615	863	742	1605
4616	870	771	1641
4617	879	790	1669
4618	877	761	1638
4619	852	779	1631
4620	865	737	1602
4621	861	767	1628
4622	880	761	1641
4623	892	754	1646
4624	869	749	1618
4625	865	754	1619
4626	882	763	1645
4627	845	754	1599
4628	831	767	1598
4629	842	772	1614
4630	878	752	1630
4631	873	751	1624
4632	863	755	1618
4633	861	764	1625
4634	873	761	1634
4635	886	795	1681
4636	882	750	1632
4637	884	739	1623
4638	861	785	1646
4639	866	757	1623
4640	887	768	1655
4641	861	774	1635
4642	861	779	1640
4643	861	753	1614
4644	876	754	1630
4645	894	757	1651
4646	881	766	1647
4647	865	759	1624
4648	881	759	1640
4649	879	765	1644
4650	875	765	1640
4651	848	750	1598
4652	876	746	1622
4653	891	739	1630
4654	853	742	1595
4655	859	754	1613
4656	863	751	1614
4657	872	772	1644
4658	866	766	1632
4659	865	761	1626
4660	875	764	1639
4661	865	746	1611
4662	878	765	1643
4663	871	773	1644
4664	855	770	1625
4665	867	773	1640
4666	853	781	1634
4667	868	759	1627
4668	854	777	1631
4669	873	761	1634
4670	867	773	1640
4671	866	775	1641
4672	870	752	1622
4673	884	764	1648
4674	874	760	1634
4675	865	777	1642
4676	848	763	1611
4677	877	745	1622
4678	854	769	1623
4679	869	754	1623
4680	867	771	1638
4681	847	766	1613
4682	860	742	1602
4683	881	761	1642
4684	858	765	1623
4685	851	762	1613
4686	854	775	1629
4687	869	750	1619
4688	851	762	1613
4689	863	760	1623
4690	883	748	1631
4691	877	749	1626
4692	843	762	1605
4693	846	778	1624
4694	864	732	1596
4695	854	754	1608
4696	879	776	1655
4697	876	750	1626
4698	861	737	1598
4699	846	795	1641
4700	876	753	1629
4701	889	754	1643
4702	873	778	1651
4703	872	764	1636
4704	855	779	1634
4705	868	748	1616
4706	867	755	1622
4707	886	751	1637
4708	841	758	1599
4709	870	765	1635
4710	875	750	1625
4711	854	769	1623
4712	877	777	1654
4713	869	783	1652
4714	888	769	1657
4715	863	765	1628
4716	873	753	1626
4717	884	759	1643
4718	882	771	1653
4719	861	753	1614
4720	878	790	1668
4721	864	776	1640
4722	849	777	1626
4723	871	762	1633
4724	869	766	1635
4725	863	758	1621
4726	860	762	1622
4727	846	754	1600
4728	901	769	1670
4729	850	748	1598
4730	864	769	1633
4731	856	769	1625
4732	846	768	1614
4733	876	774	1650
4734	849	782	1631
4735	877	743	1620
4736	877	769	1646
4737	869	780	1649
4738	850	775	1625
4739	864	735	1599
4740	883	765	1648
4741	871	759	1630
4742	911	777	1688
4743	891	745	1636
4744	873	771	1644
4745	849	758	1607
4746	880	744	1624
4747	875	772	1647
4748	880	761	1641
4749	858	769	1627
4750	865	794	1659
4751	878	737	1615
4752	876	767	1643
4753	872	753	1625
4754	865	751	1616
4755	870	767	1637
4756	847	748	1595
4757	873	764	1637
4758	870	759	1629
4759	858	748	1606
4760	883	737	1620
4761	871	766	1637
4762	868	743	1611
4763	886	763	1649
4764	848	783	1631
4765	866	722	1588
4766	875	757	1632
4767	876	760	1636
4768	889	770	1659
4769	851	778	1629
4770	882	771	1653
4771	857	751	1608
4772	860	756	1616
4773	857	745	1602
4774	876	754	1630
4775	848	764	1612
4776	883	767	1650
4777	892	728	1620
4778	866	769	1635
4779	851	760	1611
4780	867	744	1611
4781	879	760	1639
4782	876	754	1630
4783	875	792	1667
4784	873	759	1632
4785	860	776	1636
4786	903	801	1704
4787	846	751	1597
4788	857	767	1624
4789	872	767	1639
4790	879	780	1659
4791	861	753	1614
4792	858	760	1618
4793	856	783	1639
4794	884	753	1637
4795	884	754	1638
4796	854	771	1625
4797	868	759	1627
4798	876	778	1654
4799	868	743	1611
4800	880	761	1641
4801	872	765	1637
4802	883	738	1621
4803	875	760	1635
4804	892	763	1655
4805	889	765	1654
4806	871	767	1638
4807	878	751	1629
4808	881	752	1633
4809	880	750	1630
4810	875	765	1640
4811	856	767	1623
4812	858	766	1624
4813	858	768	1626
4814	877	739	1616
4815	870	763	1633
4816	872	773	1645
4817	851	763	1614
4818	878	767	1645
4819	863	748	1611
4820	847	760	1607
4821	871	760	1631
4822	847	761	1608
4823	856	766	1622
4824	855	757	1612
4825	872	763	1635
4826	877	763	1640
4827	860	768	1628
4828	850	769	1619
4829	858	760	1618
4830	869	771	1640
4831	873	742	1615
4832	855	759	1614
4833	882	758	1640
4834	877	757	1634
4835	885	765	1650
4836	875	768	1643
4837	867	761	1628
4838	871	782	1653
4839	879	758	1637
4840	873	770	1643
4841	876	773	1649
4842	876	776	1652
4843	857	789	1646
4844	858	766	1624
4845	844	748	1592
4846	854	754	1608
4847	883	762	1645
4848	875	748	1623
4849	875	744	1619
4850	866	770	1636
4851	848	767	1615
4852	859	773	1632
4853	857	765	1622
4854	859	760	1619
4855	865	771	1636
4856	862	750	1612
4857	871	763	1634
4858	877	752	1629
4859	863	786	1649
4860	857	769	1626
4861	857	763	1620
4862	856	770	1626
4863	878	736	1614
4864	867	776	1643
4865	872	751	1623
4866	867	752	1619
4867	866	756	1622
4868	860	766	1626
4869	869	785	1654
4870	880	746	1626
4871	878	771	1649
4872	851	775	1626
4873	846	788	1634
4874	872	753	1625
4875	857	766	1623
4876	902	741	1643
4877	873	762	1635
4878	847	760	1607
4879	857	750	1607
4880	838	797	1635
4881	875	763	1638
4882	863	759	1622
4883	878	761	1639
4884	891	766	1657
4885	882	750	1632
4886	859	761	1620
4887	888	734	1622
4888	880	756	1636
4889	866	755	1621
4890	863	775	1638
4891	857	771	1628
4892	871	785	1656
4893	876	771	1647
4894	851	756	1607
4895	878	765	1643
4896	859	779	1638
4897	885	765	1650
4898	888	775	1663
4899	900	767	1667
4900	849	761	1610
4901	847	756	1603
4902	874	726	1600
4903	871	767	1638
4904	869	769	1638
4905	866	760	1626
4906	861	767	1628
4907	883	758	1641
4908	868	756	1624
4909	852	757	1609
4910	887	772	1659
4911	867	783	1650
4912	843	756	1599
4913	859	742	1601
4914	885	784	1669
4915	874	763	1637
4916	870	756	1626
4917	876	780	1656
4918	872	766	1638
4919	914	771	1685
4920	874	762	1636
4921	861	752	1613
4922	867	765	1632
4923	890	758	1648
4924	855	761	1616
4925	890	737	1627
4926	874	778	1652
4927	872	751	1623
4928	865	762	1627
4929	849	775	1624
4930	850	740	1590
4931	876	778	1654
4932	877	762	1639
4933	870	763	1633
4934	849	753	1602
4935	861	772	1633
4936	864	768	1632
4937	878	755	1633
4938	891	762	1653
4939	841	747	1588
4940	887	732	1619
4941	875	748	1623
4942	876	763	1639
4943	861	780	1641
4944	859	757	1616
4945	867	769	1636
4946	871	763	1634
4947	882	759	1641
4948	865	765	1630
4949	859	779	1638
4950	866	747	1613
4951	846	740	1586
4952	856	762	1618
4953	868	793	1661
4954	849	755	1604
4955	867	764	1631
4956	870	752	1622
4957	877	757	1634
4958	848	747	1595
4959	878	774	1652
4960	881	753	1634
4961	848	761	1609
4962	845	766	1611
4963	868	766	1634
4964	868	761	1629
4965	861	784	1645
4966	882	737	1619
4967	884	760	1644
4968	895	761	1656
4969	865	769	1634
4970	888	766	1654
4971	879	750	1629
4972	880	773	1653
4973	874	772	1646
4974	855	770	1625
4975	871	749	1620
4976	865	775	1640
4977	888	764	1652
4978	887	783	1670
4979	885	789	1674
4980	837	743	1580
4981	887	740	1627
4982	872	758	1630
4983	869	766	1635
4984	849	762	1611
4985	871	753	1624
4986	869	746	1615
4987	862	751	1613
4988	879	740	1619
4989	862	759	1621
4990	864	793	1657
4991	864	765	1629
4992	871	783	1654
4993	877	753	1630
4994	889	749	1638
4995	854	738	1592
4996	872	759	1631
4997	882	764	1646
4998	881	768	1649
4999	851	751	1602
5000	878	750	1628
5001	865	773	1638
5002	864	775	1639
5003	845	749	1594
5004	829	771	1600
5005	855	772	1627
5006	873	763	1636
5007	895	726	1621
5008	862	761	1623
5009	875	742	1617
5010	861	762	1623
5011	870	781	1651
5012	862	764	1626
5013	866	764	1630
5014	851	763	1614
5015	865	768	1633
5016	848	745	1593
5017	864	754	1618
5018	889	766	1655
5019	834	772	1606
5020	865	772	1637
5021	863	778	1641
5022	872	751	1623
5023	856	758	1614
5024	877	743	1620
5025	880	738	1618
5026	883	759	1642
5027	877	758	1635
5028	881	774	1655
5029	882	744	1626
5030	873	763	1636
5031	866	766	1632
5032	853	763	1616
5033	868	772	1640
5034	881	778	1659
5035	878	740	1618
5036	889	758	1647
5037	862	749	1611
5038	872	748	1620
5039	867	767	1634
5040	876	776	1652
5041	889	731	1620
5042	850	752	1602
5043	868	789	1657
5044	878	749	1627
5045	858	755	1613
5046	862	763	1625
5047	873	743	1616
5048	863	776	1639
5049	895	753	1648
5050	862	761	1623
5051	855	777	1632
5052	863	737	1600
5053	867	760	1627
5054	885	758	1643
5055	878	782	1660
5056	860	762	1622
5057	860	746	1606
5058	867	757	1624
5059	867	757	1624
5060	858	742	1600
5061	871	755	1626
5062	848	756	1604
5063	877	762	1639
5064	867	775	1642
5065	873	757	1630
5066	860	746	1606
5067	853	752	1605
5068	882	771	1653
5069	850	745	1595
5070	877	781	1658
5071	871	760	1631
5072	869	761	1630
5073	859	773	1632
5074	844	755	1599
5075	873	757	1630
5076	851	772	1623
5077	870	760	1630
5078	899	774	1673
5079	886	759	1645
5080	888	755	1643
5081	882	755	1637
5082	878	767	1645
5083	857	757	1614
5084	847	758	1605
5085	866	761	1627
5086	856	748	1604
5087	874	764	1638
5088	894	751	1645
5089	877	752	1629
5090	880	758	1638
5091	864	754	1618
5092	878	773	1651
5093	881	758	1639
5094	886	748	1634
5095	854	759	1613
5096	874	766	1640
5097	862	768	1630
5098	873	768	1641
5099	856	765	1621
5100	842	778	1620
5101	861	762	1623
5102	857	762	1619
5103	875	755	1630
5104	886	738	1624
5105	887	760	1647
5106	884	793	1677
5107	853	779	1632
5108	873	777	1650
5109	856	780	1636
5110	882	748	1630
5111	882	732	1614
5112	871	764	1635
