7	17	18	22	27	28	31	32	38	44	51	56	58	59	61	65	66	69	78	88	95	98	100	101	106	108	110	113	117	119	128	130	134	136	146	156	159	165	168	170	173	174	178	180	185	193	194	196	203	204	205	218	222	225	228	233	238	240	246	254	260	261	262	270	271	272	274	302	306	309	311	312	313	314	325	326	327	331	333	337	341	345	358	360	365	368	385	386	390	392	406	418	426	437	441	443	445	451	453	460	467	468	469	472	478	481	494	500	503	509	401	177	415	350	389	281	442	166	510	43	399	424	75	139	292	359	475	60	295	427	433	420	200	85	485	438	52	336	105	121	303	495	296	192	286	212	466	372	122	82	48	
7	18	22	28	38	44	51	61	65	69	78	88	95	98	100	106	108	128	146	156	159	173	174	178	180	185	193	196	203	205	218	222	225	228	233	240	254	260	261	262	272	306	309	311	312	325	326	327	331	345	365	368	386	406	418	451	453	468	469	478	481	500	177	350	389	281	75	359	295	420	85	485	438	495	296	212	122	246	427	437	390	424	494	170	509	294	415	60	307	234	119	467	433	352	216	332	401	204	426	134	126	66	194	341	168	313	198	385	274	282	
7	22	28	38	44	61	65	78	95	100	128	146	173	174	178	180	193	196	205	218	222	225	228	233	240	254	260	261	262	272	309	326	327	331	345	365	368	386	418	451	453	468	469	481	500	350	389	281	75	359	295	420	85	485	438	495	122	427	494	216	332	325	135	203	424	66	307	162	60	198	313	241	401	6	509	356	461	477	208	120	459	186	
7	22	38	44	61	65	128	146	173	174	178	180	193	196	218	222	228	233	254	260	261	262	272	309	326	327	331	345	386	418	451	453	469	500	350	281	75	359	295	85	485	438	495	122	427	494	332	203	307	162	60	198	356	186	477	208	365	120	420	78	487	6	461	194	509	417	389	502	18	347	424	
7	22	38	44	61	65	128	146	173	174	178	180	196	218	222	233	260	262	326	331	345	386	451	469	500	350	281	75	295	485	438	495	122	427	494	332	203	307	162	60	365	487	6	194	389	424	232	254	193	85	341	392	78	347	327	237	417	228	14	436	
7	38	44	61	65	128	146	173	174	178	196	218	222	233	260	262	331	345	386	451	469	500	350	75	295	485	122	494	332	307	162	60	365	487	6	194	389	424	232	85	341	78	347	323	40	228	215	417	213	244	326	8	
38	44	128	146	173	174	178	196	218	222	233	260	262	331	386	451	469	350	75	295	485	122	494	332	162	60	365	487	85	78	347	323	40	6	120	154	158	206	7	390	65	104	307	202	455	244	483	142	203	130	324	
38	44	128	146	173	174	178	196	218	233	260	262	331	386	451	469	350	295	485	122	494	162	60	365	487	85	78	120	154	390	65	130	267	160	36	213	45	
38	44	128	146	173	174	178	196	218	260	262	331	386	451	350	485	122	494	60	365	487	85	78	154	390	130	160	164	486	52	219	449	276	228	26	
44	128	173	174	178	196	218	260	262	331	386	451	350	485	122	494	60	365	487	85	78	154	390	130	160	52	162	210	486	169	459	292	293	
173	178	218	260	262	331	386	350	485	122	60	365	487	78	154	390	130	160	52	502	268	495	
173	178	260	262	386	350	60	487	78	160	52	268	384	186	294	58	365	154	483	
173	178	260	386	350	60	487	78	160	52	268	384	186	190	
178	260	350	60	78	52	384	186	182	76	
178	350	78	52	384	186	286	
178	350	78	52	186	
178	350	78	186	
178	350	78	186	
178	350	186	154	
178	350	186	
178	350	186	382	
350	186	
350	186	
350	186	
350	186	
350	186	
350	186	
350	186	
350	186	
350	186	
350	186	382	
350	186	
350	186	
350	186	
350	186	
350	186	
350	186	58	
350	186	286	
350	186	
350	186	
350	186	478	
350	186	
350	186	
350	186	
350	186	
350	186	
350	186	
350	186	
350	186	
350	186	
350	186	
350	186	170	
350	186	
350	186	
350	186	
350	186	
350	186	
350	186	
350	186	
350	186	
350	186	
350	186	
350	186	
350	186	
350	186	
350	186	
350	186	
350	186	351	
350	186	
350	186	
350	186	
350	186	
350	186	
350	186	
350	186	
350	186	
350	186	351	
350	186	
350	186	348	
350	186	
350	186	
350	186	
350	186	
350	186	
350	186	
350	186	190	
350	186	
350	186	
350	186	178	346	
350	186	
350	186	
350	186	348	
350	186	
350	186	351	
350	186	
350	186	
350	186	
350	186	
350	186	
350	186	
350	186	
350	186	
350	186	187	
350	186	
350	186	250	
350	186	
350	186	
350	186	
350	186	
350	186	
350	186	154	
350	186	
350	186	184	
350	186	178	
350	186	
350	186	
350	186	170	
350	186	
350	186	
350	186	178	170	
350	186	190	187	
350	186	
350	186	
350	186	
350	186	
350	186	
350	186	
350	186	
350	186	
350	186	
350	186	
350	186	
350	186	
350	186	
350	186	478	
350	186	
350	186	
350	186	
350	186	
350	186	
350	186	190	
350	186	
350	186	
350	186	
350	186	
350	186	
350	186	
350	186	178	
350	186	
350	186	
350	186	190	
350	186	
350	186	286	
350	186	
350	186	250	
350	186	170	
350	186	
350	186	
350	186	
350	186	
350	186	
350	186	
350	186	
350	186	382	
350	186	
350	186	
350	186	342	
350	186	
350	186	58	
350	186	170	187	
350	186	
350	186	
350	186	
350	186	
350	186	
350	186	154	
350	186	190	58	
350	186	178	
350	186	
350	186	
350	186	178	
350	186	342	
350	186	178	
350	186	
350	186	250	
350	186	178	
350	186	
350	186	
350	186	
350	186	
350	186	
350	186	
350	186	
350	186	478	
350	186	250	
350	186	
350	186	
350	186	
350	186	
350	186	
350	186	
350	186	351	178	286	
350	186	
350	186	
350	186	
350	186	
350	186	
350	186	
350	186	
350	186	
350	186	
350	186	
350	186	346	
350	186	
350	186	382	
350	186	286	
350	186	
350	186	
350	186	250	
350	186	
350	186	
350	186	
350	186	351	
350	186	
350	186	154	
350	186	178	
350	186	
350	186	478	
350	186	
350	186	
350	186	
350	186	
350	186	
350	186	
350	186	
350	186	
350	186	
350	186	
350	186	178	
350	186	
350	186	
350	186	
350	186	
350	186	190	
350	186	
350	186	
350	186	
350	186	
350	186	
350	186	
350	186	
350	186	
350	186	
350	186	
350	186	58	
350	186	250	
350	186	
350	186	
350	186	
350	186	
350	186	382	
350	186	154	
350	186	
350	186	
350	186	
350	186	
350	186	154	
350	186	
350	186	
350	186	
350	186	
350	186	
350	186	
350	186	170	
350	186	
350	186	
350	186	170	
350	186	
350	186	
350	186	
350	186	184	
350	186	250	
350	186	
350	186	
350	186	
350	186	
350	186	382	
350	186	334	
350	186	
350	186	
350	186	
350	186	
350	186	178	
350	186	
350	186	
350	186	
350	186	184	
350	186	
350	186	58	
350	186	
350	186	178	
350	186	382	
350	186	
350	186	
350	186	
350	186	
350	186	
350	186	351	
350	186	152	184	
350	186	
350	186	
350	186	
350	186	
350	186	
350	186	178	
350	186	187	
350	186	
350	186	178	250	
350	186	
350	186	
350	186	
350	186	
350	186	
350	186	
350	186	
350	186	348	
350	186	
350	186	
350	186	478	
350	186	
350	186	
350	186	
350	186	
350	186	351	
350	186	
350	186	
350	186	346	
350	186	
350	186	
350	186	
350	186	
350	186	
350	186	
350	186	351	
350	186	178	
350	186	
350	186	250	
350	186	178	
350	186	
350	186	
350	186	
350	186	184	
350	186	58	348	478	
350	186	
350	186	
350	186	
350	186	178	286	
350	186	
350	186	
350	186	342	
350	186	478	
350	186	250	
350	186	
350	186	
350	186	
350	186	
350	186	
350	186	
350	186	58	
350	186	
350	186	346	
350	186	
350	186	187	
350	186	
350	186	
350	186	
350	186	
350	186	187	
350	186	
350	186	
350	186	
350	186	351	
350	186	
350	186	
350	186	
350	186	
350	186	348	
350	186	
350	186	
350	186	
350	186	
350	186	
350	186	
350	186	178	
350	186	346	
350	186	
350	186	
350	186	170	
350	186	178	
350	186	
350	186	
350	186	
350	186	
350	186	
350	186	
350	186	
350	186	
350	186	
350	186	
350	186	
350	186	187	184	
350	186	
350	186	
350	186	
350	186	
350	186	
350	186	
350	186	
350	186	190	346	
350	186	178	
350	186	
350	186	
350	186	
350	186	
350	186	
350	186	
350	186	
350	186	351	348	178	
350	186	
350	186	190	
350	186	
350	186	
350	186	190	
350	186	382	
350	186	190	
350	186	178	
350	186	
350	186	
350	186	478	
350	186	
350	186	
350	186	
350	186	
350	186	178	187	342	
350	186	
350	186	479	178	
350	186	
350	186	478	58	
350	186	
350	186	
350	186	
350	186	
350	186	178	286	
350	186	
350	186	
350	186	
350	186	
350	186	
350	186	
350	186	
350	186	
350	186	178	
350	186	
350	186	
350	186	
350	186	
350	186	
350	186	178	
350	186	
350	186	
350	186	286	
350	186	
350	186	
350	186	478	
350	186	
350	186	154	
350	186	
350	186	184	
350	186	
350	186	
350	186	346	
350	186	
350	186	
350	186	
350	186	
350	186	
350	186	
350	186	
350	186	
350	186	
350	186	178	
350	186	342	
350	186	
350	186	
350	186	
350	186	
350	186	
350	186	178	
350	186	
350	186	
350	186	
350	186	351	
350	186	
350	186	178	
350	186	
350	186	
350	186	
350	186	342	
350	186	
350	186	
350	186	
350	186	
350	186	334	
350	186	
350	186	
350	186	
350	186	478	
350	186	187	
350	186	382	
350	186	478	
350	186	
350	186	
350	186	58	
350	186	
350	186	
350	186	
350	186	
350	186	348	
350	186	250	
350	186	
350	186	
350	186	
350	186	
350	186	
350	186	
350	186	
350	186	
350	186	
350	186	
350	186	
350	186	170	
350	186	
350	186	
350	186	382	
350	186	
350	186	
350	186	
350	186	
350	186	
350	186	
350	186	58	
350	186	
350	186	
350	186	
350	186	
350	186	
350	186	
350	186	
350	186	
350	186	187	
350	186	
350	186	
350	186	
350	186	
350	186	
350	186	
350	186	334	
350	186	
350	186	
350	186	334	
350	186	
350	186	
350	186	
350	186	351	
350	186	
350	186	
350	186	
350	186	
350	186	382	
350	186	58	
350	186	
350	186	348	
350	186	
350	186	
350	186	
350	186	
350	186	
350	186	334	
350	186	
350	186	190	
350	186	382	
350	186	
350	186	187	
350	186	
350	186	
350	186	58	
350	186	178	
350	186	178	
350	186	
350	186	
350	186	
350	186	
350	186	187	
350	186	
350	186	478	
350	186	
350	186	250	
350	186	348	
350	186	
350	186	184	
350	186	
350	186	
350	186	
350	186	187	
350	186	
350	186	
350	186	
350	186	382	
350	186	348	
350	186	
350	186	346	
350	186	
350	186	
350	186	
350	186	
350	186	
350	186	
350	186	
350	186	
350	186	348	
350	186	
350	186	
350	186	
350	186	178	
350	186	346	
350	186	351	250	
350	186	
350	186	178	
350	186	
350	186	58	
350	186	
350	186	
350	186	342	
350	186	334	
350	186	
350	186	
350	186	190	
350	186	
350	186	
350	186	
350	186	
350	186	
350	186	
350	186	351	
350	186	
350	186	184	
350	186	
350	186	
350	186	
350	186	
350	186	
350	186	
350	186	
350	186	
350	186	
350	186	
350	186	348	184	
350	186	
350	186	334	
350	186	
350	186	
350	186	
350	186	178	
350	186	
350	186	351	
350	186	
350	186	
350	186	382	
350	186	
350	186	
350	186	
350	186	
350	186	351	382	
350	186	
350	186	
350	186	
350	186	
350	186	
350	186	
350	186	
350	186	
350	186	
350	186	
350	186	
350	186	190	170	
350	186	
350	186	
350	186	374	
350	186	
350	186	
350	186	
350	186	342	154	
350	186	
350	186	
350	186	478	184	
350	186	
350	186	
350	186	
350	186	
350	186	
350	186	
350	186	190	
350	186	
350	186	
350	186	
350	186	346	478	
350	186	
350	186	
350	186	
350	186	
350	186	
350	186	
350	186	
350	186	
350	186	
350	186	
350	186	
350	186	
350	186	
350	186	
350	186	
350	186	
350	186	187	
350	186	
350	186	187	
350	186	
350	186	
350	186	
350	186	
350	186	
350	186	
350	186	
350	186	
350	186	
350	186	
350	186	286	
350	186	
350	186	
350	186	
350	186	
350	186	
350	186	342	
350	186	
350	186	
350	186	
350	186	
350	186	
350	186	
350	186	
350	186	342	
350	186	
350	186	
350	186	
350	186	
350	186	
350	186	346	
350	186	
350	186	
350	186	
350	186	
350	186	
350	186	
350	186	
350	186	
350	186	
350	186	
350	186	
350	186	
350	186	
350	186	351	
350	186	
350	186	
350	186	
350	186	
350	186	
350	186	154	
350	186	
350	186	
350	186	
350	186	351	
350	186	
350	186	
350	186	
350	186	
350	186	
350	186	
350	186	
350	186	
350	186	187	
350	186	
350	186	
350	186	
350	186	478	
350	186	
350	186	
350	186	
350	186	
350	186	
350	186	478	
350	186	
350	186	
350	186	
350	186	178	
350	186	
350	186	
350	186	
350	186	
350	186	
350	186	
350	186	187	178	
350	186	
350	186	
350	186	
350	186	
350	186	342	
350	186	
350	186	
350	186	351	
350	186	334	
350	186	
350	186	
350	186	
350	186	286	190	
350	186	351	
350	186	
350	186	334	
350	186	
350	186	
350	186	
350	186	
350	186	348	
350	186	
350	186	
350	186	
350	186	
350	186	
350	186	
350	186	
350	186	
350	186	
350	186	
350	186	
350	186	382	
350	186	478	
350	186	
350	186	348	
350	186	
350	186	
350	186	342	
350	186	
350	186	190	
350	186	
350	186	
350	186	
350	186	
350	186	
350	186	
350	186	154	
350	186	
350	186	
350	186	178	250	
350	186	
350	186	178	
350	186	
350	186	
350	186	
350	186	
350	186	
350	186	342	
350	186	
350	186	
350	186	
350	186	250	
350	186	190	
350	186	
350	186	
350	186	
350	186	162	178	
350	186	
350	186	
350	186	
350	186	351	
350	186	170	
350	186	
350	186	348	
350	186	382	
350	186	
350	186	286	
350	186	
350	186	250	
350	186	178	342	
350	186	
350	186	
350	186	
350	186	
350	186	
350	186	58	154	
350	186	346	
350	186	
350	186	
350	186	
350	186	
350	186	
350	186	
350	186	286	190	
350	186	
350	186	178	
350	186	
350	186	
350	186	
350	186	
350	186	
350	186	
350	186	342	
350	186	382	178	
350	186	
350	186	
350	186	478	
350	186	
350	186	190	
350	186	478	
350	186	
350	186	
350	186	
350	186	
350	186	
350	186	178	
350	186	
350	186	
350	186	154	
350	186	346	
350	186	
350	186	
350	186	
350	186	
350	186	184	
350	186	187	
350	186	382	
350	186	
350	186	
350	186	
350	186	346	
350	186	
350	186	478	178	
350	186	286	
350	186	
350	186	
350	186	170	
350	186	
350	186	
350	186	
350	186	
350	186	
350	186	
350	186	
350	186	
350	186	178	
350	186	
350	186	
350	186	250	
350	186	286	
350	186	
350	186	178	146	
350	186	154	
350	186	
350	186	
350	186	
350	186	58	
350	186	190	
350	186	
350	186	
350	186	
350	186	286	
350	186	
350	186	
350	186	
350	186	
350	186	
350	186	
350	186	250	
350	186	
350	186	
350	186	478	
350	186	
350	186	
350	186	382	
350	186	
350	186	
350	186	
350	186	
350	186	
350	186	178	179	
350	186	
350	186	
350	186	58	
350	186	
350	186	
350	186	
350	186	
350	186	178	
350	186	
350	186	
350	186	
350	186	178	
350	186	178	
350	186	
350	186	
350	186	
350	186	
350	186	346	
350	186	178	
350	186	178	
350	186	190	
350	186	334	
350	186	
350	186	
350	186	178	
350	186	286	342	
350	186	
350	186	351	
350	186	
350	186	
350	186	
350	186	190	
350	186	
350	186	146	478	
350	186	
350	186	478	
350	186	
350	186	
350	186	
350	186	
350	186	
350	186	
350	186	184	
350	186	178	
350	186	
350	186	
350	186	
350	186	250	
350	186	
350	186	
350	186	351	
350	186	250	
350	186	
350	186	
350	186	351	
350	186	
350	186	478	
350	186	
350	186	
350	186	
350	186	
350	186	178	
350	186	
350	186	
350	186	
350	186	
350	186	478	187	
350	186	
350	186	
350	186	
350	186	478	
350	186	348	
350	186	170	
350	186	
350	186	
350	186	
350	186	
350	186	
350	186	
350	186	
350	186	
350	186	184	
350	186	
350	186	
350	186	
350	186	
350	186	
350	186	178	
350	186	342	348	
350	186	
350	186	
350	186	382	154	
350	186	
350	186	
350	186	
350	186	
350	186	
350	186	
350	186	
350	186	346	
350	186	250	
350	186	
350	186	
350	186	
350	186	187	
350	186	
350	186	58	
350	186	
350	186	170	
350	186	382	478	
350	186	
350	186	
350	186	
350	186	
350	186	
350	186	
350	186	
350	186	
350	186	
350	186	
350	186	
350	186	351	
350	186	
350	186	
350	186	
350	186	
350	186	
350	186	
350	186	
350	186	
350	186	
350	186	
350	186	58	
350	186	
350	186	178	
350	186	
350	186	
350	186	
350	186	478	
350	186	
350	186	
350	186	
350	186	
350	186	
350	186	
350	186	
350	186	
350	186	
350	186	
350	186	250	
350	186	154	
350	186	
350	186	
350	186	
350	186	478	
350	186	
350	186	
350	186	
350	186	348	
350	186	
350	186	
350	186	
350	186	478	154	
350	186	
350	186	
350	186	
350	186	
350	186	478	154	
350	186	
350	186	
350	186	178	
350	186	174	348	
350	186	
350	186	
350	186	
350	186	178	
350	186	
350	186	342	
350	186	
350	186	
350	186	334	342	
350	186	
350	186	
350	186	
350	186	
350	186	
350	186	
350	186	
350	186	342	
350	186	
350	186	478	187	
350	186	
350	186	
350	186	342	
350	186	178	
350	186	
350	186	250	
350	186	
350	186	
350	186	
350	186	
350	186	
350	186	
350	186	184	
350	186	
350	186	184	
350	186	342	
350	186	
350	186	
350	186	
350	186	
350	186	
350	186	
350	186	
350	186	178	
350	186	184	
350	186	
350	186	
350	186	
350	186	
350	186	
350	186	
350	186	
350	186	
350	186	178	334	
350	186	
350	186	382	
350	186	
350	186	
350	186	
350	186	
350	186	170	
350	186	
350	186	
350	186	
350	186	
350	186	
350	186	
350	186	
350	186	334	348	
350	186	
350	186	170	
350	186	
350	186	190	
350	186	
350	186	
350	186	
350	186	
350	186	184	187	
350	186	
350	186	
350	186	190	
350	186	
350	186	
350	186	
350	186	
350	186	
350	186	
350	186	
350	186	
350	186	
350	186	
350	186	
350	186	
350	186	
350	186	187	58	
350	186	
350	186	
350	186	
350	186	
350	186	
350	186	58	184	342	
350	186	
350	186	
350	186	
350	186	
350	186	
350	186	
350	186	
350	186	
350	186	
350	186	342	
350	186	
350	186	
350	186	
350	186	184	
350	186	
350	186	
350	186	
350	186	178	
350	186	
350	186	
350	186	346	
350	186	
350	186	
350	186	
350	186	250	
350	186	190	
350	186	
350	186	
350	186	
350	186	
350	186	478	
350	186	
350	186	187	
350	186	
350	186	478	
350	186	
350	186	178	
350	186	178	348	
350	186	
350	186	
350	186	
350	186	
350	186	346	
350	186	
350	186	
350	186	
350	186	
350	186	332	
350	186	170	
350	186	
350	186	170	
350	186	170	
350	186	
350	186	
350	186	
350	186	
350	186	
350	186	
350	186	
350	186	
350	186	
350	186	
350	186	478	351	
350	186	
350	186	
350	186	
350	186	
350	186	346	
350	186	
350	186	
350	186	
350	186	187	
350	186	
350	186	346	
350	186	
350	186	
350	186	190	
350	186	
350	186	187	
350	186	
350	186	
350	186	334	
350	186	
350	186	
350	186	154	
350	186	
350	186	
350	186	
350	186	
350	186	
350	186	478	
350	186	
350	186	
350	186	
350	186	187	
350	186	
350	186	187	
350	186	
350	186	
350	186	
350	186	
350	186	
350	186	346	
350	186	
350	186	
350	186	
350	186	
350	186	
350	186	286	
350	186	
350	186	
350	186	
350	186	
350	186	
350	186	
350	186	
350	186	170	
350	186	
350	186	
350	186	
350	186	
350	186	346	
350	186	
350	186	
350	186	351	
350	186	
350	186	382	348	
350	186	
350	186	
350	186	
350	186	342	
350	186	58	
350	186	334	
350	186	346	
350	186	
350	186	250	
350	186	
350	186	
350	186	
350	186	
350	186	
350	186	
350	186	
350	186	
350	186	
350	186	178	
350	186	
350	186	
350	186	
350	186	
350	186	
350	186	
350	186	
350	186	178	
350	186	170	
350	186	154	
350	186	
350	186	
350	186	
350	186	
350	186	346	
350	186	
350	186	332	
350	186	250	
350	186	154	
350	186	
350	186	
350	186	
350	186	
350	186	250	
350	186	
350	186	351	
350	186	346	
350	186	
350	186	
350	186	
350	186	
350	186	
350	186	170	
350	186	
350	186	
350	186	
350	186	
350	186	
350	186	184	
350	186	
350	186	
350	186	
350	186	
350	186	
350	186	
350	186	
350	186	
350	186	
350	186	190	187	
350	186	
350	186	286	
350	186	
350	186	
350	186	
350	186	286	
350	186	
350	186	
350	186	
350	186	
350	186	178	
350	186	
350	186	250	
350	186	
350	186	
350	186	
350	186	
350	186	
350	186	
350	186	
350	186	
350	186	
350	186	178	
350	186	
350	186	
350	186	
350	186	
350	186	250	
350	186	
350	186	
350	186	
350	186	
350	186	
350	186	
350	186	
350	186	58	178	
350	186	
350	186	178	
350	186	
350	186	
350	186	58	
350	186	
350	186	
350	186	
350	186	
350	186	
350	186	187	
350	186	
350	186	
350	186	154	
350	186	
350	186	
350	186	
350	186	
350	186	
350	186	
350	186	
350	186	
350	186	
350	186	
350	186	
350	186	178	334	
350	186	
350	186	
350	186	
350	186	478	
350	186	
350	186	58	
350	186	178	
350	186	
350	186	
350	186	
350	186	248	
350	186	
350	186	
350	186	
350	186	
350	186	
350	186	
350	186	
350	186	
350	186	178	
350	186	478	
350	186	478	
350	186	
350	186	478	
350	186	
350	186	
350	186	178	
350	186	178	
350	186	
350	186	
350	186	
350	186	58	
350	186	184	
350	186	
350	186	
350	186	
350	186	478	
350	186	
350	186	184	
350	186	
350	186	
350	186	
350	186	
350	186	
350	186	
350	186	178	
350	186	
350	186	
350	186	
350	186	
350	186	154	
350	186	
350	186	
350	186	
350	186	
350	186	
350	186	
350	186	
350	186	
350	186	380	
350	186	382	
350	186	382	
350	186	
350	186	178	
350	186	
350	186	
350	186	
350	186	
350	186	
350	186	382	
350	186	
350	186	190	
350	186	
350	186	
350	186	
350	186	
350	186	
350	186	
350	186	
350	186	
350	186	
350	186	58	
350	186	
350	186	
350	186	
350	186	
350	186	
350	186	
350	186	58	
350	186	
350	186	
350	186	
350	186	170	
350	186	
350	186	190	
350	186	286	
350	186	187	
350	186	
350	186	
350	186	
350	186	
350	186	286	
350	186	
350	186	
350	186	
350	186	187	170	
350	186	351	
350	186	334	
350	186	
350	186	178	58	
350	186	
350	186	
350	186	
350	186	
350	186	
350	186	
350	186	
350	186	
350	186	
350	186	342	
350	186	382	
350	186	351	
350	186	
350	186	
350	186	
350	186	
350	186	
350	186	
350	186	
350	186	
350	186	
350	186	154	
350	186	
350	186	346	
350	186	
350	186	
350	186	
350	186	
350	186	
350	186	478	250	
350	186	170	
350	186	
350	186	
350	186	184	
350	186	
350	186	
350	186	478	
350	186	
350	186	351	
350	186	286	
350	186	
350	186	
350	186	
350	186	178	
350	186	
350	186	
350	186	
350	186	
350	186	58	170	
350	186	
350	186	346	
350	186	154	
350	186	
350	186	
350	186	
350	186	
350	186	
350	186	184	
350	186	
350	186	
350	186	
350	186	
350	186	178	
350	186	
350	186	
350	186	
350	186	382	
350	186	
350	186	
350	186	
350	186	
350	186	
350	186	
350	186	
350	186	
350	186	
350	186	
350	186	
350	186	
350	186	
350	186	
350	186	
350	186	
350	186	
350	186	
350	186	58	
350	186	
350	186	351	
350	186	351	
350	186	
350	186	178	
350	186	226	
350	186	
350	186	
350	186	
350	186	
350	186	178	
350	186	
350	186	187	286	
350	186	334	
350	186	
350	186	
350	186	
350	186	
350	186	154	
350	186	
350	186	
350	186	
350	186	187	
350	186	
350	186	
350	186	
350	186	
350	186	178	
350	186	340	
350	186	
350	186	
350	186	
350	186	
350	186	
350	186	
350	186	
350	186	
350	186	
350	186	
350	186	
350	186	
350	186	190	
350	186	
350	186	346	382	
350	186	
350	186	
350	186	
350	186	
350	186	
350	186	
350	186	
350	186	
350	186	
350	186	
350	186	
350	186	334	
350	186	
350	186	348	478	
350	186	250	
350	186	
350	186	334	
350	186	
350	186	
350	186	
350	186	
350	186	
350	186	
350	186	478	
350	186	
350	186	
350	186	
350	186	
350	186	
350	186	
350	186	184	
350	186	250	
350	186	
350	186	
350	186	
350	186	
350	186	
350	186	
350	186	
350	186	
350	186	
350	186	
350	186	
350	186	
350	186	
350	186	
350	186	
350	186	382	
350	186	
350	186	
350	186	187	
350	186	
350	186	178	184	
350	186	58	
350	186	170	
350	186	
350	186	348	
350	186	351	
350	186	
350	186	
350	186	382	
350	186	
350	186	154	
350	186	178	
350	186	
350	186	351	
350	186	
350	186	334	
350	186	
350	186	
350	186	
350	186	
350	186	
350	186	
350	186	
350	186	
350	186	
350	186	
350	186	
350	186	
350	186	178	
350	186	
350	186	58	
350	186	
350	186	178	
350	186	178	
350	186	
350	186	
350	186	
350	186	
350	186	
350	186	346	
350	186	
350	186	
350	186	
350	186	
350	186	
350	186	
350	186	58	
350	186	
350	186	
350	186	
350	186	348	
350	186	342	
350	186	382	
350	186	184	
350	186	
350	186	
350	186	
350	186	
350	186	
350	186	154	
350	186	
350	186	154	
350	186	286	
350	186	
350	186	
350	186	
350	186	
350	186	
350	186	
350	186	
350	186	
350	186	
350	186	
350	186	
350	186	
350	186	
350	186	
350	186	334	
350	186	
350	186	332	250	170	
350	186	332	346	
350	186	
350	186	
350	186	
350	186	351	178	
350	186	190	
350	186	
350	186	
350	186	
350	186	
350	186	
350	186	
350	186	
350	186	
350	186	
350	186	478	
350	186	
350	186	
350	186	154	
350	186	
350	186	
350	186	
350	186	
350	186	
350	186	
350	186	346	
350	186	
350	186	
350	186	
350	186	
350	186	
350	186	
350	186	
350	186	
350	186	
350	186	
350	186	
350	186	
350	186	190	154	
350	186	
350	186	
350	186	178	
350	186	
350	186	
350	186	346	
350	186	
350	186	
350	186	
350	186	
350	186	
350	186	
350	186	170	
350	186	
350	186	
350	186	
350	186	
350	186	
350	186	
350	186	
350	186	286	
350	186	
350	186	
350	186	154	
350	186	
350	186	
350	186	187	
350	186	351	
350	186	
350	186	382	
350	186	190	
350	186	
350	186	
350	186	178	146	162	
350	186	
350	186	
350	186	
350	186	
350	186	184	
350	186	
350	186	
350	186	
350	186	178	
350	186	
350	186	
350	186	
350	186	
350	186	
350	186	
350	186	478	190	
350	186	
350	186	
350	186	
350	186	
350	186	478	
350	186	
350	186	346	
350	186	
350	186	
350	186	334	
350	186	
350	186	178	
350	186	
350	186	
350	186	
350	186	
350	186	
350	186	
350	186	
350	186	
350	186	
350	186	
350	186	
350	186	
350	186	351	
350	186	
350	186	
350	186	478	
350	186	
350	186	184	
350	186	
350	186	334	
350	186	
350	186	
350	186	
350	186	
350	186	
350	186	
350	186	178	
350	186	
350	186	
350	186	
350	186	
350	186	334	
350	186	
350	186	346	
350	186	170	
350	186	
350	186	
350	186	
350	186	
350	186	
350	186	
350	186	184	
350	186	190	
350	186	187	250	
350	186	
350	186	
350	186	
350	186	
350	186	
350	186	
350	186	
350	186	286	
350	186	
350	186	346	58	
350	186	
350	186	
350	186	
350	186	
350	186	
350	186	348	
350	186	170	
350	186	178	
350	186	250	286	
350	186	
350	186	
350	186	332	
350	186	332	
350	186	
350	186	
350	186	
350	186	
350	186	
350	186	334	
350	186	184	
350	186	
350	186	
350	186	334	
350	186	
350	186	
350	186	348	
350	186	351	
350	186	
350	186	351	
350	186	
350	186	
350	186	
350	186	
350	186	
350	186	
350	186	332	
350	186	
350	186	
350	186	478	
350	186	
350	186	
350	186	178	
350	186	342	
350	186	
350	186	
350	186	170	
350	186	
350	186	179	342	
350	186	
350	186	
350	186	187	
350	186	
350	186	
350	186	
350	186	
350	186	187	
350	186	178	
350	186	
350	186	
350	186	
350	186	184	
350	186	
350	186	
350	186	
350	186	
350	186	
350	186	
350	186	
350	186	
350	186	
350	186	
350	186	
350	186	
350	186	
350	186	
350	186	250	
350	186	
350	186	
350	186	
350	186	
350	186	184	
350	186	
350	186	
350	186	
350	186	
350	186	
350	186	
350	186	
350	186	
350	186	
350	186	170	
350	186	250	
350	186	
350	186	
350	186	
350	186	
350	186	
350	186	178	
350	186	342	
350	186	
350	186	
350	186	
350	186	
350	186	
350	186	334	
350	186	
350	186	
350	186	
350	186	
350	186	
350	186	
350	186	
350	186	
350	186	
350	186	348	
350	186	
350	186	
350	186	
350	186	178	342	
350	186	
350	186	
350	186	
350	186	
350	186	
350	186	
350	186	
350	186	
350	186	170	
350	186	
350	186	
350	186	
350	186	
350	186	
350	186	
350	186	242	
350	186	184	
350	186	
350	186	
350	186	
350	186	
350	186	
350	186	
350	186	
350	186	
350	186	
350	186	286	
350	186	170	
350	186	
350	186	
350	186	
350	186	
350	186	
350	186	342	
350	186	
350	186	170	
350	186	187	
350	186	348	
350	186	
350	186	
350	186	184	
350	186	
350	186	
350	186	
350	186	
350	186	
350	186	182	
350	186	
350	186	
350	186	
350	186	
350	186	
350	186	
350	186	342	
350	186	
350	186	
350	186	348	
350	186	
350	186	
350	186	
350	186	
350	186	
350	186	
350	186	
350	186	
350	186	
350	186	
350	186	
350	186	
350	186	170	
350	186	
350	186	
350	186	
350	186	
350	186	
350	186	
350	186	
350	186	
350	186	190	
350	186	
350	186	
350	186	250	
350	186	
350	186	
350	186	
350	186	
350	186	170	382	
350	186	
350	186	
350	186	178	
350	186	
350	186	250	
350	186	
350	186	
350	186	
350	186	
350	186	
350	186	
350	186	
350	186	178	
350	186	
350	186	
350	186	184	
350	186	
350	186	
350	186	187	
350	186	178	
350	186	178	342	
350	186	
350	186	
350	186	
350	186	
350	186	
350	186	382	
350	186	
350	186	
350	186	58	
350	186	154	
350	186	
350	186	
350	186	
350	186	342	
350	186	
350	186	
350	186	351	
350	186	178	
350	186	
350	186	
350	186	
350	186	334	
350	186	
350	186	
350	186	
350	186	
350	186	178	58	
350	186	351	
350	186	184	
350	186	154	
350	186	382	178	
350	186	351	
350	186	
350	186	
350	186	
350	186	
350	186	
350	186	
350	186	
350	186	
350	186	
350	186	184	
350	186	
350	186	
350	186	382	
350	186	178	
350	186	351	
350	186	
350	186	
350	186	
350	186	351	154	
350	186	
350	186	
350	186	
350	186	
350	186	
350	186	
350	186	178	
350	186	
350	186	
350	186	
350	186	250	
350	186	
350	186	178	
350	186	
350	186	
350	186	
350	186	
350	186	
350	186	
350	186	170	
350	186	
350	186	
350	186	170	
350	186	250	
350	186	
350	186	
350	186	58	
350	186	286	
350	186	
350	186	
350	186	178	
350	186	
350	186	
350	186	
350	186	184	
350	186	
350	186	
350	186	342	
350	186	
350	186	
350	186	
350	186	
350	186	
350	186	
350	186	342	
350	186	
350	186	178	
350	186	
350	186	
350	186	
350	186	334	
350	186	250	
350	186	342	
350	186	190	
350	186	
350	186	
350	186	286	
350	186	346	286	
350	186	
350	186	
350	186	
350	186	478	
350	186	
350	186	
350	186	
350	186	178	
350	186	
350	186	
350	186	
350	186	178	
350	186	
350	186	
350	186	
350	186	
350	186	
350	186	
350	186	
350	186	
350	186	
350	186	178	
350	186	
350	186	
350	186	
350	186	170	
350	186	154	
350	186	
350	186	342	
350	186	
350	186	
350	186	250	
350	186	346	
350	186	346	
350	186	
350	186	187	
350	186	250	
350	186	178	
350	186	
350	186	382	
350	186	
350	186	
350	186	178	
350	186	187	
350	186	250	
350	186	
350	186	
350	186	
350	186	
350	186	
350	186	170	
350	186	
350	186	
350	186	170	
350	186	154	
350	186	
350	186	
350	186	
350	186	250	
350	186	
350	186	334	
350	186	
350	186	178	
350	186	
350	186	
350	186	351	
350	186	
350	186	
350	186	154	250	
350	186	
350	186	
350	186	
350	186	
350	186	342	
350	186	
350	186	382	178	351	
350	186	58	178	
350	186	
350	186	
350	186	
350	186	382	474	
350	186	
350	186	
350	186	178	
350	186	178	
350	186	
350	186	
350	186	342	
350	186	
350	186	
350	186	
350	186	
350	186	
350	186	
350	186	
350	186	
350	186	
350	186	
350	186	
350	186	
350	186	
350	186	
350	186	
350	186	
350	186	
350	186	476	
350	186	170	
350	186	
350	186	
350	186	
350	186	351	
350	186	184	
350	186	
350	186	286	
350	186	
350	186	
350	186	178	176	190	
350	186	
350	186	
350	186	
350	186	
350	186	278	
350	186	
350	186	380	
350	186	
350	186	
350	186	184	
350	186	
350	186	351	
350	186	
350	186	342	
350	186	
350	186	178	
350	186	
350	186	
350	186	
350	186	
350	186	
350	186	
350	186	190	
350	186	
350	186	
350	186	
350	186	
350	186	346	
350	186	
350	186	
350	186	286	
350	186	
350	186	
350	186	
350	186	
350	186	
350	186	
350	186	
350	186	
350	186	
350	186	190	
350	186	
350	186	
350	186	
350	186	
350	186	
350	186	
350	186	184	
350	186	348	
350	186	
350	186	348	
350	186	
350	186	
350	186	
350	186	
350	186	250	
350	186	
350	186	
350	186	
350	186	
350	186	351	
350	186	
350	186	348	286	
350	186	348	
350	186	178	
350	186	
350	186	190	187	
350	186	
350	186	
350	186	170	
350	186	
350	186	
350	186	58	
350	186	
350	186	351	
350	186	
350	186	
350	186	
350	186	170	
350	186	
350	186	
350	186	
350	186	184	
350	186	346	
350	186	346	
350	186	
350	186	
350	186	
350	186	
350	186	
350	186	
350	186	
350	186	
350	186	
350	186	348	178	
350	186	
350	186	
350	186	155	
350	186	
350	186	
350	186	
350	186	
350	186	
350	186	
350	186	348	
350	186	348	
350	186	
350	186	184	
350	186	
350	186	478	
350	186	
350	186	
350	186	
350	186	
350	186	
350	186	382	
350	186	
350	186	342	
350	186	
350	186	346	
350	186	178	
350	186	
350	186	178	
350	186	
350	186	178	382	
350	186	
350	186	
350	186	
350	186	178	334	
350	186	
350	186	
350	186	
350	186	478	
350	186	
350	186	154	
350	186	
350	186	178	
350	186	
350	186	
350	186	
350	186	346	
350	186	
350	186	
350	186	346	
350	186	286	
350	186	
350	186	
350	186	
350	186	
350	186	334	
350	186	351	286	
350	186	
350	186	
350	186	348	
350	186	
350	186	
350	186	
350	186	170	
350	186	
350	186	187	
350	186	
350	186	
350	186	
350	186	
350	186	
350	186	351	
350	186	
350	186	
350	186	
350	186	178	
350	186	250	
350	186	382	
350	186	
350	186	
350	186	
350	186	
350	186	
350	186	
350	186	342	348	
350	186	
350	186	
350	186	
350	186	178	
350	186	
350	186	
350	186	
350	186	
350	186	154	170	
350	186	
350	186	
350	186	
350	186	
350	186	
350	186	
350	186	
350	186	
350	186	
350	186	286	
350	186	187	
350	186	
350	186	
350	186	162	
350	186	
350	186	
350	186	
350	186	
350	186	342	
350	186	334	
350	186	
350	186	
350	186	58	
350	186	178	
350	186	
350	186	
350	186	154	
350	186	58	
350	186	
350	186	
350	186	
350	186	
350	186	
350	186	478	
350	186	170	
350	186	
350	186	
350	186	
350	186	478	351	
350	186	
350	186	
350	186	
350	186	178	
350	186	
350	186	
350	186	
350	186	
350	186	187	
350	186	
350	186	
350	186	
350	186	
350	186	
350	186	
350	186	
350	186	334	
350	186	
350	186	
350	186	250	
350	186	
350	186	
350	186	187	
350	186	
350	186	
350	186	
350	186	382	
350	186	250	
350	186	178	
350	186	
350	186	
350	186	
350	186	
350	186	
350	186	348	184	
350	186	154	
350	186	
350	186	
350	186	
350	186	155	
350	186	
350	186	
350	186	
350	186	
350	186	
350	186	
350	186	
350	186	
350	186	
350	186	
350	186	
350	186	
350	186	
350	186	
350	186	
350	186	
350	186	
350	186	
350	186	
350	186	
350	186	
350	186	
350	186	351	
350	186	
350	186	
350	186	
350	186	
350	186	
350	186	
350	186	
350	186	
350	186	
350	186	
350	186	
350	186	
350	186	346	
350	186	382	
350	186	
350	186	154	
350	186	
350	186	
350	186	
350	186	
350	186	
350	186	178	
350	186	
350	186	178	
350	186	
350	186	
350	186	
350	186	
350	186	
350	186	
350	186	
350	186	187	
350	186	
350	186	
350	186	
350	186	
350	186	
350	186	
350	186	
350	186	
350	186	
350	186	
350	186	
350	186	
350	186	
350	186	
350	186	
350	186	342	
350	186	178	
350	186	
350	186	
350	186	
350	186	
350	186	
350	186	
350	186	
350	186	
350	186	
350	186	
350	186	
350	186	190	
350	186	
350	186	187	
350	186	
350	186	
350	186	
350	186	
350	186	
350	186	
350	186	
350	186	
350	186	
350	186	
350	186	190	
350	186	
350	186	
350	186	
350	186	
350	186	
350	186	
350	186	
350	186	
350	186	
350	186	178	
350	186	
350	186	
350	186	
350	186	184	
350	186	
350	186	382	
350	186	
350	186	
350	186	
350	186	
350	186	
350	186	
350	186	
350	186	
350	186	
350	186	
350	186	
350	186	
350	186	184	
350	186	187	
350	186	
350	186	
350	186	351	184	
350	186	
350	186	
350	186	
350	186	
350	186	
350	186	
350	186	
350	186	
350	186	286	
350	186	
350	186	
350	186	
350	186	
350	186	
350	186	
350	186	58	
350	186	250	
350	186	
350	186	190	
350	186	
350	186	
350	186	
350	186	
350	186	
350	186	
350	186	
350	186	
350	186	
350	186	
350	186	
350	186	
350	186	
350	186	
350	186	
350	186	
350	186	
350	186	
350	186	
350	186	
350	186	
350	186	
350	186	
350	186	
350	186	
350	186	
350	186	
350	186	
350	186	
350	186	
350	186	
350	186	
350	186	382	
350	186	178	
350	186	
350	186	
350	186	478	
350	186	
350	186	
350	186	
350	186	
350	186	178	
350	186	
350	186	178	
350	186	
350	186	
350	186	
350	186	
350	186	
350	186	
350	186	332	
350	186	
350	186	184	
350	186	
350	186	
350	186	250	
350	186	348	
350	186	
350	186	190	
350	186	
350	186	
350	186	
350	186	
350	186	
350	186	348	
350	186	
350	186	
350	186	154	
350	186	
350	186	
350	186	
350	186	348	
350	186	
350	186	
350	186	
350	186	
350	186	
350	186	
350	186	348	
350	186	
350	186	382	
350	186	
350	186	178	
350	186	
350	186	
350	186	178	
350	186	170	
350	186	
350	186	
350	186	
350	186	
350	186	
350	186	
350	186	
350	186	478	
350	186	
350	186	
350	186	
350	186	
350	186	
350	186	348	
350	186	
350	186	
350	186	
350	186	
350	186	
350	186	334	
350	186	
350	186	
350	186	478	
350	186	
350	186	
350	186	
350	186	
350	186	
350	186	
350	186	
350	186	
350	186	
350	186	
350	186	
350	186	178	
350	186	
350	186	286	
350	186	334	351	
350	186	
350	186	
350	186	
350	186	
350	186	178	
350	186	
350	186	
350	186	
350	186	
350	186	178	
350	186	
350	186	478	
350	186	
350	186	
350	186	
350	186	
350	186	
350	186	
350	186	342	
350	186	
350	186	334	
350	186	
350	186	
350	186	
350	186	191	351	
350	186	
350	186	250	
350	186	
350	186	
350	186	
350	186	
350	186	351	
350	186	342	
350	186	
350	186	
350	186	154	178	
350	186	
350	186	162	
350	186	346	
350	186	184	
350	186	478	
350	186	
350	186	
350	186	58	
350	186	
350	186	
350	186	
350	186	
350	186	
350	186	348	
350	186	334	
350	186	286	
350	186	351	
350	186	58	382	
350	186	
350	186	
350	186	
350	186	
350	186	
350	186	
350	186	
350	186	
350	186	
350	186	
350	186	
350	186	
350	186	342	
350	186	
350	186	
350	186	
350	186	
350	186	
350	186	
350	186	
350	186	
350	186	190	
350	186	
350	186	
350	186	
350	186	
350	186	478	
350	186	154	
350	186	
350	186	
350	186	
350	186	
350	186	
350	186	
350	186	178	
350	186	
350	186	
350	186	
350	186	
350	186	187	
350	186	334	187	
350	186	346	
350	186	
350	186	
350	186	
350	186	
350	186	
350	186	
350	186	
350	186	346	
350	186	348	478	
350	186	178	
350	186	154	
350	186	
350	186	178	
350	186	184	
350	186	
350	186	
350	186	
350	186	
350	186	
350	186	
350	186	
350	186	
350	186	351	
350	186	
350	186	187	
350	186	
350	186	
350	186	
350	186	178	
350	186	
350	186	184	
350	186	
350	186	
350	186	250	
350	186	190	184	
350	186	
350	186	
350	186	250	
350	186	184	
350	186	
350	186	
350	186	178	
350	186	184	346	
350	186	
350	186	348	184	
350	186	
350	186	
350	186	
350	186	
350	186	
350	186	
350	186	
350	186	
350	186	
350	186	
350	186	187	
350	186	154	
350	186	
350	186	
350	186	
350	186	
350	186	
350	186	
350	186	178	187	
350	186	178	
350	186	
350	186	
350	186	
350	186	348	
350	186	382	
350	186	
350	186	478	
350	186	
350	186	
350	186	
350	186	170	
350	186	478	
350	186	
350	186	
350	186	
350	186	
350	186	
350	186	
350	186	170	
350	186	
350	186	
350	186	
350	186	187	
350	186	
350	186	
350	186	
350	186	184	348	
350	186	
350	186	
350	186	
350	186	
350	186	
350	186	
350	186	334	
350	186	170	
350	186	154	
350	186	
350	186	58	
350	186	
350	186	187	334	
350	186	
350	186	178	
350	186	178	
350	186	
350	186	
350	186	
350	186	
350	186	
350	186	342	
350	186	58	382	
350	186	190	
350	186	
350	186	
350	186	
350	186	58	
350	186	
350	186	
350	186	
350	186	346	
350	186	
350	186	178	
350	186	
350	186	
350	186	348	
350	186	348	
350	186	
350	186	
350	186	
350	186	334	
350	186	334	
350	186	
350	186	
350	186	
350	186	
350	186	334	
350	186	
350	186	
350	186	
350	186	
350	186	
350	186	190	
350	186	190	
350	186	286	
350	186	
350	186	
350	186	154	
350	186	
350	186	
350	186	
350	186	
350	186	
350	186	
350	186	286	
350	186	
350	186	
350	186	342	
350	186	178	
350	186	
350	186	334	
350	186	
350	186	
350	186	351	
350	186	58	
350	186	
350	186	154	
350	186	
350	186	
350	186	250	
350	186	187	
350	186	382	
350	186	
350	186	
350	186	
350	186	
350	186	
350	186	
350	186	
350	186	190	
350	186	
350	186	
350	186	
350	186	382	
350	186	
350	186	346	
350	186	
350	186	
350	186	
350	186	
350	186	178	
350	186	
350	186	
350	186	178	184	
350	186	154	
350	186	
350	186	
350	186	
350	186	
350	186	
350	186	
350	186	
350	186	
350	186	154	478	
350	186	
350	186	
350	186	
350	186	
350	186	
350	186	
350	186	
350	186	
350	186	334	
350	186	
350	186	
350	186	286	
350	186	
350	186	
350	186	
350	186	178	
350	186	
350	186	
350	186	
350	186	
350	186	
350	186	170	
350	186	
350	186	
350	186	
350	186	170	
350	186	
350	186	
350	186	
350	186	
350	186	
350	186	
350	186	
350	186	
350	186	334	
350	186	
350	186	
350	186	
350	186	
350	186	
350	186	
350	186	
350	186	178	
350	186	
350	186	178	
350	186	
350	186	250	187	
350	186	
350	186	
350	186	170	
350	186	
350	186	
350	186	342	
350	186	
350	186	
350	186	
350	186	
350	186	348	
350	186	
350	186	
350	186	
350	186	
350	186	
350	186	
350	186	286	
350	186	
350	186	346	
350	186	
350	186	286	
350	186	286	
350	186	
350	186	478	
350	186	
350	186	154	
350	186	
350	186	
350	186	
350	186	
350	186	
350	186	
350	186	154	184	
350	186	
350	186	
350	186	
350	186	
350	186	
350	186	
350	186	250	
350	186	334	
350	186	
350	186	
350	186	250	
350	186	
350	186	
350	186	
350	186	
350	186	
350	186	
350	186	
350	186	
350	186	
350	186	
350	186	178	
350	186	
350	186	346	
350	186	
350	186	
350	186	190	
350	186	
350	186	
350	186	
350	186	351	348	
350	186	
350	186	
350	186	
350	186	
350	186	184	
350	186	
350	186	
350	186	
350	186	
350	186	
350	186	
350	186	
350	186	154	
350	186	342	
350	186	234	
350	186	
350	186	
350	186	
350	186	
350	186	
350	186	
350	186	
350	186	
350	186	
350	186	
350	186	382	
350	186	154	
350	186	
350	186	
350	186	
350	186	
350	186	
350	186	
350	186	
350	186	
350	186	178	190	334	
350	186	374	178	
350	186	286	
350	186	
350	186	
350	186	
350	186	346	
350	186	190	
350	186	
350	186	334	
350	186	
350	186	
350	186	
350	186	
350	186	
350	186	170	
350	186	
350	186	
350	186	250	
350	186	
350	186	
350	186	286	
350	186	351	
350	186	
350	186	
350	186	
350	186	
350	186	
350	186	
350	186	
350	186	286	
350	186	190	
350	186	184	
350	186	
350	186	
350	186	
350	186	
350	186	
350	186	170	
350	186	
350	186	
350	186	
350	186	
350	186	
350	186	
350	186	
350	186	187	
350	186	
350	186	178	
350	186	184	
350	186	334	
350	186	
350	186	
350	186	
350	186	346	
350	186	
350	186	348	
350	186	
350	186	
350	186	
350	186	58	
350	186	
350	186	
350	186	
350	186	
350	186	
350	186	
350	186	
350	186	
350	186	
350	186	
350	186	187	
350	186	
350	186	
350	186	
350	186	178	
350	186	154	
350	186	478	
350	186	
350	186	
350	186	
350	186	
350	186	
350	186	
350	186	
350	186	
350	186	
350	186	
350	186	
350	186	178	184	185	
350	186	
350	186	178	
350	186	58	
350	186	348	
350	186	187	58	
350	186	
350	186	
350	186	
350	186	
350	186	
350	186	
350	186	
350	186	
350	186	346	
350	186	
350	186	
350	186	
350	186	
350	186	
350	186	
350	186	
350	186	
350	186	
350	186	
350	186	58	
350	186	
350	186	
350	186	
350	186	
350	186	286	
350	186	
350	186	
350	186	
350	186	
350	186	334	348	
350	186	
350	186	
350	186	
350	186	
350	186	
350	186	
350	186	
350	186	
350	186	
350	186	
350	186	
350	186	
350	186	
350	186	
350	186	
350	186	
350	186	190	
350	186	
350	186	
350	186	
350	186	
350	186	
350	186	
350	186	348	
350	186	
350	186	
350	186	
350	186	178	478	50	
350	186	
350	186	
350	186	
350	186	
350	186	
350	186	178	
350	186	
350	186	
350	186	346	
350	186	
350	186	
350	186	
350	186	
350	186	
350	186	250	
350	186	178	
350	186	
350	186	
350	186	
350	186	
350	186	334	
350	186	
350	186	
350	186	
350	186	334	
350	186	154	
350	186	351	
350	186	
350	186	
350	186	
350	186	
350	186	
350	186	
350	186	
350	186	
350	186	
350	186	170	
350	186	
350	186	
350	186	
350	186	
350	186	286	154	
350	186	
350	186	
350	186	
350	186	
350	186	
350	186	
350	186	
350	186	334	
350	186	
350	186	184	
350	186	
350	186	
350	186	
350	186	
350	186	
350	186	
350	186	154	
350	186	382	
350	186	346	
350	186	178	
350	186	
350	186	342	
350	186	250	
350	186	
350	186	342	
350	186	
350	186	
350	186	
350	186	
350	186	
350	186	
350	186	
350	186	
350	186	
350	186	
350	186	
350	186	
350	186	
350	186	286	
350	186	178	
350	186	382	
350	186	
350	186	
350	186	
350	186	
350	186	
350	186	
350	186	
350	186	
350	186	478	
350	186	
350	186	
350	186	
350	186	
350	186	
350	186	178	
350	186	
350	186	
350	186	348	
350	186	332	
350	186	
350	186	
350	186	
350	186	
350	186	
350	186	190	
350	186	
350	186	
350	186	
350	186	
350	186	
350	186	382	
350	186	
350	186	
350	186	
350	186	
350	186	
350	186	58	
350	186	
350	186	
350	186	
350	186	
350	186	
350	186	
350	186	
350	186	
350	186	
350	186	
350	186	
350	186	
350	186	
350	186	
350	186	
350	186	
350	186	190	
350	186	348	
350	186	
350	186	
350	186	
350	186	
350	186	
350	186	
350	186	
350	186	348	
350	186	342	190	
350	186	
350	186	
350	186	
350	186	
350	186	
350	186	334	
350	186	
350	186	
350	186	
350	186	
350	186	
350	186	
350	186	250	
350	186	
350	186	
350	186	178	
350	186	
350	186	382	
350	186	
350	186	
350	186	
350	186	
350	186	
350	186	
350	186	
350	186	334	
350	186	187	
350	186	
350	186	
350	186	
350	186	286	
350	186	
350	186	
350	186	
350	186	
350	186	
350	186	
350	186	334	
350	186	
350	186	
350	186	
350	186	250	
350	186	
350	186	342	346	
350	186	
350	186	
350	186	
350	186	
350	186	
350	186	
350	186	
350	186	286	
350	186	58	
350	186	
350	186	478	
350	186	334	
350	186	
350	186	58	
350	186	
350	186	184	
350	186	382	
350	186	
350	186	286	
350	186	
350	186	
350	186	348	
350	186	
350	186	
350	186	
350	186	
350	186	
350	186	
350	186	
350	186	154	
350	186	
350	186	
350	186	
350	186	
350	186	
350	186	346	
350	186	
350	186	342	
350	186	346	
350	186	
350	186	
350	186	
350	186	
350	186	
350	186	250	
350	186	
350	186	
350	186	
350	186	
350	186	
350	186	
350	186	
350	186	
350	186	178	
350	186	
350	186	
350	186	
350	186	478	
350	186	
350	186	
350	186	
350	186	
350	186	
350	186	
350	186	
350	186	
350	186	
350	186	
350	186	58	278	
350	186	
350	186	
350	186	
350	186	178	
350	186	
350	186	
350	186	
350	186	
350	186	
350	186	184	
350	186	
350	186	178	
350	186	
350	186	
350	186	178	
350	186	184	
350	186	334	
350	186	
350	186	
350	186	178	154	346	
350	186	
350	186	342	
350	186	
350	186	
350	186	
350	186	
350	186	
350	186	
350	186	
350	186	
350	186	
350	186	
350	186	
350	186	
350	186	
350	186	
350	186	
350	186	
350	186	351	
350	186	
350	186	
350	186	
350	186	178	58	334	
350	186	
350	186	
350	186	
350	186	
350	186	
350	186	382	
350	186	
350	186	250	
350	186	
350	186	178	
350	186	
350	186	
350	186	382	
350	186	346	
350	186	342	
350	186	
350	186	154	
350	186	
350	186	
350	186	
350	186	
350	186	
350	186	
350	186	
350	186	334	
350	186	
350	186	
350	186	
350	186	
350	186	
350	186	
350	186	
350	186	
350	186	
350	186	
350	186	
350	186	
350	186	178	351	
350	186	
350	186	
350	186	
350	186	
350	186	382	
350	186	
350	186	
350	186	
350	186	
350	186	
350	186	
350	186	
350	186	
350	186	
350	186	
350	186	
350	186	
350	186	
350	186	185	
350	186	478	
350	186	178	
350	186	
350	186	
350	186	
350	186	
350	186	
350	186	
350	186	
350	186	
350	186	170	154	
350	186	
350	186	382	
350	186	178	179	
350	186	
350	186	
350	186	
350	186	
350	186	
350	186	
350	186	
350	186	
350	186	
350	186	478	
350	186	
350	186	
350	186	
350	186	348	
350	186	
350	186	154	
350	186	
350	186	
350	186	
350	186	351	
350	186	178	
350	186	
350	186	
350	186	
350	186	
350	186	346	
350	186	
350	186	170	
350	186	
350	186	
350	186	348	
350	186	
350	186	
350	186	
350	186	
350	186	
350	186	
350	186	
350	186	
350	186	
350	186	
350	186	
350	186	
350	186	
350	186	
350	186	
350	186	334	
350	186	346	
350	186	190	
350	186	
350	186	
350	186	
350	186	
350	186	
350	186	
350	186	342	
350	186	170	
350	186	
350	186	
350	186	
350	186	
350	186	
350	186	
350	186	178	
350	186	
350	186	
350	186	
350	186	
350	186	334	342	
350	186	
350	186	
350	186	
350	186	
350	186	351	
350	186	184	
350	186	351	
350	186	
350	186	
350	186	178	
350	186	382	
350	186	
350	186	
350	186	
350	186	
350	186	
350	186	351	
350	186	334	
350	186	334	
350	186	346	
350	186	187	
350	186	
350	186	
350	186	
350	186	
350	186	
350	186	
350	186	
350	186	
350	186	
350	186	
350	186	190	
350	186	
350	186	
350	186	
350	186	348	
350	186	382	
350	186	170	
350	186	
350	186	178	
350	186	
350	186	58	
350	186	
350	186	
350	186	
350	186	
350	186	
350	186	
350	186	
350	186	170	
350	186	
350	186	
350	186	
350	186	
350	186	
350	186	58	178	
350	186	
350	186	
350	186	
350	186	
350	186	187	
350	186	178	
350	186	
350	186	
350	186	58	
350	186	154	
350	186	
350	186	184	
350	186	
350	186	
350	186	
350	186	170	
350	186	
350	186	351	
350	186	
350	186	351	
350	186	
350	186	
350	186	170	
350	186	
350	186	
350	186	178	
350	186	
350	186	
350	186	
350	186	
350	186	
350	186	
350	186	
350	186	184	
350	186	178	
350	186	154	
350	186	178	
350	186	
350	186	
350	186	
350	186	334	
350	186	
350	186	
350	186	382	
350	186	286	
350	186	58	
350	186	
350	186	
350	186	
350	186	
350	186	382	
350	186	286	
350	186	
350	186	170	
350	186	342	
350	186	
350	186	
350	186	
350	186	
350	186	
350	186	
350	186	
350	186	
350	186	
350	186	
350	186	184	
350	186	
350	186	
350	186	
350	186	
350	186	
350	186	286	
350	186	
350	186	
350	186	
350	186	346	
350	186	
350	186	342	58	
350	186	
350	186	
350	186	
350	186	154	
350	186	
350	186	
350	186	154	
350	186	
350	186	286	
350	186	
350	186	478	
350	186	
350	186	
350	186	
350	186	
350	186	
350	186	
350	186	
350	186	
350	186	346	
350	186	346	
350	186	
350	186	
350	186	
350	186	
350	186	
350	186	478	
350	186	
350	186	
350	186	332	
350	186	178	
350	186	
350	186	
350	186	
350	186	250	
350	186	
350	186	
350	186	
350	186	
350	186	178	
350	186	
350	186	
350	186	
350	186	
350	186	
350	186	
350	186	478	
350	186	346	
350	186	
350	186	
350	186	154	
350	186	286	
350	186	
350	186	178	
350	186	
350	186	
350	186	
350	186	
350	186	
350	186	154	
350	186	
350	186	
350	186	
350	186	
350	186	
350	186	
350	186	
350	186	
350	186	
350	186	
350	186	
350	186	
350	186	
350	186	58	
350	186	
350	186	
350	186	
350	186	
350	186	
350	186	
350	186	
350	186	
350	186	154	348	
350	186	
350	186	
350	186	
350	186	
350	186	
350	186	
350	186	
350	186	
350	186	
350	186	190	
350	186	
350	186	
350	186	
350	186	
350	186	
350	186	
350	186	
350	186	
350	186	
350	186	
350	186	348	
350	186	
350	186	
350	186	
350	186	
350	186	
350	186	
350	186	
350	186	
350	186	
350	186	
350	186	
350	186	
350	186	
350	186	
350	186	
350	186	
350	186	
350	186	154	
350	186	
350	186	
350	186	
350	186	
350	186	
350	186	351	
350	186	
350	186	178	
350	186	
350	186	346	
350	186	
350	186	
350	186	
350	186	
350	186	50	
350	186	190	
350	186	
350	186	
350	186	
350	186	
350	186	
350	186	
350	186	
350	186	
350	186	
350	186	
350	186	
350	186	
350	186	
350	186	286	
350	186	
350	186	
350	186	
350	186	
350	186	
350	186	478	
350	186	
350	186	
350	186	
350	186	
350	186	348	
350	186	250	187	
350	186	348	
350	186	170	
350	186	250	
350	186	
350	186	
350	186	154	
350	186	
350	186	
350	186	
350	186	
350	186	
350	186	
350	186	
350	186	
350	186	
350	186	
350	186	351	
350	186	
350	186	
350	186	
350	186	
350	186	
350	186	
350	186	351	
350	186	
350	186	478	
350	186	
350	186	178	
350	186	178	
350	186	
350	186	178	
350	186	
350	186	178	
350	186	
350	186	
350	186	
350	186	
350	186	250	
350	186	
350	186	
350	186	
350	186	382	
350	186	478	
350	186	154	190	
350	186	
350	186	
350	186	478	
350	186	184	
350	186	
350	186	250	
350	186	187	
350	186	
350	186	
350	186	
350	186	
350	186	478	
350	186	
350	186	
350	186	187	58	
350	186	382	
350	186	
350	186	
350	186	
350	186	351	58	
350	186	382	
350	186	286	
350	186	
350	186	178	
350	186	154	
350	186	
350	186	
350	186	
350	186	
350	186	
350	186	
350	186	
350	186	
350	186	
350	186	
350	186	
350	186	178	
350	186	178	
350	186	
350	186	
350	186	154	184	170	
350	186	
350	186	
350	186	
350	186	
350	186	178	
350	186	187	
350	186	
350	186	
350	186	
350	186	
350	186	
350	186	
350	186	
350	186	
350	186	
350	186	
350	186	
350	186	342	
350	186	
350	186	334	
350	186	382	
350	186	
350	186	
350	186	
350	186	
350	186	478	
350	186	170	
350	186	
350	186	
350	186	
350	186	
350	186	
350	186	
350	186	
350	186	
350	186	348	
350	186	
350	186	
350	186	
350	186	
350	186	
350	186	
350	186	187	
350	186	
350	186	
350	186	
350	186	
350	186	
350	186	
350	186	
350	186	342	
350	186	
350	186	
350	186	
350	186	
350	186	187	
350	186	
350	186	382	
350	186	348	
350	186	
350	186	
350	186	
350	186	
350	186	
350	186	346	
350	186	
350	186	
350	186	
350	186	
350	186	
350	186	
350	186	
350	186	
350	186	
350	186	178	286	
350	186	
350	186	
350	186	
350	186	250	
350	186	
350	186	
350	186	
350	186	
350	186	58	348	
350	186	
350	186	250	
350	186	
350	186	
350	186	250	
350	186	
350	186	
350	186	
350	186	382	478	
350	186	250	
350	186	
350	186	
350	186	
350	186	
350	186	
350	186	342	
350	186	
350	186	342	
350	186	
350	186	
350	186	
350	186	
350	186	
350	186	184	
350	186	
350	186	
350	186	
350	186	
350	186	
350	186	
350	186	
350	186	
350	186	
350	186	
350	186	178	
350	186	
350	186	
350	186	
350	186	
350	186	
350	186	
350	186	250	
350	186	
350	186	58	
350	186	
350	186	
350	186	
350	186	
350	186	184	
350	186	178	
350	186	
350	186	
350	186	
350	186	187	
350	186	
350	186	
350	186	
350	186	
350	186	154	
350	186	
350	186	348	
350	186	170	178	348	
350	186	
350	186	
350	186	
350	186	187	
350	186	
350	186	
350	186	
350	186	184	
350	186	
350	186	
350	186	
350	186	
350	186	
350	186	
350	186	178	
350	186	348	
350	186	
350	186	
350	186	184	
350	186	
350	186	
350	186	178	
350	186	
350	186	
350	186	334	
350	186	190	
350	186	
350	186	
350	186	
350	186	
350	186	
350	186	351	334	
350	186	
350	186	
350	186	
350	186	382	
350	186	
350	186	348	346	
350	186	
350	186	
350	186	
350	186	
350	186	
350	186	
350	186	
350	186	250	
350	186	
350	186	
350	186	
350	186	
350	186	178	
350	186	
350	186	
350	186	
350	186	
350	186	
350	186	
350	186	
350	186	
350	186	
350	186	
350	186	
350	186	
350	186	
350	186	
350	186	
350	186	
350	186	190	
350	186	
350	186	334	184	
350	186	
350	186	
350	186	
350	186	
350	186	
350	186	
350	186	
350	186	178	
350	186	
350	186	
350	186	
350	186	
350	186	
350	186	342	
350	186	
350	186	170	
350	186	190	
350	186	286	
350	186	351	
350	186	
350	186	
350	186	
350	186	
350	186	
350	186	
350	186	286	
350	186	
350	186	
350	186	
350	186	
350	186	
350	186	351	
350	186	
350	186	
350	186	
350	186	
350	186	
350	186	
350	186	
350	186	346	286	382	
350	186	
350	186	
350	186	
350	186	
350	186	
350	186	286	
350	186	
350	186	
350	186	
350	186	
350	186	184	
350	186	250	
350	186	
350	186	
350	186	154	
350	186	334	
350	186	
350	186	
350	186	342	
350	186	
350	186	
350	186	
350	186	
350	186	
350	186	
350	186	346	478	
350	186	170	
350	186	178	
350	186	
350	186	
350	186	
350	186	346	
350	186	
350	186	
350	186	
350	186	
350	186	
350	186	
350	186	
350	186	
350	186	
350	186	
350	186	
350	186	
350	186	154	
350	186	
350	186	
350	186	
350	186	
350	186	
350	186	178	
350	186	
350	186	178	
350	186	351	
350	186	
350	186	
350	186	478	
350	186	342	
350	186	
350	186	478	
350	186	
350	186	
350	186	
350	186	
350	186	
350	186	
350	186	
350	186	342	
350	186	
350	186	58	
350	186	
350	186	
350	186	
350	186	
350	186	
350	186	348	250	
350	186	
350	186	
350	186	
350	186	
350	186	
350	186	
350	186	286	
350	186	351	
350	186	
350	186	184	
350	186	
350	186	
350	186	
350	186	286	
350	186	
350	186	
350	186	
350	186	178	
350	186	382	
350	186	178	
350	186	
350	186	
350	186	250	
350	186	
350	186	
350	186	
350	186	
350	186	
350	186	
350	186	
350	186	
350	186	178	
350	186	
350	186	
350	186	190	
350	186	
350	186	
350	186	
350	186	
350	186	
350	186	
350	186	
350	186	
350	186	
350	186	
350	186	
350	186	
350	186	250	184	
350	186	346	
350	186	
350	186	348	
350	186	
350	186	
350	186	
350	186	348	
350	186	
350	186	
350	186	
350	186	
350	186	
350	186	
350	186	
350	186	
350	186	476	
350	186	
350	186	
350	186	
350	186	
350	186	
350	186	
350	186	
350	186	
350	186	
350	186	
350	186	
350	186	
350	186	
350	186	
350	186	348	
350	186	
350	186	
350	186	
350	186	
350	186	
350	186	
350	186	
350	186	122	
350	186	
350	186	286	190	
350	186	342	
350	186	
350	186	
350	186	184	
350	186	348	
350	186	351	286	
350	186	
350	186	170	
350	186	
350	186	
350	186	
350	186	
350	186	
350	186	
350	186	
350	186	
350	186	
350	186	
350	186	
350	186	
350	186	
350	186	
350	186	
350	186	
350	186	
350	186	
350	186	170	
350	186	
350	186	58	
350	186	178	
350	186	
350	186	154	
350	186	478	
350	186	
350	186	187	
350	186	
350	186	
350	186	
350	186	
350	186	170	
350	186	
350	186	
350	186	
350	186	190	
350	186	190	
350	186	
350	186	
350	186	178	
350	186	
350	186	
350	186	170	351	
350	186	
350	186	
350	186	478	
350	186	
350	186	
350	186	383	
350	186	
350	186	190	
350	186	178	
350	186	286	
350	186	
350	186	
350	186	
350	186	
350	186	
350	186	
350	186	
350	186	58	351	
350	186	
350	186	351	
350	186	
350	186	
350	186	
350	186	
350	186	
350	186	
350	186	
350	186	
350	186	
350	186	351	
350	186	
350	186	
350	186	
350	186	334	
350	186	
350	186	
350	186	
350	186	250	
350	186	
350	186	
350	186	
350	186	348	
350	186	
350	186	190	
350	186	
350	186	
350	186	
350	186	
350	186	
350	186	178	478	
350	186	
350	186	
350	186	286	
350	186	190	
350	186	178	
350	186	250	
350	186	
350	186	154	351	
350	186	351	
350	186	
350	186	
350	186	
350	186	
350	186	
350	186	
350	186	
350	186	351	
350	186	
350	186	
350	186	
350	186	
350	186	250	
350	186	
350	186	
350	186	
350	186	
350	186	346	
350	186	
350	186	
350	186	
350	186	382	
350	186	
350	186	
350	186	
350	186	
350	186	334	
350	186	
350	186	348	
350	186	
350	186	
350	186	178	
350	186	
350	186	
350	186	
350	186	138	
350	186	
350	186	178	
350	186	154	190	
350	186	
350	186	
350	186	154	
350	186	
350	186	342	
350	186	
350	186	178	
350	186	478	
350	186	346	
350	186	
350	186	
350	186	
350	186	
350	186	
350	186	187	
350	186	184	
350	186	
350	186	
350	186	351	
350	186	
350	186	
350	186	178	
350	186	
350	186	
350	186	
350	186	
350	186	
350	186	478	
350	186	
350	186	250	286	
350	186	
350	186	342	382	
350	186	478	
350	186	
350	186	
350	186	
350	186	
350	186	
350	186	
350	186	
350	186	286	
350	186	190	342	
350	186	
350	186	
350	186	
350	186	
350	186	
350	186	
350	186	478	
350	186	
350	186	
350	186	
350	186	
350	186	
350	186	334	
350	186	178	
350	186	
350	186	
350	186	
350	186	
350	186	58	
