0	0	0	0	0	0	0	0	0	0	0	0	0	0	0	0	0	0	0	0	0	0	0	0	0	0	0	0	0	0	0	0	0	0	0	0	0	0	0	0	0	0	0	0	0	0	0	0	0	0	0	0	0	0	0	0	0	0	0	0	0	0	0	0	0	0	0	0	0	0	0	0	0	0	0	0	0	0	0	0	0	0	0	0	0	0	0	0	0	0	0	0	0	0	0	0	0	0	0	0	0	0	0	0	0	0	0	0	0	0	0	0	0	0	0	0	0	0	0	0	0	0	0	0	0	0	0	0	0	0	0	0	0	0	0	0	0	0	0	0	0	0	0	0	0	0	0	0	0	0	0	0	0	0	0	0	0	0	0	0	0	0	0	0	0	0	0	0	0	0	0	0	0	0	0	0	0	0	0	0	0	0	0	0	0	0	0	0	0	0	0	0	0	0	0	0	0	0	0	0	0	0	0	0	0	0	0	0	0	0	0	0	0	0	0	0	0	0	0	0	0	0	0	0	0	0	0	0	0	0	0	0	0	0	0	0	0	0	0	0	0	0	0	0	0	0	0	0	0	0	0	0	0	0	0	0	0	0	0	0	0	0	0	0	0	0	0	0	0	0	0	0	0	0	0	0	0	0	0	0	0	0	0	0	0	0	0	0	0	0	0	0	0	0	0	0	0	0	0	0	0	0	0	0	0	0	0	0	0	0	0	0	0	0	0	0	0	0	0	0	0	0	0	0	0	0	0	0	0	0	0	0	0	0	0	0	0	0	0	0	0	0	0	0	0	0	0	0	0	0	0	0	0	0	0	0	0	0	0	0	0	0	0	0	0	0	0	0	0	0	0	0	0	0	0	0	0	0	0	0	0	0	0	0	0	0	0	0	0	0	0	0	0	0	0	0	0	0	0	0	0	0	0	0	0	0	0	0	0	0	0	0	0	0	0	0	0	0	0	0	0	0	0	0	0	0	0	0	0	0	0	0	0	0	0	0	0	0	0	0	0	0	0	0	0	0	0	0	0	0	0	0	0	0	0	0	0	0	0	0	0	0	0	0	0	0	0	0	0	0	0	0	0	0	0	0	0	0	0	0	0	0	0	0	0	0	0	0	0	0	0	0	0	0	0	0	0	0	0	0	0	0	0	0	0	0	0	0	0	0	0	0	
107	288	
107	288	67	99	98	292	
107	288	67	66	3	1	
107	288	67	66	82	
288	67	66	64	
288	67	66	
288	67	66	65	
288	67	66	65	
288	66	65	18	
288	66	65	193	256	
288	66	65	417	64	
288	66	65	1	193	
288	66	65	
288	66	65	
288	66	65	
288	66	65	74	
288	66	65	
288	66	65	
288	66	65	
288	66	65	67	
288	66	65	312	
288	66	65	69	
288	65	
288	65	
288	65	
288	65	304	
288	65	
288	65	352	
288	65	
288	65	
288	65	
288	65	
288	65	
288	65	289	
288	65	
288	65	
288	65	
288	65	
288	65	
288	65	
288	65	
288	65	
288	65	
288	65	
288	65	73	289	
288	65	
288	65	
288	65	356	
288	65	356	290	304	
288	65	356	
288	65	356	69	
288	65	356	292	
288	65	356	
288	65	356	357	
288	65	356	292	
288	65	356	69	
288	65	356	
288	65	356	292	
288	65	356	352	
288	65	356	81	
288	65	356	260	
288	65	356	260	358	
288	65	356	262	278	
288	65	356	262	
288	65	356	262	326	
288	65	356	262	64	364	357	
288	65	356	262	260	
65	356	262	326	
65	356	262	
65	356	262	352	
65	356	262	129	
65	356	262	129	81	
65	356	262	129	149	
65	356	262	129	
65	356	262	129	137	
65	356	262	129	97	
65	356	262	129	33	113	69	
65	356	262	129	33	
65	356	262	129	33	324	386	
65	356	262	129	33	292	
65	356	262	129	33	
65	356	262	129	33	
356	129	33	133	195	
356	129	33	
356	129	33	
356	129	33	
356	129	33	
356	129	33	
356	129	33	
356	129	33	288	
356	129	33	
356	129	33	1	
356	129	33	193	
356	129	133	141	
356	129	
356	129	161	
356	129	
356	129	
356	129	
356	129	372	
356	129	352	
356	129	324	357	
356	129	
356	129	
356	129	
356	129	
356	129	
356	129	292	
356	129	354	
356	129	
356	129	
356	129	
356	129	292	260	131	
356	129	
356	129	
356	129	
356	129	
356	129	
356	129	
356	129	
356	129	324	
356	129	
356	129	352	
356	129	
356	129	372	
356	129	137	
356	129	
356	129	372	
356	129	324	
356	129	
356	129	
356	129	292	
356	129	137	
356	129	
356	129	
356	129	484	
356	129	
356	129	131	161	
356	129	
356	129	357	
356	129	
356	129	324	
356	129	
356	129	1	
356	129	
356	129	
356	129	
356	129	373	372	
356	129	
356	129	133	
356	129	
356	129	
356	129	484	
356	129	
356	129	
356	129	137	
356	129	
356	129	
356	129	
356	129	
356	129	
356	129	
356	129	372	128	
356	129	
356	129	133	
356	129	358	
356	129	
356	129	
356	129	
356	129	128	
356	129	
356	129	1	
356	129	292	
356	129	
356	129	145	
356	129	161	131	
356	129	193	
356	129	
356	129	
356	129	340	
356	129	
356	129	
356	129	
356	129	133	
356	129	131	
356	129	128	
356	129	
356	129	
356	129	372	358	
356	129	
356	129	
356	129	
356	129	
356	129	
356	129	
356	129	
356	129	
356	129	
356	129	
356	129	357	324	
356	129	137	
356	129	358	
356	129	137	358	
356	129	292	358	
356	129	324	
356	129	
356	129	
356	129	
356	129	133	
356	129	161	
356	129	292	
356	129	
356	129	
356	129	364	
356	129	
356	129	
356	129	145	
356	129	192	484	372	208	
356	129	145	
356	129	
356	129	364	
356	129	
356	129	131	
356	129	1	
356	129	133	
356	129	352	
356	129	131	
356	129	
356	129	161	145	
356	129	
356	129	
356	129	484	
356	129	324	
356	129	
356	129	
356	129	
356	129	
356	129	320	352	
356	129	
356	129	
356	129	
356	129	
356	129	
356	129	
356	129	
356	129	
356	129	
356	129	
356	129	
356	129	
356	129	145	
356	129	
356	129	292	308	
356	129	
356	129	133	
356	129	
356	129	
356	129	484	
356	129	
356	129	
356	129	
356	129	484	
356	129	
356	129	
356	129	
356	129	352	
356	129	
356	129	
356	129	
356	129	
356	129	352	
356	129	
356	129	
356	129	
356	129	128	
356	129	
356	129	
356	129	
356	129	324	
356	129	358	
356	129	
356	129	
356	129	133	
356	129	
356	129	
356	129	
356	129	
356	129	292	288	
356	129	
356	129	
356	129	372	
356	129	
356	129	161	
356	129	
356	129	
356	129	128	
356	129	
356	129	
356	129	
356	129	137	
356	129	
356	129	
356	129	
356	129	
356	129	
356	129	
356	129	
356	129	372	
356	129	
356	129	225	
356	129	
356	129	
356	129	
356	129	
356	129	484	
356	129	137	
356	129	
356	129	
356	129	
356	129	
356	129	1	
356	129	
356	129	324	
356	129	193	292	
356	129	161	
356	129	131	
356	129	372	
356	129	
356	129	
356	129	161	357	
356	129	372	
356	129	
356	129	
356	129	193	
356	129	
356	129	133	324	
356	129	
356	129	128	
356	129	133	
356	129	
356	129	137	193	
356	129	
356	129	
356	129	372	324	
356	129	160	164	
356	129	
356	129	
356	129	
356	129	
356	129	
356	129	
356	129	
356	129	
356	129	161	
356	129	
356	129	
356	129	
356	129	133	
356	129	292	
356	129	160	224	
356	129	160	176	
356	129	
356	129	
356	129	
356	129	
356	129	292	
356	129	
356	129	
356	129	195	
356	129	
356	129	324	
356	129	
356	129	193	
356	129	137	
356	129	358	
356	129	
356	129	
356	129	
356	129	
356	129	357	
356	129	
356	129	
356	129	
356	129	
356	129	
356	129	372	324	
356	129	161	
356	129	
356	129	
356	129	
356	129	
356	129	
356	129	
356	129	
356	129	1	
356	129	
356	129	
356	129	
356	129	372	
356	129	358	
356	129	137	
356	129	453	
356	129	453	
356	129	453	
356	129	453	
356	129	453	352	
356	129	453	
356	129	453	
356	129	453	
356	129	453	292	
356	129	453	
356	129	453	
356	129	453	461	
356	129	453	
356	129	453	
356	129	453	128	
356	129	453	358	
356	129	453	192	
356	129	453	
356	129	453	
356	129	453	
356	129	453	128	
129	453	
129	453	
129	453	485	1	
129	453	
129	453	1	
129	453	193	
129	453	
129	453	
129	453	
129	453	145	
129	453	421	485	
129	453	
129	453	137	
129	453	
129	453	
129	453	
129	453	137	
129	453	128	
129	453	452	
129	453	
129	453	133	
129	453	
129	453	193	
129	453	
129	453	
129	453	1	
129	453	
129	453	477	
129	453	477	
129	453	477	137	509	
129	453	477	137	
129	453	477	
129	453	477	
129	453	477	133	476	
129	453	477	161	469	
129	453	477	1	
129	453	477	
129	453	477	128	
129	453	477	131	
129	453	477	
129	453	477	461	509	449	
129	453	477	
129	453	477	
129	453	477	137	145	
129	453	477	145	
129	453	477	455	1	
129	453	477	349	
129	453	477	
129	453	477	
129	453	477	
129	453	477	
129	453	477	449	131	
129	453	477	195	473	133	145	
129	453	477	
129	453	477	
129	453	477	
129	453	477	149	157	29	156	201	159	
129	477	149	157	469	468	
129	477	149	157	
129	477	149	157	29	25	
477	149	157	
477	149	157	
477	149	157	133	
477	157	153	
477	157	
477	157	159	
477	157	
477	157	469	
477	157	469	
477	157	461	
477	157	158	221	93	
477	157	
477	157	29	
477	157	
477	157	476	159	153	
477	157	348	469	
477	157	156	
477	157	189	
477	157	
477	157	
477	157	
477	157	
477	157	
477	157	149	
477	157	
477	157	
477	157	
477	157	
477	157	
477	157	
477	157	
477	157	469	
477	157	
477	157	
477	157	189	
477	157	
477	157	
477	157	
477	157	159	
477	157	509	
477	157	149	
477	157	
477	157	189	
477	157	153	
477	157	29	
477	157	
477	157	
477	157	
477	157	
477	157	
477	157	
477	157	509	
477	157	
477	157	476	
477	157	479	
477	157	479	153	
477	157	29	
477	157	
477	157	221	
477	157	149	185	
477	157	
477	157	473	
477	157	
477	157	
477	157	
477	157	149	
477	157	
477	157	
477	157	
477	157	141	237	
477	157	461	
477	157	141	
477	157	156	
477	157	476	413	
477	157	413	
477	157	
477	157	
477	157	156	
477	157	
477	157	413	
477	157	461	
477	157	
477	157	
477	157	149	
477	157	
477	157	29	
477	157	149	
477	157	469	
477	157	
477	157	
477	157	149	151	
477	157	29	476	
477	157	29	
477	157	349	
477	157	
477	157	
477	157	
477	157	253	29	
477	157	
477	157	159	
477	157	461	473	
477	157	221	
477	157	
477	157	
477	157	
477	157	
477	157	
477	157	
477	157	
477	157	221	156	
477	157	
477	157	476	
477	157	149	29	
477	157	
477	157	141	
477	157	
477	157	
477	157	
477	157	149	476	
477	157	
477	157	149	
477	157	253	469	
477	157	
477	157	29	
477	157	
477	157	
477	157	
477	157	
477	157	
477	157	
477	157	479	
477	157	
477	157	
477	157	
477	157	
477	157	
477	157	
477	157	
477	157	479	
477	157	
477	157	
477	157	156	469	
477	157	
477	157	469	
477	157	
477	157	153	
477	157	
477	157	
477	157	29	
477	157	
477	157	149	181	
477	157	
477	157	
477	157	
477	157	149	
477	157	
477	157	
477	157	149	159	
477	157	
477	157	
477	157	
477	157	473	
477	157	149	
477	157	29	
477	157	
477	157	
477	157	
477	157	29	
477	157	
477	157	
477	157	
477	157	149	
477	157	
477	157	
477	157	
477	157	
477	157	
477	157	469	
477	157	
477	157	461	
477	157	
477	157	509	
477	157	
477	157	
477	157	
477	157	
477	157	
477	157	476	
477	157	
477	157	149	349	
477	157	
477	157	
477	157	
477	157	221	509	
477	157	
477	157	
477	157	476	
477	157	
477	157	473	
477	157	
477	157	
477	157	
477	157	141	156	
477	157	479	29	
477	157	
477	157	
477	157	153	
477	157	
477	157	
477	157	479	
477	157	
477	157	
477	157	
477	157	
477	157	509	349	
477	157	
477	157	
477	157	29	
477	157	
477	157	
477	157	156	
477	157	
477	157	
477	157	461	509	
477	157	
477	157	
477	157	
477	157	
477	157	
477	157	
477	157	476	
477	157	
477	157	221	
477	157	479	
477	157	
477	157	
477	157	149	
477	157	473	189	
477	157	
477	157	149	
477	157	
477	157	141	221	29	
477	157	
477	157	159	
477	157	
477	157	149	
477	157	476	461	
477	157	
477	157	476	221	
477	157	
477	157	
477	157	
477	157	
477	157	
477	157	221	461	
477	157	348	380	
477	157	
477	157	
477	157	29	
477	157	
477	157	
477	157	156	
477	157	
477	157	
477	157	479	
477	157	469	
477	157	476	
477	157	
477	157	
477	157	141	
477	157	159	
477	157	
477	157	
477	157	
477	157	
477	157	469	
477	157	
477	157	
477	157	
477	157	221	
477	157	
477	157	149	
477	157	349	
477	157	509	
477	157	509	469	
477	157	
477	157	
477	157	
477	157	
477	157	21	
477	157	476	
477	157	476	
477	157	153	
477	157	149	473	
477	157	461	
477	157	
477	157	
477	157	153	
477	157	
477	157	29	
477	157	285	
477	157	
477	157	469	
477	157	149	
477	157	476	
477	157	
477	157	473	
477	157	
477	157	
477	157	413	189	
477	157	
477	157	
477	157	509	
477	157	
477	157	
477	157	
477	157	
477	157	159	
477	157	
477	157	509	
477	157	
477	157	479	
477	157	509	217	
477	157	
477	157	
477	157	
477	157	149	349	
477	157	479	156	
477	157	189	
477	157	476	
477	157	153	
477	157	469	
477	157	
477	157	149	
477	157	473	
477	157	413	141	
477	157	473	
477	157	
477	157	
477	157	
477	157	
477	157	
477	157	
477	157	
477	157	
477	157	
477	157	29	479	
477	157	
477	157	
477	157	479	
477	157	
477	157	
477	157	
477	157	
477	157	413	
477	157	
477	157	159	
477	157	149	
477	157	149	
477	157	189	
477	157	
477	157	153	
477	157	149	
477	157	
477	157	
477	157	141	473	
477	157	
477	157	221	
477	157	
477	157	221	
477	157	413	
477	157	
477	157	473	
477	157	149	
477	157	149	
477	157	
477	157	156	
477	157	348	
477	157	
477	157	413	
477	157	
477	157	461	
477	157	469	
477	157	153	476	
477	157	149	
477	157	
477	157	
477	157	
477	157	
477	157	
477	157	
477	157	
477	157	156	
477	157	
477	157	476	
477	157	189	
477	157	469	29	
477	157	149	221	
477	157	
477	157	333	
477	157	476	
477	157	189	
477	157	
477	157	473	
477	157	
477	157	479	
477	157	149	476	153	
477	157	
477	157	
477	157	479	
477	157	
477	157	149	
477	157	469	473	
477	157	
477	157	
477	157	149	221	479	
477	157	
477	157	
477	157	
477	157	29	156	
477	157	149	
477	157	
477	157	
477	157	
477	157	159	
477	157	29	349	
477	157	
477	157	
477	157	461	413	
477	157	
477	157	149	29	
477	157	189	
477	157	476	478	
477	157	
477	157	473	461	
477	157	
477	157	159	
477	157	149	29	
477	157	
477	157	189	
477	157	
477	157	476	
477	157	413	
477	157	
477	157	
477	157	
477	157	479	29	
477	157	475	
477	157	
477	157	
477	157	
477	157	
477	157	
477	157	469	349	
477	157	
477	157	189	
477	157	
477	157	149	141	
477	157	149	
477	157	159	
477	157	
477	157	
477	157	141	
477	157	
477	157	
477	157	221	
477	157	141	
477	157	
477	157	
477	157	
477	157	
477	157	
477	157	
477	157	413	479	
477	157	381	
477	157	189	
477	157	141	
477	157	149	
477	157	
477	157	476	
477	157	
477	157	29	189	
477	157	
477	157	28	
477	157	
477	157	
477	157	
477	157	479	476	
477	157	29	
477	157	
477	157	
477	157	
477	157	189	
477	157	
477	157	
477	157	
477	157	
477	157	221	
477	157	
477	157	349	
477	157	
477	157	29	
477	157	
477	157	149	181	
477	157	
477	157	221	349	
477	157	
477	157	141	
477	157	189	61	221	
477	157	
477	157	
477	157	509	349	189	
477	157	
477	157	349	
477	157	
477	157	149	
477	157	
477	157	
477	157	
477	157	29	
477	157	221	
477	157	189	
477	157	29	
477	157	
477	157	
477	157	
477	157	
477	157	413	
477	157	
477	157	221	479	
477	157	
477	157	
477	157	461	
477	157	
477	157	413	
477	157	
477	157	
477	157	
477	157	
477	157	
477	157	469	
477	157	
477	157	29	
477	157	
477	157	149	
477	157	31	
477	157	
477	157	
477	157	509	221	
477	157	
477	157	221	
477	157	
477	157	25	
477	157	469	
477	157	
477	157	
477	157	
477	157	
477	157	149	469	
477	157	
477	157	151	
477	157	
477	157	153	
477	157	159	
477	157	461	
477	157	
477	157	221	
477	157	
477	157	
477	157	
477	157	461	
477	157	
477	157	469	
477	157	476	
477	157	
477	157	
477	157	
477	157	
477	157	479	
477	157	149	29	
477	157	469	
477	157	413	
477	157	29	
477	157	
477	157	
477	157	
477	157	
477	157	
477	157	149	
477	157	
477	157	29	
477	157	
477	157	149	21	
477	157	
477	157	
477	157	509	349	
477	157	
477	157	149	
477	157	
477	157	149	
477	157	
477	157	349	29	
477	157	141	
477	157	
477	157	461	153	
477	157	509	156	188	
477	157	
477	157	469	
477	157	149	
477	157	221	
477	157	
477	157	
477	157	
477	157	476	
477	157	
477	157	29	345	476	
477	157	
477	157	
477	157	
477	157	
477	157	
477	157	
477	157	509	
477	157	
477	157	
477	157	
477	157	
477	157	
477	157	221	
477	157	461	
477	157	
477	157	149	
477	157	
477	157	
477	157	
477	157	
477	157	
477	157	473	
477	157	
477	157	
477	157	141	
477	157	
477	157	
477	157	
477	157	509	
477	157	29	
477	157	
477	157	
477	157	
477	157	
477	157	153	461	
477	157	
477	157	29	
477	157	
477	157	
477	157	
477	157	189	
477	157	472	
477	157	
477	157	
477	157	
477	157	
477	157	29	149	
477	157	349	
477	157	
477	157	469	
477	157	
477	157	
477	157	
477	157	469	29	
477	157	
477	157	
477	157	
477	157	
477	157	
477	157	
477	157	
477	157	
477	157	189	
477	157	
477	157	159	
477	157	
477	157	
477	157	153	
477	157	
477	157	479	
477	157	29	61	
477	157	141	
477	157	141	
477	157	149	
477	157	
477	157	
477	157	
477	157	149	349	
477	157	
477	157	
477	157	472	
477	157	189	349	509	
477	157	
477	157	
477	157	
477	157	149	
477	157	
477	157	
477	157	
477	157	349	
477	157	
477	157	461	159	
477	157	
477	157	
477	157	
477	157	29	
477	157	
477	157	
477	157	349	
477	157	29	21	
477	157	
477	157	
477	157	29	
477	157	159	156	
477	157	153	
477	157	
477	157	149	221	
477	157	
477	157	
477	157	
477	157	461	
477	157	153	
477	157	
477	157	473	
477	157	
477	157	
477	157	221	
477	157	509	
477	157	469	
477	157	479	413	
477	157	141	221	
477	157	141	349	
477	157	
477	157	189	
477	157	
477	157	
477	157	
477	157	
477	157	
477	157	153	
477	157	
477	157	
477	157	463	
477	157	
477	157	
477	157	141	
477	157	
477	157	149	349	
477	157	
477	157	
477	157	
477	157	189	
477	157	476	
477	157	473	
477	157	
477	157	141	
477	157	29	473	
477	157	149	
477	157	469	349	
477	157	
477	157	
477	157	
477	157	149	509	505	
477	157	
477	157	
477	157	141	159	153	
477	157	
477	157	153	
477	157	
477	157	141	
477	157	
477	157	
477	157	
477	157	
477	157	
477	157	
477	157	189	
477	157	
477	157	
477	157	
477	157	
477	157	
477	157	29	473	
477	157	
477	157	
477	157	
477	157	
477	157	
477	157	
477	157	
477	157	
477	157	153	
477	157	
477	157	479	
477	157	
477	157	509	
477	157	
477	157	469	
477	157	
477	157	
477	157	476	
477	157	
477	157	
477	157	221	149	29	
477	157	
477	157	
477	157	
477	157	221	253	
477	157	
477	157	221	
477	157	221	156	
477	157	476	
477	157	
477	157	
477	157	156	
477	157	
477	157	141	159	
477	157	
477	157	221	
477	157	
477	157	
477	157	
477	157	
477	157	
477	157	
477	157	
477	157	469	
477	157	221	
477	157	
477	157	
477	157	149	
477	157	
477	157	
477	157	
477	157	141	
477	157	
477	157	143	
477	157	413	
477	157	221	29	
477	157	159	
477	157	149	
477	157	253	
477	157	
477	157	
477	157	
477	157	
477	157	
477	157	149	
477	157	476	479	
477	157	285	
477	157	461	
477	157	
477	157	479	
477	157	
477	157	
477	157	469	
477	157	
477	157	
477	157	
477	157	
477	157	
477	157	
477	157	509	
477	157	
477	157	149	
477	157	
477	157	
477	157	
477	157	413	
477	157	
477	157	189	191	
477	157	
477	157	
477	157	
477	157	141	509	476	479	
477	157	
477	157	
477	157	29	
477	157	
477	157	
477	157	479	
477	157	29	
477	157	
477	157	149	
477	157	
477	157	221	
477	157	156	149	220	
477	157	
477	157	
477	157	
477	157	
477	157	
477	157	29	
477	157	29	
477	157	
477	157	156	415	
477	157	153	
477	157	159	
477	157	
477	157	181	
477	157	
477	157	
477	157	149	189	
477	157	159	
477	157	
477	157	
477	157	153	29	
477	157	
477	157	
477	157	
477	157	133	
477	157	
477	157	
477	157	221	
477	157	
477	157	349	
477	157	149	
477	157	469	153	
477	157	
477	157	
477	157	479	
477	157	149	
477	157	
477	157	
477	157	
477	157	156	
477	157	349	
477	157	
477	157	461	141	
477	157	
477	157	149	349	
477	157	
477	157	221	
477	157	
477	157	
477	157	
477	157	
477	157	
477	157	
477	157	
477	157	156	
477	157	479	
477	157	189	476	
477	157	
477	157	
477	157	
477	157	159	
477	157	476	
477	157	
477	157	
477	157	
477	157	461	
477	157	
477	157	
477	157	156	
477	157	461	
477	157	
477	157	
477	157	
477	157	461	
477	157	
477	157	413	
477	157	29	
477	157	149	
477	157	149	
477	157	
477	157	479	476	
477	157	
477	157	509	
477	157	189	
477	157	412	
477	157	412	141	
477	157	412	
477	157	412	
477	157	153	509	
477	157	149	153	
477	157	153	
477	157	
477	157	
477	157	
477	157	
477	157	
477	157	149	
477	157	
477	157	159	
477	157	
477	157	
477	157	413	
477	157	
477	157	141	221	
477	157	153	189	
477	157	
477	157	
477	157	
477	157	461	
477	157	
477	157	
477	157	
477	157	29	413	
477	157	
477	157	
477	157	
477	157	156	
477	157	
477	157	156	
477	157	
477	157	
477	157	
477	157	189	
477	157	
477	157	
477	157	
477	157	
477	157	
477	157	141	
477	157	189	
477	157	509	
477	157	
477	157	
477	157	
477	157	509	
477	157	
477	157	
477	157	189	
477	157	
477	157	
477	157	29	
477	157	
477	157	
477	157	
477	157	
477	157	153	
477	157	
477	157	153	
477	157	
477	157	
477	157	
477	157	
477	157	221	
477	157	461	
477	157	
477	157	
477	157	29	
477	157	461	
477	157	
477	157	149	479	461	
477	157	
477	157	
477	157	
477	157	
477	157	
477	157	
477	157	
477	157	
477	157	189	
477	157	
477	157	
477	157	
477	157	221	
477	157	
477	157	
477	157	29	141	
477	157	
477	157	
477	157	29	
477	157	
477	157	151	149	
477	157	
477	157	189	
477	157	
477	157	479	
477	157	153	
477	157	159	
477	157	473	
477	157	
477	157	
477	157	
477	157	
477	157	29	
477	157	473	
477	157	479	
477	157	
477	157	
477	157	
477	157	476	
477	157	
477	157	
477	157	
477	157	
477	157	
477	157	149	
477	157	
477	157	149	
477	157	149	413	
477	157	
477	157	
477	157	
477	157	
477	157	
477	157	
477	157	29	
477	157	
477	157	476	473	
477	157	349	
477	157	159	151	
477	157	149	
477	157	149	
477	157	141	
477	157	29	349	
477	157	413	
477	157	
477	157	
477	157	
477	157	509	
477	157	
477	157	
477	157	
477	157	
477	157	
477	157	
477	157	
477	157	
477	157	
477	157	141	
477	157	
477	157	149	
477	157	149	469	
477	157	
477	157	149	29	
477	157	469	
477	157	
477	157	
477	157	149	
477	157	
477	157	479	159	
477	157	469	
477	157	
477	157	29	
477	157	
477	157	
477	157	29	141	
477	157	141	
477	157	149	469	479	
477	157	
477	157	
477	157	
477	157	
477	157	149	509	213	
477	157	
477	157	
477	157	
477	157	
477	157	
477	157	159	
477	157	
477	157	
477	157	461	
477	157	
477	157	476	
477	157	
477	157	
477	157	
477	157	156	460	221	332	
477	157	
477	157	476	141	
477	157	
477	157	
477	157	149	
477	157	461	
477	157	479	
477	157	
477	157	
477	157	509	
477	157	349	413	
477	157	
477	157	473	
477	157	
477	157	
477	157	473	
477	157	
477	157	
477	157	
477	157	221	
477	157	
477	157	
477	157	
477	157	479	
477	157	
477	157	156	
477	157	
477	157	149	
477	157	
477	157	156	
477	157	155	509	
477	157	
477	157	
477	157	
477	157	
477	157	
477	157	
477	157	413	479	
477	157	
477	157	
477	157	
477	157	
477	157	149	221	
477	157	221	509	
477	157	
477	157	
477	157	
477	157	
477	157	469	
477	157	149	213	479	
477	157	
477	157	
477	157	476	
477	157	159	
477	157	
477	157	473	
477	157	
477	157	349	
477	157	
477	157	509	
477	157	149	
477	157	
477	157	
477	157	
477	157	479	
477	157	
477	157	
477	157	349	
477	157	476	
477	157	461	
477	157	
477	157	
477	157	141	
477	157	221	
477	157	
477	157	
477	157	461	
477	157	
477	157	
477	157	
477	157	
477	157	
477	157	189	
477	157	29	
477	157	
477	157	
477	157	
477	157	
477	157	469	
477	157	
477	157	460	
477	157	
477	157	149	
477	157	
477	157	141	
477	157	
477	157	221	
477	157	
477	157	
477	157	476	
477	157	413	
477	157	
477	157	
477	157	
477	157	29	
477	157	476	
477	157	469	189	141	
477	157	
477	157	
477	157	
477	157	
477	157	476	
477	157	473	
477	157	
477	157	221	
477	157	
477	157	413	
477	157	149	476	473	
477	157	
477	157	
477	157	221	156	349	
477	157	476	
477	157	153	
477	157	
477	157	
477	157	476	
477	157	
477	157	153	
477	157	189	
477	157	473	
477	157	
477	157	
477	157	349	
477	157	412	476	
477	157	156	
477	157	469	509	
477	157	
477	157	
477	157	
477	157	476	
477	157	
477	157	
477	157	
477	157	413	
477	157	189	
477	157	
477	157	413	412	
477	157	
477	157	149	
477	157	
477	157	476	
477	157	
477	157	
477	157	221	
477	157	412	476	413	
477	157	476	
477	157	469	
477	157	
477	157	221	
477	157	479	
477	157	
477	157	479	
477	157	
477	157	
477	157	
477	157	
477	157	
477	157	
477	157	21	149	189	
477	157	
477	157	
477	157	156	461	
477	157	
477	157	
477	157	
477	157	476	
477	157	
477	157	461	
477	157	
477	157	
477	157	149	
477	157	
477	157	413	
477	157	
477	157	
477	157	
477	157	149	
477	157	
477	157	29	
477	157	
477	157	
477	157	
477	157	
477	157	
477	157	189	463	
477	157	
477	157	413	
477	157	
477	157	
477	157	
477	157	479	
477	157	149	
477	157	
477	157	
477	157	141	
477	157	
477	157	
477	157	
477	157	
477	157	413	
477	157	
477	157	509	
477	157	149	349	469	
477	157	189	
477	157	509	
477	157	
477	157	
477	157	
477	157	221	223	
477	157	
477	157	159	149	
477	157	
477	157	479	159	
477	157	
477	157	
477	157	
477	157	
477	157	
477	157	479	
477	157	149	
477	157	
477	157	
477	157	159	
477	157	156	
477	157	
477	157	
477	157	156	
477	157	149	
477	157	
477	157	141	
477	157	509	493	413	
477	157	
477	157	
477	157	
477	157	
477	157	221	156	509	
477	157	
477	157	479	476	
477	157	
477	157	
477	157	
477	157	
477	157	141	
477	157	153	
477	157	149	
477	157	
477	157	349	
477	157	189	
477	157	141	
477	157	29	413	
477	157	
477	157	
477	157	153	29	
477	157	189	
477	157	141	
477	157	476	
477	157	
477	157	473	
477	157	149	
477	157	
477	157	221	
477	157	
477	157	
477	157	
477	157	509	
477	157	
477	157	
477	157	
477	157	509	
477	157	
477	157	509	
477	157	
477	157	
477	157	29	
477	157	473	
477	157	349	
477	157	479	
477	157	
477	157	
477	157	
477	157	
477	157	
477	157	149	133	
477	157	509	
477	157	
477	157	349	
477	157	
477	157	
477	157	189	
477	157	189	476	
477	157	
477	157	137	
477	157	
477	157	
477	157	141	
477	157	
477	157	153	
477	157	29	
477	157	
477	157	
477	157	156	
477	157	
477	157	149	
477	157	156	
477	157	476	
477	157	
477	157	156	
477	157	
477	157	
477	157	413	
477	157	
477	157	
477	157	
477	157	141	
477	157	221	189	
477	157	221	
477	157	149	156	158	349	
477	157	
477	157	476	
477	157	413	
477	157	141	
477	157	
477	157	473	
477	157	
477	157	
477	157	
477	157	
477	157	
477	157	349	
477	157	
477	157	189	
477	157	141	
477	157	
477	157	479	
477	157	
477	157	
477	157	
477	157	
477	157	29	
477	157	
477	157	221	
477	157	
477	157	476	
477	157	349	
477	157	473	
477	157	221	
477	157	
477	157	221	468	473	
477	157	
477	157	
477	157	
477	157	
477	157	
477	157	479	
477	157	
477	157	469	
477	157	
477	157	461	
477	157	
477	157	141	133	149	473	
477	157	
477	157	29	
477	157	221	
477	157	221	
477	157	
477	157	413	
477	157	
477	157	
477	157	
477	157	29	
477	157	149	213	
477	157	
477	157	
477	157	
477	157	
477	157	
477	157	469	
477	157	149	
477	157	479	509	349	
477	157	
477	157	
477	157	
477	157	221	
477	157	141	
477	157	
477	157	
477	157	
477	157	
477	157	473	461	469	
477	157	221	
477	157	
477	157	
477	157	149	
477	157	349	
477	157	461	
477	157	141	
477	157	
477	157	149	
477	157	476	
477	157	
477	157	
477	157	476	
477	157	
477	157	221	149	
477	157	
477	157	
477	157	149	153	
477	157	469	
477	157	
477	157	349	
477	157	
477	157	349	
477	157	
477	157	
477	157	
477	157	221	
477	157	
477	157	479	
477	157	413	
477	157	29	
477	157	
477	157	
477	157	
477	157	
477	157	
477	157	
477	157	
477	157	479	
477	157	
477	157	
477	157	349	473	
477	157	
477	157	
477	157	
477	157	
477	157	509	
477	157	
477	157	
477	157	
477	157	
477	157	479	
477	157	
477	157	
477	157	
477	157	
477	157	
477	157	141	29	
477	157	
477	157	
477	157	469	
477	157	
477	157	
477	157	
477	157	
477	157	
477	157	
477	157	
477	157	
477	157	
477	157	
477	157	479	
477	157	221	
477	157	
477	157	
477	157	149	
477	157	
477	157	461	
477	157	476	
477	157	221	
477	157	221	
477	157	
477	157	149	
477	157	156	
477	157	221	
477	157	
477	157	29	156	
477	157	
477	157	29	
477	157	
477	157	
477	157	
477	157	
477	157	
477	157	473	
477	157	
477	157	21	
477	157	159	153	
477	157	153	
477	157	
477	157	
477	157	349	
477	157	
477	157	
477	157	413	
477	157	
477	157	
477	157	
477	157	
477	157	
477	157	
477	157	
477	157	149	
477	157	159	
477	157	
477	157	476	
477	157	
477	157	
477	157	
477	157	149	
477	157	
477	157	156	
477	157	153	149	141	479	
477	157	
477	157	
477	157	156	
477	157	349	
477	157	
477	157	
477	157	479	
477	157	
477	157	221	
477	157	149	145	
477	157	
477	157	221	
477	157	141	173	
477	157	
477	157	349	
477	157	
477	157	
477	157	461	93	
477	157	149	
477	157	221	
477	157	153	
477	157	29	
477	157	
477	157	221	
477	157	413	
477	157	
477	157	461	463	
477	157	
477	157	
477	157	
477	157	
477	157	
477	157	
477	157	
477	157	
477	157	
477	157	
477	157	479	
477	157	
477	157	
477	157	
477	157	221	
477	157	
477	157	
477	157	29	
477	157	
477	157	
477	157	
477	157	
477	157	
477	157	
477	157	
477	157	
477	157	
477	157	
477	157	
477	157	
477	157	
477	157	
477	157	
477	157	509	
477	157	476	413	
477	157	476	
477	157	
477	157	413	
477	157	
477	157	
477	157	153	137	
477	157	221	
477	157	149	
477	157	149	
477	157	159	
477	157	475	
477	157	
477	157	445	
477	157	473	156	
477	157	461	
477	157	149	141	
477	157	412	
477	157	
477	157	349	
477	157	149	133	
477	157	
477	157	29	
477	157	153	
477	157	189	
477	157	
477	157	
477	157	
477	157	221	
477	157	149	
477	157	
477	157	
477	157	
477	157	469	
477	157	
477	157	
477	157	
477	157	
477	157	
477	157	
477	157	
477	157	221	
477	157	349	
477	157	
477	157	479	
477	157	
477	157	
477	157	153	
477	157	149	
477	157	
477	157	
477	157	141	509	133	
477	157	413	473	469	
477	157	
477	157	156	
477	157	
477	157	461	
477	157	
477	157	469	
477	157	
477	157	159	
477	157	479	
477	157	
477	157	
477	157	153	
477	157	
477	157	149	21	29	145	
477	157	
477	157	156	469	
477	157	
477	157	413	
477	157	476	
477	157	149	29	
477	157	93	149	133	
477	157	
477	157	149	509	
477	157	
477	157	
477	157	
477	157	461	
477	157	31	
477	157	461	
477	157	
477	157	
477	157	
477	157	
477	157	461	
477	157	
477	157	509	
477	157	
477	157	
477	157	221	
477	157	476	
477	157	
477	157	
477	157	149	
477	157	
477	157	
477	157	
477	157	461	149	
477	157	
477	157	
477	157	
477	157	
477	157	
477	157	
477	157	
477	157	
477	157	461	
477	157	
477	157	
477	157	472	
477	157	472	
477	157	
477	157	
477	157	413	
477	157	
477	157	153	
477	157	
477	157	412	
477	157	
477	157	349	
477	157	
477	157	
477	157	
477	157	153	
477	157	
477	157	
477	157	
477	157	
477	157	221	
477	157	
477	157	29	
477	157	
477	157	
477	157	
477	157	153	
477	157	
477	157	509	
477	157	
477	157	221	
477	157	
477	157	479	
477	157	
477	157	
477	157	
477	157	
477	157	
477	157	479	
477	157	
477	157	
477	157	
477	157	
477	157	149	
477	157	
477	157	
477	157	
477	157	
477	157	
477	157	
477	157	
477	157	
477	157	
477	157	149	
477	157	413	
477	157	473	
477	157	
477	157	
477	157	
477	157	149	469	
477	157	153	
477	157	
477	157	476	
477	157	
477	157	
477	157	149	509	
477	157	153	509	
477	157	
477	157	29	
477	157	
477	157	
477	157	153	
477	157	
477	157	149	
477	157	461	
477	157	
477	157	
477	157	
477	157	
477	157	461	
477	157	
477	157	
477	157	476	
477	157	156	
477	157	
477	157	476	29	
477	157	
477	157	
477	157	509	
477	157	
477	157	
477	157	29	
477	157	
477	157	
477	157	
477	157	
477	157	
477	157	29	
477	157	29	141	
477	157	479	
477	157	461	
477	157	
477	157	
477	157	509	
477	157	
477	157	
477	157	
477	157	141	
477	157	413	476	159	
477	157	221	
477	157	
477	157	
477	157	509	
477	157	509	
477	157	
477	157	
477	157	
477	157	
477	157	469	153	
477	157	149	
477	157	
477	157	149	473	
477	157	149	
477	157	
477	157	
477	157	
477	157	
477	157	473	
477	157	
477	157	461	
477	157	
477	157	509	
477	157	
477	157	476	509	
477	157	
477	157	
477	157	
477	157	469	
477	157	156	
477	157	149	213	
477	157	
477	157	137	153	
477	157	
477	157	509	349	
477	157	509	
477	157	468	469	
477	157	
477	157	156	
477	157	349	
477	157	
477	157	
477	157	
477	157	
477	157	153	
477	157	
477	157	
477	157	189	
477	157	
477	157	
477	157	
477	157	29	
477	157	509	
477	157	156	
477	157	413	
477	157	
477	157	149	
477	157	
477	157	
477	157	413	
477	157	
477	157	
477	157	
477	157	
477	157	479	476	
477	157	
477	157	
477	157	
477	157	
477	157	
477	157	
477	157	
477	157	
477	157	
477	157	149	151	
477	157	
477	157	
477	157	
477	157	472	476	
477	157	
477	157	
477	157	509	
477	157	221	
477	157	189	
477	157	141	
477	157	
477	157	141	509	
477	157	
477	157	453	461	
477	157	141	
477	157	461	
477	157	
477	157	
477	157	461	
477	157	
477	157	
477	157	
477	157	141	469	
477	157	141	
477	157	
477	157	
477	157	
477	157	
477	157	221	
477	157	29	149	349	
477	157	
477	157	
477	157	413	
477	157	
477	157	
477	157	
477	157	159	509	
477	157	
477	157	
477	157	149	
477	157	221	
477	157	479	
477	157	
477	157	461	
477	157	141	
477	157	509	
477	157	
477	157	
477	157	189	
477	157	
477	157	
477	157	
477	157	
477	157	413	
477	157	159	
477	157	509	141	
477	157	
477	157	149	
477	157	
477	157	189	
477	157	149	21	
477	157	149	148	
477	157	
477	157	413	149	
477	157	479	
477	157	509	
477	157	
477	157	
477	157	29	
477	157	
477	157	479	
477	157	149	
477	157	
477	157	
477	157	
477	157	
477	157	
477	157	
477	157	221	
477	157	
477	157	149	
477	157	
477	157	
477	157	
477	157	
477	157	
477	157	
477	157	
477	157	159	
477	157	
477	157	
477	157	473	
477	157	
477	157	
477	157	153	
477	157	
477	157	
477	157	
477	157	155	
477	157	153	
477	157	
477	157	509	
477	157	
477	157	
477	157	
477	157	
477	157	
477	157	
477	157	29	
477	157	479	
477	157	349	
477	157	469	
477	157	
477	157	
477	157	472	29	
477	157	149	476	468	
477	157	509	
477	157	
477	157	
477	157	
477	157	461	
477	157	
477	157	
477	157	
477	157	479	
477	157	469	
477	157	
477	157	
477	157	461	
477	157	153	
477	157	
477	157	461	
477	157	156	
477	157	149	151	213	
477	157	
477	157	
477	157	221	
477	157	
477	157	509	
477	157	
477	157	
477	157	
477	157	479	
477	157	149	213	
477	157	
477	157	
477	157	
477	157	413	
477	157	
477	157	
477	157	
477	157	
477	157	
477	157	221	
477	157	156	
477	157	397	413	
477	157	393	189	
477	157	393	349	461	
477	157	393	468	29	509	
477	157	393	
477	157	
477	157	
477	157	
477	157	
477	157	
477	157	
477	157	
477	157	
477	157	509	
477	157	461	473	
477	157	
477	157	
477	157	348	332	221	473	461	
477	157	381	
477	157	476	156	
477	157	
477	157	
477	157	141	476	
477	157	
477	157	148	
477	157	141	
477	157	
477	157	149	
477	157	
477	157	
477	157	
477	157	469	
477	157	
477	157	149	
477	157	141	
477	157	413	
477	157	156	
477	157	
477	157	
477	157	149	156	
477	157	
477	157	141	
477	157	
477	157	
477	157	479	
477	157	
477	157	29	
477	157	
477	157	141	
477	157	
477	157	
477	157	156	
477	157	
477	157	473	
477	157	
477	157	
477	157	
477	157	
477	157	476	
477	157	221	
477	157	
477	157	
477	157	
477	157	
477	157	149	
477	157	
477	157	
477	157	479	
477	157	
477	157	476	
477	157	
477	157	
477	157	
477	157	
477	157	
477	157	461	
477	157	
477	157	149	469	
477	157	
477	157	
477	157	
477	157	349	473	
477	157	
477	157	
477	157	
477	157	
477	157	141	
477	157	29	476	
477	157	153	
477	157	149	
477	157	29	150	
477	157	
477	157	
477	157	
477	157	
477	157	461	149	
477	157	
477	157	479	
477	157	
477	157	413	
477	157	
477	157	153	189	
477	157	
477	157	
477	157	
477	157	
477	157	
477	157	479	
477	157	189	
477	157	
477	157	149	
477	157	
477	157	
477	157	
477	157	156	221	
477	157	
477	157	189	
477	157	141	
477	157	217	141	349	
477	157	
477	157	
477	157	
477	157	413	
477	157	473	
477	157	
477	157	
477	157	
477	157	
477	157	509	
477	157	
477	157	
477	157	
477	157	476	
477	157	
477	157	149	29	
477	157	29	461	
477	157	
477	157	
477	157	
477	157	
477	157	
477	157	156	152	189	
477	157	
477	157	153	
477	157	221	29	
477	157	
477	157	29	
477	157	
477	157	149	156	
477	157	461	
477	157	
477	157	
477	157	
477	157	479	
477	157	
477	157	149	
477	157	221	213	
477	157	349	
477	157	
477	157	
477	157	
477	157	141	
477	157	
477	157	
477	157	
477	157	
477	157	
477	157	153	
477	157	
477	157	
477	157	159	349	
477	157	
477	157	479	
477	157	
477	157	
477	157	
477	157	509	
477	157	
477	157	156	
477	157	159	349	
477	157	413	
477	157	
477	157	159	
477	157	
477	157	
477	157	
477	157	
477	157	149	
477	157	
477	157	
477	157	159	
477	157	476	
477	157	
477	157	
477	157	
477	157	
477	157	
477	157	
477	157	
477	157	
477	157	29	221	
477	157	
477	157	141	
477	157	
477	157	461	
477	157	141	153	
477	157	
477	157	
477	157	
477	157	29	
477	157	
477	157	
477	157	
477	157	
477	157	
477	157	509	
477	157	
477	157	
477	157	
477	157	
477	157	413	
477	157	
477	157	159	
477	157	
477	157	
477	157	
477	157	
477	157	479	
477	157	189	141	
477	157	
477	157	
477	157	413	415	
477	157	
477	157	
477	157	
477	157	
477	157	189	
477	157	
477	157	
477	157	
477	157	
477	157	
477	157	
477	157	479	
477	157	189	
477	157	
477	157	
477	157	461	
477	157	
477	157	141	
477	157	149	
477	157	
477	157	
477	157	
477	157	
477	157	
477	157	479	
477	157	393	
477	157	
477	157	149	
477	157	141	
477	157	
477	157	213	
477	157	149	
477	157	221	213	
477	157	
477	157	
477	157	159	221	
477	157	
477	157	
477	157	
477	157	
477	157	
477	157	
477	157	153	
477	157	153	
477	157	
477	157	
477	157	29	
477	157	
477	157	
477	157	189	141	
477	157	
477	157	
477	157	349	
477	157	413	
477	157	
477	157	
477	157	
477	157	
477	157	
477	157	
477	157	221	
477	157	
477	157	
477	157	
477	157	501	461	
477	157	
477	157	
477	157	189	
477	157	473	
477	157	
477	157	
477	157	156	
477	157	156	
477	157	
477	157	141	
477	157	
477	157	
477	157	
477	157	
477	157	
477	157	
477	157	
477	157	
477	157	413	
477	157	
477	157	479	153	
477	157	149	21	
477	157	
477	157	
477	157	
477	157	
477	157	
477	157	
477	157	159	
477	157	
477	157	189	
477	157	
477	157	149	
477	157	
477	157	149	
477	157	156	
477	157	476	
477	157	
477	157	29	509	413	
477	157	
477	157	473	
477	157	
477	157	
477	157	412	
477	157	
477	157	473	478	
477	157	
477	157	
477	157	
477	157	
477	157	
477	157	
477	157	221	156	
477	157	
477	157	
477	157	189	469	
477	157	29	141	189	
477	157	
477	157	
477	157	
477	157	
477	157	
477	157	
477	157	
477	157	149	
477	157	
477	157	
477	157	476	
477	157	
477	157	
477	157	
477	157	153	
477	157	149	
477	157	469	221	149	181	
477	157	
477	157	
477	157	
477	157	473	
477	157	
477	157	153	
477	157	
477	157	
477	157	
477	157	29	
477	157	
477	157	
477	157	
477	157	
477	157	
477	157	149	
477	157	
477	157	473	
477	157	
477	157	413	
477	157	
477	157	
477	157	
477	157	189	221	
477	157	461	
477	157	
477	157	153	
477	157	
477	157	
477	157	
477	157	
477	157	
477	157	
477	157	
477	157	153	
477	157	473	
477	157	
477	157	413	
477	157	
477	157	29	
477	157	
477	157	
477	157	
477	157	29	
477	157	153	
477	157	
477	157	
477	157	
477	157	
477	157	
477	157	
477	157	
477	157	
477	157	
477	157	
477	157	221	479	349	
477	157	
477	157	
477	157	159	
477	157	
477	157	149	
477	157	
477	157	
477	157	
477	157	
477	157	476	
477	157	
477	157	
477	157	151	149	349	
477	157	
477	157	
477	157	
477	157	
477	157	
477	157	
477	157	
477	157	
477	157	476	
477	157	
477	157	
477	157	
477	157	149	
477	157	473	
477	157	
477	157	
477	157	141	13	
477	157	
477	157	29	
477	157	
477	157	149	
477	157	
477	157	469	
477	157	29	
477	157	
477	157	413	
477	157	469	
477	157	221	
477	157	149	
477	157	
477	157	
477	157	479	
477	157	
477	157	
477	157	
477	157	
477	157	
477	157	479	
477	157	
477	157	149	
477	157	
477	157	413	29	
477	157	
477	157	149	
477	157	
477	157	159	155	
477	157	
477	157	
477	157	
477	157	
477	157	
477	157	29	
477	157	509	
477	157	
477	157	
477	157	
477	157	
477	157	155	
477	157	
477	157	
477	157	156	
477	157	
477	157	
477	157	205	
477	157	
477	157	
477	157	509	
477	157	221	
477	157	
477	157	
477	157	
477	157	149	
477	157	29	476	
477	157	141	29	61	
477	157	
477	157	141	
477	157	476	
477	157	
477	157	
477	157	
477	157	
477	157	
477	157	
477	157	
477	157	413	
477	157	159	
477	157	
477	157	
477	157	
477	157	413	
477	157	461	
477	157	
477	157	
477	157	149	
477	157	473	
477	157	
477	157	149	
477	157	149	
477	157	
477	157	
477	157	413	
477	157	
477	157	461	
477	157	
477	157	
477	157	
477	157	221	141	220	
477	157	509	
477	157	149	
477	157	473	461	141	
477	157	413	149	
477	157	469	
477	157	349	
477	157	
477	157	29	
477	157	
477	157	
477	157	153	
477	157	
477	157	
477	157	149	
477	157	
477	157	156	
477	157	
477	157	29	189	221	
477	157	
477	157	413	
477	157	
477	157	479	
477	157	159	
477	157	181	21	
477	157	
477	157	
477	157	
477	157	
477	157	221	
477	157	
477	157	
477	157	
477	157	
477	157	
477	157	
477	157	149	
477	157	413	159	
477	157	
477	157	
477	157	149	461	
477	157	461	
477	157	
477	157	
477	157	
477	157	
477	157	
477	157	
477	157	
477	157	221	
477	157	189	
477	157	
477	157	
477	157	
477	157	149	
477	157	149	
477	157	
477	157	
477	157	
477	157	
477	157	
477	157	
477	157	
477	157	413	
477	157	149	
477	157	349	461	
477	157	461	
477	157	
477	157	413	
477	157	413	461	
477	157	349	
477	157	476	
477	157	
477	157	
477	157	
477	157	
477	157	
477	157	
477	157	479	
477	157	133	
477	157	
477	157	
477	157	
477	157	469	
477	157	
477	157	
477	157	149	
477	157	
477	157	479	
477	157	
477	157	461	
477	157	
477	157	
477	157	
477	157	141	
477	157	469	
477	157	
477	157	
477	157	
477	157	149	133	
477	157	461	
477	157	253	
477	157	
477	157	
477	157	
477	157	
477	157	149	
477	157	149	156	
477	157	29	476	
477	157	
477	157	
477	157	
477	157	
477	157	
477	157	
477	157	
477	157	476	469	
477	157	
477	157	413	
477	157	
477	157	
477	157	156	
477	157	
477	157	348	
477	157	
477	157	
477	157	
477	157	
477	157	469	153	
477	157	
477	157	
477	157	221	
477	157	141	476	
477	157	
477	157	469	
477	157	
477	157	
477	157	
477	157	29	
477	157	
477	157	
477	157	
477	157	
477	157	156	221	
477	157	149	153	
477	157	473	
477	157	149	153	
477	157	
477	157	479	511	
477	157	29	
477	157	
477	157	153	
477	157	
477	157	
477	157	413	
477	157	
477	157	
477	157	153	
477	157	
477	157	
477	157	
477	157	29	
477	157	
477	157	349	
477	157	473	
477	157	149	
477	157	
477	157	
477	157	509	461	
477	157	
477	157	29	61	
477	157	
477	157	
477	157	141	
477	157	189	
477	157	
477	157	
477	157	255	479	223	
477	157	
477	157	469	
477	157	
477	157	509	349	
477	157	
477	157	
477	157	
477	157	
477	157	29	
477	157	
477	157	
477	157	
477	157	29	
477	157	461	
477	157	149	469	
477	157	
477	157	509	
477	157	141	159	
477	157	473	
477	157	
477	157	
477	157	
477	157	479	
477	157	509	
477	157	
477	157	479	
477	157	
477	157	149	
477	157	479	221	
477	157	
477	157	
477	157	
477	157	
477	157	221	
477	157	213	
477	157	461	
477	157	
477	157	
477	157	
477	157	153	
477	157	461	
477	157	413	
477	157	153	
477	157	
477	157	461	
477	157	
477	157	
477	157	412	221	
477	157	
477	157	
477	157	
477	157	149	349	
477	157	
477	157	
477	157	
477	157	
477	157	
477	157	
477	157	
477	157	509	
477	157	149	
477	157	149	
477	157	
477	157	148	189	349	
477	157	
477	157	
477	157	141	413	159	
477	157	349	
477	157	
477	157	
477	157	
477	157	13	29	
477	157	
477	157	149	476	509	
477	157	
477	157	
477	157	29	
477	157	
477	157	149	
477	157	
477	157	
477	157	
477	157	
477	157	
477	157	
477	157	
477	157	
477	157	220	221	
477	157	
477	157	
477	157	
477	157	153	
477	157	
477	157	
477	157	469	
477	157	
477	157	
477	157	153	508	
477	157	
477	157	189	
477	157	
477	157	413	
477	157	221	
477	157	
477	157	
477	157	
477	157	
477	157	
477	157	
477	157	
477	157	
477	157	
477	157	156	
477	157	509	
477	157	149	
477	157	473	
477	157	
477	157	
477	157	159	
477	157	156	
477	157	
477	157	509	
477	157	221	
477	157	
477	157	
477	157	
477	157	
477	157	
477	157	509	
477	157	
477	157	
477	157	473	
477	157	479	
477	157	
477	157	156	
477	157	349	149	
477	157	
477	157	
477	157	
477	157	149	159	
477	157	
477	157	29	149	
477	157	
477	157	
477	157	
477	157	
477	157	509	
477	157	
477	157	
477	157	349	
477	157	149	
477	157	413	469	412	
477	157	
477	157	149	
477	157	29	149	
477	157	469	
477	157	473	
477	157	156	
477	157	461	
477	157	349	
477	157	
477	157	
477	157	
477	157	156	
477	157	141	
477	157	
477	157	
477	157	
477	157	
477	157	469	
477	157	141	
477	157	469	
477	157	
477	157	159	
477	157	159	
477	157	
477	157	469	
477	157	469	
477	157	
477	157	
477	157	469	
477	157	
477	157	
477	157	
477	157	
477	157	149	
477	157	
477	157	461	469	
477	157	
477	157	473	413	
477	157	
477	157	381	
477	157	
477	157	
477	157	479	
477	157	473	
477	157	
477	157	
477	157	
477	157	
477	157	
477	157	
477	157	221	
477	157	
477	157	
477	157	156	
477	157	149	
477	157	
477	157	
477	157	
477	157	149	
477	157	476	
477	157	149	
477	157	
477	157	
477	157	
477	157	479	
477	157	
477	157	221	
477	157	149	
477	157	
477	157	
477	157	
477	157	
477	157	
477	157	
477	157	149	
477	157	156	29	
477	157	
477	157	29	
477	157	
477	157	
477	157	
477	157	149	
477	157	509	
477	157	
477	157	29	
477	157	
477	157	221	
477	157	189	
477	157	29	
477	157	
477	157	189	
477	157	29	
477	157	
477	157	29	153	159	
477	157	413	
477	157	
477	157	348	
477	157	
477	157	
477	157	
477	157	
477	157	
477	157	
477	157	453	159	
477	157	
477	157	
477	157	461	
477	157	413	
477	157	
477	157	349	469	
477	157	
477	157	156	
477	157	473	
477	157	
477	157	
477	157	149	
477	157	
477	157	
477	157	476	
477	157	149	
477	157	
477	157	
477	157	
477	157	
477	157	
477	157	
477	157	213	149	
477	157	149	153	
477	157	
477	157	413	
477	157	
477	157	149	
477	157	221	
477	157	
477	157	
477	157	509	473	
477	157	
477	157	
477	157	349	
477	157	473	465	
477	157	221	
477	157	
477	157	
477	157	
477	157	221	
477	157	221	
477	157	
477	157	
477	157	349	
477	157	
477	157	
477	157	221	
477	157	461	413	
477	157	189	
477	157	29	
477	157	473	
477	157	
477	157	
477	157	
477	157	156	476	
477	157	473	
477	157	509	221	
477	157	476	
477	157	
477	157	
477	157	
477	157	413	445	
477	157	
477	157	29	
477	157	
477	157	479	
477	157	
477	157	156	159	476	
477	157	
477	157	479	
477	157	
477	157	349	461	
477	157	153	479	
477	157	
477	157	
477	157	
477	157	149	509	
477	157	
477	157	149	
477	157	77	
477	157	
477	157	
477	157	509	
477	157	479	
477	157	
477	157	349	
477	157	
477	157	
477	157	
477	157	
477	157	
477	157	
477	157	
477	157	
477	157	469	
477	157	349	
477	157	
477	157	
477	157	
477	157	
477	157	149	
477	157	
477	157	
477	157	
477	157	221	
477	157	
477	157	159	
477	157	
477	157	
477	157	
477	157	
477	157	
477	157	29	
477	157	155	509	
477	157	
477	157	
477	157	
477	157	29	473	
477	157	
477	157	29	
477	157	469	
477	157	
477	157	29	
477	157	
477	157	
477	157	493	
477	157	
477	157	349	
477	157	
477	157	
477	157	
477	157	461	
477	157	189	
477	157	153	159	
477	157	
477	157	29	
477	157	
477	157	469	
477	157	
477	157	
477	157	509	
477	157	149	479	
477	157	476	141	
477	157	
477	157	
477	157	349	
477	157	
477	157	469	
477	157	412	
477	157	153	
477	157	
477	157	
477	157	
477	157	141	
477	157	159	
477	157	
477	157	
477	157	
477	157	479	29	
477	157	
477	157	
477	157	
477	157	149	
477	157	29	
477	157	349	156	
477	157	
477	157	
477	157	
477	157	478	
477	157	
477	157	
477	157	
477	157	29	
477	157	29	156	
477	157	156	
477	157	
477	157	
477	157	
477	157	
477	157	
477	157	
477	157	
477	157	
477	157	
477	157	509	
477	157	
477	157	159	
477	157	149	21	
477	157	461	153	
477	157	476	
477	157	
477	157	
477	157	
477	157	
477	157	189	
477	157	
477	157	153	
477	157	
477	157	141	473	
477	157	
477	157	
477	157	
477	157	476	
477	157	149	29	
477	157	
477	157	
477	157	
477	157	141	
477	157	
477	157	141	
477	157	149	
477	157	221	
477	157	
477	157	
477	157	
477	157	
477	157	
477	157	
477	157	149	29	
477	157	
477	157	29	479	
477	157	469	
477	157	509	153	
477	157	
477	157	
477	157	
477	157	149	
477	157	
477	157	
477	157	
477	157	
477	157	
477	157	
477	157	
477	157	221	
477	157	
477	157	
477	157	
477	157	479	476	
477	157	
477	157	
477	157	351	
477	157	
477	157	
477	157	413	
477	157	
477	157	149	
477	157	
477	157	
477	157	
477	157	476	
477	157	153	509	
477	157	
477	157	153	
477	157	153	
477	157	
477	157	
477	157	
477	157	149	
477	157	29	
477	157	469	
477	157	476	149	
477	157	
477	157	473	
477	157	
477	157	141	
477	157	29	473	
477	157	149	
477	157	
477	157	
477	157	469	
477	157	29	149	
477	157	349	
477	157	461	
477	157	
477	157	
477	157	
477	157	149	133	
477	157	
477	157	
477	157	473	
477	157	149	476	
477	157	
477	157	29	
477	157	
477	157	149	
477	157	
477	157	149	
477	157	
477	157	473	
477	157	
477	157	
477	157	
477	157	
477	157	
477	157	
477	157	
477	157	
477	157	479	
477	157	
477	157	509	
477	157	141	
477	157	
477	157	
477	157	149	413	
477	157	149	181	
477	157	399	
477	157	
477	157	
477	157	149	
477	157	
477	157	149	
477	157	
477	157	156	413	
477	157	469	
477	157	141	
477	157	
477	157	
477	157	141	
477	157	
477	157	349	
477	157	149	
477	157	469	
477	157	
477	157	473	
477	157	473	
477	157	461	479	
477	157	159	
477	157	
477	157	461	149	
477	157	469	
477	157	159	
477	157	189	
477	157	473	
477	157	509	
477	157	
477	157	29	156	
477	157	141	
477	157	
477	157	
477	157	
477	157	159	
477	157	
477	157	
477	157	
477	157	
477	157	159	479	
477	157	
477	157	469	
477	157	
477	157	
477	157	
477	157	
477	157	
477	157	
477	157	
477	157	
477	157	
477	157	
477	157	
477	157	
477	157	
477	157	
477	157	
477	157	
477	157	349	
477	157	
477	157	
477	157	473	
477	157	469	479	156	
477	157	29	
477	157	159	
477	157	349	
477	157	
477	157	
477	157	221	
477	157	413	
477	157	
477	157	
477	157	149	349	
477	157	
477	157	349	
477	157	149	
477	157	
477	157	285	
477	157	141	
477	157	
477	157	
477	157	223	
477	157	
477	157	
477	157	509	159	
477	157	
477	157	
477	157	189	
477	157	221	
477	157	
477	157	
477	157	159	
477	157	149	
477	157	
477	157	
477	157	
477	157	
477	157	29	
477	157	
477	157	
477	157	156	153	
477	157	399	
477	157	
477	157	149	145	
477	157	
477	157	479	
477	157	153	
477	157	
477	157	
477	157	
477	157	412	
477	157	156	
477	157	
477	157	
477	157	188	
477	157	
477	157	153	
477	157	
477	157	
477	157	478	412	
477	157	469	
477	157	149	
477	157	
477	157	509	
477	157	
477	157	476	
477	157	
477	157	
477	157	
477	157	
477	157	473	
477	157	
477	157	153	
477	157	
477	157	221	
477	157	413	
477	157	
477	157	
477	157	149	
477	157	
477	157	
477	157	
477	157	349	
477	157	
477	157	
477	157	
477	157	349	
477	157	
477	157	190	
477	157	
477	157	
477	157	
477	157	
477	157	
477	157	
477	157	
477	157	
477	157	221	
477	157	29	
477	157	
477	157	149	
477	157	149	
477	157	
477	157	
477	157	29	21	
477	157	141	
477	157	
477	157	461	
477	157	469	
477	157	
477	157	
477	157	
477	157	
477	157	
477	157	221	473	
477	157	
477	157	
477	157	
477	157	
477	157	221	
477	157	
477	157	
477	157	
477	157	
477	157	345	473	
477	157	
477	157	
477	157	
477	157	399	
477	157	
477	157	149	133	
477	157	149	
477	157	
477	157	
477	157	
477	157	
477	157	479	
477	157	
477	157	
477	157	
477	157	461	
477	157	
477	157	413	415	
477	157	473	149	
477	157	
477	157	
477	157	509	
477	157	
477	157	413	
477	157	159	
477	157	
477	157	149	
477	157	
477	157	473	
477	157	159	
477	157	
477	157	
477	157	
477	157	221	
477	157	479	
477	157	509	
477	157	
477	157	
477	157	
477	157	156	
477	157	
477	157	
477	157	469	
477	157	
477	157	349	
477	157	
477	157	
477	157	476	
477	157	
477	157	156	
477	157	
477	157	137	153	
477	157	
477	157	473	
477	157	
477	157	29	141	
477	157	476	
477	157	149	13	
477	157	
477	157	149	473	
477	157	149	
477	157	
477	157	
477	157	149	
477	157	
477	157	
477	157	461	
477	157	
477	157	149	509	
477	157	
477	157	
477	157	
477	157	476	
477	157	
477	157	479	
477	157	
477	157	156	
477	157	
477	157	
477	157	349	
477	157	
477	157	29	
477	157	
477	157	479	
477	157	
477	157	
477	157	
477	157	
477	157	149	
477	157	509	
477	157	
477	157	
477	157	
477	157	159	
477	157	
477	157	
477	157	457	469	
477	157	
477	157	413	
477	157	
477	157	149	
477	157	
477	157	156	
477	157	
477	157	476	
477	157	476	
477	157	149	141	
477	157	156	413	405	
477	157	
477	157	
477	157	133	
477	157	
477	157	
477	157	
477	157	
477	157	
477	157	
477	157	
477	157	
477	157	
477	157	
477	157	
477	157	189	
477	157	473	
477	157	469	468	
477	157	
477	157	479	
477	157	
477	157	
477	157	349	
477	157	149	
477	157	149	
477	157	509	
477	157	
477	157	221	
477	157	413	469	156	
477	157	
477	157	29	
477	157	
477	157	221	479	
477	157	
477	157	
477	157	
477	157	449	453	
477	157	
477	157	
477	157	
477	157	
477	157	349	
477	157	
477	157	29	31	
477	157	
477	157	221	472	149	
477	157	
477	157	461	153	
477	157	149	
477	157	476	
477	157	349	
477	157	
477	157	
477	157	29	469	159	
477	157	159	
477	157	
477	157	
477	157	
477	157	
477	157	
477	157	
477	157	
477	157	473	
477	157	
477	157	479	
477	157	
477	157	476	
477	157	
477	157	
477	157	
477	157	141	
477	157	
477	157	509	141	
477	157	
477	157	
477	157	
477	157	
477	157	
477	157	153	
477	157	413	149	
477	157	473	
477	157	
477	157	149	
477	157	
477	157	
477	157	
477	157	509	
477	157	
477	157	
477	157	149	
477	157	221	
477	157	
477	157	
477	157	
477	157	
477	157	
477	157	
477	157	221	
477	157	149	476	
477	157	221	509	
477	157	
477	157	
477	157	
477	157	461	
477	157	
477	157	
477	157	
477	157	
477	157	
477	157	189	221	
477	157	
477	157	
477	157	461	
477	157	
477	157	
477	157	149	
477	157	
477	157	149	21	473	
477	157	
477	157	469	
477	157	413	
477	157	149	
477	157	
477	157	
477	157	
477	157	
477	157	
477	157	221	413	
477	157	149	133	141	
477	157	
477	157	156	
477	157	
477	157	149	
477	157	
477	157	
477	157	
477	157	156	
477	157	
477	157	509	159	
477	157	149	473	
477	157	149	
477	157	461	
477	157	156	
477	157	149	
477	157	
477	157	
477	157	149	509	189	
477	157	
477	157	
477	157	461	
477	157	349	
477	157	
477	157	221	
477	157	189	
477	157	
477	157	
477	157	
477	157	
477	157	461	221	
477	157	189	
477	157	
477	157	
477	157	
477	157	159	
477	157	29	476	
477	157	156	
477	157	156	
477	157	
477	157	345	473	
477	157	
477	157	221	189	
477	157	153	461	
477	157	
477	157	
477	157	
477	157	
477	157	221	
477	157	469	
477	157	
477	157	413	
477	157	
477	157	413	
477	157	
477	157	
477	157	221	
477	157	
477	157	153	
477	157	
477	157	
477	157	461	
477	157	
477	157	149	
477	157	
477	157	153	141	
477	157	473	
477	157	
477	157	
477	157	
477	157	
477	157	
477	157	
477	157	
477	157	
477	157	
477	157	
477	157	
477	157	
477	157	149	213	
477	157	469	
477	157	29	
477	157	
477	157	
477	157	
477	157	509	
477	157	29	
477	157	476	
477	157	
477	157	189	185	
477	157	
477	157	509	479	
477	157	
477	157	
477	157	469	153	
477	157	
477	157	476	
477	157	
477	157	
477	157	
477	157	
477	157	
477	157	
477	157	413	509	
477	157	509	
477	157	29	149	
477	157	
477	157	509	
477	157	
477	157	
477	157	221	
477	157	149	
477	157	
477	157	149	
477	157	413	221	
477	157	349	476	
477	157	
477	157	
477	157	
477	157	
477	157	141	349	
477	157	
477	157	469	
477	157	
477	157	
477	157	461	149	
477	157	
477	157	509	
477	157	141	29	
477	157	
477	157	
477	157	
477	157	149	349	
477	157	
477	157	
477	157	469	
477	157	149	
477	157	413	
477	157	
477	157	189	
477	157	341	413	
477	157	509	349	
477	157	
477	157	
477	157	29	
477	157	189	
477	157	469	
477	157	189	
477	157	
477	157	149	
477	157	149	413	
477	157	159	473	
477	157	153	397	413	
477	157	141	
477	157	
477	157	479	
477	157	189	
477	157	
477	157	476	
477	157	
477	157	
477	157	412	414	213	221	
477	157	153	
477	157	156	
477	157	
477	157	149	
477	157	469	479	
477	157	
477	157	
477	157	149	468	461	
477	157	
477	157	
477	157	
477	157	149	413	
477	157	461	349	473	
477	157	
477	157	
477	157	
477	157	29	
477	157	141	
477	157	479	
477	157	
477	157	
477	157	221	
477	157	149	
477	157	
477	157	159	
477	157	
477	157	
477	157	473	
477	157	156	
477	157	
477	157	476	
477	157	
477	157	349	469	
477	157	
477	157	141	
477	157	
477	157	
477	157	
477	157	137	
477	157	
477	157	
477	157	476	
477	157	
477	157	
477	157	221	
477	157	
477	157	469	
477	157	478	341	349	
477	157	
477	157	
477	157	461	
477	157	
477	157	469	
477	157	
477	157	29	
477	157	
477	157	
477	157	469	
477	157	
477	157	
477	157	
477	157	141	159	
477	157	
477	157	145	
477	157	
477	157	
477	157	
477	157	141	
477	157	29	
477	157	
477	157	141	
477	157	
477	157	
477	157	
477	157	
477	157	
477	157	
477	157	
477	157	29	
477	157	479	
477	157	159	476	156	
477	157	
477	157	
477	157	156	
477	157	413	479	
477	157	461	
477	157	
477	157	469	
477	157	413	
477	157	159	
477	157	
477	157	149	159	
477	157	
477	157	
477	157	461	
477	157	
477	157	
477	157	
477	157	
477	157	156	221	
477	157	
477	157	
477	157	
477	157	29	
477	157	
477	157	461	
477	157	189	253	245	
477	157	
477	157	29	159	
477	157	
477	157	
477	157	
477	157	
477	157	469	
477	157	156	
477	157	
477	157	141	
477	157	
477	157	156	
477	157	
477	157	
477	157	
477	157	159	
477	157	
477	157	461	
477	157	
477	157	
477	157	413	
477	157	
477	157	479	
477	157	149	
477	157	473	
477	157	
477	157	
477	157	479	
477	157	
477	157	413	509	
477	157	
477	157	148	
477	157	
477	157	
477	157	
477	157	149	
477	157	
477	157	349	141	13	
477	157	
477	157	
477	157	476	
477	157	469	
477	157	156	
477	157	
477	157	149	153	
477	157	
477	157	149	151	
477	157	413	
477	157	
477	157	149	221	
477	157	
477	157	
477	157	
477	157	
477	157	
477	157	221	
477	157	153	
477	157	149	
477	157	
477	157	
477	157	
477	157	149	
477	157	
477	157	469	
477	157	
477	157	
477	157	
477	157	149	189	
477	157	141	149	
477	157	
477	157	
477	157	461	
477	157	
477	157	461	141	
477	157	
477	157	
477	157	
477	157	
477	157	189	
477	157	349	
477	157	
477	157	
477	157	
477	157	159	
477	157	
477	157	
477	157	
477	157	
477	157	
477	157	159	29	
477	157	
477	157	
477	157	349	
477	157	149	469	
477	157	29	509	
477	157	
477	157	
477	157	349	
477	157	
477	157	509	
477	157	413	
477	157	
477	157	189	159	
477	157	29	413	
477	157	149	
477	157	
477	157	
477	157	
477	157	
477	157	
477	157	
477	157	349	
477	157	
477	157	
477	157	
477	157	
477	157	
477	157	
477	157	461	141	
477	157	149	
477	157	
477	157	141	149	
477	157	
477	157	
477	157	
477	157	469	
477	157	
477	157	461	
477	157	153	
477	157	
477	157	
477	157	473	
477	157	29	
477	157	
477	157	153	
477	157	221	
477	157	349	
477	157	
477	157	476	
477	157	
477	157	
477	157	141	
477	157	509	
477	157	153	155	
477	157	461	476	
477	157	
477	157	
477	157	153	
477	157	
477	157	221	
477	157	479	29	473	
477	157	
477	157	469	
477	157	149	479	
477	157	
477	157	
477	157	
477	157	149	457	461	
477	157	469	509	
477	157	149	141	
477	157	141	
477	157	
477	157	
477	157	
477	157	
477	157	
477	157	153	
477	157	
477	157	
477	157	
477	157	
477	157	
477	157	149	
477	157	149	
477	157	
477	157	
477	157	
477	157	
477	157	
477	157	153	
477	157	
477	157	
477	157	
477	157	
477	157	153	
477	157	189	
477	157	
477	157	
477	157	
477	157	29	
477	157	
477	157	
477	157	29	
477	157	29	31	
477	157	476	
477	157	
477	157	
477	157	159	
477	157	31	149	
477	157	
477	157	
477	157	
477	157	189	
477	157	
477	157	141	479	
477	157	149	
477	157	
477	157	
477	157	29	
477	157	476	
477	157	
477	157	149	
477	157	476	159	
477	157	
477	157	
477	157	159	189	
477	157	189	
477	157	
477	157	
477	157	509	
477	157	149	
477	157	
477	157	476	
477	157	
477	157	
477	157	
477	157	
477	157	
477	157	
477	157	461	
477	157	
477	157	
477	157	468	
477	157	
477	157	469	
477	157	
477	157	461	
477	157	
477	157	
477	157	141	
477	157	153	
477	157	
477	157	509	
477	157	473	159	
477	157	461	
477	157	
477	157	189	
477	157	413	
477	157	
477	157	413	
477	157	149	21	213	159	
477	157	476	
477	157	
477	157	149	
477	157	221	
477	157	156	
477	157	
477	157	
477	157	
477	157	413	
477	157	479	
477	157	29	501	149	
477	157	413	
477	157	461	
477	157	
477	157	149	
477	157	149	133	
477	157	
477	157	149	145	
477	157	
477	157	461	
477	157	159	
477	157	
477	157	
477	157	
477	157	
477	157	469	
477	157	
477	157	
477	157	349	
477	157	349	
477	157	
477	157	
477	157	
477	157	
477	157	
477	157	
477	157	
477	157	479	
477	157	
477	157	
477	157	
477	157	221	469	
477	157	479	
477	157	
477	157	159	
477	157	
477	157	149	
477	157	
477	157	221	479	
477	157	221	
477	157	156	
477	157	
477	157	
477	157	
477	157	189	479	
477	157	149	
477	157	
477	157	
477	157	509	
477	157	
477	157	
477	157	
477	157	479	
477	157	473	
477	157	156	
477	157	156	
477	157	
477	157	
477	157	
477	157	
477	157	141	
477	157	
477	157	
477	157	
477	157	
477	157	
477	157	
477	157	180	
477	157	221	
477	157	
477	157	221	
477	157	221	
477	157	
477	157	
477	157	478	
477	157	469	
477	157	479	
477	157	153	
477	157	
477	157	149	
477	157	
477	157	
477	157	479	473	
477	157	
477	157	29	
477	157	152	
477	157	
477	157	
477	157	149	
477	157	153	29	155	
477	157	
477	157	476	349	
477	157	
477	157	469	
477	157	149	
477	157	413	
477	157	173	189	
477	157	149	
477	157	
477	157	149	
477	157	149	
477	157	
477	157	469	461	
477	157	479	
477	157	
477	157	
477	157	
477	157	
477	157	
477	157	479	137	
477	157	
477	157	
477	157	
477	157	159	29	
477	157	476	
477	157	159	
477	157	509	
477	157	
477	157	
477	157	
477	157	
477	157	
477	157	
477	157	
477	157	461	
477	157	509	
477	157	29	
477	157	149	
477	157	
477	157	509	
477	157	
477	157	
477	157	149	
477	157	509	
477	157	141	
477	157	
477	157	
477	157	413	
477	157	476	
477	157	
477	157	
477	157	
477	157	
477	157	29	
477	157	
477	157	
477	157	469	
477	157	
477	157	
477	157	509	
477	157	156	
477	157	
477	157	159	
477	157	
477	157	469	
477	157	
477	157	461	
477	157	
477	157	141	
477	157	469	
477	157	
477	157	159	
477	157	
477	157	141	
477	157	
477	157	476	
477	157	
477	157	412	
477	157	153	159	
477	157	
477	157	
477	157	
477	157	143	29	
477	157	221	149	223	
477	157	149	159	
477	157	413	
477	157	29	
477	157	
477	157	
477	157	221	
477	157	
477	157	469	
477	157	149	
477	157	
477	157	509	
477	157	509	
477	157	
477	157	
477	157	149	213	
477	157	
477	157	
477	157	
477	157	
477	157	149	
477	157	
477	157	
477	157	
477	157	
477	157	29	149	
477	157	
477	157	
477	157	
477	157	
477	157	
477	157	476	
477	157	
477	157	
477	157	
477	157	
477	157	
477	157	
477	157	
477	157	
477	157	
477	157	
477	157	
477	157	149	
477	157	
477	157	
477	157	
477	157	
477	157	221	469	505	
477	157	
477	157	
477	157	
477	157	159	149	413	
477	157	189	
477	157	
477	157	
477	157	
477	157	479	
477	157	156	
477	157	473	
477	157	149	479	
477	157	
477	157	
477	157	
477	157	
477	157	
477	157	
477	157	479	
477	157	
477	157	159	
477	157	476	
477	157	153	413	445	
477	157	29	25	
477	157	
477	157	
477	157	469	
477	157	221	189	
477	157	
477	157	
477	157	461	
477	157	
477	157	189	
477	157	501	
477	157	349	
477	157	
477	157	
477	157	
477	157	
477	157	461	
477	157	349	
477	157	
477	157	
477	157	
477	157	
477	157	156	
477	157	29	
477	157	221	
477	157	
477	157	
477	157	
477	157	
477	157	
477	157	
477	157	
477	157	
477	157	
477	157	
477	157	
477	157	
477	157	
477	157	333	
477	157	
477	157	
477	157	
477	157	
477	157	
477	157	
477	157	
477	157	
477	157	149	144	
477	157	
477	157	
477	157	
477	157	
477	157	159	
477	157	
477	157	25	156	29	476	
477	157	221	
477	157	
477	157	
477	157	149	
477	157	
477	157	509	
477	157	189	
477	157	
477	157	
477	157	
477	157	149	
477	157	156	509	13	29	
477	157	
477	157	217	
477	157	
477	157	149	
477	157	461	
477	157	156	
477	157	
477	157	473	
477	157	413	
477	157	
477	157	
477	157	
477	157	461	
477	157	
477	157	
477	157	
477	157	
477	157	
477	157	149	
477	157	
477	157	479	
477	157	
477	157	
477	157	473	
477	157	189	
477	157	
477	157	
477	157	
477	157	
477	157	
477	157	461	
477	157	
477	157	
477	157	
477	157	221	159	
477	157	
477	157	221	493	
477	157	
477	157	
477	157	141	
477	157	221	223	
477	157	460	221	149	
477	157	
477	157	
477	157	
477	157	
477	157	
477	157	413	479	
477	157	29	
477	157	
477	157	159	
477	157	221	
477	157	
477	157	149	153	159	
477	157	
477	157	
477	157	221	
477	157	476	
477	157	
477	157	
477	157	141	
477	157	29	509	
477	157	
477	157	
477	157	29	509	
477	157	
477	157	153	
477	157	149	
477	157	
477	157	
477	157	
477	157	153	
477	157	
477	157	
477	157	
477	157	
477	157	
477	157	
477	157	
477	157	
477	157	
477	157	461	
477	157	351	463	
477	157	
477	157	
477	157	509	
477	157	
477	157	
477	157	
477	157	141	
477	157	
477	157	
477	157	
477	157	
477	157	
477	157	29	
477	157	
477	157	445	189	
477	157	
477	157	
477	157	149	148	
477	157	149	413	461	
477	157	
477	157	
477	157	
477	157	
477	157	
477	157	141	
477	157	
477	157	
477	157	141	
477	157	
477	157	
477	157	413	349	
477	157	349	
477	157	
477	157	
477	157	149	
477	157	
477	157	
477	157	469	
477	157	189	
477	157	149	509	
477	157	153	
477	157	
477	157	
477	157	149	221	
477	157	
477	157	
477	157	149	
477	157	
477	157	349	
477	157	149	148	
477	157	
477	157	189	
477	157	
477	157	479	
477	157	
477	157	
477	157	221	
477	157	
477	157	
477	157	
477	157	149	
477	157	479	
477	157	153	
477	157	479	
477	157	
477	157	
477	157	
477	157	
477	157	
477	157	
477	157	153	
477	157	413	
477	157	476	
477	157	149	
477	157	413	412	
477	157	141	
477	157	
477	157	
477	157	
477	157	
477	157	149	129	
477	157	461	479	
477	157	
477	157	476	
477	157	
477	157	461	
477	157	
477	157	
477	157	473	
477	157	221	
477	157	
477	157	149	61	151	
477	157	
477	157	
477	157	
477	157	151	
477	157	469	
477	157	511	
477	157	189	149	
477	157	413	
477	157	
477	157	
477	157	
477	157	
477	157	153	
477	157	
477	157	
477	157	149	29	
477	157	
477	157	
477	157	141	
477	157	
477	157	
477	157	476	
477	157	348	
477	157	141	
477	157	221	
477	157	159	149	
477	157	
477	157	
477	157	465	469	
477	157	153	159	
477	157	29	479	
477	157	469	
477	157	
477	157	159	
477	157	149	
477	157	
477	157	
477	157	
477	157	29	
477	157	
477	157	469	156	
477	157	
477	157	29	13	
477	157	
477	157	
477	157	
477	157	
477	157	
477	157	
477	157	
477	157	221	156	
477	157	
477	157	
477	157	472	149	
477	157	
477	157	
477	157	
477	157	469	
477	157	29	
477	157	
477	157	509	
477	157	
477	157	
477	157	
477	157	
477	157	
477	157	149	
477	157	
477	157	
477	157	149	
477	157	479	
477	157	
477	157	
477	157	149	
477	157	
477	157	
477	157	
477	157	413	
477	157	29	
477	157	
477	157	413	
477	157	146	29	
477	157	146	461	
477	157	149	
477	157	
477	157	
477	157	
477	157	461	413	
477	157	
477	157	349	
477	157	
477	157	
477	157	159	413	
477	157	221	
477	157	
477	157	
477	157	
477	157	
477	157	149	
477	157	
477	157	
477	157	
477	157	
477	157	
477	157	
477	157	156	
477	157	29	
477	157	
477	157	
477	157	
477	157	472	213	509	408	
477	157	
477	157	
477	157	
477	157	
477	157	149	141	
477	157	
477	157	
477	157	221	
477	157	
477	157	
477	157	29	159	
477	157	413	
477	157	159	
477	157	
477	157	153	476	
477	157	
477	157	
477	157	
477	157	221	141	
477	157	141	
477	157	29	
477	157	461	
477	157	469	153	
477	157	509	
477	157	
477	157	
477	157	
477	157	149	
477	157	413	
477	157	476	
477	157	476	
477	157	
477	157	476	
477	157	
477	157	
477	157	
477	157	
477	157	
477	157	29	
477	157	29	476	
477	157	413	221	
477	157	469	149	
477	157	
477	157	
477	157	461	
477	157	469	
477	157	149	476	
477	157	
477	157	461	
477	157	461	
477	157	
477	157	
477	157	
477	157	
477	157	29	
477	157	
477	157	
477	157	
477	157	149	
477	157	149	29	
477	157	149	21	479	
477	157	
477	157	
477	157	
477	157	469	
477	157	509	
477	157	
477	157	149	153	
477	157	156	
477	157	
477	157	413	
477	157	
477	157	
477	157	13	
477	157	
477	157	149	
477	157	
477	157	
477	157	149	
477	157	
477	157	153	141	
477	157	29	
477	157	
477	157	
477	157	
477	157	149	
477	157	
477	157	29	
477	157	
477	157	
477	157	141	
477	157	189	21	17	
477	157	
477	157	349	
477	157	
477	157	
477	157	
477	157	
477	157	
477	157	29	21	
477	157	221	
477	157	476	
477	157	149	
477	157	285	
477	157	221	
477	157	29	
477	157	
477	157	
477	157	469	509	
477	157	
477	157	
477	157	
477	157	
477	157	
477	157	221	
477	157	149	
477	157	
477	157	
477	157	348	461	333	
477	157	
477	157	
477	157	159	141	
477	157	
477	157	479	
477	157	29	349	159	
477	157	
477	157	
477	157	
477	157	
477	157	349	
477	157	
477	157	461	153	
477	157	
477	157	469	349	
477	157	
477	157	153	
477	157	153	
477	157	
477	157	
477	157	
477	157	29	
477	157	
477	157	476	156	29	
477	157	
477	157	29	21	
477	157	
477	157	
477	157	
477	157	221	
477	157	
477	157	
477	157	479	
477	157	
477	157	
477	157	189	
477	157	
477	157	
477	157	
477	157	
477	157	
477	157	156	148	
477	157	
477	157	
477	157	
477	157	
477	157	
477	157	153	
477	157	
477	157	
477	157	469	
477	157	
477	157	
477	157	
477	157	149	
477	157	149	141	
477	157	
477	157	153	
477	157	
477	157	
477	157	221	153	
477	157	
477	157	
477	157	156	
477	157	141	
477	157	149	
477	157	
477	157	
477	157	413	
477	157	
477	157	213	
477	157	469	
477	157	29	
477	157	461	
477	157	
477	157	
477	157	189	221	
477	157	149	156	
477	157	
477	157	
477	157	479	
477	157	141	
477	157	217	479	
477	157	
477	157	
477	157	
477	157	
477	157	
477	157	
477	157	
477	157	
477	157	
477	157	
477	157	156	
477	157	189	
477	157	
477	157	189	
477	157	61	469	
477	157	
477	157	
477	157	
477	157	
477	157	461	476	
477	157	
477	157	
477	157	
477	157	
477	157	
477	157	
477	157	
477	157	188	
477	157	
477	157	
477	157	
477	157	
477	157	
477	157	
477	157	
477	157	
477	157	349	
477	157	
477	157	413	
477	157	156	
477	157	159	29	141	
477	157	
477	157	
477	157	156	
477	157	
477	157	
477	157	
477	157	
477	157	
477	157	29	
477	157	
477	157	476	
477	157	
477	157	
477	157	
477	157	
477	157	29	
477	157	
477	157	159	
477	157	
477	157	
477	157	
477	157	
477	157	
477	157	
477	157	509	
477	157	
477	157	
477	157	
477	157	140	
477	157	
477	157	
477	157	
477	157	29	
477	157	
477	157	479	349	
477	157	
477	157	349	
477	157	
477	157	
477	157	
477	157	
477	157	
477	157	
477	157	
477	157	
477	157	
477	157	509	
477	157	
477	157	
477	157	29	479	461	
477	157	
477	157	156	149	151	
477	157	476	
477	157	
477	157	149	
477	157	
477	157	189	
477	157	
477	157	413	
477	157	
477	157	
477	157	
477	157	145	
477	157	
477	157	
477	157	
477	157	
477	157	149	
477	157	
477	157	348	
477	157	509	
477	157	
477	157	
477	157	
477	157	
477	157	
477	157	
477	157	29	
477	157	
477	157	509	
477	157	
477	157	141	
477	157	
477	157	509	479	
477	157	
477	157	
477	157	141	
477	157	473	159	
477	157	
477	157	
477	157	141	149	
477	157	
477	157	
477	157	413	
477	157	
477	157	
477	157	29	25	
477	157	479	
477	157	
477	157	221	
477	157	397	
477	157	
477	157	
477	157	
477	157	
477	157	
477	157	
477	157	415	479	
477	157	141	413	445	
477	157	
477	157	349	
477	157	141	479	
477	157	
477	157	149	221	
477	157	
477	157	189	473	
477	157	
477	157	
477	157	476	
477	157	189	
477	157	
477	157	479	
477	157	149	29	
477	157	
477	157	473	
477	157	
477	157	461	
477	157	
477	157	
477	157	29	
477	157	
477	157	221	156	
477	157	
477	157	221	
477	157	149	
477	157	
477	157	156	221	220	509	
477	157	29	
477	157	
477	157	
477	157	
477	157	
477	157	
477	157	
477	157	189	
477	157	
477	157	156	415	
477	157	149	
477	157	
477	157	351	
477	157	
477	157	
477	157	
477	157	
477	157	149	213	
477	157	
477	157	153	
477	157	479	
477	157	
477	157	189	
477	157	156	
477	157	
477	157	476	348	473	
477	157	29	156	
477	157	476	
477	157	
477	157	
477	157	
477	157	
477	157	
477	157	
477	157	153	
477	157	
477	157	141	
477	157	
477	157	
477	157	
477	157	29	
477	157	
477	157	
477	157	149	
477	157	149	413	
477	157	
477	157	
477	157	149	461	
477	157	
477	157	349	
477	157	
477	157	
477	157	
477	157	
477	157	
477	157	221	476	159	
477	157	
477	157	
477	157	
477	157	
477	157	
477	157	29	
477	157	29	413	
477	157	
477	157	
477	157	
477	157	
477	157	476	413	508	
477	157	141	149	
477	157	
477	157	476	469	
477	157	153	461	
477	157	
477	157	149	221	479	148	476	
477	157	
477	157	
477	157	461	
477	157	509	
477	157	479	
477	157	
477	157	
477	157	
477	157	
477	157	189	
477	157	
477	157	
477	157	
477	157	
477	157	29	31	
477	157	156	159	
477	157	
477	157	159	413	
477	157	159	
477	157	
477	157	509	149	
477	157	
477	157	
477	157	413	461	
477	157	
477	157	
477	157	413	
477	157	
477	157	349	
477	157	476	472	
477	157	
477	157	
477	157	404	476	
477	157	149	159	
477	157	
477	157	221	
477	157	
477	157	
477	157	
477	157	469	
477	157	149	
477	157	
477	157	
477	157	
477	157	349	
477	157	149	
477	157	29	
477	157	149	
477	157	
477	157	349	
477	157	349	
477	157	
477	157	141	
477	157	
477	157	149	
477	157	
477	157	509	
477	157	
477	157	
477	157	149	
477	157	
477	157	
477	157	133	349	469	141	
477	157	
477	157	
477	157	149	159	
477	157	149	221	
477	157	413	
477	157	
477	157	156	
477	157	
477	157	189	29	
477	157	349	
477	157	
477	157	469	473	
477	157	469	
477	157	29	
477	157	149	156	
477	157	159	469	
477	157	349	
477	157	
477	157	
477	157	221	149	
477	157	
477	157	
477	157	
477	157	479	
477	157	469	
477	157	
477	157	
477	157	
477	157	469	
477	157	469	
477	157	156	
477	157	
477	157	469	
477	157	29	156	
477	157	
477	157	
477	157	
477	157	
477	157	
477	157	
477	157	
477	157	
477	157	
477	157	141	159	
477	157	
477	157	413	
477	157	
477	157	156	
477	157	
477	157	29	
477	157	
477	157	
477	157	159	
477	157	
477	157	
477	157	
477	157	29	
477	157	141	
477	157	
477	157	
477	157	149	
477	157	349	
477	157	
477	157	159	
477	157	149	
477	157	
477	157	141	
477	157	
477	157	153	
477	157	479	
477	157	476	
477	157	
477	157	
477	157	461	
477	157	472	
477	157	
477	157	
477	157	
477	157	
477	157	
477	157	
477	157	463	
477	157	153	
477	157	479	
477	157	
477	157	
477	157	
477	157	221	
477	157	
477	157	
477	157	349	
477	157	
477	157	221	
477	157	
477	157	
477	157	
477	157	
477	157	149	
477	157	
477	157	
477	157	156	220	153	
477	157	
477	157	
477	157	509	473	
477	157	
477	157	141	
477	157	469	
477	157	159	
477	157	221	
477	157	
477	157	476	
477	157	
477	157	29	461	
477	157	
477	157	
477	157	
477	157	
477	157	469	
477	157	
477	157	472	159	
477	157	
477	157	476	149	213	460	
477	157	509	
477	157	
477	157	31	
477	157	
477	157	
477	157	
477	157	189	153	
477	157	413	479	
477	157	149	
477	157	476	
477	157	159	473	
477	157	
477	157	
477	157	
477	157	
477	157	
477	157	
477	157	
477	157	461	
477	157	141	
477	157	
477	157	
477	157	29	28	
477	157	
477	157	
477	157	
477	157	
477	157	
477	157	149	
477	157	
477	157	
477	157	
477	157	
477	157	475	
477	157	
477	157	
477	157	
477	157	221	
477	157	
477	157	
477	157	479	
477	157	413	
477	157	
477	157	
477	157	
477	157	
477	157	
477	157	
477	157	149	
477	157	
477	157	476	
477	157	
477	157	
477	157	
477	157	
477	157	
477	157	141	204	
477	157	
477	157	
477	157	
477	157	29	
477	157	
477	157	29	
477	157	
477	157	221	
477	157	
477	157	
477	157	413	221	
477	157	189	
477	157	
477	157	
477	157	149	
477	157	
477	157	473	
477	157	
477	157	461	473	
477	157	
477	157	
477	157	159	
477	157	
477	157	
477	157	
477	157	149	
477	157	
477	157	461	479	
477	157	149	
477	157	412	413	141	
477	157	
477	157	
477	157	
477	157	189	
477	157	
477	157	149	
477	157	149	
477	157	
477	157	476	
477	157	
477	157	156	
477	157	
477	157	
477	157	
477	157	156	
477	157	153	
477	157	
477	157	29	
477	157	
477	157	
477	157	
477	157	181	159	
477	157	
477	157	413	
477	157	479	
477	157	
477	157	
477	157	476	
477	157	29	473	
477	157	149	
477	157	149	221	
477	157	149	332	
477	157	149	221	
477	157	149	
477	157	
477	157	
477	157	476	469	141	473	
477	157	
477	157	
477	157	141	
477	157	149	
477	157	156	189	
477	157	348	476	
477	157	
477	157	149	
477	157	
477	157	149	
477	157	
477	157	
477	157	
477	157	
477	157	
477	157	149	
477	157	221	
477	157	29	461	
477	157	
477	157	
477	157	476	
477	157	
477	157	221	
477	157	159	29	
477	157	
477	157	149	151	
477	157	
477	157	
477	157	509	
477	157	221	
477	157	29	
477	157	221	
477	157	341	
477	157	476	
477	157	221	413	
477	157	153	
477	157	153	413	
477	157	156	189	
477	157	
477	157	461	
477	157	
477	157	
477	157	461	
477	157	149	
477	157	141	
477	157	
477	157	476	508	
477	157	
477	157	
477	157	
477	157	
477	157	
477	157	
477	157	149	173	473	
477	157	
477	157	149	155	
477	157	412	
477	157	412	
477	157	476	
477	157	189	
477	157	156	
477	157	461	
477	157	159	
477	157	476	153	
477	157	
477	157	
477	157	
477	157	413	156	
477	157	
477	157	
477	157	
477	157	153	
477	157	479	469	141	
477	157	149	
477	157	413	
477	157	
477	157	
477	157	
477	157	
477	157	
477	157	159	
477	157	
477	157	141	159	476	
477	157	469	
477	157	
477	157	
477	157	156	
477	157	413	
477	157	
477	157	141	473	
477	157	156	221	
477	157	29	149	
477	157	
477	157	
477	157	469	
477	157	
477	157	189	
477	157	
477	157	
477	157	
477	157	
477	157	479	
477	157	
477	157	469	
477	157	159	
477	157	
477	157	153	
477	157	149	473	
477	157	
477	157	461	
477	157	221	
477	157	
477	157	
477	157	148	
477	157	
477	157	
477	157	
477	157	
477	157	149	479	
477	157	221	
477	157	156	
477	157	153	
477	157	413	
477	157	
477	157	
477	157	
477	157	476	
477	157	
477	157	149	
477	157	
477	157	149	
477	157	
477	157	29	149	
477	157	141	
477	157	
477	157	
477	157	349	
477	157	
477	157	141	
477	157	
477	157	
477	157	29	
477	157	
477	157	476	509	
477	157	
477	157	
477	157	
477	157	159	
477	157	149	
477	157	
477	157	221	
477	157	149	29	145	
477	157	
477	157	153	
477	157	
477	157	
477	157	
477	157	
477	157	349	
477	157	29	
477	157	349	
477	157	476	
477	157	
477	157	153	141	
477	157	
477	157	
477	157	
477	157	479	461	
477	157	
477	157	
477	157	509	
477	157	
477	157	
477	157	
477	157	
477	157	
477	157	476	501	509	
477	157	153	221	
477	157	
477	157	
477	157	149	
477	157	159	
477	157	
477	157	
477	157	29	189	
477	157	
477	157	153	413	
477	157	
477	157	149	
477	157	141	
477	157	149	151	413	
477	157	
477	157	
477	157	
477	157	
477	157	
477	157	479	
477	157	413	
477	157	149	
477	157	349	
477	157	
477	157	
477	157	460	461	
477	157	189	
477	157	221	
477	157	189	
477	157	
477	157	
477	157	
477	157	
477	157	153	
477	157	149	191	189	
477	157	
477	157	
477	157	
477	157	
477	157	191	156	
477	157	
477	157	173	
477	157	
477	157	
477	157	463	
477	157	
477	157	
477	157	
477	157	
477	157	
477	157	
477	157	349	
477	157	
477	157	
477	157	461	149	159	
477	157	149	156	
477	157	149	
477	157	
477	157	
477	157	
477	157	
477	157	
477	157	461	
477	157	149	
477	157	
477	157	
477	157	
477	157	413	
477	157	511	503	
477	157	
477	157	
477	157	149	
477	157	
477	157	
477	157	469	
477	157	189	
477	157	29	
477	157	
477	157	
477	157	469	
477	157	
477	157	413	
477	157	
477	157	189	
477	157	
477	157	
477	157	476	
477	157	
477	157	
477	157	476	29	
477	157	221	
477	157	
477	157	
477	157	
477	157	
477	157	
477	157	479	
477	157	
477	157	29	
477	157	
477	157	153	
477	157	
477	157	
477	157	476	
477	157	
477	157	
477	157	413	
477	157	
477	157	
477	157	469	
477	157	
477	157	479	
477	157	
477	157	
477	157	189	
477	157	
477	157	349	
477	157	
477	157	
477	157	221	
477	157	
477	157	
477	157	
477	157	479	
477	157	189	
477	157	149	29	
477	157	
477	157	159	
477	157	349	
477	157	
477	157	156	
477	157	156	476	468	
477	157	149	
477	157	
477	157	
477	157	189	
477	157	
477	157	29	221	149	
477	157	
477	157	
477	157	
477	157	
477	157	
477	157	153	
477	157	
477	157	
477	157	473	
477	157	
477	157	
477	157	149	
477	157	
477	157	
477	157	
477	157	29	461	
477	157	221	349	93	
477	157	
477	157	
477	157	457	
477	157	
477	157	
477	157	413	
477	157	29	
477	157	
477	157	473	
477	157	156	
477	157	221	
477	157	
477	157	479	469	159	453	
477	157	473	
477	157	
477	157	221	
477	157	
477	157	
477	157	
477	157	
477	157	149	
477	157	473	
477	157	
477	157	
477	157	
477	157	
477	157	
477	157	
477	157	
477	157	469	
477	157	479	
477	157	149	
477	157	
477	157	29	
477	157	141	
477	157	
477	157	
477	157	221	
477	157	
477	157	
477	157	
477	157	
477	157	141	
477	157	189	
477	157	
477	157	149	181	29	465	469	
477	157	159	149	
477	157	
477	157	509	
477	157	
477	157	
477	157	149	
477	157	
477	157	141	189	
477	157	
477	157	149	
477	157	509	
477	157	
477	157	
477	157	156	
477	157	
477	157	149	
477	157	153	
477	157	
477	157	473	
477	157	349	
477	157	221	
477	157	
477	157	413	
477	157	149	213	153	151	
477	157	149	
477	157	
477	157	29	
477	157	461	
477	157	413	
477	157	
477	157	
477	157	
477	157	
477	157	
477	157	149	
477	157	
477	157	
477	157	159	413	
477	157	479	
477	157	
477	157	29	509	413	
477	157	413	159	
477	157	
477	157	
477	157	509	
477	157	
477	157	159	
477	157	349	479	
477	157	
477	157	
477	157	149	
477	157	349	
477	157	
477	157	29	
477	157	
477	157	
477	157	
477	157	
477	157	
477	157	
477	157	156	
477	157	
477	157	
477	157	141	473	
477	157	
477	157	
477	157	
477	157	
477	157	473	189	
477	157	509	
477	157	473	
477	157	461	156	152	349	
477	157	
477	157	153	
477	157	
477	157	
477	157	
477	157	
477	157	509	
477	157	
477	157	
477	157	
477	157	
477	157	
477	157	
477	157	
477	157	
477	157	
477	157	
477	157	29	
477	157	
477	157	
477	157	159	
477	157	
477	157	476	
477	157	479	
477	157	
477	157	
477	157	
477	157	349	
477	157	
477	157	29	28	
477	157	
477	157	
477	157	
477	157	461	
477	157	
477	157	
477	157	153	
477	157	
477	157	159	509	
477	157	469	
477	157	
477	157	
477	157	479	141	
477	157	
477	157	479	
477	157	
477	157	
477	157	221	
477	157	141	
477	157	
477	157	141	509	133	
477	157	156	479	
477	157	189	
477	157	
477	157	159	141	
477	157	469	
477	157	413	153	
477	157	
477	157	
477	157	
477	157	
477	157	
477	157	
477	157	221	
477	157	149	141	
477	157	
477	157	
477	157	461	
477	157	29	463	
477	157	
477	157	189	
477	157	
477	157	
477	157	
477	157	
477	157	
477	157	413	156	149	
477	157	29	
477	157	
477	157	
477	157	
477	157	
477	157	
477	157	
477	157	
477	157	
477	157	
477	157	
477	157	149	
477	157	
477	157	
477	157	
477	157	349	473	
477	157	
477	157	
477	157	221	509	
477	157	
477	157	469	
477	157	
477	157	509	
477	157	479	
477	157	
477	157	
477	157	
477	157	349	
477	157	
477	157	
477	157	221	
477	157	393	476	
477	157	393	476	
477	157	393	
477	157	393	
477	157	393	489	
477	157	393	
477	157	393	
477	157	393	
477	157	393	
477	157	393	409	
477	157	393	
477	157	393	
477	157	393	
477	157	393	
477	157	393	
477	157	393	
477	157	393	
477	157	393	149	
477	157	393	
477	157	393	349	
477	157	393	
477	157	393	
477	157	393	
477	157	393	
477	157	393	409	
477	157	393	476	
157	393	
157	393	
157	393	61	
157	393	61	63	
157	393	61	397	
157	393	61	
157	393	61	29	
157	393	61	
157	393	61	
157	393	61	265	
157	393	61	
157	393	61	
157	393	61	425	457	329	489	189	
157	393	61	385	449	189	
157	393	61	385	449	321	451	465	457	337	
157	393	61	385	451	457	
157	393	61	385	451	387	
157	393	61	385	451	
157	393	61	385	451	63	149	141	
157	393	61	385	451	409	156	401	
157	61	385	451	389	
157	61	385	451	221	156	28	217	
157	61	385	451	221	217	188	180	
157	61	385	451	221	217	389	393	421	
157	61	385	451	221	217	389	205	253	
157	61	385	451	221	217	389	93	205	249	201	125	60	
157	61	385	451	221	217	389	93	449	205	216	453	473	465	452	257	
385	451	221	217	389	93	449	205	388	204	452	459	
385	451	221	217	389	93	449	205	467	417	153	
385	451	221	217	389	93	449	205	467	417	153	
385	451	221	217	389	93	449	205	467	417	419	465	483	453	469	421	497	
385	451	221	217	389	93	449	205	417	419	465	393	95	141	89	
385	451	221	217	389	93	449	205	417	419	465	95	469	501	
385	451	221	217	389	449	205	417	419	465	122	425	197	
385	221	217	389	449	205	417	465	122	425	197	252	497	384	421	114	
385	221	217	389	449	205	417	465	122	425	252	114	497	257	204	473	
385	221	217	389	449	205	417	465	122	425	252	114	204	429	232	421	
385	221	217	389	449	205	417	465	122	425	252	114	204	244	
385	221	217	389	449	205	417	465	122	425	252	114	204	206	157	384	
385	221	217	389	449	205	417	122	425	252	204	206	222	248	250	94	421	188	
385	221	217	389	449	205	417	122	425	206	248	188	207	
385	221	389	449	205	417	122	425	206	248	184	216	393	421	237	217	114	392	395	
385	221	449	205	417	122	425	206	248	184	393	421	237	200	488	222	207	424	
385	449	205	417	122	425	206	248	393	421	237	207	389	141	
385	449	205	417	122	425	206	393	421	237	395	
385	205	417	122	206	393	421	237	409	250	197	
385	205	122	393	421	237	449	
385	205	393	421	141	
385	205	393	421	207	
385	205	393	421	
385	205	393	421	417	
385	205	393	421	
385	205	393	421	
205	393	421	
205	393	421	437	
205	393	421	
205	393	421	457	
205	393	421	293	
205	393	421	
205	393	421	395	
205	393	421	429	
205	393	421	
205	393	421	493	423	
205	393	421	265	204	293	
205	393	
205	393	204	
205	393	77	
205	393	
205	393	
205	393	
205	393	
205	393	
205	393	
205	393	
205	393	
205	393	392	385	
205	393	
205	393	
205	393	385	
205	393	
205	393	
205	393	221	
205	393	
205	393	
205	393	385	141	
205	393	457	
205	393	385	
205	393	
205	393	
205	393	
205	393	201	457	
205	393	221	
205	393	
205	393	425	385	
205	393	
205	393	
205	393	
205	393	
205	393	141	
205	393	
205	393	
205	393	
205	393	201	
205	393	
205	393	204	
205	393	385	
205	393	
205	393	395	
205	393	395	
205	393	
205	393	385	409	401	
205	393	
205	393	473	
205	393	
205	393	197	
205	393	197	
205	393	385	
205	393	
205	393	237	
205	393	204	
205	393	
205	393	
205	393	204	
205	393	
205	393	
205	393	
205	393	141	
205	393	
205	393	
205	393	
205	393	
205	393	
205	393	
205	393	
205	393	
205	393	
205	393	
205	393	157	77	385	
205	393	
205	393	385	
205	393	
205	393	
205	393	
205	393	221	
205	393	
205	393	265	
205	393	
205	393	
205	393	385	401	
205	393	
205	393	385	
205	393	
205	393	141	
205	393	
205	393	
205	393	
205	393	
205	393	395	425	
205	393	221	
205	393	
205	393	
205	393	385	
205	393	
205	393	
205	393	204	
205	393	397	
205	393	
205	393	
205	393	
205	393	253	
205	393	397	
205	393	
205	393	237	
205	393	457	
205	393	
205	393	
205	393	
205	393	221	265	397	
205	393	473	
205	393	473	
205	393	473	425	
205	393	473	
205	393	473	385	
205	393	
205	393	425	
205	393	
205	393	385	
205	393	
205	393	
205	393	
205	393	
205	393	265	
205	393	385	
205	393	267	
205	393	385	
205	393	
205	393	
205	393	
205	393	
205	393	385	
205	393	
205	393	
205	393	
205	393	
205	393	
205	393	197	
205	393	392	
205	393	265	
205	393	
205	393	457	77	
205	393	397	
205	393	
205	393	
205	393	
205	393	207	
205	393	
205	393	425	
205	393	
205	393	
205	393	201	
205	393	
205	393	
205	393	
205	393	
205	393	
205	393	
205	393	385	
205	393	385	
205	393	
205	393	
205	393	201	
205	393	221	
205	393	392	
205	393	
205	393	
205	393	
205	393	
205	393	
205	393	
205	393	
205	393	
205	393	
205	393	257	265	
205	393	
205	393	385	
205	393	237	
205	393	
205	393	
205	393	
205	393	
205	393	237	
205	393	
205	393	
205	393	
205	393	
205	393	
205	393	
205	393	
205	393	409	
205	393	395	
205	393	
205	393	395	265	
205	393	
205	393	
205	393	385	
205	393	
205	393	
205	393	77	
205	393	397	
205	393	141	
205	393	197	201	
205	393	267	
205	393	
205	393	217	201	
205	393	
205	393	
205	393	
205	393	
205	393	425	
205	393	
205	393	
205	393	385	141	
205	393	
205	393	385	
205	393	
205	393	237	
205	393	
205	393	
205	393	
205	393	
205	393	409	
205	393	
205	393	
205	393	
205	393	
205	393	385	
205	393	
205	393	392	
205	393	
205	393	
205	393	
205	393	
205	393	
205	393	
205	393	
205	393	265	
205	393	
205	393	385	
205	393	
205	393	395	267	
205	393	409	395	
205	393	
205	393	
205	393	457	
205	393	
205	393	
205	393	
205	393	
205	393	
205	393	
205	393	
205	393	385	
205	393	265	
205	393	
205	393	
205	393	
205	393	
205	393	
205	393	
205	393	
205	393	
205	393	141	207	
205	393	141	
205	393	385	221	
205	393	
205	393	
205	393	409	197	265	
205	393	201	
205	393	73	77	
205	393	
205	393	
205	393	
205	393	
205	393	
205	393	
205	393	265	
205	393	79	
205	393	
205	393	
205	393	
205	393	
205	393	397	
205	393	265	
205	393	409	
205	393	
205	393	
205	393	
205	393	385	
205	393	
205	393	237	201	
205	393	
205	393	
205	393	392	
205	393	265	
205	393	
205	393	
205	393	
205	393	
205	393	207	
205	393	
205	393	
205	393	425	
205	393	385	
205	393	
205	393	
205	393	
205	393	385	
205	393	197	265	
205	393	385	221	
205	393	457	
205	393	
205	393	
205	393	385	
205	393	
205	393	
205	393	
205	393	409	
205	393	
205	393	
205	393	409	
205	393	
205	393	201	
205	393	
205	393	425	
205	393	397	
205	393	141	
205	393	
205	393	
205	393	
205	393	
205	393	
205	393	221	397	
205	393	
205	393	204	
205	393	
205	393	385	77	
205	393	141	
205	393	
205	393	197	
205	393	
205	393	
205	393	
205	393	
205	393	207	
205	393	221	
205	393	207	
205	393	
205	393	197	
205	393	265	
205	393	204	
205	393	397	
205	393	265	397	
205	393	
205	393	395	267	
205	393	197	
205	393	
205	393	
205	393	
205	393	425	
205	393	207	
205	393	77	
205	393	
205	393	385	
205	393	385	
205	393	201	387	
205	393	
205	393	386	
205	393	201	
205	393	
205	393	
205	393	
205	393	
205	393	77	
205	393	
205	393	385	
205	393	
205	393	
205	393	
205	393	
205	393	
205	393	
205	393	141	
205	393	
205	393	
205	393	425	197	
205	393	
205	393	
205	393	
205	393	
205	393	207	
205	393	197	
205	393	
205	393	425	
205	393	
205	393	237	
205	393	237	
205	393	
205	393	392	
205	393	
205	393	457	
205	393	
205	393	409	
205	393	
205	393	
205	393	
205	393	
205	393	
205	393	409	
205	393	
205	393	
205	393	
205	393	
205	393	
205	393	385	
205	393	265	
205	393	
205	393	237	
205	393	385	
205	393	
205	393	77	
205	393	77	
205	393	
205	393	
205	393	425	
205	393	
205	393	
205	393	457	
205	393	397	
205	393	
205	393	
205	393	425	
205	393	77	
205	393	
205	393	425	
205	393	
205	393	
205	393	265	395	425	
205	393	
205	393	
205	393	265	
205	393	
205	393	
205	393	
205	393	
205	393	
205	393	
205	393	
205	393	
205	393	
205	393	385	
205	393	425	
205	393	
205	393	265	
205	393	141	
205	393	
205	393	385	389	
205	393	
205	393	
205	393	
205	393	
205	393	265	
205	393	207	
205	393	
205	393	141	204	
205	393	385	
205	393	397	
205	393	141	425	
205	393	
205	393	
205	393	392	
205	393	
205	393	425	
205	393	
205	393	
205	393	385	201	
205	393	
205	393	
205	393	141	157	
205	393	385	
205	393	221	
205	393	
205	393	
205	393	221	
205	393	385	204	77	
205	393	
205	393	
205	393	
205	393	
205	393	
205	393	
205	393	77	
205	393	77	
205	393	
205	393	204	
205	393	425	
205	393	
205	393	
205	393	237	
205	393	
205	393	
205	393	
205	393	
205	393	
205	393	
205	393	
205	393	
205	393	
205	393	
205	393	
205	393	
205	393	
205	393	392	
205	393	
205	393	
205	393	141	
205	393	
205	393	
205	393	
205	393	
205	393	
205	393	385	197	389	
205	393	
205	393	
205	393	221	
205	393	
205	393	
205	393	221	
205	393	
205	393	197	
205	393	
205	393	
205	393	397	201	
205	393	207	77	
205	393	
205	393	
205	393	
205	393	
205	393	201	
205	393	425	
205	393	
205	393	
205	393	385	
205	393	
205	393	425	
205	393	
205	393	
205	393	
205	393	
205	393	392	
205	393	
205	393	
205	393	
205	393	
205	393	
205	393	
205	393	392	
205	393	141	
205	393	
205	393	265	
205	393	207	
205	393	
205	393	392	
205	393	
205	393	221	
205	393	201	
205	393	
205	393	
205	393	425	
205	393	
205	393	425	
205	393	
205	393	
205	393	141	
205	393	
205	393	
205	393	425	
205	393	385	
205	393	
205	393	201	
205	393	
205	393	
205	393	
205	393	
205	393	201	221	
205	393	265	
205	393	
205	393	237	457	
205	393	
205	393	425	
205	393	
205	393	
205	393	265	457	
205	393	385	221	
205	393	385	
205	393	
205	393	
205	393	197	
205	393	
205	393	
205	393	459	
205	393	
205	393	
205	393	
205	393	141	
205	393	
205	393	
205	393	
205	393	265	
205	393	
205	393	
205	393	197	
205	393	
205	393	385	213	
205	393	385	
205	393	385	
205	393	
205	393	197	
205	393	
205	393	
205	393	
205	393	
205	393	
205	393	
205	393	221	
205	393	
205	393	207	
205	393	
205	393	385	
205	393	385	207	392	
205	393	392	237	
205	393	
205	393	
205	393	
205	393	
205	393	
205	393	
205	393	
205	393	
205	393	
205	393	221	
205	393	
205	393	
205	393	
205	393	
205	393	
205	393	
205	393	
205	393	
205	393	385	
205	393	395	
205	393	
205	393	
205	393	385	425	
205	393	
205	393	392	
205	393	77	
205	393	141	
205	393	
205	393	
205	393	
205	393	
205	393	
205	393	
205	393	
205	393	
205	393	457	197	
205	393	
205	393	409	
205	393	
205	393	141	
205	393	237	
205	393	
205	393	
205	393	
205	393	397	204	
205	393	
205	393	425	
205	393	
205	393	457	
205	393	385	
205	393	
205	393	385	
205	393	457	385	
205	393	
205	393	397	
205	393	409	
205	393	
205	393	207	425	
205	393	
205	393	221	265	
205	393	
205	393	
205	393	
205	393	
205	393	
205	393	413	
205	393	237	
205	393	141	
205	393	
205	393	457	
205	393	
205	393	
205	393	385	
205	393	197	
205	393	
205	393	385	
205	393	385	
205	393	
205	393	457	
205	393	
205	393	457	
205	393	
205	393	221	
205	393	
205	393	
205	393	
205	393	
205	393	204	
205	393	204	
205	393	
205	393	
205	393	
205	393	
205	393	
205	393	425	
205	393	
205	393	395	
205	393	395	
205	393	
205	393	
205	393	385	
205	393	385	
205	393	409	
205	393	
205	393	
205	393	
205	393	457	
205	393	237	
205	393	392	
205	393	395	
205	393	397	
205	393	425	
205	393	
205	393	
205	393	
205	393	
205	393	385	
205	393	385	
205	393	267	
205	393	457	
205	393	197	
205	393	
205	393	221	
205	393	
205	393	
205	393	
205	393	
205	393	
205	393	
205	393	77	
205	393	207	
205	393	204	
205	393	
205	393	
205	393	395	
205	393	
205	393	
205	393	
205	393	385	
205	393	
205	393	457	
205	393	397	
205	393	409	
205	393	
205	393	
205	393	
205	393	265	
205	393	
205	393	
205	393	409	473	
205	393	
205	393	
205	393	
205	393	
205	393	385	401	
205	393	237	
205	393	425	
205	393	
205	393	
205	393	
205	393	
205	393	
205	393	
205	393	221	
205	393	221	
205	393	141	
205	393	
205	393	200	201	
205	393	
205	393	
205	393	
205	393	
205	393	385	
205	393	
205	393	207	
205	393	
205	393	
205	393	
205	393	77	
205	393	221	204	
205	393	141	
205	393	
205	393	141	197	
205	393	201	
205	393	207	
205	393	
205	393	
205	393	
205	393	201	
205	393	
205	393	
205	393	
205	393	
205	393	
205	393	
205	393	
205	393	
205	393	392	
205	393	
205	393	392	
205	393	
205	393	
205	393	
205	393	457	
205	393	
205	393	
205	393	
205	393	385	
205	393	197	
205	393	
205	393	141	
205	393	
205	393	
205	393	
205	393	
205	393	
205	393	
205	393	
205	393	
205	393	
205	393	
205	393	397	
205	393	237	
205	393	
205	393	397	
205	393	
205	393	
205	393	207	
205	393	
205	393	221	
205	393	77	
205	393	385	
205	393	
205	393	
205	393	
205	393	
205	393	385	
205	393	
205	393	77	
205	393	397	
205	393	
205	393	
205	393	
205	393	
205	393	
205	393	
205	393	397	428	221	
205	393	197	
205	393	221	
205	393	
205	393	392	
205	393	
205	393	
205	393	
205	393	
205	393	
205	393	77	
205	393	392	
205	393	
205	393	
205	393	
205	393	
205	393	
205	393	
205	393	
205	393	
205	393	392	
205	393	
205	393	
205	393	
205	393	264	
205	393	
205	393	239	
205	393	
205	393	
205	393	
205	393	
205	393	
205	393	201	
205	393	392	
205	393	
205	393	
205	393	
205	393	
205	393	392	
205	393	
205	393	
205	393	
205	393	
205	393	
205	393	
205	393	385	
205	393	397	
205	393	
205	393	
205	393	265	
205	393	201	
205	393	457	
205	393	
205	393	
205	393	
205	393	
205	393	
205	393	385	204	77	
205	393	
205	393	
205	393	
205	393	425	
205	393	
205	393	
205	393	
205	393	
205	393	385	
205	393	457	
205	393	
205	393	201	
205	393	
205	393	
205	393	
205	393	
205	393	
205	393	
205	393	
205	393	
205	393	204	
205	393	141	
205	393	425	
205	393	
205	393	201	
205	393	424	
205	393	395	
205	393	
205	393	
205	393	
205	393	
205	393	
205	393	207	
205	393	
205	393	
205	393	
205	393	
205	393	392	
205	393	
205	393	
205	393	
205	393	
205	393	
205	393	
205	393	
205	393	
205	393	
205	393	385	
205	393	409	237	
205	393	
205	393	
205	393	
205	393	141	
205	393	
205	393	204	
205	393	
205	393	409	
205	393	237	
205	393	425	
205	393	
205	393	
205	393	
205	393	
205	393	397	
205	393	
205	393	
205	393	
205	393	
205	393	
205	393	
205	393	
205	393	
205	393	385	
205	393	
205	393	
205	393	
205	393	
205	393	
205	393	385	401	
205	393	385	13	
205	393	
205	393	
205	393	
205	393	
205	393	
205	393	
205	393	
205	393	
205	393	397	
205	393	385	
205	393	
205	393	221	
205	393	
205	393	
205	393	
205	393	77	
205	393	77	
205	393	409	
205	393	
205	393	
205	393	
205	393	
205	393	
205	393	237	385	
205	393	
205	393	
205	393	
205	393	
205	393	265	
205	393	
205	393	457	
205	393	
205	393	385	
205	393	
205	393	265	392	
205	393	385	
205	393	201	
205	393	
205	393	
205	393	
205	393	
205	393	207	
205	393	
205	393	457	
205	393	
205	393	
205	393	409	
205	393	
205	393	
205	393	
205	393	
205	393	
205	393	
205	393	385	
205	393	
205	393	237	
205	393	
205	393	141	
205	393	267	
205	393	267	
205	393	267	
205	393	267	
205	393	267	
205	393	267	237	
205	393	267	
205	393	267	
205	393	267	
205	393	267	207	
205	393	267	
205	393	267	
205	393	267	
205	393	267	395	
205	393	267	385	
205	393	267	397	
205	393	267	
205	393	267	
205	393	267	
205	393	267	259	
205	393	267	259	
205	393	267	
205	393	267	
205	393	267	201	266	
205	393	
205	393	
205	393	
205	393	
205	393	395	213	
205	393	265	
205	393	
205	393	429	
205	393	
205	393	204	
205	393	
205	393	
205	393	
205	393	392	
205	393	
205	393	
205	393	
205	393	237	
205	393	
205	393	
205	393	385	
205	393	385	409	
205	393	
205	393	
205	393	
205	393	
205	393	
205	393	
205	393	
205	393	
205	393	385	197	
205	393	385	
205	393	
205	393	
205	393	
205	393	
205	393	
205	393	
205	393	
205	393	
205	393	
205	393	425	
205	393	
205	393	
205	393	
205	393	385	
205	393	
205	393	
205	393	395	
205	393	265	392	
205	393	197	196	
205	393	
205	393	457	
205	393	
205	393	
205	393	
205	393	
205	393	
205	393	
205	393	
205	393	
205	393	77	
205	393	395	
205	393	
205	393	
205	393	
205	393	
205	393	
205	393	
205	393	
205	393	409	
205	393	
205	393	
205	393	
205	393	
205	393	385	
205	393	409	
205	393	173	457	
205	393	
205	393	
205	393	395	
205	393	
205	393	
205	393	
205	393	
205	393	392	
205	393	
205	393	
205	393	
205	393	
205	393	
205	393	
205	393	
205	393	
205	393	
205	393	265	
205	393	
205	393	385	
205	393	237	
205	393	
205	393	
205	393	385	
205	393	397	
205	393	385	
205	393	
205	393	397	
205	393	
205	393	
205	393	
205	393	392	
205	393	
205	393	409	
205	393	221	
205	393	
205	393	
205	393	392	
205	393	385	409	
205	393	385	
205	393	201	
205	393	
205	393	
205	393	
205	393	
205	393	
205	393	
205	393	385	
205	393	
205	393	385	417	
205	393	
205	393	425	
205	393	
205	393	207	
205	393	
205	393	
205	393	
205	393	
205	393	
205	393	
205	393	
205	393	
205	393	
205	393	77	197	
205	393	
205	393	
205	393	
205	393	
205	393	
205	393	
205	393	385	
205	393	425	
205	393	385	
205	393	
205	393	
205	393	197	
205	393	
205	393	
205	393	
205	393	409	
205	393	
205	393	
205	393	425	
205	393	
205	393	
205	393	
205	393	201	
205	393	
205	393	
205	393	204	
205	393	
205	393	385	
205	393	
205	393	
205	393	221	
205	393	392	
205	393	
205	393	385	
205	393	221	
205	393	
205	393	
205	393	237	395	
205	393	
205	393	221	
205	393	
205	393	425	
205	393	
205	393	197	
205	393	457	
205	393	
205	393	409	
205	393	
205	393	
205	393	
205	393	13	392	395	
205	393	
205	393	
205	393	
205	393	
205	393	
205	393	204	
205	393	
205	393	397	
205	393	237	265	
205	393	385	
205	393	197	
205	393	
205	393	
205	393	
205	393	425	
205	393	
205	393	457	
205	393	385	
205	393	
205	393	
205	393	
205	393	
205	393	
205	393	425	
205	393	
205	393	
205	393	265	
205	393	207	
205	393	
205	393	385	
205	393	
205	393	
205	393	197	
205	393	385	
205	393	197	
205	393	
205	393	
205	393	
205	393	
205	393	425	
205	393	
205	393	
205	393	77	
205	393	
205	393	409	
205	393	
205	393	
205	393	385	
205	393	457	201	
205	393	
205	393	
205	393	
205	393	265	
205	393	
205	393	457	
205	393	
205	393	
205	393	
205	393	
205	393	385	
205	393	
205	393	
205	393	
205	393	
205	393	
205	393	
205	393	
205	393	473	
205	393	385	401	
205	393	385	
205	393	385	409	
205	393	
205	393	221	265	
205	393	392	141	
205	393	
205	393	385	
205	393	425	
205	393	
205	393	
205	393	385	
205	393	385	
205	393	
205	393	
205	393	
205	393	
205	393	
205	393	
205	393	
205	393	
205	393	385	
205	393	
205	393	
205	393	
205	393	
205	393	
205	393	221	
205	393	141	385	
205	393	
205	393	397	
205	393	197	
205	393	
205	393	
205	393	
205	393	
205	393	
205	393	395	
205	393	
205	393	
205	393	425	
205	393	
205	393	
205	393	395	
205	393	397	
205	393	221	
205	393	237	
205	393	
205	393	
205	393	
205	393	
205	393	473	
205	393	
205	393	
205	393	
205	393	
205	393	
205	393	
205	393	
205	393	
205	393	
205	393	409	
205	393	
205	393	
205	393	204	
205	393	
205	393	
205	393	
205	393	
205	393	392	
205	393	
205	393	385	
205	393	
205	393	
205	393	141	
205	393	207	257	385	
205	393	
205	393	
205	393	
205	393	
205	393	
205	393	
205	393	
205	393	197	392	
205	393	221	
205	393	237	
205	393	77	
205	393	
205	393	
205	393	
205	393	
205	393	267	
205	393	
205	393	
205	393	
205	393	
205	393	
205	393	
205	393	
205	393	385	
205	393	
205	393	
205	393	
205	393	
205	393	
205	393	
205	393	385	
205	393	
205	393	385	
205	393	
205	393	
205	393	
205	393	
205	393	
205	393	
205	393	
205	393	
205	393	
205	393	265	
205	393	395	
205	393	
205	393	
205	393	
205	393	265	
205	393	
205	393	
205	393	
205	393	204	
205	393	
205	393	
205	393	
205	393	385	
205	393	385	
205	393	392	
205	393	
205	393	
205	393	197	
205	393	
205	393	
205	393	221	
205	393	
205	393	
205	393	
205	393	
205	393	221	
205	393	
205	393	265	
205	393	
205	393	
205	393	
205	393	77	
205	393	
205	393	
205	393	
205	393	
205	393	
205	393	
205	393	
205	393	141	
205	393	
205	393	473	345	
205	393	385	
205	393	
205	393	
205	393	237	
205	393	
205	393	
205	393	265	409	
205	393	
205	393	201	
205	393	265	
205	393	
205	393	
205	393	
205	393	204	
205	393	197	
205	393	397	141	457	
205	393	
205	393	
205	393	
205	393	
205	393	267	
205	393	267	207	
205	393	267	
205	393	267	
205	393	
205	393	385	
205	393	
205	393	
205	393	457	
205	393	
205	393	395	
205	393	
205	393	
205	393	
205	393	206	
205	393	
205	393	
205	393	
205	393	
205	393	
205	393	385	397	
205	393	
205	393	
205	393	
205	393	
205	393	
205	393	
205	393	265	
205	393	
205	393	237	
205	393	
205	393	
205	393	
205	393	207	
205	393	
205	393	
205	393	
205	393	
205	393	221	
205	393	
205	393	197	
205	393	385	
205	393	
205	393	
205	393	425	221	
205	393	
205	393	
205	393	397	
205	393	
205	393	385	
205	393	395	77	
205	393	
205	393	197	385	425	
205	393	
205	393	
205	393	
205	393	
205	393	
205	393	397	
205	393	
205	393	
205	393	
205	393	
205	393	
205	393	
205	393	
205	393	
205	393	
205	393	
205	393	
205	393	
205	393	201	
205	393	392	
205	393	392	
205	393	
205	393	
205	393	
205	393	
205	393	77	
205	393	
205	393	221	197	
205	393	265	
205	393	409	
205	393	
205	393	204	
205	393	265	
205	393	385	207	
205	393	
205	393	77	409	
205	393	265	
205	393	141	
205	393	413	
205	393	
205	393	385	
205	393	204	
205	393	
205	393	
205	393	385	
205	393	
205	393	201	
205	393	
205	393	
205	393	141	
205	393	
205	393	
205	393	
205	393	
205	393	
205	393	
205	393	
205	393	
205	393	
205	393	221	
205	393	392	
205	393	
205	393	
205	393	
205	393	
205	393	409	
205	393	
205	393	
205	393	
205	393	
205	393	
205	393	
205	393	385	
205	393	397	
205	393	
205	393	457	
205	393	385	
205	393	
205	393	457	
205	393	
205	393	
205	393	109	237	265	
205	393	237	
205	393	
205	393	
205	393	
205	393	425	
205	393	
205	393	
205	393	201	
205	393	
205	393	
205	393	
205	393	385	
205	393	
205	393	395	
205	393	409	207	
205	393	392	
205	393	409	
205	393	
205	393	
205	393	
205	393	385	425	
205	393	
205	393	
205	393	221	
205	393	
205	393	457	
205	393	
205	393	
205	393	
205	393	
205	393	385	
205	393	237	141	
205	393	
205	393	
205	393	
205	393	
205	393	
205	393	
205	393	
205	393	237	
205	393	
205	393	385	
205	393	
205	393	204	
205	393	
205	393	
205	393	197	
205	393	
205	393	457	
205	393	207	
205	393	
205	393	
205	393	141	
205	393	201	
205	393	
205	393	
205	393	
205	393	
205	393	
205	393	77	
205	393	
205	393	
205	393	
205	393	385	
205	393	
205	393	
205	393	
205	393	
205	393	207	
205	393	
205	393	
205	393	221	204	
205	393	221	
