1	236	219	455
2	192	193	385
3	184	219	403
4	195	236	431
5	192	217	409
6	204	212	416
7	228	214	442
8	230	249	479
9	254	244	498
10	256	255	511
11	246	249	495
12	258	259	517
13	239	292	531
14	273	302	575
15	309	296	605
16	298	318	616
17	339	317	656
18	328	310	638
19	329	316	645
20	326	323	649
21	291	331	622
22	346	325	671
23	388	343	731
24	451	420	871
25	463	524	987
26	415	649	1064
27	579	724	1303
28	659	675	1334
29	720	599	1319
30	840	576	1416
31	845	596	1441
32	827	595	1422
33	841	587	1428
34	826	598	1424
35	854	607	1461
36	833	589	1422
37	857	601	1458
38	825	604	1429
39	830	607	1437
40	853	606	1459
41	850	592	1442
42	822	591	1413
43	837	601	1438
44	817	617	1434
45	774	798	1572
46	690	767	1457
47	654	819	1473
48	635	839	1474
49	621	825	1446
50	645	813	1458
51	630	799	1429
52	675	763	1438
53	743	662	1405
54	748	608	1356
55	736	496	1232
56	687	727	1414
57	523	735	1258
58	526	698	1224
59	523	567	1090
60	612	536	1148
61	695	602	1297
62	716	596	1312
63	703	627	1330
64	596	695	1291
65	445	737	1182
66	438	711	1149
67	519	569	1088
68	612	396	1008
69	616	523	1139
70	624	699	1323
71	619	812	1431
72	642	850	1492
73	605	845	1450
74	606	838	1444
75	637	846	1483
76	716	690	1406
77	733	630	1363
78	700	638	1338
79	659	652	1311
80	615	621	1236
81	576	607	1183
82	569	567	1136
83	622	545	1167
84	687	566	1253
85	703	561	1264
86	749	617	1366
87	709	606	1315
88	724	611	1335
89	726	560	1286
90	692	573	1265
91	749	564	1313
92	703	589	1292
93	676	595	1271
94	665	639	1304
95	676	574	1250
96	686	572	1258
97	693	556	1249
98	712	596	1308
99	709	598	1307
100	714	591	1305
101	737	567	1304
102	719	609	1328
103	704	582	1286
104	709	570	1279
105	705	582	1287
106	660	628	1288
107	620	627	1247
108	595	605	1200
109	601	566	1167
110	606	565	1171
111	654	538	1192
112	702	572	1274
113	732	578	1310
114	676	675	1351
115	588	704	1292
116	501	741	1242
117	486	576	1062
118	541	531	1072
119	638	538	1176
120	700	595	1295
121	722	631	1353
122	688	675	1363
123	587	750	1337
124	510	725	1235
125	449	794	1243
126	541	606	1147
127	563	447	1010
128	573	488	1061
129	635	594	1229
130	699	615	1314
131	750	609	1359
132	729	492	1221
133	766	639	1405
134	589	714	1303
135	556	714	1270
136	559	556	1115
137	606	350	956
138	662	603	1265
139	663	832	1495
140	616	814	1430
141	605	831	1436
142	648	775	1423
143	701	674	1375
144	740	643	1383
145	722	642	1364
146	651	695	1346
147	568	711	1279
148	554	669	1223
149	552	586	1138
150	578	523	1101
151	636	571	1207
152	738	578	1316
153	734	619	1353
154	713	630	1343
155	657	666	1323
156	592	646	1238
157	582	581	1163
158	616	547	1163
159	705	580	1285
160	714	564	1278
161	741	552	1293
162	705	619	1324
163	612	721	1333
164	658	627	1285
165	727	493	1220
166	690	662	1352
167	618	772	1390
168	653	821	1474
169	670	805	1475
170	658	740	1398
171	705	681	1386
172	734	632	1366
173	716	646	1362
174	649	657	1306
175	585	658	1243
176	578	573	1151
177	638	418	1056
178	661	629	1290
179	634	735	1369
180	615	841	1456
181	641	851	1492
182	650	833	1483
183	649	794	1443
184	680	724	1404
185	746	658	1404
186	725	570	1295
187	703	682	1385
188	620	710	1330
189	568	678	1246
190	548	593	1141
191	570	394	964
192	667	600	1267
193	641	829	1470
194	631	827	1458
195	619	827	1446
196	634	790	1424
197	654	764	1418
198	704	656	1360
199	731	627	1358
200	692	660	1352
201	615	711	1326
202	567	700	1267
203	556	647	1203
204	571	547	1118
205	630	535	1165
206	733	612	1345
207	709	601	1310
208	728	611	1339
209	653	665	1318
210	611	667	1278
211	584	608	1192
212	596	564	1160
213	668	559	1227
214	719	565	1284
215	721	595	1316
216	675	668	1343
217	565	718	1283
218	481	717	1198
219	502	661	1163
220	513	500	1013
221	565	556	1121
222	658	589	1247
223	735	620	1355
224	733	600	1333
225	722	504	1226
226	666	712	1378
227	493	729	1222
228	478	724	1202
229	613	553	1166
230	654	532	1186
231	673	675	1348
232	654	749	1403
233	679	706	1385
234	727	680	1407
235	736	579	1315
236	763	650	1413
237	577	702	1279
238	502	746	1248
239	496	573	1069
240	523	465	988
241	574	560	1134
242	661	596	1257
243	731	635	1366
244	726	570	1296
245	663	671	1334
246	625	684	1309
247	575	650	1225
248	566	550	1116
249	602	541	1143
250	696	577	1273
251	722	607	1329
252	731	543	1274
253	759	637	1396
254	603	715	1318
255	467	784	1251
256	564	698	1262
257	665	573	1238
258	711	726	1437
259	713	710	1423
260	719	834	1553
261	696	848	1544
262	701	825	1526
263	704	853	1557
264	706	845	1551
265	715	838	1553
266	732	845	1577
267	710	839	1549
268	695	847	1542
269	714	842	1556
270	732	866	1598
271	704	845	1549
272	719	839	1558
273	714	846	1560
274	733	837	1570
275	703	834	1537
276	732	833	1565
277	714	850	1564
278	725	841	1566
279	727	826	1553
280	724	861	1585
281	696	844	1540
282	725	846	1571
283	685	854	1539
284	710	851	1561
285	744	865	1609
286	726	833	1559
287	709	811	1520
288	702	836	1538
289	737	869	1606
290	688	858	1546
291	697	852	1549
292	711	837	1548
293	695	835	1530
294	710	825	1535
295	712	851	1563
296	718	847	1565
297	722	820	1542
298	735	820	1555
299	737	779	1516
300	726	794	1520
301	734	785	1519
302	721	770	1491
303	729	767	1496
304	733	731	1464
305	725	751	1476
306	733	763	1496
307	744	706	1450
308	732	659	1391
309	744	611	1355
310	734	554	1288
311	724	509	1233
312	736	439	1175
313	731	355	1086
314	743	279	1022
315	727	243	970
316	754	214	968
317	533	320	853
318	428	379	807
319	393	449	842
320	405	507	912
321	443	527	970
322	612	602	1214
323	637	661	1298
324	651	660	1311
325	629	671	1300
326	615	657	1272
327	633	638	1271
328	640	613	1253
329	641	618	1259
330	639	618	1257
331	654	613	1267
332	633	610	1243
333	627	589	1216
334	633	540	1173
335	668	546	1214
336	633	506	1139
337	626	527	1153
338	633	508	1141
339	631	522	1153
340	509	628	1137
341	276	625	901
342	92	604	696
343	341	500	841
344	612	325	937
345	736	229	965
346	497	451	948
347	444	700	1144
348	479	815	1294
349	495	829	1324
350	528	836	1364
351	591	843	1434
352	643	838	1481
353	666	843	1509
354	667	851	1518
355	671	770	1441
356	660	765	1425
357	654	689	1343
358	638	614	1252
359	672	514	1186
360	727	500	1227
361	709	505	1214
362	735	482	1217
363	710	507	1217
364	712	497	1209
365	711	474	1185
366	712	483	1195
367	717	466	1183
368	718	489	1207
369	701	481	1182
370	713	484	1197
371	709	502	1211
372	712	466	1178
373	726	472	1198
374	705	472	1177
375	700	469	1169
376	702	492	1194
377	711	469	1180
378	696	485	1181
379	720	499	1219
380	716	488	1204
381	716	487	1203
382	715	459	1174
383	692	490	1182
384	705	483	1188
385	701	480	1181
386	714	494	1208
387	716	680	1396
388	838	767	1605
389	884	876	1760
390	884	872	1756
391	870	873	1743
392	889	870	1759
393	895	857	1752
394	893	873	1766
395	903	882	1785
396	911	872	1783
397	871	892	1763
398	889	865	1754
399	893	816	1709
400	891	797	1688
401	910	770	1680
402	882	749	1631
403	902	786	1688
404	871	790	1661
405	893	750	1643
406	881	747	1628
407	895	719	1614
408	890	737	1627
409	871	721	1592
410	871	725	1596
411	893	748	1641
412	882	793	1675
413	870	770	1640
414	917	762	1679
415	895	746	1641
416	909	740	1649
417	907	715	1622
418	896	699	1595
419	893	726	1619
420	894	731	1625
421	895	738	1633
422	917	752	1669
423	895	731	1626
424	907	736	1643
425	893	708	1601
426	886	675	1561
427	898	670	1568
428	892	669	1561
429	909	705	1614
430	878	706	1584
431	897	682	1579
432	904	642	1546
433	897	615	1512
434	878	572	1450
435	891	568	1459
436	889	599	1488
437	910	538	1448
438	921	592	1513
439	880	558	1438
440	891	536	1427
441	878	505	1383
442	873	511	1384
443	908	536	1444
444	909	530	1439
445	888	518	1406
446	881	511	1392
447	888	521	1409
448	886	567	1453
449	879	541	1420
450	903	536	1439
451	850	563	1413
452	861	557	1418
453	877	535	1412
454	902	542	1444
455	892	554	1446
456	898	554	1452
457	867	533	1400
458	896	500	1396
459	886	473	1359
460	893	455	1348
461	903	447	1350
462	904	477	1381
463	893	447	1340
464	886	446	1332
465	886	451	1337
466	870	453	1323
467	878	426	1304
468	886	414	1300
469	891	425	1316
470	885	439	1324
471	890	405	1295
472	874	475	1349
473	898	452	1350
474	903	462	1365
475	877	440	1317
476	889	452	1341
477	904	456	1360
478	895	439	1334
479	878	402	1280
480	896	425	1321
481	901	414	1315
482	883	398	1281
483	892	392	1284
484	876	344	1220
485	791	378	1169
486	781	386	1167
487	887	418	1305
488	866	531	1397
489	903	524	1427
490	895	547	1442
491	877	544	1421
492	895	497	1392
493	871	474	1345
494	890	475	1365
495	892	504	1396
496	873	508	1381
497	884	507	1391
498	900	497	1397
499	872	495	1367
500	868	530	1398
501	897	476	1373
502	886	450	1336
503	890	447	1337
504	884	415	1299
505	881	415	1296
506	883	375	1258
507	899	387	1286
508	881	380	1261
509	879	384	1263
510	871	377	1248
511	800	377	1177
512	698	390	1088
513	755	424	1179
514	885	455	1340
515	888	440	1328
516	894	461	1355
517	918	463	1381
518	891	446	1337
519	885	415	1300
520	889	384	1273
521	901	373	1274
522	817	361	1178
523	771	391	1162
524	878	420	1298
525	877	416	1293
526	867	401	1268
527	899	381	1280
528	880	374	1254
529	907	358	1265
530	819	374	1193
531	791	389	1180
532	896	392	1288
533	894	418	1312
534	905	415	1320
535	909	386	1295
536	897	418	1315
537	885	403	1288
538	909	405	1314
539	881	391	1272
540	895	418	1313
541	900	431	1331
542	907	408	1315
543	896	440	1336
544	902	419	1321
545	881	392	1273
546	890	388	1278
547	913	376	1289
548	912	364	1276
549	872	353	1225
550	889	343	1232
551	910	357	1267
552	751	401	1152
553	673	376	1049
554	577	409	986
555	540	443	983
556	510	451	961
557	455	484	939
558	530	511	1041
559	527	525	1052
560	554	515	1069
561	580	582	1162
562	605	585	1190
563	720	586	1306
564	777	563	1340
565	820	527	1347
566	860	496	1356
567	868	515	1383
568	818	520	1338
569	833	519	1352
570	829	476	1305
571	823	494	1317
572	792	541	1333
573	824	507	1331
574	807	527	1334
575	826	542	1368
576	825	521	1346
577	840	510	1350
578	828	505	1333
579	840	506	1346
580	833	487	1320
581	880	509	1389
582	900	512	1412
583	871	535	1406
584	864	530	1394
585	891	530	1421
586	884	543	1427
587	879	515	1394
588	888	540	1428
589	898	479	1377
590	904	420	1324
591	879	404	1283
592	894	417	1311
593	904	377	1281
594	867	363	1230
595	796	370	1166
596	830	372	1202
597	880	404	1284
598	887	432	1319
599	892	444	1336
600	889	439	1328
601	895	434	1329
602	888	379	1267
603	849	376	1225
604	846	380	1226
605	849	386	1235
606	904	402	1306
607	908	390	1298
608	867	372	1239
609	922	366	1288
610	911	363	1274
611	884	360	1244
612	855	387	1242
613	824	368	1192
614	868	418	1286
615	884	429	1313
616	873	434	1307
617	892	466	1358
618	895	456	1351
619	887	409	1296
620	900	380	1280
621	902	382	1284
622	867	366	1233
623	830	350	1180
624	809	394	1203
625	840	388	1228
626	868	372	1240
627	836	395	1231
628	889	423	1312
629	902	430	1332
630	905	452	1357
631	901	431	1332
632	901	439	1340
633	884	412	1296
634	899	359	1258
635	894	362	1256
636	829	368	1197
637	735	402	1137
638	804	406	1210
639	879	443	1322
640	894	442	1336
641	869	440	1309
642	889	432	1321
643	874	410	1284
644	904	396	1300
645	880	420	1300
646	903	395	1298
647	886	412	1298
648	892	388	1280
649	882	421	1303
650	903	471	1374
651	917	453	1370
652	898	439	1337
653	907	442	1349
654	896	467	1363
655	885	463	1348
656	887	435	1322
657	914	403	1317
658	899	419	1318
659	909	407	1316
660	880	438	1318
661	888	428	1316
662	866	430	1296
663	873	442	1315
664	883	423	1306
665	874	411	1285
666	892	396	1288
667	879	406	1285
668	897	428	1325
669	893	422	1315
670	882	415	1297
671	884	427	1311
672	876	466	1342
673	886	488	1374
674	900	469	1369
675	916	458	1374
676	895	464	1359
677	868	445	1313
678	888	463	1351
679	903	440	1343
680	885	447	1332
681	888	438	1326
682	902	414	1316
683	884	386	1270
684	872	348	1220
685	911	303	1214
686	824	387	1211
687	689	350	1039
688	523	370	893
689	448	398	846
690	396	437	833
691	428	483	911
692	471	508	979
693	476	530	1006
694	523	599	1122
695	600	573	1173
696	655	607	1262
697	705	653	1358
698	850	574	1424
699	864	595	1459
700	866	573	1439
701	892	592	1484
702	897	574	1471
703	887	575	1462
704	879	564	1443
705	882	569	1451
706	879	564	1443
707	892	509	1401
708	891	528	1419
709	919	552	1471
710	906	564	1470
711	902	557	1459
712	916	546	1462
713	878	556	1434
714	895	513	1408
715	891	512	1403
716	888	526	1414
717	904	545	1449
718	875	491	1366
719	892	479	1371
720	878	431	1309
721	916	470	1386
722	866	446	1312
723	887	403	1290
724	870	410	1280
725	913	400	1313
726	905	375	1280
727	840	377	1217
728	864	406	1270
729	877	406	1283
730	858	369	1227
731	818	381	1199
732	813	407	1220
733	881	431	1312
734	896	385	1281
735	900	417	1317
736	890	440	1330
737	902	449	1351
738	900	450	1350
739	890	416	1306
740	892	423	1315
741	883	447	1330
742	871	412	1283
743	906	404	1310
744	895	401	1296
745	901	419	1320
746	893	412	1305
747	905	409	1314
748	898	392	1290
749	888	398	1286
750	892	391	1283
751	896	413	1309
752	874	408	1282
753	811	402	1213
754	845	366	1211
755	876	383	1259
756	897	418	1315
757	908	453	1361
758	899	490	1389
759	864	481	1345
760	882	492	1374
761	896	453	1349
762	903	445	1348
763	913	426	1339
764	897	429	1326
765	904	419	1323
766	874	402	1276
767	894	400	1294
768	883	428	1311
769	906	381	1287
770	887	402	1289
771	878	416	1294
772	903	429	1332
773	889	415	1304
774	882	408	1290
775	901	423	1324
776	884	397	1281
777	899	403	1302
778	893	372	1265
779	897	386	1283
780	894	373	1267
781	788	386	1174
782	761	437	1198
783	676	467	1143
784	670	504	1174
785	676	505	1181
786	668	574	1242
787	737	570	1307
788	798	562	1360
789	856	574	1430
790	889	571	1460
791	922	565	1487
792	882	605	1487
793	895	583	1478
794	888	560	1448
795	876	547	1423
796	880	538	1418
797	899	528	1427
798	896	505	1401
799	909	505	1414
800	904	494	1398
801	894	490	1384
802	900	476	1376
803	900	473	1373
804	889	501	1390
805	897	520	1417
806	884	479	1363
807	888	477	1365
808	874	479	1353
809	878	447	1325
810	886	414	1300
811	874	425	1299
812	881	420	1301
813	888	480	1368
814	910	475	1385
815	880	454	1334
816	885	445	1330
817	882	480	1362
818	886	516	1402
819	887	440	1327
820	899	414	1313
821	888	404	1292
822	903	412	1315
823	883	413	1296
824	899	451	1350
825	888	483	1371
826	879	486	1365
827	882	528	1410
828	897	517	1414
829	892	505	1397
830	916	492	1408
831	900	498	1398
832	876	489	1365
833	900	480	1380
834	919	449	1368
835	882	498	1380
836	906	504	1410
837	901	514	1415
838	892	554	1446
839	898	536	1434
840	904	545	1449
841	877	558	1435
842	883	569	1452
843	880	539	1419
844	883	502	1385
845	894	506	1400
846	887	525	1412
847	912	485	1397
848	905	502	1407
849	875	475	1350
850	883	457	1340
851	880	476	1356
852	887	418	1305
853	907	381	1288
854	889	413	1302
855	878	450	1328
856	884	471	1355
857	894	486	1380
858	908	510	1418
859	903	478	1381
860	909	506	1415
861	881	485	1366
862	870	476	1346
863	879	475	1354
864	904	464	1368
865	877	439	1316
866	902	446	1348
867	897	392	1289
868	881	388	1269
869	880	386	1266
870	868	392	1260
871	915	414	1329
872	891	425	1316
873	903	437	1340
874	874	430	1304
875	843	407	1250
876	896	435	1331
877	893	437	1330
878	897	410	1307
879	883	403	1286
880	896	393	1289
881	879	358	1237
882	894	364	1258
883	886	339	1225
884	801	373	1174
885	707	373	1080
886	814	433	1247
887	887	448	1335
888	908	455	1363
889	880	418	1298
890	883	444	1327
891	878	433	1311
892	902	434	1336
893	872	413	1285
894	869	446	1315
895	897	407	1304
896	906	382	1288
897	898	388	1286
898	825	369	1194
899	815	365	1180
900	918	404	1322
901	907	400	1307
902	876	405	1281
903	889	413	1302
904	864	409	1273
905	896	399	1295
906	871	431	1302
907	873	406	1279
908	900	385	1285
909	905	321	1226
910	896	329	1225
911	812	360	1172
912	618	372	990
913	662	408	1070
914	847	461	1308
915	903	533	1436
916	887	505	1392
917	891	510	1401
918	901	514	1415
919	903	527	1430
920	894	526	1420
921	911	501	1412
922	889	487	1376
923	900	529	1429
924	876	557	1433
925	910	541	1451
926	897	559	1456
927	898	541	1439
928	893	561	1454
929	891	509	1400
930	878	512	1390
931	881	556	1437
932	918	493	1411
933	897	451	1348
934	877	458	1335
935	910	458	1368
936	904	454	1358
937	901	411	1312
938	881	376	1257
939	886	391	1277
940	890	403	1293
941	906	402	1308
942	907	405	1312
943	877	438	1315
944	866	422	1288
945	883	457	1340
946	903	456	1359
947	908	443	1351
948	880	490	1370
949	889	525	1414
950	887	563	1450
951	889	536	1425
952	911	519	1430
953	903	547	1450
954	888	511	1399
955	903	494	1397
956	880	497	1377
957	886	514	1400
958	894	493	1387
959	881	520	1401
960	913	499	1412
961	886	495	1381
962	873	512	1385
963	900	483	1383
964	878	418	1296
965	870	373	1243
966	888	379	1267
967	888	337	1225
968	771	389	1160
969	824	433	1257
970	881	434	1315
971	904	445	1349
972	892	445	1337
973	886	436	1322
974	896	428	1324
975	879	456	1335
976	917	477	1394
977	882	452	1334
978	900	443	1343
979	909	444	1353
980	901	378	1279
981	903	378	1281
982	889	420	1309
983	904	419	1323
984	884	422	1306
985	874	381	1255
986	889	378	1267
987	913	379	1292
988	885	358	1243
989	889	353	1242
990	798	395	1193
991	798	394	1192
992	903	435	1338
993	893	424	1317
994	910	416	1326
995	885	464	1349
996	880	445	1325
997	895	449	1344
998	894	431	1325
999	888	438	1326
1000	896	451	1347
1001	872	448	1320
1002	870	443	1313
1003	894	410	1304
1004	866	458	1324
1005	888	462	1350
1006	893	445	1338
1007	889	431	1320
1008	910	465	1375
1009	879	458	1337
1010	894	447	1341
1011	891	463	1354
1012	890	425	1315
1013	916	434	1350
1014	878	426	1304
1015	882	397	1279
1016	856	396	1252
1017	801	396	1197
1018	843	378	1221
1019	889	392	1281
1020	875	432	1307
1021	891	394	1285
1022	879	381	1260
1023	848	371	1219
1024	801	389	1190
1025	833	414	1247
1026	877	449	1326
1027	895	446	1341
1028	891	495	1386
1029	883	435	1318
1030	872	433	1305
1031	894	410	1304
1032	889	419	1308
1033	880	414	1294
1034	877	424	1301
1035	890	478	1368
1036	871	507	1378
1037	888	538	1426
1038	898	552	1450
1039	883	523	1406
1040	879	511	1390
1041	902	452	1354
1042	877	461	1338
1043	884	390	1274
1044	889	431	1320
1045	883	429	1312
1046	884	402	1286
1047	907	412	1319
1048	868	421	1289
1049	887	408	1295
1050	876	419	1295
1051	911	404	1315
1052	895	400	1295
1053	905	393	1298
1054	892	404	1296
1055	891	391	1282
1056	896	404	1300
1057	898	383	1281
1058	900	360	1260
1059	884	353	1237
1060	792	374	1166
1061	753	400	1153
1062	854	397	1251
1063	877	427	1304
1064	879	370	1249
1065	891	357	1248
1066	860	364	1224
1067	808	383	1191
1068	861	409	1270
1069	904	441	1345
1070	895	424	1319
1071	899	412	1311
1072	908	415	1323
1073	896	394	1290
1074	894	393	1287
1075	883	368	1251
1076	814	383	1197
1077	809	386	1195
1078	858	381	1239
1079	884	402	1286
1080	881	403	1284
1081	897	390	1287
1082	872	436	1308
1083	894	431	1325
1084	899	432	1331
1085	894	459	1353
1086	885	451	1336
1087	881	448	1329
1088	914	457	1371
1089	866	444	1310
1090	883	407	1290
1091	864	405	1269
1092	892	383	1275
1093	884	319	1203
1094	886	332	1218
1095	888	369	1257
1096	744	377	1121
1097	760	405	1165
1098	889	413	1302
1099	901	421	1322
1100	888	438	1326
1101	890	384	1274
1102	890	387	1277
1103	890	373	1263
1104	896	406	1302
1105	914	441	1355
1106	885	457	1342
1107	869	513	1382
1108	892	474	1366
1109	901	444	1345
1110	882	449	1331
1111	885	406	1291
1112	877	398	1275
1113	882	406	1288
1114	891	408	1299
1115	902	405	1307
1116	904	389	1293
1117	895	412	1307
1118	900	432	1332
1119	890	398	1288
1120	904	418	1322
1121	899	397	1296
1122	883	383	1266
1123	875	377	1252
1124	842	395	1237
1125	882	393	1275
1126	880	374	1254
1127	824	432	1256
1128	701	466	1167
1129	539	492	1031
1130	321	604	925
1131	509	494	1003
1132	414	534	948
1133	404	519	923
1134	427	652	1079
1135	531	628	1159
1136	557	394	951
1137	448	384	832
1138	126	536	662
1139	0	229	229
