0	1	10	12	20	26	42	51	52	60	65	93	110	120	136	137	142	150	159	162	166	168	174	179	185	187	189	191	198	200	202	204	207	214	217	227	231	275	281	282	287	295	297	299	310	316	320	322	332	337	359	366	369	375	390	403	404	408	430	433	439	441	454	457	470	473	479	482	486	491	498	499	502	77	340	239	13	346	206	328	345	331	6	418	263	262	196	164	63	437	180	321	467	36	34	319	95	45	358	478	104	97	215	367	238	101	426	453	15	391	492	504	106	370	371	392	
0	10	12	26	52	60	65	93	120	136	137	142	162	168	174	179	185	189	191	198	202	204	207	214	231	281	282	287	295	310	316	320	322	332	337	369	375	408	430	433	439	470	473	482	486	498	340	346	345	331	6	418	263	180	467	34	45	358	104	97	367	297	374	492	42	36	1	101	443	366	478	311	391	359	20	150	321	499	164	435	227	99	187	275	61	159	220	177	357	18	441	
0	10	12	26	52	60	93	120	136	142	162	174	179	185	191	198	202	204	207	214	231	282	287	295	316	320	322	337	369	375	408	430	433	470	473	482	498	346	345	6	418	263	358	104	97	297	492	1	443	478	311	391	150	435	18	439	340	117	65	434	180	158	168	160	187	96	279	34	312	310	438	45	359	328	
0	10	12	26	52	60	93	136	142	179	191	198	204	214	231	282	287	295	320	322	369	375	408	430	433	470	473	482	345	6	418	358	104	97	1	443	311	391	150	435	18	439	340	117	65	158	160	34	438	359	279	312	187	159	101	316	346	280	337	434	238	138	263	423	103	96	
12	26	52	93	136	179	191	198	204	214	231	282	287	295	320	322	375	408	433	473	482	6	418	358	104	97	443	311	391	150	435	18	439	340	117	158	160	359	312	187	159	101	346	138	103	280	369	307	24	36	428	447	60	477	161	7	53	470	51	430	302	471	279	
12	26	52	93	136	179	191	198	204	214	231	282	287	375	408	473	482	6	418	104	443	311	391	150	435	439	340	117	158	160	359	312	159	346	280	369	24	36	161	470	302	72	134	187	163	477	164	320	103	350	140	
12	93	136	179	198	204	214	231	282	375	408	473	482	6	418	104	443	311	391	435	340	117	158	160	359	159	346	280	369	24	161	302	134	320	103	13	477	379	314	409	166	187	26	140	8	31	507	14	
12	136	179	198	204	214	231	282	375	482	418	104	443	311	391	435	340	117	158	359	159	346	280	369	24	161	302	134	103	477	379	166	26	140	408	353	187	31	349	160	71	14	
12	136	179	198	214	282	375	482	418	104	443	311	391	435	340	117	159	346	280	369	161	302	134	477	379	166	26	140	408	353	187	160	71	231	450	199	204	156	383	223	423	158	79	69	
12	136	179	198	214	282	482	104	443	311	391	435	340	117	159	346	369	161	134	477	379	166	26	140	408	353	187	71	31	276	223	465	95	467	284	368	251	127	498	277	280	
136	214	282	482	104	443	311	391	435	340	117	159	346	369	161	134	477	379	166	26	408	187	71	31	223	465	95	276	53	87	284	315	143	59	
136	214	282	482	104	311	435	340	117	159	346	369	134	477	379	166	26	408	187	71	223	465	95	276	315	371	168	138	354	439	155	119	27	38	116	
136	214	282	482	104	311	340	117	159	346	369	134	477	379	408	187	465	95	276	371	439	8	341	438	
136	214	282	104	311	340	117	159	346	369	134	379	187	465	95	276	371	274	404	79	223	363	278	353	
136	214	282	104	311	340	117	159	369	134	379	187	465	95	276	371	274	346	91	116	171	31	
136	214	282	311	340	117	159	369	379	187	95	371	274	377	152	119	191	
136	214	282	311	117	159	369	379	187	95	371	274	377	119	139	143	
136	282	311	117	159	369	379	187	95	274	377	279	
136	311	117	159	369	379	95	274	377	91	
136	311	117	159	369	379	95	274	377	310	
136	311	117	159	369	379	95	274	377	310	31	371	375	
136	311	117	159	369	379	274	377	310	31	95	63	
136	311	117	159	369	379	274	377	310	152	116	
136	311	117	159	369	379	377	276	284	260	280	
136	311	117	159	276	284	155	
136	311	159	276	284	
159	276	284	155	
159	276	284	155	
276	284	155	27	
276	155	
276	155	
276	155	284	
276	155	
276	155	
276	155	
276	155	154	
276	155	153	
276	155	340	
276	155	
276	155	
276	155	
276	155	
276	155	
276	155	316	302	
276	155	302	366	
276	155	302	366	
155	302	366	
155	302	366	
155	302	366	303	
155	302	366	27	
155	302	366	154	
155	302	366	154	
155	366	154	
155	366	154	
155	366	154	
366	154	367	383	
366	154	367	383	26	
154	367	383	155	
154	367	383	155	366	382	
154	367	383	155	366	159	
154	367	155	366	
154	155	366	358	
154	155	366	367	383	
154	366	367	383	
154	367	383	
154	367	383	218	
154	367	383	218	155	26	
154	367	383	218	155	303	
154	367	383	218	155	366	302	152	
154	367	155	366	302	147	
155	366	302	
155	366	302	494	
155	366	302	
155	366	302	
155	366	302	154	430	
155	366	154	
155	366	154	
155	366	154	367	383	
155	366	154	367	383	
155	366	154	367	383	139	
155	366	154	367	383	
155	366	154	367	383	26	
155	366	154	367	383	302	375	
155	366	154	367	
155	366	154	367	138	
155	366	154	367	
155	366	154	367	
155	366	154	367	
155	366	154	367	
155	366	154	367	
155	366	154	367	
155	366	154	367	383	
155	366	154	367	383	365	
155	366	154	367	383	
155	366	154	367	383	494	146	
155	366	154	367	
155	366	154	367	
155	366	154	367	
155	366	154	367	
155	366	154	367	302	
155	366	154	367	358	
155	366	154	367	139	
155	366	154	367	
155	366	154	367	
155	366	154	367	383	
155	366	154	367	383	334	
155	366	154	367	383	
155	366	154	367	383	
155	366	154	367	383	
155	366	154	367	383	
155	366	154	367	
155	366	154	367	
155	366	154	
155	366	154	367	383	379	
366	154	367	383	
154	367	383	155	27	219	
154	367	383	155	
154	367	383	155	366	186	
154	367	383	155	366	302	218	
154	155	366	362	18	
154	155	366	
154	155	366	367	383	
154	366	367	383	
154	366	367	383	
154	367	383	218	155	
154	367	383	218	155	
154	367	383	218	155	
154	367	383	218	155	366	302	
154	367	155	366	302	
154	155	366	
154	155	366	
154	155	366	
154	366	367	383	
154	366	367	383	
154	367	383	155	
154	367	383	155	
154	367	383	155	511	
367	155	366	302	
155	366	302	131	
155	366	302	
155	366	302	
155	366	302	154	
155	366	302	154	
155	366	154	26	
155	366	154	367	383	153	
155	366	154	367	383	
155	366	154	367	383	
155	366	154	367	383	365	319	
155	154	367	383	
155	154	367	383	366	153	
155	154	367	383	366	302	
155	154	366	494	
155	154	366	367	334	
155	154	366	367	
155	154	366	367	383	
155	154	366	367	383	
155	154	366	367	383	
155	154	366	367	383	152	
155	154	366	367	
155	154	366	367	
155	154	366	186	
154	366	367	138	
154	366	367	383	
154	367	383	155	159	
154	367	155	366	302	
154	367	155	366	302	364	
155	366	302	294	
155	366	302	219	
155	366	302	154	
155	366	302	154	
155	366	154	302	
155	366	154	367	
155	366	154	367	383	
155	366	154	367	383	
155	366	154	367	383	
155	154	367	383	
155	154	367	383	
155	154	367	366	302	270	218	430	
155	367	366	302	
155	366	302	
155	366	302	147	
155	366	302	154	294	187	
155	366	302	154	153	
155	366	302	154	
155	366	154	
155	366	154	
366	154	367	355	383	
366	154	367	355	383	
366	154	367	383	155	
154	367	383	155	
154	367	383	155	
367	155	366	302	139	
155	366	302	
155	366	302	
155	366	302	154	
155	366	302	154	
155	366	302	154	
155	366	154	186	
155	366	154	
155	366	154	383	367	
366	154	383	367	379	
366	154	383	367	155	
154	383	367	155	365	
154	383	367	155	366	159	
154	383	367	155	366	302	351	
154	367	155	366	
154	155	366	358	
154	155	366	367	153	
154	155	366	367	383	146	
154	155	366	367	383	
154	155	366	367	383	351	
154	155	366	367	383	
154	155	366	367	
154	155	366	367	359	
154	155	366	
154	155	366	367	383	
154	366	367	383	
154	366	367	383	155	495	351	
154	367	383	155	187	159	
154	367	383	155	303	
154	367	383	155	366	302	362	494	375	
154	367	155	366	302	
154	155	366	358	
154	155	366	
154	155	366	
154	366	367	383	
154	366	367	383	335	
154	367	383	155	
154	367	383	155	218	366	302	139	
154	367	383	155	218	366	302	334	219	
154	367	155	366	302	
154	155	366	302	298	
154	155	366	302	186	
154	155	366	
154	155	366	
154	366	367	383	365	
154	366	367	383	
154	367	383	155	
154	367	383	155	218	381	
154	367	383	155	218	366	362	
154	367	383	155	366	302	334	
154	367	155	366	302	
154	155	366	
154	155	366	187	
154	155	366	367	383	351	
154	155	366	367	383	303	
154	155	366	367	383	
154	155	367	383	
154	155	367	383	366	
154	155	367	366	
154	155	366	146	
154	155	366	
154	366	367	155	
154	366	367	383	
154	367	383	382	
154	367	383	218	
154	367	218	
367	218	365	
218	365	202	
218	365	357	
218	365	250	
218	365	
218	365	
218	365	
218	365	493	
218	365	
218	365	
218	365	250	90	
218	365	
218	365	301	202	
218	365	
218	365	202	
218	365	
218	365	
218	365	
218	365	
218	365	
218	365	
218	365	
218	365	
218	365	367	
218	365	
218	365	429	
218	365	
218	365	
218	365	
218	365	
218	365	210	
218	365	
218	365	
218	365	
218	365	
218	365	154	
218	365	
218	365	
218	365	88	381	
218	365	88	364	
218	365	88	
218	365	88	
218	365	88	
218	365	88	
218	365	88	
218	365	88	
218	365	88	
218	365	88	493	
218	365	88	
218	365	88	364	
218	365	88	203	216	493	
218	365	88	203	
218	365	88	203	
218	365	88	203	210	154	
218	365	88	203	195	
218	365	88	203	
218	365	88	203	154	
218	365	88	203	
365	88	203	
365	88	203	333	269	353	
365	88	203	333	269	353	285	461	287	271	281	
365	88	203	333	461	413	
365	88	203	461	413	441	195	
88	203	461	413	441	24	
88	203	413	
88	203	413	
88	203	413	415	72	
88	203	413	409	
88	203	413	
88	203	413	
88	203	413	
88	203	413	409	
88	203	413	
88	203	413	75	
88	203	413	80	219	
88	203	413	
88	203	413	412	
88	413	405	
88	413	285	
88	413	
88	413	
88	413	
88	413	461	
88	413	461	333	
88	413	461	89	121	123	
88	413	461	89	123	122	94	158	93	253	31	
461	122	94	158	93	150	
461	122	158	93	485	493	222	
461	122	158	93	485	457	456	392	
461	158	485	457	456	489	393	491	
158	457	456	489	393	425	
158	457	456	489	393	425	
158	457	456	489	425	222	
158	457	456	425	
158	457	456	425	
158	457	425	142	
158	457	425	142	
158	457	425	142	
158	425	142	441	
158	425	142	
158	425	142	
425	142	140	
425	142	
425	142	
425	142	
425	142	417	174	
425	142	
425	142	158	
425	142	206	
425	142	143	134	
425	142	
425	142	158	
425	142	143	
425	142	
425	142	143	135	
425	142	
425	142	
425	142	427	
425	142	
425	142	
425	142	
425	142	134	
425	142	
425	142	
425	142	427	489	
425	142	
425	142	
425	142	
425	142	
425	142	445	
425	142	445	140	
142	445	
142	445	14	
142	445	206	140	
142	445	
142	445	317	447	
142	445	
142	445	
142	445	
142	445	
142	445	14	
142	445	14	
142	445	14	
142	445	14	
142	445	14	
142	445	14	
142	445	14	
142	445	14	
142	445	14	
142	445	14	
142	445	14	
142	445	14	
142	445	14	10	
142	445	14	
142	445	14	
142	445	14	
142	445	14	
142	445	14	
142	445	14	
142	445	14	206	
142	445	14	
142	445	14	
142	445	14	
142	445	14	
142	445	14	
142	445	14	
142	445	14	134	413	317	
142	445	14	
142	445	14	
142	445	14	
142	445	14	
142	445	14	509	
142	445	14	46	
142	445	14	437	
142	445	14	
142	445	14	
142	445	14	
142	445	14	
142	445	14	
142	445	14	
142	445	14	
142	445	14	441	
142	445	14	
142	445	14	
142	445	14	
142	445	14	
142	445	14	
142	445	14	
142	445	14	
142	445	14	30	134	
142	445	14	
142	445	14	
142	445	14	
142	445	14	447	
142	445	14	
142	445	14	
142	445	14	413	
142	445	14	
142	445	14	413	
142	445	14	
142	445	14	
142	445	14	
142	445	14	
142	445	14	
142	445	14	447	
142	445	14	
142	445	14	
142	445	14	78	
142	445	14	174	
142	445	14	143	
142	445	14	
142	445	14	
142	445	14	
142	445	14	
142	445	14	
142	445	14	
142	445	14	158	
142	445	14	143	
142	445	14	
142	445	14	
142	445	14	
142	445	14	
142	445	14	
142	445	14	
142	445	14	143	
142	445	14	
142	445	14	447	
142	445	14	447	
142	445	14	447	
142	445	14	
142	445	14	
142	445	14	
142	445	14	
142	445	14	
142	445	14	
142	445	14	
142	445	14	6	
142	445	14	12	
142	445	14	317	413	
142	445	14	509	
142	445	14	138	
142	445	14	
142	445	14	
142	445	14	
142	445	14	
142	445	14	15	
142	445	14	429	
142	445	14	509	
142	445	14	447	
142	445	14	
142	445	14	447	415	446	
142	445	14	
142	445	14	
142	445	14	447	439	
142	445	14	447	
142	445	14	447	437	
142	445	14	
142	445	14	140	
142	445	14	
142	445	14	
142	445	14	
142	445	14	317	
142	445	14	
142	445	14	
142	445	14	447	
142	445	14	447	439	
142	445	14	
142	445	14	
142	445	14	78	
142	445	14	
142	445	14	447	509	
142	445	14	15	
142	445	14	447	
142	445	14	447	317	443	
142	445	14	138	
142	445	14	
142	445	14	
142	445	14	
142	445	14	509	
142	445	14	
142	445	14	
142	445	14	
142	445	14	
142	445	14	421	
142	445	14	
142	445	14	
142	445	14	
142	445	14	
142	445	14	206	
142	445	14	
142	445	14	
142	445	14	441	
142	445	14	
142	445	14	316	444	429	140	
142	445	14	316	
142	445	14	316	12	
142	445	14	316	
142	445	14	316	
142	445	14	316	444	
142	445	14	316	
142	445	14	316	39	380	
142	445	14	316	39	134	
142	445	14	316	39	318	
142	445	14	316	39	
142	445	14	316	
142	445	14	316	
142	445	14	316	
142	445	14	316	174	
142	445	14	316	
142	445	14	316	317	
142	445	14	316	
142	445	14	316	
142	445	14	316	6	380	
142	445	14	316	
142	445	14	316	319	
142	445	14	316	
142	445	14	316	
142	445	14	316	300	317	
142	445	14	316	
142	445	14	316	
142	445	14	316	
142	445	14	316	
142	445	14	316	12	
142	445	14	316	
142	445	14	
142	445	14	
142	445	14	317	
142	445	14	
142	445	14	
142	445	14	6	
142	445	14	
142	445	14	
142	445	14	6	
142	445	14	46	
142	445	14	
142	445	14	
142	445	14	447	
142	445	14	447	
142	445	14	447	
142	445	14	317	
142	445	14	
142	445	14	
142	445	14	429	
142	445	14	
142	445	14	509	
142	445	14	447	
142	445	14	447	
142	445	14	447	439	441	
142	445	14	
142	445	14	437	
142	445	14	158	
142	445	14	
142	445	14	447	12	
142	445	14	447	12	439	
142	445	14	447	
142	445	14	447	
142	445	14	447	
142	445	14	
142	445	14	
142	445	14	429	
142	445	14	427	7	
142	445	14	
142	445	14	
142	445	14	
142	445	14	447	439	
142	445	14	447	
142	445	14	447	
142	445	14	447	
142	445	14	447	
142	445	14	447	415	
142	445	14	
142	445	14	
142	445	14	
142	445	14	
142	445	14	62	
142	445	14	447	413	
142	445	14	174	
142	445	14	
142	445	14	447	443	
142	445	14	447	443	
142	445	14	447	
142	445	14	
142	445	14	
142	445	14	
142	445	14	
142	445	14	
142	445	14	447	446	
142	445	14	
142	445	14	
142	445	14	143	429	
142	445	14	140	
142	445	14	
142	445	14	
142	445	14	
142	445	14	
142	445	14	
142	445	14	
142	445	14	
142	445	14	
142	445	14	447	206	
142	445	14	
142	445	14	
142	445	14	
142	445	14	
142	445	14	
142	445	14	158	
142	445	14	
142	445	14	158	
142	445	14	317	
142	445	14	
142	445	14	431	447	443	
142	445	14	134	
142	445	14	441	
142	445	14	429	46	
142	445	14	
142	445	14	
142	445	14	
142	445	14	
142	445	14	
142	445	14	
142	445	14	134	
142	445	14	
142	445	14	
142	445	14	413	
142	445	14	
142	445	14	447	78	
142	445	14	
142	445	14	
142	445	14	316	
142	445	14	316	
142	445	14	316	447	443	
142	445	14	316	447	
142	445	14	316	447	30	
142	445	14	316	312	380	
142	445	14	316	317	
142	445	14	316	444	
142	445	14	316	
142	445	14	316	
142	445	14	316	308	
142	445	14	316	
142	445	14	316	
142	445	14	316	317	
142	445	14	
142	445	14	206	
142	445	14	
142	445	14	
142	445	14	
142	445	14	
142	445	14	
142	445	14	
142	445	14	134	
142	445	14	
142	445	14	
142	445	14	
142	445	14	
142	445	14	
142	445	14	46	
142	445	14	429	
142	445	14	413	
142	445	14	
142	445	14	
142	445	14	
142	445	14	6	140	
142	445	14	
142	445	14	
142	445	14	
142	445	14	437	
142	445	14	
142	445	14	447	441	
142	445	14	447	
142	445	14	447	501	
142	445	14	
142	445	14	447	
142	445	14	447	
142	445	14	447	
142	445	14	
142	445	14	
142	445	14	413	
142	445	14	
142	445	14	
142	445	14	
142	445	14	447	
142	445	14	15	
142	445	14	429	
142	445	14	
142	445	14	30	
142	445	14	
142	445	14	
142	445	14	
142	445	14	
142	445	14	317	429	437	
142	445	14	
142	445	14	
142	445	14	
142	445	14	447	309	
142	445	14	447	439	
142	445	14	447	511	
142	445	14	
142	445	14	
142	445	14	
142	445	14	
142	445	14	
142	445	14	
142	445	14	
142	445	14	
142	445	14	
142	445	14	
142	445	14	6	441	
142	445	14	
142	445	14	
142	445	14	
142	445	14	
142	445	14	
142	445	14	
142	445	14	
142	445	14	
142	445	14	
142	445	14	
142	445	14	
142	445	14	
142	445	14	
142	445	14	143	
142	445	14	316	
142	445	14	316	
142	445	14	316	
142	445	14	316	509	
142	445	14	316	509	
142	445	14	316	308	
142	445	14	316	
142	445	14	316	
142	445	14	316	
142	445	14	316	
142	445	14	
142	445	14	
142	445	14	
142	445	14	
142	445	14	
142	445	14	
142	445	14	441	
142	445	14	
142	445	14	
142	445	14	
142	445	14	
142	445	14	444	
142	445	14	
142	445	14	
142	445	14	
142	445	14	
142	445	14	46	
142	445	14	
142	445	14	
142	445	14	
142	445	14	
142	445	14	
142	445	14	
142	445	14	437	
142	445	14	441	
142	445	14	
142	445	14	
142	445	14	
142	445	14	12	
142	445	14	
142	445	14	140	
142	445	14	
142	445	14	
142	445	14	
142	445	14	413	
142	445	14	6	
142	445	14	206	
142	445	14	
142	445	14	
142	445	14	158	
142	445	14	
142	445	14	
142	445	14	
142	445	14	
142	445	14	
142	445	14	
142	445	14	
142	445	14	413	
142	445	14	
142	445	14	
142	445	14	
142	445	14	
142	445	14	
142	445	14	
142	445	14	
142	445	14	
142	445	14	
142	445	14	
142	445	14	
142	445	14	
142	445	14	
142	445	14	
142	445	14	10	447	
142	445	14	
142	445	14	
142	445	14	
142	445	14	
142	445	14	
142	445	14	
142	445	14	
142	445	14	
142	445	14	
142	445	14	
142	445	14	
142	445	14	
142	445	14	
142	445	14	
142	445	14	444	
142	445	14	
142	445	14	238	12	
142	445	14	206	437	
142	445	14	
142	445	14	441	
142	445	14	158	
142	445	14	
142	445	14	
142	445	14	
142	445	14	143	
142	445	14	
142	445	14	
142	445	14	
142	445	14	413	
142	445	14	
142	445	14	
142	445	14	447	446	429	
142	445	14	447	437	
142	445	14	447	
142	445	14	
142	445	14	413	
142	445	14	
142	445	14	
142	445	14	140	429	
142	445	14	6	
142	445	14	
142	445	14	
142	445	14	413	
142	445	14	
142	445	14	447	
142	445	14	447	
142	445	14	447	15	
142	445	14	
142	445	14	
142	445	14	
142	445	14	441	158	
142	445	14	447	
142	445	14	
142	445	14	
142	445	14	437	
142	445	14	12	
142	445	14	
142	445	14	
142	445	14	447	
142	445	14	447	
142	445	14	447	206	317	
142	445	14	
142	445	14	
142	445	14	
142	445	14	
142	445	14	
142	445	14	
142	445	14	
142	445	14	
142	445	14	
142	445	14	
142	445	14	
142	445	14	
142	445	14	444	
142	445	14	
142	445	14	
142	445	14	
142	445	14	
142	445	14	
142	445	14	
142	445	14	
142	445	14	206	
142	445	14	
142	445	14	
142	445	14	413	
142	445	14	447	
142	445	14	437	206	
142	445	14	
142	445	14	437	
142	445	14	143	
142	445	14	
142	445	14	
142	445	14	
142	445	14	143	
142	445	14	15	
142	445	14	
142	445	14	
142	445	14	
142	445	14	
142	445	14	
142	445	14	
142	445	14	
142	445	14	
142	445	14	
142	445	14	
142	445	14	15	
142	445	14	30	
142	445	14	429	
142	445	14	
142	445	14	
142	445	14	
142	445	14	
142	445	14	140	
142	445	14	
142	445	14	
142	445	14	447	
142	445	14	447	
142	445	14	
142	445	14	
142	445	14	
142	445	14	
142	445	14	
142	445	14	
142	445	14	
142	445	14	10	
142	445	14	
142	445	14	
142	445	14	
142	445	14	441	
142	445	14	
142	445	14	
142	445	14	
142	445	14	
142	445	14	
142	445	14	429	
142	445	14	
142	445	14	447	10	
142	445	14	447	429	
142	445	14	447	
142	445	14	
142	445	14	
142	445	14	
142	445	14	
142	445	14	
142	445	14	437	
142	445	14	
142	445	14	
142	445	14	
142	445	14	509	
142	445	14	
142	445	14	
142	445	14	
142	445	14	
142	445	14	
142	445	14	158	
142	445	14	
142	445	14	
142	445	14	
142	445	14	140	
142	445	14	134	439	
142	445	14	
142	445	14	509	
142	445	14	
142	445	14	447	441	
142	445	14	447	6	
142	445	14	
142	445	14	
142	445	14	
142	445	14	138	
142	445	14	
142	445	14	447	206	158	
142	445	14	447	
142	445	14	
142	445	14	
142	445	14	206	
142	445	14	
142	445	14	
142	445	14	
142	445	14	
142	445	14	
142	445	14	174	
142	445	14	
142	445	14	
142	445	14	
142	445	14	
142	445	14	
142	445	14	
142	445	14	
142	445	14	
142	445	14	6	
142	445	14	
142	445	14	
142	445	14	
142	445	14	447	
142	445	14	
142	445	14	
142	445	14	441	
142	445	14	447	
142	445	14	
142	445	14	
142	445	14	12	
142	445	14	441	
142	445	14	
142	445	14	
142	445	14	
142	445	14	10	
142	445	14	447	511	
142	445	14	447	319	
142	445	14	447	
142	445	14	78	
142	445	14	317	437	
142	445	14	
142	445	14	447	
142	445	14	447	
142	445	14	447	
142	445	14	
142	445	14	
142	445	14	441	
142	445	14	46	509	
142	445	14	134	
142	445	14	
142	445	14	317	
142	445	14	
142	445	14	447	
142	445	14	447	
142	445	14	447	
142	445	14	206	
142	445	14	
142	445	14	447	
142	445	14	
142	445	14	
142	445	14	
142	445	14	
142	445	14	444	
142	445	14	
142	445	14	444	
142	445	14	
142	445	14	
142	445	14	
142	445	14	143	
142	445	14	134	
142	445	14	
142	445	14	441	
142	445	14	447	446	
142	445	14	447	
142	445	14	509	
142	445	14	
142	445	14	
142	445	14	
142	445	14	
142	445	14	447	509	443	
142	445	14	174	
142	445	14	437	
142	445	14	134	
142	445	14	
142	445	14	509	
142	445	14	
142	445	14	
142	445	14	444	
142	445	14	140	
142	445	14	317	
142	445	14	437	317	
142	445	14	
142	445	14	
142	445	14	
142	445	14	
142	445	14	
142	445	14	
142	445	14	6	30	
142	445	14	447	
142	445	14	447	78	317	
142	445	14	447	
142	445	14	
142	445	14	
142	445	14	408	
142	445	14	408	
142	445	14	408	
142	14	408	6	22	206	
14	408	6	
14	408	6	410	
14	408	6	410	78	
14	408	6	410	409	70	
14	408	6	38	
14	408	6	
408	6	280	
6	280	
280	
