1	233	249	482
2	219	213	432
3	201	209	410
4	219	194	413
5	215	224	439
6	208	210	418
7	205	231	436
8	225	235	460
9	229	259	488
10	226	278	504
11	254	289	543
12	282	313	595
13	304	389	693
14	363	464	827
15	391	553	944
16	430	665	1095
17	456	728	1184
18	450	803	1253
19	506	828	1334
20	547	822	1369
21	549	858	1407
22	536	877	1413
23	571	870	1441
24	583	871	1454
25	583	870	1453
26	578	895	1473
27	587	877	1464
28	616	879	1495
29	614	892	1506
30	598	888	1486
31	608	913	1521
32	619	892	1511
33	596	865	1461
34	609	889	1498
35	588	909	1497
36	602	881	1483
37	579	884	1463
38	604	885	1489
39	595	886	1481
40	574	884	1458
41	616	888	1504
42	600	882	1482
43	610	893	1503
44	590	869	1459
45	595	887	1482
46	606	869	1475
47	612	883	1495
48	598	877	1475
49	603	896	1499
50	597	886	1483
51	593	893	1486
52	605	896	1501
53	591	912	1503
54	608	895	1503
55	609	904	1513
56	609	886	1495
57	602	896	1498
58	575	898	1473
59	571	886	1457
60	606	866	1472
61	623	887	1510
62	603	868	1471
63	585	873	1458
64	605	872	1477
65	590	896	1486
66	634	877	1511
67	616	916	1532
68	603	899	1502
69	578	887	1465
70	593	882	1475
71	587	898	1485
72	612	903	1515
73	597	889	1486
74	617	891	1508
75	598	881	1479
76	582	881	1463
77	601	874	1475
78	580	879	1459
79	594	901	1495
80	603	903	1506
81	583	882	1465
82	596	896	1492
83	592	900	1492
84	598	867	1465
85	589	905	1494
86	604	894	1498
87	617	895	1512
88	605	892	1497
89	594	904	1498
90	611	896	1507
91	585	896	1481
92	588	891	1479
93	597	883	1480
94	602	908	1510
95	580	899	1479
96	594	879	1473
97	601	877	1478
98	603	889	1492
99	598	901	1499
100	593	895	1488
101	597	902	1499
102	588	913	1501
103	599	877	1476
104	619	891	1510
105	608	889	1497
106	591	887	1478
107	570	896	1466
108	603	906	1509
109	601	906	1507
110	621	896	1517
111	612	887	1499
112	578	899	1477
113	601	890	1491
114	616	882	1498
115	564	934	1498
116	598	880	1478
117	595	899	1494
118	591	869	1460
119	607	900	1507
120	602	889	1491
121	583	909	1492
122	603	882	1485
123	595	897	1492
124	586	908	1494
125	598	892	1490
126	598	904	1502
127	601	904	1505
128	620	863	1483
129	578	889	1467
130	553	908	1461
131	577	885	1462
132	610	866	1476
133	597	896	1493
134	591	871	1462
135	595	892	1487
136	596	883	1479
137	587	891	1478
138	607	883	1490
139	576	873	1449
140	590	904	1494
141	603	872	1475
142	583	894	1477
143	608	905	1513
144	618	879	1497
145	619	901	1520
146	605	878	1483
147	600	908	1508
148	586	911	1497
149	609	888	1497
150	566	885	1451
151	601	904	1505
152	627	876	1503
153	600	898	1498
154	580	871	1451
155	601	879	1480
156	590	885	1475
157	609	891	1500
158	608	882	1490
159	578	880	1458
160	597	895	1492
161	579	865	1444
162	571	903	1474
163	580	913	1493
164	586	889	1475
165	593	892	1485
166	583	890	1473
167	589	904	1493
168	599	873	1472
169	575	864	1439
170	592	880	1472
171	605	894	1499
172	602	890	1492
173	586	889	1475
174	601	890	1491
175	590	889	1479
176	574	886	1460
177	641	892	1533
178	607	891	1498
179	583	914	1497
180	589	871	1460
181	583	899	1482
182	589	891	1480
183	584	919	1503
184	601	894	1495
185	596	887	1483
186	607	916	1523
187	599	904	1503
188	580	895	1475
189	602	891	1493
190	612	891	1503
191	611	889	1500
192	581	882	1463
193	587	895	1482
194	616	895	1511
195	596	879	1475
196	609	847	1456
197	606	891	1497
198	590	898	1488
199	600	888	1488
200	585	893	1478
201	592	888	1480
202	603	888	1491
203	585	893	1478
204	579	869	1448
205	596	893	1489
206	615	879	1494
207	575	886	1461
208	586	912	1498
209	584	887	1471
210	594	900	1494
211	601	904	1505
212	584	898	1482
213	609	902	1511
214	593	908	1501
215	605	904	1509
216	613	886	1499
217	580	859	1439
218	625	880	1505
219	579	908	1487
220	578	877	1455
221	605	899	1504
222	587	885	1472
223	613	890	1503
224	592	890	1482
225	577	890	1467
226	601	884	1485
227	622	925	1547
228	588	907	1495
229	578	893	1471
230	611	894	1505
231	584	870	1454
232	590	905	1495
233	580	901	1481
234	580	906	1486
235	610	892	1502
236	635	904	1539
237	612	888	1500
238	606	912	1518
239	595	897	1492
240	590	916	1506
241	619	877	1496
242	585	916	1501
243	599	887	1486
244	590	901	1491
245	595	888	1483
246	584	908	1492
247	609	879	1488
248	588	895	1483
249	598	902	1500
250	588	898	1486
251	617	884	1501
252	588	889	1477
253	586	883	1469
254	577	894	1471
255	606	897	1503
256	592	888	1480
257	597	897	1494
258	599	894	1493
259	583	898	1481
260	599	895	1494
261	582	894	1476
262	592	886	1478
263	614	901	1515
264	577	900	1477
265	620	889	1509
266	604	910	1514
267	588	892	1480
268	585	894	1479
269	584	887	1471
270	601	878	1479
271	595	898	1493
272	585	896	1481
273	582	884	1466
274	611	910	1521
275	600	911	1511
276	600	880	1480
277	598	886	1484
278	602	875	1477
279	590	896	1486
280	601	879	1480
281	589	874	1463
282	597	880	1477
283	622	896	1518
284	618	904	1522
285	603	892	1495
286	603	907	1510
287	611	890	1501
288	587	894	1481
289	584	882	1466
290	604	894	1498
291	621	885	1506
292	615	885	1500
293	609	890	1499
294	620	890	1510
295	578	898	1476
296	583	898	1481
297	590	889	1479
298	591	882	1473
299	616	913	1529
300	592	903	1495
301	595	904	1499
302	593	891	1484
303	561	893	1454
304	584	893	1477
305	589	896	1485
306	598	899	1497
307	595	883	1478
308	592	900	1492
309	578	880	1458
310	579	910	1489
311	613	906	1519
312	592	886	1478
313	586	884	1470
314	599	888	1487
315	631	877	1508
316	595	910	1505
317	606	876	1482
318	591	909	1500
319	581	908	1489
320	597	885	1482
321	598	876	1474
322	597	881	1478
323	572	897	1469
324	566	912	1478
325	576	885	1461
326	610	919	1529
327	589	902	1491
328	581	904	1485
329	604	922	1526
330	598	888	1486
331	586	888	1474
332	579	889	1468
333	606	862	1468
334	597	889	1486
335	602	889	1491
336	605	887	1492
337	578	908	1486
338	572	888	1460
339	601	886	1487
340	606	900	1506
341	595	898	1493
342	587	885	1472
343	581	901	1482
344	594	889	1483
345	583	883	1466
346	578	889	1467
347	595	896	1491
348	583	905	1488
349	604	890	1494
350	603	895	1498
351	605	875	1480
352	607	885	1492
353	603	902	1505
354	613	906	1519
355	608	892	1500
356	605	892	1497
357	600	871	1471
358	587	894	1481
359	573	890	1463
360	600	894	1494
361	579	903	1482
362	591	899	1490
363	610	887	1497
364	584	881	1465
365	594	884	1478
366	585	909	1494
367	602	900	1502
368	593	908	1501
369	600	867	1467
370	614	899	1513
371	610	897	1507
372	604	910	1514
373	590	897	1487
374	601	888	1489
375	606	882	1488
376	611	893	1504
377	583	913	1496
378	588	888	1476
379	596	885	1481
380	575	905	1480
381	611	893	1504
382	576	904	1480
383	600	897	1497
384	571	914	1485
385	589	893	1482
386	599	907	1506
387	602	901	1503
388	585	877	1462
389	600	901	1501
390	566	902	1468
391	604	889	1493
392	588	882	1470
393	605	900	1505
394	585	894	1479
395	590	891	1481
396	591	890	1481
397	592	895	1487
398	595	884	1479
399	586	885	1471
400	625	904	1529
401	608	882	1490
402	603	890	1493
403	585	886	1471
404	601	899	1500
405	570	899	1469
406	589	870	1459
407	589	872	1461
408	598	873	1471
409	624	874	1498
410	577	897	1474
411	600	890	1490
412	594	886	1480
413	602	873	1475
414	590	885	1475
415	586	881	1467
416	597	895	1492
417	591	890	1481
418	573	888	1461
419	593	901	1494
420	586	905	1491
421	596	902	1498
422	615	900	1515
423	594	922	1516
424	605	915	1520
425	614	901	1515
426	587	897	1484
427	594	911	1505
428	585	903	1488
429	587	899	1486
430	585	902	1487
431	586	897	1483
432	620	892	1512
433	592	875	1467
434	611	898	1509
435	589	891	1480
436	596	881	1477
437	619	905	1524
438	597	886	1483
439	614	889	1503
440	578	903	1481
441	606	890	1496
442	579	896	1475
443	597	908	1505
444	610	904	1514
445	611	882	1493
446	601	892	1493
447	608	873	1481
448	574	906	1480
449	594	897	1491
450	597	887	1484
451	608	879	1487
452	608	886	1494
453	605	920	1525
454	596	894	1490
455	614	892	1506
456	595	902	1497
457	577	874	1451
458	572	904	1476
459	573	882	1455
460	595	912	1507
461	600	893	1493
462	601	856	1457
463	582	899	1481
464	594	875	1469
465	579	900	1479
466	597	866	1463
467	593	910	1503
468	598	907	1505
469	599	898	1497
470	591	901	1492
471	604	893	1497
472	603	882	1485
473	604	874	1478
474	594	881	1475
475	606	892	1498
476	589	871	1460
477	617	890	1507
478	579	894	1473
479	617	894	1511
480	614	897	1511
481	593	890	1483
482	594	887	1481
483	610	880	1490
484	594	890	1484
485	598	892	1490
486	596	886	1482
487	606	902	1508
488	590	886	1476
489	567	901	1468
490	604	871	1475
491	622	879	1501
492	601	899	1500
493	601	897	1498
494	582	894	1476
495	598	898	1496
496	603	897	1500
497	605	893	1498
498	600	902	1502
499	605	906	1511
500	605	880	1485
501	615	863	1478
502	593	891	1484
503	586	879	1465
504	600	870	1470
505	600	884	1484
506	611	895	1506
507	600	889	1489
508	590	922	1512
509	592	901	1493
510	601	894	1495
511	596	903	1499
512	603	891	1494
513	618	895	1513
514	601	915	1516
515	594	893	1487
516	602	889	1491
517	601	865	1466
518	635	872	1507
519	585	900	1485
520	583	908	1491
521	586	902	1488
522	603	884	1487
523	597	895	1492
524	609	892	1501
525	603	895	1498
526	569	907	1476
527	588	903	1491
528	585	901	1486
529	566	871	1437
530	596	891	1487
531	615	900	1515
532	611	885	1496
533	609	880	1489
534	589	917	1506
535	597	889	1486
536	612	896	1508
537	609	897	1506
538	595	891	1486
539	597	902	1499
540	594	892	1486
541	604	888	1492
542	602	903	1505
543	589	912	1501
544	582	878	1460
545	603	900	1503
546	587	893	1480
547	606	900	1506
548	577	910	1487
549	602	882	1484
550	589	880	1469
551	593	910	1503
552	600	922	1522
553	579	905	1484
554	595	897	1492
555	591	886	1477
556	602	908	1510
557	601	887	1488
558	577	889	1466
559	604	902	1506
560	602	910	1512
561	609	897	1506
562	594	889	1483
563	575	900	1475
564	596	875	1471
565	607	902	1509
566	591	904	1495
567	620	900	1520
568	566	908	1474
569	564	897	1461
570	585	906	1491
571	589	895	1484
572	609	885	1494
573	611	901	1512
574	592	887	1479
575	577	871	1448
576	596	878	1474
577	628	902	1530
578	621	921	1542
579	576	897	1473
580	588	893	1481
581	590	877	1467
582	605	888	1493
583	608	911	1519
584	597	915	1512
585	602	878	1480
586	590	888	1478
587	589	897	1486
588	600	891	1491
589	584	905	1489
590	580	907	1487
591	607	914	1521
592	605	900	1505
593	592	908	1500
594	605	904	1509
595	596	899	1495
596	605	918	1523
597	607	909	1516
598	602	891	1493
599	601	898	1499
600	599	893	1492
601	580	893	1473
602	605	872	1477
603	613	908	1521
604	601	899	1500
605	593	900	1493
606	583	906	1489
607	588	910	1498
608	596	881	1477
609	594	888	1482
610	621	906	1527
611	590	904	1494
612	594	890	1484
613	585	914	1499
614	595	905	1500
615	601	892	1493
616	598	883	1481
617	613	875	1488
618	630	892	1522
619	601	906	1507
620	592	898	1490
621	576	892	1468
622	601	885	1486
623	582	874	1456
624	599	914	1513
625	600	893	1493
626	591	887	1478
627	595	869	1464
628	590	907	1497
629	599	874	1473
630	592	892	1484
631	604	911	1515
632	605	897	1502
633	607	886	1493
634	609	918	1527
635	587	913	1500
636	593	884	1477
637	597	895	1492
638	583	890	1473
639	605	887	1492
640	588	894	1482
641	595	894	1489
642	593	905	1498
643	606	876	1482
644	614	871	1485
645	588	891	1479
646	627	903	1530
647	600	891	1491
648	611	896	1507
649	601	889	1490
650	608	881	1489
651	594	886	1480
652	621	892	1513
653	598	872	1470
654	631	879	1510
655	582	903	1485
656	592	903	1495
657	624	875	1499
658	605	888	1493
659	589	907	1496
660	609	890	1499
661	592	893	1485
662	577	909	1486
663	602	885	1487
664	595	894	1489
665	598	871	1469
666	579	904	1483
667	628	869	1497
668	596	876	1472
669	603	896	1499
670	600	880	1480
671	591	896	1487
672	587	885	1472
673	607	901	1508
674	603	869	1472
675	618	885	1503
676	600	899	1499
677	582	898	1480
678	566	858	1424
679	575	902	1477
680	602	897	1499
681	598	890	1488
682	598	900	1498
683	604	901	1505
684	587	869	1456
685	604	914	1518
686	574	905	1479
687	579	900	1479
688	594	899	1493
689	594	892	1486
690	579	880	1459
691	589	912	1501
692	604	894	1498
693	598	908	1506
694	604	897	1501
695	585	896	1481
696	600	887	1487
697	619	880	1499
698	591	887	1478
699	592	892	1484
700	609	899	1508
701	610	888	1498
702	579	900	1479
703	561	895	1456
704	603	890	1493
705	584	899	1483
706	591	887	1478
707	575	896	1471
708	607	887	1494
709	589	887	1476
710	611	858	1469
711	594	902	1496
712	586	880	1466
713	588	905	1493
714	623	879	1502
715	580	888	1468
716	604	851	1455
717	598	909	1507
718	600	884	1484
719	593	902	1495
720	600	860	1460
721	587	917	1504
722	598	905	1503
723	604	891	1495
724	612	844	1456
725	614	860	1474
726	623	874	1497
727	599	900	1499
728	610	906	1516
729	609	907	1516
730	600	900	1500
731	599	891	1490
732	585	876	1461
733	591	901	1492
734	611	896	1507
735	585	887	1472
736	598	911	1509
737	567	879	1446
738	587	899	1486
739	610	856	1466
740	600	893	1493
741	625	887	1512
742	592	904	1496
743	589	896	1485
744	586	884	1470
745	605	886	1491
746	599	891	1490
747	609	892	1501
748	582	892	1474
749	618	869	1487
750	595	892	1487
751	605	879	1484
752	582	881	1463
753	619	889	1508
754	610	899	1509
755	619	879	1498
756	597	905	1502
757	605	895	1500
758	593	898	1491
759	589	890	1479
760	587	905	1492
761	606	919	1525
762	606	909	1515
763	588	891	1479
764	607	883	1490
765	594	911	1505
766	607	917	1524
767	602	877	1479
768	590	875	1465
769	613	891	1504
770	595	886	1481
771	600	888	1488
772	607	893	1500
773	619	895	1514
774	626	873	1499
775	610	893	1503
776	593	896	1489
777	607	893	1500
778	595	883	1478
779	588	893	1481
780	589	909	1498
781	613	873	1486
782	599	901	1500
783	608	906	1514
784	593	872	1465
785	603	878	1481
786	614	896	1510
787	572	878	1450
788	598	893	1491
789	589	937	1526
790	596	925	1521
791	606	898	1504
792	601	892	1493
793	596	888	1484
794	602	897	1499
795	602	888	1490
796	582	887	1469
797	613	891	1504
798	624	890	1514
799	603	883	1486
800	606	904	1510
801	600	893	1493
802	592	888	1480
803	608	914	1522
804	619	899	1518
805	593	891	1484
806	591	881	1472
807	620	909	1529
808	612	907	1519
809	604	869	1473
810	585	886	1471
811	604	893	1497
812	598	892	1490
813	585	874	1459
814	603	900	1503
815	603	885	1488
816	619	886	1505
817	597	926	1523
818	590	899	1489
819	601	888	1489
820	608	902	1510
821	605	895	1500
822	595	881	1476
823	616	882	1498
824	584	884	1468
825	604	884	1488
826	572	907	1479
827	612	900	1512
828	602	890	1492
829	604	878	1482
830	594	890	1484
831	606	902	1508
832	605	881	1486
833	599	885	1484
834	614	876	1490
835	584	883	1467
836	618	893	1511
837	578	903	1481
838	564	911	1475
839	591	883	1474
840	585	885	1470
841	597	896	1493
842	604	867	1471
843	594	878	1472
844	571	854	1425
845	610	887	1497
846	591	875	1466
847	605	890	1495
848	605	920	1525
849	621	896	1517
850	590	893	1483
851	607	880	1487
852	610	883	1493
853	591	881	1472
854	596	871	1467
855	591	875	1466
856	605	876	1481
857	623	904	1527
858	584	895	1479
859	603	883	1486
860	602	910	1512
861	596	915	1511
862	588	901	1489
863	591	891	1482
864	608	885	1493
865	600	895	1495
866	614	898	1512
867	606	885	1491
868	597	877	1474
869	601	898	1499
870	577	896	1473
871	587	910	1497
872	578	886	1464
873	574	883	1457
874	599	910	1509
875	615	885	1500
876	573	886	1459
877	597	893	1490
878	593	912	1505
879	597	876	1473
880	593	901	1494
881	591	893	1484
882	578	886	1464
883	616	875	1491
884	602	882	1484
885	576	895	1471
886	585	883	1468
887	605	897	1502
888	589	877	1466
889	584	893	1477
890	598	898	1496
891	585	890	1475
892	609	904	1513
893	600	911	1511
894	608	870	1478
895	591	895	1486
896	600	878	1478
897	586	907	1493
898	616	887	1503
899	581	872	1453
900	600	855	1455
901	623	892	1515
902	585	895	1480
903	597	880	1477
904	601	897	1498
905	579	906	1485
906	590	906	1496
907	579	878	1457
908	583	883	1466
909	616	896	1512
910	609	906	1515
911	608	887	1495
912	598	915	1513
913	619	890	1509
914	587	909	1496
915	597	901	1498
916	611	891	1502
917	611	888	1499
918	572	907	1479
919	603	890	1493
920	592	890	1482
921	599	890	1489
922	588	894	1482
923	601	893	1494
924	600	875	1475
925	592	881	1473
926	602	887	1489
927	602	900	1502
928	607	872	1479
929	608	866	1474
930	578	905	1483
931	589	899	1488
932	602	894	1496
933	590	882	1472
934	608	897	1505
935	586	899	1485
936	591	882	1473
937	607	892	1499
938	584	878	1462
939	622	876	1498
940	593	882	1475
941	588	885	1473
942	573	893	1466
943	582	886	1468
944	611	889	1500
945	580	869	1449
946	594	885	1479
947	614	901	1515
948	603	897	1500
949	620	886	1506
950	589	881	1470
951	588	908	1496
952	581	908	1489
953	614	879	1493
954	583	904	1487
955	604	886	1490
956	612	889	1501
957	612	896	1508
958	613	898	1511
959	597	890	1487
960	588	888	1476
961	588	912	1500
962	607	900	1507
963	590	899	1489
964	582	906	1488
965	569	871	1440
966	617	875	1492
967	577	908	1485
968	616	882	1498
969	609	880	1489
970	596	862	1458
971	587	902	1489
972	586	901	1487
973	618	883	1501
974	617	892	1509
975	581	898	1479
976	582	890	1472
977	624	880	1504
978	581	885	1466
979	580	892	1472
980	566	916	1482
981	584	871	1455
982	587	902	1489
983	602	910	1512
984	634	887	1521
985	578	913	1491
986	613	907	1520
987	597	896	1493
988	612	886	1498
989	578	896	1474
990	552	895	1447
991	599	889	1488
992	593	899	1492
993	605	905	1510
994	596	891	1487
995	609	903	1512
996	589	890	1479
997	575	897	1472
998	582	876	1458
999	604	890	1494
1000	620	873	1493
1001	591	871	1462
1002	581	898	1479
1003	612	905	1517
1004	603	901	1504
1005	592	916	1508
1006	600	896	1496
1007	591	892	1483
1008	578	888	1466
1009	605	903	1508
1010	606	881	1487
1011	623	869	1492
1012	599	910	1509
1013	608	916	1524
1014	614	880	1494
1015	603	888	1491
1016	604	903	1507
1017	621	925	1546
1018	619	885	1504
1019	584	871	1455
1020	621	876	1497
1021	604	898	1502
1022	602	904	1506
1023	598	887	1485
1024	586	875	1461
1025	602	892	1494
1026	587	896	1483
1027	627	891	1518
1028	605	887	1492
1029	579	866	1445
1030	594	886	1480
1031	610	884	1494
1032	606	910	1516
1033	608	881	1489
1034	618	874	1492
1035	575	894	1469
1036	617	877	1494
1037	610	913	1523
1038	584	876	1460
1039	613	876	1489
1040	578	897	1475
1041	595	884	1479
1042	585	874	1459
1043	594	885	1479
1044	582	916	1498
1045	592	875	1467
1046	602	885	1487
1047	601	882	1483
1048	587	893	1480
1049	600	903	1503
1050	602	892	1494
1051	599	899	1498
1052	588	853	1441
1053	572	905	1477
1054	601	895	1496
1055	601	897	1498
1056	586	887	1473
1057	614	894	1508
1058	587	898	1485
1059	619	913	1532
1060	605	896	1501
1061	593	884	1477
1062	595	879	1474
1063	587	909	1496
1064	617	862	1479
1065	605	899	1504
1066	625	895	1520
1067	575	894	1469
1068	617	882	1499
1069	603	895	1498
1070	591	891	1482
1071	607	889	1496
1072	602	901	1503
1073	578	884	1462
1074	610	882	1492
1075	597	889	1486
1076	611	873	1484
1077	593	887	1480
1078	591	889	1480
1079	595	895	1490
1080	604	904	1508
1081	576	884	1460
1082	591	884	1475
1083	614	890	1504
1084	586	886	1472
1085	575	880	1455
1086	585	904	1489
1087	587	888	1475
1088	596	898	1494
1089	574	901	1475
1090	603	888	1491
1091	583	903	1486
1092	590	903	1493
1093	585	889	1474
1094	584	883	1467
1095	610	891	1501
1096	607	873	1480
1097	594	910	1504
1098	592	902	1494
1099	611	876	1487
1100	591	900	1491
1101	578	887	1465
1102	619	880	1499
1103	583	896	1479
1104	583	857	1440
1105	578	891	1469
1106	579	908	1487
1107	618	894	1512
1108	603	893	1496
1109	596	906	1502
1110	610	909	1519
1111	610	893	1503
1112	625	889	1514
1113	595	889	1484
1114	587	895	1482
1115	608	907	1515
1116	605	897	1502
1117	598	918	1516
1118	595	920	1515
1119	579	883	1462
1120	578	904	1482
1121	608	869	1477
1122	588	903	1491
1123	587	905	1492
1124	606	884	1490
1125	613	894	1507
1126	605	878	1483
1127	616	877	1493
1128	595	879	1474
1129	605	895	1500
1130	585	886	1471
1131	602	898	1500
1132	606	885	1491
1133	567	900	1467
1134	621	869	1490
1135	609	906	1515
1136	599	896	1495
1137	599	884	1483
1138	605	910	1515
1139	593	892	1485
1140	597	894	1491
1141	596	883	1479
1142	594	892	1486
1143	593	913	1506
1144	611	878	1489
1145	599	910	1509
1146	605	891	1496
1147	603	891	1494
1148	583	880	1463
1149	595	882	1477
1150	602	871	1473
1151	587	892	1479
1152	594	895	1489
1153	607	910	1517
1154	579	884	1463
1155	606	879	1485
1156	563	911	1474
1157	584	900	1484
1158	589	903	1492
1159	587	892	1479
1160	587	887	1474
1161	597	881	1478
1162	600	890	1490
1163	601	918	1519
1164	594	899	1493
1165	577	891	1468
1166	605	890	1495
1167	592	880	1472
1168	618	880	1498
1169	590	880	1470
1170	593	937	1530
1171	619	900	1519
1172	568	910	1478
1173	599	910	1509
1174	611	896	1507
1175	599	909	1508
1176	580	886	1466
1177	586	894	1480
1178	601	902	1503
1179	614	903	1517
1180	606	884	1490
1181	618	869	1487
1182	589	881	1470
1183	605	897	1502
1184	591	874	1465
1185	613	883	1496
1186	594	891	1485
1187	599	869	1468
1188	593	866	1459
1189	589	893	1482
1190	601	881	1482
1191	610	876	1486
1192	610	883	1493
1193	615	889	1504
1194	599	890	1489
1195	594	913	1507
1196	613	902	1515
1197	627	886	1513
1198	601	912	1513
1199	598	893	1491
1200	623	882	1505
1201	569	911	1480
1202	569	925	1494
1203	582	864	1446
1204	611	860	1471
1205	589	897	1486
1206	592	882	1474
1207	597	886	1483
1208	601	894	1495
1209	602	884	1486
1210	589	892	1481
1211	615	898	1513
1212	580	889	1469
1213	604	904	1508
1214	610	885	1495
1215	596	897	1493
1216	612	882	1494
1217	599	871	1470
1218	602	889	1491
1219	592	898	1490
1220	574	898	1472
1221	607	885	1492
1222	596	874	1470
1223	581	894	1475
1224	593	919	1512
1225	591	900	1491
1226	603	874	1477
1227	613	888	1501
1228	604	873	1477
1229	600	888	1488
1230	615	900	1515
1231	583	913	1496
1232	582	888	1470
1233	591	897	1488
1234	600	902	1502
1235	595	892	1487
1236	588	886	1474
1237	597	876	1473
1238	591	881	1472
1239	587	890	1477
1240	591	902	1493
1241	597	901	1498
1242	592	885	1477
1243	606	886	1492
1244	621	886	1507
1245	614	909	1523
1246	613	887	1500
1247	591	886	1477
1248	606	900	1506
1249	597	905	1502
1250	576	880	1456
1251	600	897	1497
1252	598	886	1484
1253	580	901	1481
1254	600	881	1481
1255	596	875	1471
1256	600	890	1490
1257	600	871	1471
1258	606	914	1520
1259	595	883	1478
1260	615	891	1506
1261	599	896	1495
1262	593	898	1491
1263	604	896	1500
1264	597	891	1488
1265	579	905	1484
1266	585	886	1471
1267	602	897	1499
1268	575	894	1469
1269	608	902	1510
1270	601	904	1505
1271	590	889	1479
1272	599	881	1480
1273	615	900	1515
1274	596	898	1494
1275	601	874	1475
1276	600	887	1487
1277	590	910	1500
1278	604	878	1482
1279	601	889	1490
1280	574	886	1460
1281	600	900	1500
1282	606	909	1515
1283	602	870	1472
1284	604	886	1490
1285	598	890	1488
1286	578	893	1471
1287	575	917	1492
1288	586	893	1479
1289	593	881	1474
1290	589	876	1465
1291	624	875	1499
1292	590	911	1501
1293	604	906	1510
1294	619	863	1482
1295	613	890	1503
1296	588	901	1489
1297	601	874	1475
1298	610	898	1508
1299	603	855	1458
1300	588	893	1481
1301	600	878	1478
1302	587	886	1473
1303	597	871	1468
1304	591	913	1504
1305	594	902	1496
1306	603	911	1514
1307	572	876	1448
1308	600	884	1484
1309	575	905	1480
1310	618	879	1497
1311	573	872	1445
1312	610	882	1492
1313	603	899	1502
1314	620	898	1518
1315	600	902	1502
1316	604	887	1491
1317	603	888	1491
1318	595	881	1476
1319	596	898	1494
1320	608	923	1531
1321	591	894	1485
1322	604	892	1496
1323	603	883	1486
1324	590	896	1486
1325	587	900	1487
1326	575	893	1468
1327	596	891	1487
1328	598	895	1493
1329	606	880	1486
1330	599	873	1472
1331	602	894	1496
1332	610	888	1498
1333	598	905	1503
1334	590	894	1484
1335	590	888	1478
1336	618	880	1498
1337	629	891	1520
1338	601	888	1489
1339	599	900	1499
1340	586	886	1472
1341	598	899	1497
1342	636	885	1521
1343	589	902	1491
1344	581	894	1475
1345	590	866	1456
1346	594	893	1487
1347	601	891	1492
1348	600	891	1491
1349	589	897	1486
1350	594	890	1484
1351	567	885	1452
1352	601	878	1479
1353	599	882	1481
1354	610	905	1515
1355	599	898	1497
1356	607	892	1499
1357	612	895	1507
1358	604	900	1504
1359	628	892	1520
1360	599	899	1498
1361	585	889	1474
1362	601	896	1497
1363	590	909	1499
1364	619	892	1511
1365	607	905	1512
1366	613	891	1504
1367	606	884	1490
1368	583	890	1473
1369	554	897	1451
1370	612	908	1520
1371	604	880	1484
1372	595	888	1483
1373	590	903	1493
1374	591	913	1504
1375	592	875	1467
1376	582	889	1471
1377	601	904	1505
1378	582	912	1494
1379	583	886	1469
1380	597	888	1485
1381	595	903	1498
1382	605	889	1494
1383	597	887	1484
1384	603	880	1483
1385	615	893	1508
1386	604	877	1481
1387	573	911	1484
1388	592	899	1491
1389	616	884	1500
1390	584	893	1477
1391	583	882	1465
1392	583	896	1479
1393	599	887	1486
1394	632	882	1514
1395	591	885	1476
1396	592	881	1473
1397	583	900	1483
1398	581	894	1475
1399	581	863	1444
1400	609	879	1488
1401	600	863	1463
1402	603	883	1486
1403	614	891	1505
1404	597	876	1473
1405	582	890	1472
1406	586	895	1481
1407	606	895	1501
1408	605	877	1482
1409	586	881	1467
1410	600	892	1492
1411	604	895	1499
1412	600	871	1471
1413	605	894	1499
1414	591	869	1460
1415	592	900	1492
1416	598	897	1495
1417	599	894	1493
1418	612	894	1506
1419	598	905	1503
1420	610	891	1501
1421	617	869	1486
1422	603	885	1488
1423	596	886	1482
1424	596	900	1496
1425	574	908	1482
1426	575	902	1477
1427	581	882	1463
1428	596	875	1471
1429	572	867	1439
1430	607	887	1494
1431	587	900	1487
1432	599	896	1495
1433	592	902	1494
1434	626	883	1509
1435	596	877	1473
1436	617	873	1490
1437	589	867	1456
1438	599	896	1495
1439	594	876	1470
1440	605	871	1476
1441	581	896	1477
1442	587	897	1484
1443	604	906	1510
1444	601	882	1483
1445	575	869	1444
1446	601	902	1503
1447	603	905	1508
1448	588	905	1493
1449	604	886	1490
1450	605	885	1490
1451	613	892	1505
1452	582	887	1469
1453	597	888	1485
1454	570	899	1469
1455	602	886	1488
1456	600	892	1492
1457	576	876	1452
1458	620	896	1516
1459	605	907	1512
1460	612	891	1503
1461	609	901	1510
1462	604	890	1494
1463	596	901	1497
1464	592	882	1474
1465	587	884	1471
1466	612	893	1505
1467	599	894	1493
1468	600	886	1486
1469	589	892	1481
1470	614	895	1509
1471	615	902	1517
1472	594	913	1507
1473	590	898	1488
1474	600	907	1507
1475	600	870	1470
1476	581	892	1473
1477	573	897	1470
1478	601	901	1502
1479	610	902	1512
1480	594	886	1480
1481	581	878	1459
1482	600	883	1483
1483	586	893	1479
1484	589	894	1483
1485	594	900	1494
1486	608	880	1488
1487	584	881	1465
1488	593	884	1477
1489	602	891	1493
1490	610	892	1502
1491	606	889	1495
1492	588	874	1462
1493	599	894	1493
1494	588	883	1471
1495	604	867	1471
1496	591	909	1500
1497	577	907	1484
1498	626	891	1517
1499	571	893	1464
1500	597	885	1482
1501	607	897	1504
1502	619	905	1524
1503	596	916	1512
1504	604	906	1510
1505	596	887	1483
1506	594	881	1475
1507	612	907	1519
1508	618	885	1503
1509	612	900	1512
1510	592	921	1513
1511	595	896	1491
1512	598	892	1490
1513	587	877	1464
1514	598	892	1490
1515	580	888	1468
1516	600	873	1473
1517	583	891	1474
1518	588	899	1487
1519	604	872	1476
1520	604	886	1490
1521	597	901	1498
1522	575	896	1471
1523	602	900	1502
1524	590	890	1480
1525	568	891	1459
1526	581	889	1470
1527	583	899	1482
1528	609	876	1485
1529	596	892	1488
1530	604	877	1481
1531	587	895	1482
1532	584	897	1481
1533	594	879	1473
1534	579	881	1460
1535	625	885	1510
1536	596	903	1499
1537	571	906	1477
1538	605	888	1493
1539	602	896	1498
1540	606	915	1521
1541	609	881	1490
1542	589	911	1500
1543	580	902	1482
1544	592	886	1478
1545	611	900	1511
1546	599	882	1481
1547	608	889	1497
1548	603	901	1504
1549	590	889	1479
1550	593	903	1496
1551	589	898	1487
1552	618	882	1500
1553	600	888	1488
1554	576	901	1477
1555	603	908	1511
1556	597	884	1481
1557	594	864	1458
1558	589	881	1470
1559	619	885	1504
1560	598	873	1471
1561	596	876	1472
1562	611	893	1504
1563	613	897	1510
1564	597	891	1488
1565	612	909	1521
1566	617	890	1507
1567	614	871	1485
1568	588	890	1478
1569	608	865	1473
1570	604	895	1499
1571	577	893	1470
1572	610	884	1494
1573	607	894	1501
1574	605	889	1494
1575	604	883	1487
1576	562	890	1452
1577	596	881	1477
1578	592	880	1472
1579	599	880	1479
1580	583	905	1488
1581	585	897	1482
1582	598	907	1505
1583	579	880	1459
1584	579	907	1486
1585	585	876	1461
1586	605	920	1525
1587	608	878	1486
1588	592	908	1500
1589	591	877	1468
1590	612	896	1508
1591	604	895	1499
1592	610	909	1519
1593	597	899	1496
1594	614	888	1502
1595	594	881	1475
1596	594	892	1486
1597	615	909	1524
1598	606	910	1516
1599	595	886	1481
1600	588	898	1486
1601	600	914	1514
1602	582	900	1482
1603	598	875	1473
1604	578	873	1451
1605	597	884	1481
1606	589	911	1500
1607	592	876	1468
1608	582	881	1463
1609	604	885	1489
1610	596	919	1515
1611	591	876	1467
1612	596	895	1491
1613	582	900	1482
1614	587	886	1473
1615	599	908	1507
1616	595	894	1489
1617	580	903	1483
1618	589	893	1482
1619	579	891	1470
1620	593	881	1474
1621	613	891	1504
1622	587	870	1457
1623	602	887	1489
1624	577	883	1460
1625	598	904	1502
1626	596	899	1495
1627	609	916	1525
1628	589	902	1491
1629	592	885	1477
1630	602	897	1499
1631	591	899	1490
1632	600	890	1490
1633	602	900	1502
1634	590	888	1478
1635	591	883	1474
1636	583	882	1465
1637	596	873	1469
1638	582	907	1489
1639	596	884	1480
1640	585	890	1475
1641	601	874	1475
1642	611	914	1525
1643	618	880	1498
1644	585	920	1505
1645	612	868	1480
1646	607	888	1495
1647	571	906	1477
1648	600	890	1490
1649	601	898	1499
1650	593	888	1481
1651	624	864	1488
1652	609	868	1477
1653	565	910	1475
1654	605	889	1494
1655	611	903	1514
1656	616	885	1501
1657	601	885	1486
1658	580	914	1494
1659	599	879	1478
1660	616	895	1511
1661	591	895	1486
1662	600	892	1492
1663	578	917	1495
1664	583	893	1476
1665	620	877	1497
1666	573	914	1487
1667	593	893	1486
1668	599	885	1484
1669	592	888	1480
1670	598	880	1478
1671	599	874	1473
1672	587	867	1454
1673	584	894	1478
1674	604	884	1488
1675	577	910	1487
1676	601	905	1506
1677	603	898	1501
1678	599	909	1508
1679	591	880	1471
1680	598	891	1489
1681	581	868	1449
1682	611	883	1494
1683	625	890	1515
1684	588	909	1497
1685	589	882	1471
1686	585	891	1476
1687	585	872	1457
1688	619	909	1528
1689	598	875	1473
1690	595	886	1481
1691	590	891	1481
1692	603	908	1511
1693	602	897	1499
1694	600	901	1501
1695	588	882	1470
1696	599	906	1505
1697	601	899	1500
1698	601	908	1509
1699	604	913	1517
1700	599	874	1473
1701	596	883	1479
1702	601	908	1509
1703	591	896	1487
1704	576	908	1484
1705	600	912	1512
1706	599	877	1476
1707	573	887	1460
1708	612	890	1502
1709	582	902	1484
1710	599	885	1484
1711	589	912	1501
1712	571	889	1460
1713	589	865	1454
1714	581	894	1475
1715	592	872	1464
1716	590	895	1485
1717	595	882	1477
1718	599	912	1511
1719	565	882	1447
1720	595	889	1484
1721	610	878	1488
1722	583	910	1493
1723	569	895	1464
1724	602	885	1487
1725	600	892	1492
1726	593	901	1494
1727	567	899	1466
1728	592	892	1484
1729	593	894	1487
1730	582	879	1461
1731	597	877	1474
1732	613	889	1502
1733	573	880	1453
1734	608	909	1517
1735	612	887	1499
1736	605	885	1490
1737	579	883	1462
1738	574	878	1452
1739	600	896	1496
1740	597	885	1482
1741	584	890	1474
1742	613	899	1512
1743	583	902	1485
1744	589	874	1463
1745	589	908	1497
1746	594	882	1476
1747	597	873	1470
1748	592	904	1496
1749	593	902	1495
1750	609	891	1500
1751	577	908	1485
1752	591	912	1503
1753	609	899	1508
1754	591	877	1468
1755	597	896	1493
1756	600	896	1496
1757	612	872	1484
1758	583	890	1473
1759	602	878	1480
1760	613	867	1480
1761	588	896	1484
1762	617	879	1496
1763	613	900	1513
1764	591	881	1472
1765	612	887	1499
1766	599	892	1491
1767	605	879	1484
1768	613	882	1495
1769	602	895	1497
1770	587	905	1492
1771	601	894	1495
1772	585	882	1467
1773	588	909	1497
1774	597	910	1507
1775	614	886	1500
1776	604	872	1476
1777	645	901	1546
1778	600	890	1490
1779	603	884	1487
1780	602	890	1492
1781	593	920	1513
1782	598	892	1490
1783	608	867	1475
1784	601	887	1488
1785	582	885	1467
1786	598	902	1500
1787	586	886	1472
1788	597	891	1488
1789	580	886	1466
1790	597	902	1499
1791	587	878	1465
1792	583	891	1474
1793	622	876	1498
1794	614	896	1510
1795	593	886	1479
1796	598	900	1498
1797	620	892	1512
1798	585	893	1478
1799	590	896	1486
1800	579	900	1479
1801	608	917	1525
1802	591	912	1503
1803	610	908	1518
1804	588	883	1471
1805	601	904	1505
1806	581	889	1470
1807	606	888	1494
1808	606	884	1490
1809	603	893	1496
1810	603	894	1497
1811	583	878	1461
1812	594	872	1466
1813	578	882	1460
1814	587	870	1457
1815	604	883	1487
1816	615	879	1494
1817	615	877	1492
1818	596	906	1502
1819	623	891	1514
1820	593	882	1475
1821	590	890	1480
1822	608	899	1507
1823	571	882	1453
1824	585	876	1461
1825	612	901	1513
1826	610	879	1489
1827	577	867	1444
1828	595	885	1480
1829	585	875	1460
1830	594	884	1478
1831	591	899	1490
1832	587	882	1469
1833	590	901	1491
1834	606	880	1486
1835	593	884	1477
1836	571	909	1480
1837	577	879	1456
1838	588	890	1478
1839	573	894	1467
1840	609	879	1488
1841	609	875	1484
1842	599	873	1472
1843	612	881	1493
1844	590	876	1466
1845	586	891	1477
1846	590	879	1469
1847	594	895	1489
1848	599	897	1496
1849	601	897	1498
1850	589	878	1467
1851	600	900	1500
1852	582	891	1473
1853	615	906	1521
1854	602	858	1460
1855	591	879	1470
1856	593	901	1494
1857	605	905	1510
1858	603	891	1494
1859	605	900	1505
1860	590	891	1481
1861	577	902	1479
1862	586	887	1473
1863	602	883	1485
1864	604	861	1465
1865	612	879	1491
1866	577	907	1484
1867	598	868	1466
1868	597	909	1506
1869	599	902	1501
1870	613	878	1491
1871	621	889	1510
1872	588	890	1478
1873	657	903	1560
1874	725	858	1583
1875	739	773	1512
1876	784	718	1502
1877	809	683	1492
1878	817	665	1482
1879	804	693	1497
1880	784	688	1472
1881	798	692	1490
1882	789	694	1483
1883	781	737	1518
1884	610	731	1341
1885	484	756	1240
1886	392	753	1145
1887	263	787	1050
1888	182	745	927
1889	300	589	889
1890	479	422	901
1891	455	324	779
1892	364	256	620
1893	242	310	552
1894	349	380	729
1895	499	352	851
1896	615	387	1002
1897	730	513	1243
1898	752	600	1352
1899	784	666	1450
1900	797	689	1486
1901	807	682	1489
1902	803	701	1504
1903	807	680	1487
1904	804	716	1520
1905	808	693	1501
1906	793	674	1467
1907	759	691	1450
1908	789	704	1493
1909	794	692	1486
1910	805	690	1495
1911	768	664	1432
1912	797	671	1468
1913	802	679	1481
1914	807	659	1466
1915	786	692	1478
1916	783	697	1480
1917	778	671	1449
1918	810	670	1480
1919	793	672	1465
1920	778	707	1485
1921	775	677	1452
1922	779	701	1480
1923	807	683	1490
1924	796	678	1474
1925	802	672	1474
1926	786	673	1459
1927	790	689	1479
1928	810	707	1517
1929	806	705	1511
1930	783	698	1481
1931	790	663	1453
1932	812	682	1494
1933	778	696	1474
1934	794	695	1489
1935	788	689	1477
1936	797	689	1486
1937	806	658	1464
1938	802	695	1497
1939	792	697	1489
1940	815	668	1483
1941	774	686	1460
1942	795	703	1498
1943	788	689	1477
1944	774	680	1454
1945	784	680	1464
1946	822	683	1505
1947	797	708	1505
1948	796	690	1486
1949	785	704	1489
1950	784	707	1491
1951	808	689	1497
1952	806	689	1495
1953	774	700	1474
1954	787	698	1485
1955	789	703	1492
1956	779	707	1486
1957	786	686	1472
1958	806	692	1498
1959	781	688	1469
1960	801	693	1494
1961	804	679	1483
1962	775	687	1462
1963	804	681	1485
1964	790	692	1482
1965	806	688	1494
1966	805	691	1496
1967	789	698	1487
1968	811	677	1488
1969	793	671	1464
1970	781	707	1488
1971	792	678	1470
1972	804	705	1509
1973	769	704	1473
1974	798	702	1500
1975	775	695	1470
1976	806	704	1510
1977	791	682	1473
1978	803	715	1518
1979	803	677	1480
1980	813	680	1493
1981	787	676	1463
1982	796	682	1478
1983	784	716	1500
1984	806	691	1497
1985	813	687	1500
1986	779	690	1469
1987	800	695	1495
1988	781	681	1462
1989	811	715	1526
1990	797	661	1458
1991	789	673	1462
1992	778	688	1466
1993	801	687	1488
1994	790	685	1475
1995	770	700	1470
1996	804	667	1471
1997	790	699	1489
1998	791	682	1473
1999	789	680	1469
2000	781	685	1466
2001	790	691	1481
2002	779	712	1491
2003	801	699	1500
2004	790	706	1496
2005	790	697	1487
2006	778	678	1456
2007	790	701	1491
2008	799	685	1484
2009	788	670	1458
2010	790	694	1484
2011	771	698	1469
2012	809	666	1475
2013	803	688	1491
2014	796	683	1479
2015	794	675	1469
2016	791	688	1479
2017	781	658	1439
2018	794	708	1502
2019	791	661	1452
2020	777	688	1465
2021	789	696	1485
2022	799	676	1475
2023	785	694	1479
2024	786	677	1463
2025	791	690	1481
2026	801	670	1471
2027	798	693	1491
2028	802	694	1496
2029	784	705	1489
2030	815	684	1499
2031	781	686	1467
2032	820	689	1509
2033	793	694	1487
2034	777	703	1480
2035	795	657	1452
2036	807	693	1500
2037	811	692	1503
2038	786	685	1471
2039	805	664	1469
2040	821	679	1500
2041	796	696	1492
2042	804	672	1476
2043	791	704	1495
2044	807	685	1492
2045	810	699	1509
2046	791	682	1473
2047	779	683	1462
2048	785	681	1466
2049	788	683	1471
2050	798	690	1488
2051	785	693	1478
2052	779	715	1494
2053	786	689	1475
2054	787	681	1468
2055	800	684	1484
2056	796	708	1504
2057	773	684	1457
2058	799	700	1499
2059	795	696	1491
2060	815	699	1514
2061	797	663	1460
2062	777	673	1450
2063	806	691	1497
2064	787	672	1459
2065	766	711	1477
2066	792	694	1486
2067	789	683	1472
2068	787	695	1482
2069	819	707	1526
2070	780	688	1468
2071	804	711	1515
2072	813	673	1486
2073	814	655	1469
2074	786	717	1503
2075	772	695	1467
2076	799	685	1484
2077	788	704	1492
2078	784	683	1467
2079	811	713	1524
2080	779	685	1464
2081	778	692	1470
2082	777	679	1456
2083	794	713	1507
2084	759	719	1478
2085	795	674	1469
2086	786	690	1476
2087	799	664	1463
2088	786	663	1449
2089	807	675	1482
2090	787	695	1482
2091	792	685	1477
2092	782	704	1486
2093	786	684	1470
2094	807	681	1488
2095	787	663	1450
2096	806	713	1519
2097	802	710	1512
2098	793	710	1503
2099	789	675	1464
2100	801	705	1506
2101	786	680	1466
2102	787	675	1462
2103	799	692	1491
2104	792	682	1474
2105	795	687	1482
2106	809	684	1493
2107	808	674	1482
2108	771	692	1463
2109	789	709	1498
2110	756	703	1459
2111	786	696	1482
2112	791	712	1503
2113	778	664	1442
2114	788	678	1466
2115	810	695	1505
2116	784	714	1498
2117	810	705	1515
2118	802	679	1481
2119	795	678	1473
2120	780	734	1514
2121	658	756	1414
2122	521	768	1289
2123	383	779	1162
2124	247	767	1014
2125	226	689	915
2126	261	528	789
2127	543	421	964
2128	741	216	957
2129	796	163	959
2130	667	557	1224
2131	162	862	1024
2132	247	767	1014
2133	496	371	867
2134	501	338	839
2135	450	649	1099
2136	410	863	1273
2137	400	880	1280
2138	403	878	1281
2139	425	881	1306
2140	427	879	1306
2141	466	851	1317
2142	641	642	1283
2143	629	476	1105
2144	624	532	1156
2145	597	702	1299
2146	602	843	1445
2147	678	820	1498
2148	736	825	1561
2149	731	834	1565
2150	706	847	1553
2151	748	836	1584
2152	743	835	1578
2153	738	843	1581
2154	719	841	1560
2155	743	824	1567
2156	748	841	1589
2157	721	828	1549
2158	765	804	1569
2159	721	847	1568
2160	735	854	1589
2161	727	852	1579
2162	741	824	1565
2163	752	813	1565
2164	722	836	1558
2165	720	831	1551
2166	750	816	1566
2167	726	839	1565
2168	731	827	1558
2169	744	817	1561
2170	740	843	1583
2171	734	819	1553
2172	746	811	1557
2173	751	818	1569
2174	703	826	1529
2175	730	812	1542
2176	744	834	1578
2177	743	842	1585
2178	735	814	1549
2179	735	849	1584
2180	753	817	1570
2181	752	838	1590
2182	727	858	1585
2183	728	850	1578
2184	747	828	1575
2185	742	830	1572
2186	759	828	1587
2187	726	833	1559
2188	737	848	1585
2189	735	826	1561
2190	736	835	1571
2191	747	847	1594
2192	730	816	1546
2193	743	847	1590
2194	754	818	1572
2195	744	814	1558
2196	762	821	1583
2197	748	818	1566
2198	740	827	1567
2199	741	844	1585
2200	758	842	1600
2201	728	833	1561
2202	760	805	1565
2203	736	843	1579
2204	746	836	1582
2205	754	817	1571
2206	754	819	1573
2207	772	827	1599
2208	809	789	1598
2209	846	832	1678
2210	842	826	1668
2211	824	847	1671
2212	865	826	1691
2213	867	841	1708
2214	880	842	1722
2215	888	840	1728
2216	881	844	1725
2217	875	834	1709
2218	890	827	1717
2219	878	813	1691
2220	886	853	1739
2221	881	821	1702
2222	870	821	1691
2223	876	826	1702
2224	874	826	1700
2225	880	839	1719
2226	876	815	1691
2227	872	823	1695
2228	869	844	1713
2229	873	838	1711
2230	891	815	1706
2231	900	847	1747
2232	893	830	1723
2233	896	863	1759
2234	900	794	1694
2235	887	837	1724
2236	904	827	1731
2237	881	844	1725
2238	908	829	1737
2239	901	830	1731
2240	912	809	1721
2241	883	811	1694
2242	895	824	1719
2243	865	840	1705
2244	889	855	1744
2245	864	820	1684
2246	905	818	1723
2247	886	829	1715
2248	868	810	1678
2249	856	843	1699
2250	888	843	1731
2251	898	852	1750
2252	911	821	1732
2253	881	820	1701
2254	862	819	1681
2255	892	820	1712
2256	892	817	1709
2257	887	833	1720
2258	867	822	1689
2259	882	812	1694
2260	909	816	1725
2261	889	804	1693
2262	877	836	1713
2263	888	841	1729
2264	870	835	1705
2265	871	846	1717
2266	880	838	1718
2267	904	841	1745
2268	892	836	1728
2269	881	830	1711
2270	867	838	1705
2271	912	844	1756
2272	883	827	1710
2273	869	829	1698
2274	891	822	1713
2275	896	862	1758
2276	897	818	1715
2277	872	838	1710
2278	891	815	1706
2279	913	840	1753
2280	903	838	1741
2281	907	828	1735
2282	869	843	1712
2283	901	822	1723
2284	891	826	1717
2285	923	809	1732
2286	901	840	1741
2287	888	840	1728
2288	874	823	1697
2289	914	837	1751
2290	880	842	1722
2291	893	814	1707
2292	888	845	1733
2293	892	824	1716
2294	880	798	1678
2295	899	859	1758
2296	881	844	1725
2297	899	854	1753
2298	881	814	1695
2299	885	810	1695
2300	888	824	1712
2301	881	821	1702
2302	892	834	1726
2303	870	847	1717
2304	899	842	1741
2305	866	843	1709
2306	886	841	1727
2307	901	817	1718
2308	881	839	1720
2309	895	801	1696
2310	874	837	1711
2311	865	849	1714
2312	896	840	1736
2313	880	839	1719
2314	883	814	1697
2315	869	851	1720
2316	884	838	1722
2317	900	847	1747
2318	875	825	1700
2319	897	809	1706
2320	890	845	1735
2321	890	843	1733
2322	888	836	1724
2323	901	818	1719
2324	892	841	1733
2325	875	862	1737
2326	887	848	1735
2327	897	858	1755
2328	892	828	1720
2329	893	817	1710
2330	884	826	1710
2331	896	823	1719
2332	883	846	1729
2333	878	825	1703
2334	893	829	1722
2335	870	820	1690
2336	883	827	1710
2337	889	792	1681
2338	902	832	1734
2339	885	839	1724
2340	891	844	1735
2341	876	812	1688
2342	880	825	1705
2343	902	819	1721
2344	891	848	1739
2345	872	852	1724
2346	900	834	1734
2347	878	841	1719
2348	905	851	1756
2349	871	839	1710
2350	883	841	1724
2351	902	820	1722
2352	904	828	1732
2353	886	830	1716
2354	882	832	1714
2355	891	867	1758
2356	853	837	1690
2357	891	845	1736
2358	890	827	1717
2359	906	827	1733
2360	859	850	1709
2361	875	840	1715
2362	875	866	1741
2363	875	823	1698
2364	885	847	1732
2365	896	830	1726
2366	873	826	1699
2367	890	821	1711
2368	894	842	1736
2369	892	842	1734
2370	900	817	1717
2371	883	832	1715
2372	915	823	1738
2373	894	821	1715
2374	888	815	1703
2375	891	816	1707
2376	892	837	1729
2377	903	840	1743
2378	893	824	1717
2379	875	839	1714
2380	903	847	1750
2381	892	860	1752
2382	874	813	1687
2383	894	835	1729
2384	887	821	1708
2385	894	839	1733
2386	883	845	1728
2387	876	813	1689
2388	893	849	1742
2389	915	842	1757
2390	878	830	1708
2391	904	830	1734
2392	880	790	1670
2393	861	842	1703
2394	898	846	1744
2395	883	853	1736
2396	879	826	1705
2397	899	843	1742
2398	880	832	1712
2399	891	827	1718
2400	895	818	1713
2401	888	840	1728
2402	887	837	1724
2403	894	841	1735
2404	885	835	1720
2405	888	821	1709
2406	885	825	1710
2407	883	835	1718
2408	868	829	1697
2409	900	848	1748
2410	881	834	1715
2411	895	833	1728
2412	890	830	1720
2413	889	838	1727
2414	896	841	1737
2415	899	817	1716
2416	882	826	1708
2417	886	830	1716
2418	887	826	1713
2419	871	832	1703
2420	884	869	1753
2421	884	832	1716
2422	882	813	1695
2423	892	824	1716
2424	895	851	1746
2425	905	802	1707
2426	887	826	1713
2427	890	819	1709
2428	887	808	1695
2429	890	822	1712
2430	898	820	1718
2431	896	858	1754
2432	886	859	1745
2433	877	851	1728
2434	897	822	1719
2435	891	818	1709
2436	909	821	1730
2437	900	819	1719
2438	895	853	1748
2439	901	822	1723
2440	906	831	1737
2441	869	828	1697
2442	883	812	1695
2443	907	826	1733
2444	889	812	1701
2445	886	845	1731
2446	907	812	1719
2447	896	825	1721
2448	908	818	1726
2449	894	826	1720
2450	871	824	1695
2451	880	814	1694
2452	892	821	1713
2453	861	851	1712
2454	852	829	1681
2455	885	848	1733
2456	893	819	1712
2457	885	834	1719
2458	853	832	1685
2459	883	810	1693
2460	898	813	1711
2461	886	815	1701
2462	894	843	1737
2463	888	830	1718
2464	900	825	1725
2465	900	825	1725
2466	900	805	1705
2467	894	837	1731
2468	888	844	1732
2469	898	833	1731
2470	902	830	1732
2471	863	826	1689
2472	900	854	1754
2473	906	831	1737
2474	892	813	1705
2475	909	839	1748
2476	881	829	1710
2477	901	827	1728
2478	898	830	1728
2479	899	855	1754
2480	886	840	1726
2481	906	845	1751
2482	897	843	1740
2483	870	829	1699
2484	906	832	1738
2485	890	848	1738
2486	892	851	1743
2487	889	818	1707
2488	888	810	1698
2489	867	844	1711
2490	884	815	1699
2491	886	817	1703
2492	895	828	1723
2493	896	842	1738
2494	876	827	1703
2495	873	825	1698
2496	887	828	1715
2497	892	821	1713
2498	886	834	1720
2499	899	836	1735
2500	875	848	1723
2501	889	841	1730
2502	887	841	1728
2503	889	819	1708
2504	878	854	1732
2505	886	827	1713
2506	889	834	1723
2507	870	828	1698
2508	878	850	1728
2509	899	848	1747
2510	929	820	1749
2511	876	827	1703
2512	888	827	1715
2513	895	832	1727
2514	892	836	1728
2515	897	819	1716
2516	887	828	1715
2517	897	842	1739
2518	896	815	1711
2519	903	820	1723
2520	882	810	1692
2521	901	825	1726
2522	888	842	1730
2523	887	838	1725
2524	901	847	1748
2525	868	853	1721
2526	887	828	1715
2527	898	839	1737
2528	861	823	1684
2529	899	840	1739
2530	899	846	1745
2531	878	848	1726
2532	875	831	1706
2533	901	840	1741
2534	886	828	1714
2535	896	833	1729
2536	895	819	1714
2537	899	827	1726
2538	892	835	1727
2539	896	827	1723
2540	873	824	1697
2541	893	843	1736
2542	875	822	1697
2543	887	826	1713
2544	893	859	1752
2545	873	805	1678
2546	890	849	1739
2547	886	848	1734
2548	897	845	1742
2549	900	826	1726
2550	859	821	1680
2551	898	827	1725
2552	913	830	1743
2553	880	840	1720
2554	893	817	1710
2555	889	827	1716
2556	901	828	1729
2557	908	850	1758
2558	892	841	1733
2559	886	837	1723
2560	869	830	1699
2561	883	858	1741
2562	892	815	1707
2563	891	831	1722
2564	909	813	1722
2565	902	834	1736
2566	877	823	1700
2567	899	845	1744
2568	893	818	1711
2569	892	826	1718
2570	881	835	1716
2571	893	851	1744
2572	910	822	1732
2573	896	829	1725
2574	907	827	1734
2575	878	818	1696
2576	909	832	1741
2577	890	842	1732
2578	904	839	1743
2579	891	829	1720
2580	898	833	1731
2581	883	842	1725
2582	897	816	1713
2583	896	833	1729
2584	897	843	1740
2585	879	825	1704
2586	873	813	1686
2587	893	818	1711
2588	874	828	1702
2589	882	815	1697
2590	884	830	1714
2591	908	850	1758
2592	912	849	1761
2593	882	853	1735
2594	879	832	1711
2595	886	829	1715
2596	885	836	1721
2597	895	828	1723
2598	923	802	1725
2599	887	844	1731
2600	890	843	1733
2601	867	829	1696
2602	908	836	1744
2603	896	830	1726
2604	883	836	1719
2605	903	838	1741
2606	894	825	1719
2607	858	837	1695
2608	880	829	1709
2609	875	837	1712
2610	888	840	1728
2611	882	837	1719
2612	882	843	1725
2613	889	806	1695
2614	866	834	1700
2615	872	834	1706
2616	882	812	1694
2617	863	824	1687
2618	891	848	1739
2619	892	841	1733
2620	890	812	1702
2621	905	819	1724
2622	870	829	1699
2623	895	837	1732
2624	890	830	1720
2625	895	852	1747
2626	905	852	1757
2627	897	843	1740
2628	872	817	1689
2629	883	832	1715
2630	891	857	1748
2631	883	837	1720
2632	902	845	1747
2633	879	831	1710
2634	890	821	1711
2635	891	820	1711
2636	879	813	1692
2637	881	822	1703
2638	878	843	1721
2639	887	814	1701
2640	882	833	1715
2641	898	818	1716
2642	898	849	1747
2643	876	837	1713
2644	897	836	1733
2645	897	815	1712
2646	880	835	1715
2647	886	843	1729
2648	878	819	1697
2649	880	831	1711
2650	911	822	1733
2651	897	840	1737
2652	881	820	1701
2653	882	849	1731
2654	869	830	1699
2655	887	807	1694
2656	896	822	1718
2657	889	823	1712
2658	899	854	1753
2659	892	836	1728
2660	885	845	1730
2661	874	878	1752
2662	898	828	1726
2663	879	829	1708
2664	895	824	1719
2665	905	811	1716
2666	886	815	1701
2667	893	828	1721
2668	903	841	1744
2669	894	832	1726
2670	912	831	1743
2671	874	833	1707
2672	894	823	1717
2673	883	853	1736
2674	902	844	1746
2675	903	809	1712
2676	886	831	1717
2677	896	823	1719
2678	902	831	1733
2679	876	815	1691
2680	895	834	1729
2681	895	838	1733
2682	890	824	1714
2683	890	820	1710
2684	883	845	1728
2685	883	834	1717
2686	848	813	1661
2687	887	809	1696
2688	874	821	1695
2689	894	814	1708
2690	889	811	1700
2691	880	833	1713
2692	882	816	1698
2693	883	839	1722
2694	879	827	1706
2695	869	834	1703
2696	896	823	1719
2697	888	806	1694
2698	913	836	1749
2699	872	837	1709
2700	879	803	1682
2701	889	838	1727
2702	863	838	1701
2703	886	804	1690
2704	905	822	1727
2705	898	849	1747
2706	897	829	1726
2707	889	835	1724
2708	894	838	1732
2709	905	820	1725
2710	897	830	1727
2711	886	830	1716
2712	903	844	1747
2713	882	829	1711
2714	900	846	1746
2715	895	797	1692
2716	880	816	1696
2717	881	851	1732
2718	869	839	1708
2719	868	856	1724
2720	878	828	1706
2721	908	825	1733
2722	873	813	1686
2723	873	853	1726
2724	872	826	1698
2725	869	828	1697
2726	889	848	1737
2727	894	823	1717
2728	878	835	1713
2729	882	814	1696
2730	869	830	1699
2731	871	846	1717
2732	857	840	1697
2733	871	810	1681
2734	897	842	1739
2735	876	837	1713
2736	887	824	1711
2737	903	833	1736
2738	896	827	1723
2739	897	848	1745
2740	891	823	1714
2741	863	853	1716
2742	877	834	1711
2743	883	850	1733
2744	875	845	1720
2745	906	829	1735
2746	897	835	1732
2747	883	827	1710
2748	858	838	1696
2749	895	824	1719
2750	861	830	1691
2751	878	830	1708
2752	883	833	1716
2753	905	843	1748
2754	882	816	1698
2755	902	838	1740
2756	880	837	1717
2757	904	831	1735
2758	875	828	1703
2759	856	860	1716
2760	878	866	1744
2761	892	830	1722
2762	899	836	1735
2763	894	831	1725
2764	886	847	1733
2765	888	842	1730
2766	872	823	1695
2767	882	835	1717
2768	880	834	1714
2769	876	847	1723
2770	895	850	1745
2771	893	853	1746
2772	886	836	1722
2773	895	834	1729
2774	860	826	1686
2775	906	826	1732
2776	898	829	1727
2777	892	828	1720
2778	898	811	1709
2779	908	836	1744
2780	884	833	1717
2781	878	844	1722
2782	889	822	1711
2783	905	834	1739
2784	894	836	1730
2785	884	815	1699
2786	888	823	1711
2787	893	825	1718
2788	857	851	1708
2789	873	815	1688
2790	900	837	1737
2791	903	834	1737
2792	881	840	1721
2793	911	824	1735
2794	872	833	1705
2795	898	826	1724
2796	854	831	1685
2797	913	837	1750
2798	874	833	1707
2799	899	844	1743
2800	898	823	1721
2801	886	836	1722
2802	875	812	1687
2803	851	826	1677
2804	868	837	1705
2805	874	809	1683
2806	893	850	1743
2807	873	829	1702
2808	876	848	1724
2809	895	833	1728
2810	876	832	1708
2811	898	856	1754
2812	901	817	1718
2813	893	834	1727
2814	882	832	1714
2815	889	818	1707
2816	883	826	1709
2817	893	813	1706
2818	887	832	1719
2819	884	818	1702
2820	893	822	1715
2821	904	839	1743
2822	913	824	1737
2823	900	812	1712
2824	895	837	1732
2825	877	828	1705
2826	871	814	1685
2827	906	824	1730
2828	875	833	1708
2829	892	825	1717
2830	867	841	1708
2831	904	825	1729
2832	887	819	1706
2833	889	839	1728
2834	880	817	1697
2835	894	833	1727
2836	913	812	1725
2837	870	847	1717
2838	894	831	1725
2839	882	832	1714
2840	887	822	1709
2841	912	810	1722
2842	891	830	1721
2843	879	819	1698
2844	897	822	1719
2845	880	828	1708
2846	893	836	1729
2847	880	840	1720
2848	881	851	1732
2849	885	830	1715
2850	909	843	1752
2851	879	820	1699
2852	878	827	1705
2853	892	847	1739
2854	870	831	1701
2855	888	842	1730
2856	914	824	1738
2857	860	840	1700
2858	903	847	1750
2859	883	856	1739
2860	882	830	1712
2861	889	808	1697
2862	865	821	1686
2863	896	837	1733
2864	924	815	1739
2865	876	847	1723
2866	910	824	1734
2867	902	823	1725
2868	904	800	1704
2869	874	822	1696
2870	883	832	1715
2871	881	849	1730
2872	884	832	1716
2873	897	832	1729
2874	879	835	1714
2875	878	812	1690
2876	875	838	1713
2877	884	839	1723
2878	894	828	1722
2879	903	834	1737
2880	897	844	1741
2881	895	818	1713
2882	902	818	1720
2883	885	844	1729
2884	899	839	1738
2885	890	853	1743
2886	890	851	1741
2887	893	838	1731
2888	888	807	1695
2889	883	823	1706
2890	870	820	1690
2891	869	845	1714
2892	871	835	1706
2893	907	835	1742
2894	879	823	1702
2895	875	829	1704
2896	876	830	1706
2897	882	824	1706
2898	920	843	1763
2899	859	856	1715
2900	880	832	1712
2901	902	845	1747
2902	870	857	1727
2903	888	815	1703
2904	895	812	1707
2905	889	813	1702
2906	885	843	1728
2907	892	822	1714
2908	887	820	1707
2909	888	822	1710
2910	884	830	1714
2911	902	810	1712
2912	889	835	1724
2913	891	846	1737
2914	870	820	1690
2915	881	826	1707
2916	887	825	1712
2917	890	821	1711
2918	892	832	1724
2919	896	818	1714
2920	909	831	1740
2921	872	852	1724
2922	875	832	1707
2923	884	833	1717
2924	896	811	1707
2925	889	818	1707
2926	878	820	1698
2927	898	826	1724
2928	872	846	1718
2929	885	831	1716
2930	900	821	1721
2931	879	816	1695
2932	896	842	1738
2933	895	861	1756
2934	895	816	1711
2935	901	827	1728
2936	876	805	1681
2937	878	824	1702
2938	871	821	1692
2939	899	845	1744
2940	875	820	1695
2941	878	827	1705
2942	899	842	1741
2943	857	819	1676
2944	895	837	1732
2945	891	829	1720
2946	882	842	1724
2947	870	837	1707
2948	891	820	1711
2949	891	830	1721
2950	895	845	1740
2951	893	813	1706
2952	890	837	1727
2953	888	852	1740
2954	921	838	1759
2955	889	825	1714
2956	889	813	1702
2957	900	846	1746
2958	899	836	1735
2959	907	830	1737
2960	866	835	1701
2961	898	808	1706
2962	893	822	1715
2963	883	799	1682
2964	887	840	1727
2965	894	836	1730
2966	869	838	1707
2967	886	827	1713
2968	892	832	1724
2969	870	836	1706
2970	910	834	1744
2971	904	833	1737
2972	901	829	1730
2973	895	812	1707
2974	869	847	1716
2975	888	832	1720
2976	883	841	1724
2977	878	827	1705
2978	877	831	1708
2979	883	824	1707
2980	891	834	1725
2981	905	812	1717
2982	890	821	1711
2983	895	817	1712
2984	898	802	1700
2985	898	832	1730
2986	885	841	1726
2987	881	818	1699
2988	899	830	1729
2989	873	818	1691
2990	883	823	1706
2991	892	829	1721
2992	872	830	1702
2993	886	803	1689
2994	877	841	1718
2995	874	837	1711
2996	891	844	1735
2997	888	828	1716
2998	887	824	1711
2999	861	828	1689
3000	885	809	1694
3001	874	827	1701
3002	902	841	1743
3003	869	848	1717
3004	904	822	1726
3005	886	840	1726
3006	879	831	1710
3007	873	836	1709
3008	895	825	1720
3009	876	809	1685
3010	893	821	1714
3011	880	828	1708
3012	886	834	1720
3013	851	836	1687
3014	872	818	1690
3015	901	847	1748
3016	879	830	1709
3017	889	838	1727
3018	869	823	1692
3019	908	818	1726
3020	873	847	1720
3021	870	819	1689
3022	889	818	1707
3023	892	855	1747
3024	894	838	1732
3025	882	852	1734
3026	901	831	1732
3027	906	818	1724
3028	880	850	1730
3029	909	848	1757
3030	851	815	1666
3031	900	847	1747
3032	896	828	1724
3033	908	818	1726
3034	886	816	1702
3035	889	830	1719
3036	889	841	1730
3037	873	825	1698
3038	874	844	1718
3039	900	841	1741
3040	885	835	1720
3041	897	840	1737
3042	883	830	1713
3043	885	833	1718
3044	893	797	1690
3045	877	848	1725
3046	886	835	1721
3047	901	806	1707
3048	901	821	1722
3049	861	842	1703
3050	885	813	1698
3051	905	832	1737
3052	883	843	1726
3053	856	844	1700
3054	870	857	1727
3055	888	851	1739
3056	883	830	1713
3057	877	838	1715
3058	899	832	1731
3059	890	806	1696
3060	881	827	1708
3061	897	828	1725
3062	866	828	1694
3063	895	833	1728
3064	929	838	1767
3065	883	823	1706
3066	892	827	1719
3067	872	833	1705
3068	871	849	1720
3069	874	817	1691
3070	864	844	1708
3071	909	815	1724
3072	881	840	1721
3073	896	818	1714
3074	892	830	1722
3075	886	824	1710
3076	887	836	1723
3077	889	853	1742
3078	879	809	1688
3079	873	815	1688
3080	890	857	1747
3081	887	837	1724
3082	899	820	1719
3083	902	816	1718
3084	885	835	1720
3085	902	843	1745
3086	882	822	1704
3087	876	847	1723
3088	870	839	1709
3089	893	830	1723
3090	884	861	1745
3091	892	825	1717
3092	892	816	1708
3093	883	827	1710
3094	892	825	1717
3095	913	842	1755
3096	868	827	1695
3097	904	827	1731
3098	883	839	1722
3099	878	854	1732
3100	881	833	1714
3101	898	846	1744
3102	873	838	1711
3103	902	827	1729
3104	898	818	1716
3105	887	830	1717
3106	874	819	1693
3107	883	848	1731
3108	896	825	1721
3109	894	834	1728
3110	906	806	1712
3111	909	807	1716
3112	894	848	1742
3113	906	834	1740
3114	888	825	1713
3115	893	812	1705
3116	882	845	1727
3117	886	848	1734
3118	873	833	1706
3119	875	827	1702
3120	901	809	1710
3121	884	829	1713
3122	897	830	1727
3123	879	848	1727
3124	915	840	1755
3125	908	834	1742
3126	857	857	1714
3127	904	817	1721
3128	870	839	1709
3129	884	850	1734
3130	907	830	1737
3131	882	852	1734
3132	879	813	1692
3133	890	814	1704
3134	911	833	1744
3135	863	796	1659
3136	882	838	1720
3137	889	847	1736
3138	898	855	1753
3139	909	830	1739
3140	904	846	1750
3141	882	834	1716
3142	885	828	1713
3143	893	818	1711
3144	880	863	1743
3145	895	840	1735
3146	874	826	1700
3147	909	846	1755
3148	857	850	1707
3149	880	848	1728
3150	901	839	1740
3151	871	811	1682
3152	888	816	1704
3153	883	862	1745
3154	905	820	1725
3155	883	843	1726
3156	880	807	1687
3157	912	807	1719
3158	894	822	1716
3159	900	839	1739
3160	906	794	1700
3161	884	839	1723
3162	886	836	1722
3163	913	825	1738
3164	877	808	1685
3165	877	828	1705
3166	918	826	1744
3167	892	826	1718
3168	885	810	1695
3169	882	827	1709
3170	911	825	1736
3171	870	823	1693
3172	876	825	1701
3173	904	824	1728
3174	867	838	1705
3175	887	835	1722
3176	905	819	1724
3177	899	816	1715
3178	896	844	1740
3179	896	832	1728
3180	894	835	1729
3181	897	804	1701
3182	883	831	1714
3183	870	825	1695
3184	887	842	1729
3185	920	820	1740
3186	888	822	1710
3187	891	832	1723
3188	878	812	1690
3189	883	832	1715
3190	861	823	1684
3191	888	817	1705
3192	874	807	1681
3193	891	835	1726
3194	905	850	1755
3195	877	822	1699
3196	878	838	1716
3197	907	825	1732
3198	887	835	1722
3199	906	830	1736
3200	908	831	1739
3201	885	840	1725
3202	893	827	1720
3203	890	822	1712
3204	907	841	1748
3205	881	836	1717
3206	875	829	1704
3207	880	838	1718
3208	862	824	1686
3209	896	839	1735
3210	890	829	1719
3211	931	822	1753
3212	901	824	1725
3213	901	814	1715
3214	899	810	1709
3215	897	843	1740
3216	883	849	1732
3217	892	827	1719
3218	893	814	1707
3219	907	825	1732
3220	876	832	1708
3221	887	821	1708
3222	888	834	1722
3223	870	829	1699
3224	906	837	1743
3225	870	838	1708
3226	871	827	1698
3227	870	810	1680
3228	865	835	1700
3229	861	836	1697
3230	886	830	1716
3231	892	835	1727
3232	884	838	1722
3233	884	860	1744
3234	873	815	1688
3235	874	849	1723
3236	871	835	1706
3237	896	838	1734
3238	867	818	1685
3239	884	835	1719
3240	902	815	1717
3241	887	831	1718
3242	902	840	1742
3243	878	821	1699
3244	893	808	1701
3245	877	804	1681
3246	869	804	1673
3247	880	843	1723
3248	886	814	1700
3249	898	827	1725
3250	879	840	1719
3251	897	834	1731
3252	878	834	1712
3253	885	826	1711
3254	878	830	1708
3255	874	843	1717
3256	891	840	1731
3257	895	823	1718
3258	897	817	1714
3259	905	835	1740
3260	881	834	1715
3261	897	821	1718
3262	878	832	1710
3263	902	815	1717
3264	881	827	1708
3265	875	841	1716
3266	887	842	1729
3267	885	848	1733
3268	872	823	1695
3269	894	831	1725
3270	884	844	1728
3271	880	843	1723
3272	895	830	1725
3273	875	838	1713
3274	910	833	1743
3275	867	818	1685
3276	894	828	1722
3277	887	845	1732
3278	889	796	1685
3279	890	832	1722
3280	908	840	1748
3281	920	830	1750
3282	896	820	1716
3283	876	841	1717
3284	880	838	1718
3285	880	828	1708
3286	892	851	1743
3287	869	843	1712
3288	884	844	1728
3289	875	845	1720
3290	895	806	1701
3291	887	835	1722
3292	888	835	1723
3293	903	839	1742
3294	905	837	1742
3295	874	807	1681
3296	892	829	1721
3297	880	826	1706
3298	885	825	1710
3299	880	857	1737
3300	911	832	1743
3301	889	817	1706
3302	894	817	1711
3303	888	819	1707
3304	897	841	1738
3305	907	818	1725
3306	870	844	1714
3307	894	812	1706
3308	915	828	1743
3309	900	826	1726
3310	869	822	1691
3311	868	849	1717
3312	858	831	1689
3313	894	846	1740
3314	886	823	1709
3315	897	824	1721
3316	899	808	1707
3317	874	831	1705
3318	900	827	1727
3319	902	834	1736
3320	902	814	1716
3321	887	812	1699
3322	896	823	1719
3323	885	836	1721
3324	874	840	1714
3325	874	826	1700
3326	889	822	1711
3327	890	839	1729
3328	890	844	1734
3329	870	843	1713
3330	888	839	1727
3331	880	840	1720
3332	906	828	1734
3333	897	818	1715
3334	884	837	1721
3335	906	850	1756
3336	889	848	1737
3337	889	831	1720
3338	900	841	1741
3339	889	843	1732
3340	863	826	1689
3341	887	836	1723
3342	910	825	1735
3343	890	830	1720
3344	885	821	1706
3345	894	835	1729
3346	894	845	1739
3347	897	831	1728
3348	876	850	1726
3349	878	830	1708
3350	896	846	1742
3351	906	851	1757
3352	903	821	1724
3353	906	818	1724
3354	870	847	1717
3355	885	838	1723
3356	885	819	1704
3357	888	820	1708
3358	884	833	1717
3359	898	820	1718
3360	885	838	1723
3361	873	837	1710
3362	901	840	1741
3363	883	823	1706
3364	884	834	1718
3365	885	814	1699
3366	901	829	1730
3367	889	812	1701
3368	868	833	1701
3369	879	809	1688
3370	885	833	1718
3371	893	854	1747
3372	868	834	1702
3373	888	819	1707
3374	875	829	1704
3375	900	851	1751
3376	874	835	1709
3377	906	832	1738
3378	882	823	1705
3379	868	842	1710
3380	897	836	1733
3381	917	836	1753
3382	919	821	1740
3383	889	820	1709
3384	871	832	1703
3385	894	837	1731
3386	886	833	1719
3387	879	820	1699
3388	898	820	1718
3389	893	827	1720
3390	879	839	1718
3391	886	839	1725
3392	894	815	1709
3393	870	835	1705
3394	898	812	1710
3395	893	828	1721
3396	896	827	1723
3397	887	819	1706
3398	893	824	1717
3399	880	850	1730
3400	868	842	1710
3401	882	858	1740
3402	900	828	1728
3403	897	838	1735
3404	896	817	1713
3405	886	818	1704
3406	901	823	1724
3407	910	819	1729
3408	883	830	1713
3409	896	812	1708
3410	889	821	1710
3411	883	840	1723
3412	891	826	1717
3413	900	837	1737
3414	876	823	1699
3415	878	818	1696
3416	871	810	1681
3417	874	828	1702
3418	911	836	1747
3419	876	842	1718
3420	866	828	1694
3421	873	833	1706
3422	890	805	1695
3423	902	834	1736
3424	884	827	1711
3425	897	828	1725
3426	887	811	1698
3427	887	812	1699
3428	853	861	1714
3429	892	810	1702
3430	903	808	1711
3431	884	831	1715
3432	896	819	1715
3433	904	827	1731
3434	880	830	1710
3435	889	836	1725
3436	923	788	1711
3437	895	822	1717
3438	892	846	1738
3439	881	822	1703
3440	878	849	1727
3441	868	833	1701
3442	885	875	1760
3443	858	841	1699
3444	890	821	1711
3445	896	829	1725
3446	878	829	1707
3447	909	823	1732
3448	890	815	1705
3449	884	827	1711
3450	885	838	1723
3451	873	821	1694
3452	888	814	1702
3453	871	830	1701
3454	858	833	1691
3455	897	823	1720
3456	863	839	1702
3457	887	815	1702
3458	887	826	1713
3459	894	808	1702
3460	865	849	1714
3461	886	828	1714
3462	882	841	1723
3463	913	833	1746
3464	909	852	1761
3465	886	826	1712
3466	881	828	1709
3467	892	836	1728
3468	890	835	1725
3469	920	832	1752
3470	892	830	1722
3471	894	808	1702
3472	901	836	1737
3473	889	821	1710
3474	863	827	1690
3475	881	833	1714
3476	893	827	1720
3477	879	830	1709
3478	885	815	1700
3479	887	840	1727
3480	875	814	1689
3481	913	829	1742
3482	916	800	1716
3483	912	825	1737
3484	903	829	1732
3485	909	821	1730
3486	899	827	1726
3487	911	823	1734
3488	881	830	1711
3489	905	838	1743
3490	898	819	1717
3491	894	833	1727
3492	899	840	1739
3493	882	839	1721
3494	870	822	1692
3495	887	830	1717
3496	888	841	1729
3497	896	798	1694
3498	891	811	1702
3499	902	819	1721
3500	888	846	1734
3501	880	839	1719
3502	902	834	1736
3503	881	833	1714
3504	868	827	1695
3505	898	841	1739
3506	870	840	1710
3507	865	856	1721
3508	889	868	1757
3509	902	832	1734
3510	894	823	1717
3511	887	840	1727
3512	884	843	1727
3513	901	843	1744
3514	909	833	1742
3515	882	842	1724
3516	882	846	1728
3517	867	815	1682
3518	894	825	1719
3519	860	822	1682
3520	884	828	1712
3521	892	839	1731
3522	860	831	1691
3523	878	839	1717
3524	897	827	1724
3525	876	824	1700
3526	884	841	1725
3527	889	821	1710
3528	887	824	1711
3529	902	819	1721
3530	883	829	1712
3531	894	823	1717
3532	890	834	1724
3533	872	823	1695
3534	874	820	1694
3535	901	834	1735
3536	885	838	1723
3537	879	834	1713
3538	920	832	1752
3539	895	813	1708
3540	917	815	1732
3541	863	849	1712
3542	879	808	1687
3543	889	832	1721
3544	871	827	1698
3545	904	836	1740
3546	899	841	1740
3547	894	832	1726
3548	894	829	1723
3549	914	841	1755
3550	887	809	1696
3551	904	819	1723
3552	892	825	1717
3553	861	833	1694
3554	911	841	1752
3555	878	827	1705
3556	884	817	1701
3557	888	817	1705
3558	882	821	1703
3559	879	832	1711
3560	883	843	1726
3561	880	849	1729
3562	890	846	1736
3563	884	833	1717
3564	901	850	1751
3565	872	817	1689
3566	889	825	1714
3567	884	844	1728
3568	871	836	1707
3569	875	821	1696
3570	866	833	1699
3571	915	826	1741
3572	885	846	1731
3573	878	839	1717
3574	891	852	1743
3575	900	817	1717
3576	898	838	1736
3577	870	836	1706
3578	884	841	1725
3579	884	843	1727
3580	872	850	1722
3581	890	835	1725
3582	905	837	1742
3583	869	843	1712
3584	879	828	1707
3585	888	845	1733
3586	904	829	1733
3587	867	844	1711
3588	853	840	1693
3589	893	817	1710
3590	882	856	1738
3591	877	837	1714
3592	915	817	1732
3593	883	830	1713
3594	878	846	1724
3595	866	841	1707
3596	883	802	1685
3597	902	812	1714
3598	891	822	1713
3599	889	813	1702
3600	904	824	1728
3601	888	816	1704
3602	896	828	1724
3603	882	848	1730
3604	867	847	1714
3605	877	840	1717
3606	876	816	1692
3607	880	829	1709
3608	880	824	1704
3609	885	834	1719
3610	890	811	1701
3611	874	843	1717
3612	895	807	1702
3613	874	817	1691
3614	889	862	1751
3615	887	807	1694
3616	903	833	1736
3617	889	832	1721
3618	918	815	1733
3619	912	830	1742
3620	893	825	1718
3621	882	807	1689
3622	883	826	1709
3623	910	823	1733
3624	892	832	1724
3625	870	816	1686
3626	894	826	1720
3627	910	831	1741
3628	889	834	1723
3629	885	828	1713
3630	901	843	1744
3631	880	853	1733
3632	871	850	1721
3633	888	825	1713
3634	880	815	1695
3635	885	822	1707
3636	887	832	1719
3637	870	810	1680
3638	917	840	1757
3639	888	824	1712
3640	883	832	1715
3641	905	834	1739
3642	891	830	1721
3643	884	828	1712
3644	881	823	1704
3645	891	828	1719
3646	888	843	1731
3647	879	849	1728
3648	886	827	1713
3649	904	820	1724
3650	896	837	1733
3651	890	823	1713
3652	888	830	1718
3653	876	826	1702
3654	881	828	1709
3655	886	832	1718
3656	890	809	1699
3657	868	847	1715
3658	905	840	1745
3659	876	829	1705
3660	873	849	1722
3661	904	824	1728
3662	889	822	1711
3663	880	827	1707
3664	892	835	1727
3665	879	824	1703
3666	861	820	1681
3667	873	842	1715
3668	876	816	1692
3669	916	830	1746
3670	883	821	1704
3671	892	855	1747
3672	903	806	1709
3673	876	834	1710
3674	878	831	1709
3675	886	822	1708
3676	893	853	1746
3677	882	832	1714
3678	893	845	1738
3679	890	827	1717
3680	864	851	1715
3681	866	853	1719
3682	881	846	1727
3683	906	835	1741
3684	890	852	1742
3685	887	829	1716
3686	897	842	1739
3687	877	834	1711
3688	877	822	1699
3689	883	796	1679
3690	889	819	1708
3691	889	836	1725
3692	875	839	1714
3693	898	848	1746
3694	848	841	1689
3695	873	828	1701
3696	890	827	1717
3697	885	819	1704
3698	880	823	1703
3699	915	830	1745
3700	889	828	1717
3701	861	822	1683
3702	863	830	1693
3703	880	851	1731
3704	897	839	1736
3705	880	842	1722
3706	900	830	1730
3707	884	820	1704
3708	904	814	1718
3709	886	834	1720
3710	887	808	1695
3711	877	828	1705
3712	880	826	1706
3713	877	829	1706
3714	900	814	1714
3715	905	837	1742
3716	893	828	1721
3717	874	823	1697
3718	867	866	1733
3719	888	817	1705
3720	868	831	1699
3721	883	821	1704
3722	866	851	1717
3723	879	839	1718
3724	891	825	1716
3725	887	839	1726
3726	882	845	1727
3727	892	836	1728
3728	897	829	1726
3729	897	841	1738
3730	882	817	1699
3731	901	845	1746
3732	880	845	1725
3733	885	827	1712
3734	885	855	1740
3735	887	829	1716
3736	886	834	1720
3737	908	817	1725
3738	912	843	1755
3739	893	832	1725
3740	877	827	1704
3741	884	837	1721
3742	875	840	1715
3743	887	816	1703
3744	889	799	1688
3745	901	814	1715
3746	880	829	1709
3747	898	818	1716
3748	880	838	1718
3749	906	823	1729
3750	879	816	1695
3751	882	824	1706
3752	875	856	1731
3753	883	852	1735
3754	905	801	1706
3755	889	825	1714
3756	914	834	1748
3757	888	843	1731
3758	884	817	1701
3759	885	821	1706
3760	893	827	1720
3761	867	818	1685
3762	894	847	1741
3763	866	843	1709
3764	886	831	1717
3765	898	819	1717
3766	880	831	1711
3767	881	836	1717
3768	875	850	1725
3769	900	821	1721
3770	901	848	1749
3771	863	859	1722
3772	884	839	1723
3773	885	838	1723
3774	889	840	1729
3775	897	833	1730
3776	880	838	1718
3777	886	859	1745
3778	905	807	1712
3779	886	841	1727
3780	898	830	1728
3781	875	831	1706
3782	871	794	1665
3783	914	827	1741
3784	881	847	1728
3785	863	831	1694
3786	867	837	1704
3787	871	846	1717
3788	898	837	1735
3789	880	838	1718
3790	884	838	1722
3791	886	821	1707
3792	876	847	1723
3793	888	867	1755
3794	887	830	1717
3795	856	843	1699
3796	894	834	1728
3797	893	834	1727
3798	913	834	1747
3799	912	817	1729
3800	891	826	1717
3801	865	840	1705
3802	895	836	1731
3803	881	824	1705
3804	902	818	1720
3805	893	799	1692
3806	873	849	1722
3807	877	829	1706
3808	877	822	1699
3809	875	822	1697
3810	900	833	1733
3811	895	837	1732
3812	888	817	1705
3813	909	799	1708
3814	883	823	1706
3815	891	821	1712
3816	885	851	1736
3817	882	827	1709
3818	884	822	1706
3819	881	829	1710
3820	877	848	1725
3821	882	848	1730
3822	893	832	1725
3823	886	825	1711
3824	878	827	1705
3825	864	821	1685
3826	886	832	1718
3827	898	817	1715
3828	886	845	1731
3829	854	854	1708
3830	879	846	1725
3831	871	845	1716
3832	881	833	1714
3833	868	854	1722
3834	871	839	1710
3835	892	850	1742
3836	899	824	1723
3837	890	831	1721
3838	901	834	1735
3839	864	831	1695
3840	891	822	1713
3841	888	829	1717
3842	882	848	1730
3843	894	824	1718
3844	900	827	1727
3845	912	834	1746
3846	898	828	1726
3847	859	847	1706
3848	872	831	1703
3849	871	819	1690
3850	883	840	1723
3851	899	830	1729
3852	886	823	1709
3853	891	797	1688
3854	889	847	1736
3855	883	832	1715
3856	895	849	1744
3857	892	858	1750
3858	894	813	1707
3859	880	860	1740
3860	887	828	1715
3861	905	846	1751
3862	893	848	1741
3863	876	845	1721
3864	889	836	1725
3865	846	837	1683
3866	894	834	1728
3867	895	849	1744
3868	902	835	1737
3869	912	839	1751
3870	871	837	1708
3871	883	831	1714
3872	862	853	1715
3873	900	842	1742
3874	880	844	1724
3875	871	824	1695
3876	891	829	1720
3877	900	820	1720
3878	878	843	1721
3879	886	818	1704
3880	897	830	1727
3881	896	827	1723
3882	902	800	1702
3883	899	839	1738
3884	890	848	1738
3885	885	817	1702
3886	885	845	1730
3887	890	820	1710
3888	896	834	1730
3889	893	826	1719
3890	875	822	1697
3891	887	846	1733
3892	892	834	1726
3893	908	814	1722
3894	878	842	1720
3895	866	827	1693
3896	876	840	1716
3897	885	848	1733
3898	918	823	1741
3899	897	822	1719
3900	878	830	1708
3901	878	828	1706
3902	904	824	1728
3903	879	822	1701
3904	883	830	1713
3905	884	828	1712
3906	888	812	1700
3907	891	825	1716
3908	882	825	1707
3909	899	836	1735
3910	888	812	1700
3911	878	822	1700
3912	893	826	1719
3913	898	824	1722
3914	869	843	1712
3915	890	832	1722
3916	872	834	1706
3917	879	833	1712
3918	878	833	1711
3919	899	835	1734
3920	918	810	1728
3921	891	828	1719
3922	875	857	1732
3923	899	797	1696
3924	903	839	1742
3925	899	851	1750
3926	871	824	1695
3927	873	823	1696
3928	914	821	1735
3929	889	834	1723
3930	888	830	1718
3931	901	853	1754
3932	895	820	1715
3933	873	825	1698
3934	886	853	1739
3935	884	838	1722
3936	879	827	1706
3937	899	832	1731
3938	883	828	1711
3939	884	837	1721
3940	888	824	1712
3941	863	829	1692
3942	883	834	1717
3943	879	834	1713
3944	888	835	1723
3945	888	825	1713
3946	887	819	1706
3947	893	813	1706
3948	892	849	1741
3949	884	832	1716
3950	896	822	1718
3951	897	825	1722
3952	904	840	1744
3953	898	834	1732
3954	878	825	1703
3955	887	814	1701
3956	883	834	1717
3957	874	854	1728
3958	904	837	1741
3959	887	827	1714
3960	892	827	1719
3961	893	834	1727
3962	879	839	1718
3963	880	835	1715
3964	876	843	1719
3965	885	829	1714
3966	886	829	1715
3967	868	840	1708
3968	887	830	1717
3969	895	834	1729
3970	865	832	1697
3971	884	832	1716
3972	905	821	1726
3973	910	850	1760
3974	896	830	1726
3975	881	825	1706
3976	891	827	1718
3977	884	835	1719
3978	889	815	1704
3979	884	852	1736
3980	882	836	1718
3981	897	800	1697
3982	899	847	1746
3983	898	832	1730
3984	894	830	1724
3985	878	851	1729
3986	901	850	1751
3987	881	833	1714
3988	887	816	1703
3989	878	842	1720
3990	899	832	1731
3991	898	855	1753
3992	900	833	1733
3993	862	828	1690
3994	892	843	1735
3995	898	845	1743
3996	873	843	1716
3997	896	851	1747
3998	875	828	1703
3999	875	804	1679
4000	892	825	1717
4001	880	836	1716
4002	886	835	1721
4003	891	822	1713
4004	853	826	1679
4005	880	832	1712
4006	871	802	1673
4007	896	829	1725
4008	903	826	1729
4009	885	837	1722
4010	890	844	1734
4011	873	819	1692
4012	890	848	1738
4013	904	839	1743
4014	896	812	1708
4015	879	835	1714
4016	890	837	1727
4017	893	824	1717
4018	897	839	1736
4019	869	817	1686
4020	871	834	1705
4021	861	817	1678
4022	897	823	1720
4023	888	818	1706
4024	879	830	1709
4025	900	837	1737
4026	897	808	1705
4027	900	821	1721
4028	890	830	1720
4029	879	825	1704
4030	868	837	1705
4031	881	839	1720
4032	907	841	1748
4033	899	837	1736
4034	895	836	1731
4035	891	851	1742
4036	900	852	1752
4037	897	841	1738
4038	889	818	1707
4039	891	842	1733
4040	914	830	1744
4041	892	838	1730
4042	908	841	1749
4043	899	827	1726
4044	891	827	1718
4045	870	835	1705
4046	879	838	1717
4047	888	852	1740
4048	889	841	1730
4049	899	838	1737
4050	888	810	1698
4051	915	832	1747
4052	879	835	1714
4053	877	838	1715
4054	893	823	1716
4055	873	847	1720
4056	865	844	1709
4057	898	828	1726
4058	892	819	1711
4059	895	828	1723
4060	888	825	1713
4061	876	846	1722
4062	883	807	1690
4063	897	831	1728
4064	885	856	1741
4065	887	836	1723
4066	882	833	1715
4067	912	829	1741
4068	878	842	1720
4069	878	830	1708
4070	894	841	1735
4071	893	823	1716
4072	881	816	1697
4073	899	842	1741
4074	867	824	1691
4075	880	840	1720
4076	897	825	1722
4077	861	837	1698
4078	893	835	1728
4079	887	828	1715
4080	918	829	1747
4081	900	820	1720
4082	879	818	1697
4083	915	823	1738
4084	884	860	1744
4085	889	824	1713
4086	916	820	1736
4087	897	848	1745
4088	887	842	1729
4089	843	828	1671
4090	884	823	1707
4091	880	833	1713
4092	899	833	1732
4093	908	818	1726
4094	866	816	1682
4095	878	827	1705
4096	895	835	1730
4097	919	814	1733
4098	894	835	1729
4099	883	816	1699
4100	890	840	1730
4101	892	843	1735
4102	890	821	1711
4103	887	841	1728
4104	881	839	1720
4105	894	805	1699
4106	879	825	1704
4107	884	807	1691
4108	876	853	1729
4109	868	835	1703
4110	883	828	1711
4111	913	836	1749
4112	890	853	1743
4113	888	839	1727
4114	880	849	1729
4115	866	835	1701
4116	866	831	1697
4117	899	841	1740
4118	893	815	1708
4119	894	829	1723
4120	897	812	1709
4121	887	843	1730
4122	896	819	1715
4123	904	819	1723
4124	848	810	1658
4125	887	863	1750
4126	900	816	1716
4127	885	826	1711
4128	890	813	1703
4129	918	826	1744
4130	889	856	1745
4131	890	825	1715
4132	876	844	1720
4133	896	824	1720
4134	913	823	1736
4135	868	817	1685
4136	896	850	1746
4137	899	818	1717
4138	904	823	1727
4139	897	798	1695
4140	900	826	1726
4141	907	836	1743
4142	890	814	1704
4143	892	851	1743
4144	887	846	1733
4145	894	821	1715
4146	883	840	1723
4147	886	816	1702
4148	900	831	1731
4149	868	828	1696
4150	914	844	1758
4151	900	826	1726
4152	887	844	1731
4153	886	830	1716
4154	881	844	1725
4155	877	833	1710
4156	894	811	1705
4157	900	829	1729
4158	890	827	1717
4159	880	813	1693
4160	890	821	1711
4161	883	820	1703
4162	880	825	1705
4163	897	849	1746
4164	888	836	1724
4165	877	825	1702
4166	881	825	1706
4167	867	841	1708
4168	909	820	1729
4169	885	838	1723
4170	906	831	1737
4171	862	828	1690
4172	888	834	1722
4173	899	826	1725
4174	871	826	1697
4175	893	850	1743
4176	879	828	1707
4177	880	813	1693
4178	891	836	1727
4179	882	849	1731
4180	873	833	1706
4181	894	794	1688
4182	894	846	1740
4183	894	818	1712
4184	877	844	1721
4185	882	823	1705
4186	909	834	1743
4187	874	838	1712
4188	875	824	1699
4189	897	813	1710
4190	907	829	1736
4191	885	843	1728
4192	884	839	1723
4193	874	828	1702
4194	892	815	1707
4195	884	804	1688
4196	893	839	1732
4197	882	814	1696
4198	899	856	1755
4199	896	838	1734
4200	889	835	1724
4201	893	822	1715
4202	868	824	1692
4203	888	807	1695
4204	896	832	1728
4205	889	802	1691
4206	894	831	1725
4207	885	821	1706
4208	886	845	1731
4209	889	842	1731
4210	898	838	1736
4211	905	845	1750
4212	869	837	1706
4213	872	838	1710
4214	884	837	1721
4215	891	803	1694
4216	923	835	1758
4217	906	827	1733
4218	869	838	1707
4219	909	813	1722
4220	919	827	1746
4221	887	819	1706
4222	889	817	1706
4223	879	817	1696
4224	894	826	1720
4225	873	849	1722
4226	894	842	1736
4227	895	823	1718
4228	887	819	1706
4229	887	842	1729
4230	908	845	1753
4231	878	817	1695
4232	876	831	1707
4233	879	842	1721
4234	872	834	1706
4235	886	814	1700
4236	895	840	1735
4237	914	810	1724
4238	893	825	1718
4239	882	836	1718
4240	898	814	1712
4241	892	827	1719
4242	885	846	1731
4243	882	863	1745
4244	893	807	1700
4245	891	838	1729
4246	893	806	1699
4247	896	811	1707
4248	874	826	1700
4249	904	840	1744
4250	898	828	1726
4251	880	826	1706
4252	865	833	1698
4253	874	829	1703
4254	899	815	1714
4255	883	844	1727
4256	894	836	1730
4257	894	809	1703
4258	897	824	1721
4259	901	810	1711
4260	897	834	1731
4261	867	829	1696
4262	902	829	1731
4263	896	850	1746
4264	855	826	1681
4265	892	839	1731
4266	869	843	1712
4267	899	830	1729
4268	896	823	1719
4269	910	826	1736
4270	868	829	1697
4271	868	811	1679
4272	917	818	1735
4273	886	843	1729
4274	891	844	1735
4275	878	819	1697
4276	880	843	1723
4277	875	814	1689
4278	879	861	1740
4279	900	834	1734
4280	880	847	1727
4281	870	836	1706
4282	891	832	1723
4283	876	832	1708
4284	859	822	1681
4285	900	832	1732
4286	884	838	1722
4287	899	838	1737
4288	882	830	1712
4289	885	832	1717
4290	893	849	1742
4291	884	825	1709
4292	872	803	1675
4293	870	833	1703
4294	886	839	1725
4295	894	829	1723
4296	899	828	1727
4297	889	838	1727
4298	893	824	1717
4299	884	813	1697
4300	892	820	1712
4301	880	813	1693
4302	903	831	1734
4303	883	809	1692
4304	910	845	1755
4305	887	823	1710
4306	911	817	1728
4307	893	851	1744
4308	906	845	1751
4309	900	818	1718
4310	890	829	1719
4311	887	832	1719
4312	882	858	1740
4313	884	848	1732
4314	897	848	1745
4315	878	843	1721
4316	892	838	1730
4317	907	848	1755
4318	896	843	1739
4319	883	848	1731
4320	887	845	1732
4321	902	837	1739
4322	874	858	1732
4323	899	813	1712
4324	885	836	1721
4325	861	853	1714
4326	884	819	1703
4327	888	822	1710
4328	896	841	1737
4329	892	839	1731
4330	888	832	1720
4331	875	831	1706
4332	890	819	1709
4333	874	834	1708
4334	900	843	1743
4335	889	830	1719
4336	869	821	1690
4337	880	828	1708
4338	907	840	1747
4339	883	830	1713
4340	868	835	1703
4341	907	850	1757
4342	861	830	1691
4343	899	814	1713
4344	874	810	1684
4345	872	825	1697
4346	884	832	1716
4347	861	837	1698
4348	884	837	1721
4349	877	825	1702
4350	878	803	1681
4351	871	821	1692
4352	884	813	1697
4353	883	848	1731
4354	884	817	1701
4355	876	841	1717
4356	898	827	1725
4357	886	831	1717
4358	884	826	1710
4359	902	824	1726
4360	911	833	1744
4361	889	821	1710
4362	907	819	1726
4363	896	836	1732
4364	892	814	1706
4365	897	827	1724
4366	904	824	1728
4367	901	807	1708
4368	911	799	1710
4369	885	837	1722
4370	893	829	1722
4371	874	845	1719
4372	899	827	1726
4373	900	817	1717
4374	882	822	1704
4375	901	832	1733
4376	892	820	1712
4377	879	828	1707
4378	884	848	1732
4379	878	834	1712
4380	882	840	1722
4381	911	806	1717
4382	862	852	1714
4383	876	816	1692
4384	877	832	1709
4385	910	822	1732
4386	892	843	1735
4387	874	837	1711
4388	910	847	1757
4389	888	819	1707
4390	871	854	1725
4391	880	845	1725
4392	886	826	1712
4393	902	830	1732
4394	887	857	1744
4395	860	833	1693
4396	893	826	1719
4397	899	838	1737
4398	897	849	1746
4399	874	860	1734
4400	887	837	1724
4401	883	830	1713
4402	915	821	1736
4403	899	832	1731
4404	884	837	1721
4405	898	836	1734
4406	898	830	1728
4407	901	839	1740
4408	886	834	1720
4409	875	831	1706
4410	887	813	1700
4411	877	835	1712
4412	882	825	1707
4413	908	835	1743
4414	878	825	1703
4415	895	809	1704
4416	895	821	1716
4417	883	852	1735
4418	883	831	1714
4419	890	825	1715
4420	851	835	1686
4421	890	837	1727
4422	882	819	1701
4423	891	821	1712
4424	903	836	1739
4425	871	843	1714
4426	904	828	1732
4427	895	848	1743
4428	892	836	1728
4429	888	827	1715
4430	868	829	1697
4431	872	851	1723
4432	912	830	1742
4433	888	806	1694
4434	888	854	1742
4435	894	826	1720
4436	889	824	1713
4437	895	818	1713
4438	894	834	1728
4439	901	814	1715
4440	915	817	1732
4441	889	858	1747
4442	886	838	1724
4443	916	833	1749
4444	900	809	1709
4445	906	816	1722
4446	875	822	1697
4447	885	835	1720
4448	894	849	1743
4449	897	809	1706
4450	857	826	1683
4451	884	827	1711
4452	876	825	1701
4453	893	832	1725
4454	876	825	1701
4455	878	818	1696
4456	885	842	1727
4457	877	850	1727
4458	891	856	1747
4459	909	825	1734
4460	900	828	1728
4461	872	855	1727
4462	906	810	1716
4463	879	794	1673
4464	890	829	1719
4465	884	808	1692
4466	892	839	1731
4467	887	852	1739
4468	907	859	1766
4469	895	844	1739
4470	902	838	1740
4471	899	832	1731
4472	890	842	1732
4473	901	838	1739
4474	898	835	1733
4475	867	836	1703
4476	905	836	1741
4477	886	829	1715
4478	885	833	1718
4479	891	848	1739
4480	871	836	1707
4481	868	838	1706
4482	874	825	1699
4483	886	835	1721
4484	873	825	1698
4485	888	823	1711
4486	894	823	1717
4487	889	823	1712
4488	890	809	1699
4489	870	827	1697
4490	882	830	1712
4491	865	832	1697
4492	891	834	1725
4493	867	816	1683
4494	890	831	1721
4495	889	829	1718
4496	898	813	1711
4497	914	822	1736
4498	873	837	1710
4499	880	833	1713
4500	886	824	1710
4501	903	821	1724
4502	862	847	1709
4503	904	821	1725
4504	892	824	1716
4505	880	821	1701
4506	907	828	1735
4507	907	837	1744
4508	902	812	1714
4509	885	823	1708
4510	865	836	1701
4511	869	838	1707
4512	901	818	1719
4513	885	809	1694
4514	919	848	1767
4515	908	808	1716
4516	897	815	1712
4517	873	846	1719
4518	879	820	1699
4519	892	827	1719
4520	892	823	1715
4521	883	833	1716
4522	888	819	1707
4523	871	846	1717
4524	887	824	1711
4525	919	835	1754
4526	894	835	1729
4527	870	819	1689
4528	900	837	1737
4529	883	825	1708
4530	898	824	1722
4531	880	854	1734
4532	897	820	1717
4533	888	825	1713
4534	887	823	1710
4535	889	822	1711
4536	900	834	1734
4537	892	846	1738
4538	900	837	1737
4539	892	816	1708
4540	896	819	1715
4541	871	828	1699
4542	887	855	1742
4543	879	820	1699
4544	900	830	1730
4545	885	852	1737
4546	883	840	1723
4547	877	812	1689
4548	893	842	1735
4549	886	849	1735
4550	882	824	1706
4551	898	827	1725
4552	879	832	1711
4553	882	841	1723
4554	865	828	1693
4555	898	815	1713
4556	894	831	1725
4557	869	856	1725
4558	887	826	1713
4559	892	809	1701
4560	888	837	1725
4561	889	837	1726
4562	910	812	1722
4563	927	826	1753
4564	882	825	1707
4565	878	845	1723
4566	889	816	1705
4567	891	839	1730
4568	887	854	1741
4569	905	826	1731
4570	866	825	1691
4571	895	837	1732
4572	886	849	1735
4573	880	830	1710
4574	906	834	1740
4575	887	834	1721
4576	896	816	1712
4577	863	844	1707
4578	895	855	1750
4579	882	826	1708
4580	880	815	1695
4581	889	834	1723
4582	893	832	1725
4583	890	840	1730
4584	876	818	1694
4585	903	820	1723
4586	873	835	1708
4587	884	813	1697
4588	882	828	1710
4589	892	811	1703
4590	887	834	1721
4591	889	836	1725
4592	912	821	1733
4593	892	826	1718
4594	884	839	1723
4595	891	811	1702
4596	887	846	1733
4597	914	829	1743
4598	887	824	1711
4599	866	847	1713
4600	882	827	1709
4601	877	851	1728
4602	897	832	1729
4603	866	834	1700
4604	873	833	1706
4605	890	811	1701
4606	882	839	1721
4607	888	833	1721
4608	889	852	1741
4609	888	834	1722
4610	846	833	1679
4611	890	840	1730
4612	859	827	1686
4613	905	812	1717
4614	866	833	1699
4615	897	821	1718
4616	873	841	1714
4617	895	837	1732
4618	896	831	1727
4619	901	818	1719
4620	898	827	1725
4621	899	817	1716
4622	890	850	1740
4623	884	819	1703
4624	898	806	1704
4625	895	819	1714
4626	902	812	1714
4627	866	821	1687
4628	891	836	1727
4629	910	835	1745
4630	897	851	1748
4631	916	836	1752
4632	891	823	1714
4633	900	854	1754
4634	902	808	1710
4635	882	812	1694
4636	883	823	1706
4637	904	855	1759
4638	906	828	1734
4639	887	827	1714
4640	877	808	1685
4641	880	853	1733
4642	877	824	1701
4643	875	838	1713
4644	926	823	1749
4645	893	826	1719
4646	882	829	1711
4647	882	821	1703
4648	890	833	1723
4649	909	839	1748
4650	926	807	1733
4651	901	827	1728
4652	900	856	1756
4653	900	817	1717
4654	878	832	1710
4655	898	816	1714
4656	871	816	1687
4657	901	843	1744
4658	900	829	1729
4659	892	822	1714
4660	894	828	1722
4661	872	825	1697
4662	882	835	1717
4663	870	835	1705
4664	901	822	1723
4665	874	843	1717
4666	887	856	1743
4667	894	836	1730
4668	901	838	1739
4669	886	813	1699
4670	881	817	1698
4671	877	840	1717
4672	894	829	1723
4673	896	837	1733
4674	866	844	1710
4675	878	821	1699
4676	885	843	1728
4677	866	816	1682
4678	902	842	1744
4679	887	826	1713
4680	881	833	1714
4681	907	847	1754
4682	885	847	1732
4683	886	841	1727
4684	878	820	1698
4685	872	855	1727
4686	884	820	1704
4687	869	827	1696
4688	888	829	1717
4689	875	819	1694
4690	895	845	1740
4691	869	835	1704
4692	888	850	1738
4693	898	849	1747
4694	905	821	1726
4695	879	823	1702
4696	886	807	1693
4697	870	812	1682
4698	896	835	1731
4699	903	828	1731
4700	883	841	1724
4701	874	818	1692
4702	933	813	1746
4703	899	824	1723
4704	900	829	1729
4705	872	824	1696
4706	902	844	1746
4707	880	838	1718
4708	869	828	1697
4709	900	825	1725
4710	889	812	1701
4711	908	814	1722
4712	868	826	1694
4713	900	835	1735
4714	916	832	1748
4715	893	837	1730
4716	868	833	1701
4717	907	829	1736
4718	876	831	1707
4719	891	799	1690
4720	884	801	1685
4721	897	794	1691
4722	890	827	1717
4723	876	849	1725
4724	876	832	1708
4725	890	842	1732
4726	855	825	1680
4727	880	808	1688
4728	890	832	1722
4729	910	837	1747
4730	884	844	1728
4731	878	797	1675
4732	911	818	1729
4733	894	834	1728
4734	889	839	1728
4735	865	833	1698
4736	894	844	1738
4737	882	837	1719
4738	876	817	1693
4739	873	828	1701
4740	871	825	1696
4741	890	837	1727
4742	894	831	1725
4743	907	826	1733
4744	893	840	1733
4745	872	827	1699
4746	894	832	1726
4747	889	845	1734
4748	886	831	1717
4749	893	823	1716
4750	920	820	1740
4751	898	823	1721
4752	877	845	1722
4753	874	820	1694
4754	864	838	1702
4755	896	830	1726
4756	890	837	1727
4757	895	833	1728
4758	876	819	1695
4759	880	824	1704
4760	877	817	1694
4761	910	817	1727
4762	880	844	1724
4763	894	828	1722
4764	879	824	1703
4765	935	841	1776
4766	882	840	1722
4767	911	835	1746
4768	877	837	1714
4769	898	834	1732
4770	887	839	1726
4771	881	830	1711
4772	871	847	1718
4773	911	824	1735
4774	880	824	1704
4775	887	822	1709
4776	889	841	1730
4777	881	834	1715
4778	884	827	1711
4779	881	843	1724
4780	884	829	1713
4781	897	836	1733
4782	900	824	1724
4783	893	834	1727
4784	893	817	1710
4785	885	853	1738
4786	914	849	1763
4787	858	818	1676
4788	896	817	1713
4789	883	832	1715
4790	856	842	1698
4791	886	824	1710
4792	886	821	1707
4793	868	834	1702
4794	915	829	1744
4795	905	853	1758
4796	897	815	1712
4797	908	825	1733
4798	893	826	1719
4799	903	837	1740
4800	873	835	1708
4801	897	824	1721
4802	908	847	1755
4803	887	831	1718
4804	918	810	1728
4805	877	846	1723
4806	883	842	1725
4807	890	830	1720
4808	872	827	1699
4809	885	830	1715
4810	883	832	1715
4811	891	825	1716
4812	890	821	1711
4813	890	833	1723
4814	898	833	1731
4815	888	850	1738
4816	920	821	1741
4817	888	836	1724
4818	889	837	1726
4819	858	848	1706
4820	883	817	1700
4821	883	826	1709
4822	902	830	1732
4823	901	845	1746
4824	875	818	1693
4825	875	834	1709
4826	891	809	1700
4827	895	822	1717
4828	890	819	1709
4829	877	815	1692
4830	900	821	1721
4831	878	838	1716
4832	898	820	1718
4833	891	821	1712
4834	902	824	1726
4835	881	816	1697
4836	881	844	1725
4837	888	837	1725
4838	872	851	1723
4839	911	837	1748
4840	887	824	1711
4841	874	832	1706
4842	879	847	1726
4843	874	833	1707
4844	886	830	1716
4845	919	819	1738
4846	908	830	1738
4847	903	831	1734
4848	898	849	1747
4849	881	840	1721
4850	909	817	1726
4851	891	818	1709
4852	901	848	1749
4853	916	852	1768
4854	911	836	1747
4855	877	810	1687
4856	884	849	1733
4857	894	858	1752
4858	889	833	1722
4859	897	843	1740
4860	907	832	1739
4861	895	855	1750
4862	893	817	1710
4863	877	841	1718
4864	874	844	1718
4865	851	828	1679
4866	864	822	1686
4867	897	837	1734
4868	889	816	1705
4869	879	827	1706
4870	881	821	1702
4871	888	840	1728
4872	886	866	1752
4873	903	827	1730
4874	901	828	1729
4875	884	856	1740
4876	897	823	1720
4877	878	838	1716
4878	894	838	1732
4879	891	869	1760
4880	893	834	1727
4881	887	826	1713
4882	871	816	1687
4883	876	836	1712
4884	899	824	1723
4885	909	809	1718
4886	884	862	1746
4887	910	839	1749
4888	869	849	1718
4889	866	825	1691
4890	879	822	1701
4891	895	842	1737
4892	910	839	1749
4893	892	842	1734
4894	881	822	1703
4895	888	855	1743
4896	903	841	1744
4897	855	856	1711
4898	899	837	1736
4899	887	818	1705
4900	873	829	1702
4901	873	825	1698
4902	884	836	1720
4903	896	826	1722
4904	869	810	1679
4905	882	828	1710
4906	883	813	1696
4907	909	832	1741
4908	873	819	1692
4909	881	827	1708
4910	892	837	1729
4911	871	826	1697
4912	911	817	1728
4913	881	834	1715
4914	878	819	1697
4915	873	836	1709
4916	862	858	1720
4917	902	828	1730
4918	898	832	1730
4919	874	804	1678
4920	891	821	1712
4921	881	854	1735
4922	880	841	1721
4923	868	814	1682
4924	879	835	1714
4925	871	845	1716
4926	885	826	1711
4927	917	854	1771
4928	903	841	1744
4929	897	845	1742
4930	902	835	1737
4931	878	833	1711
4932	860	832	1692
4933	893	835	1728
4934	886	852	1738
4935	911	830	1741
4936	895	852	1747
4937	893	838	1731
4938	910	821	1731
4939	892	826	1718
4940	884	835	1719
4941	868	812	1680
4942	882	833	1715
4943	875	827	1702
4944	888	821	1709
4945	876	847	1723
4946	868	820	1688
4947	882	855	1737
4948	894	818	1712
4949	896	841	1737
4950	864	825	1689
4951	888	822	1710
4952	902	823	1725
4953	887	834	1721
4954	885	815	1700
4955	880	815	1695
4956	885	848	1733
4957	878	822	1700
4958	878	824	1702
4959	860	839	1699
4960	904	838	1742
4961	890	853	1743
4962	864	801	1665
4963	888	840	1728
4964	867	855	1722
4965	871	828	1699
4966	871	846	1717
4967	895	833	1728
4968	883	816	1699
4969	886	848	1734
4970	893	836	1729
4971	895	837	1732
4972	878	824	1702
4973	878	853	1731
4974	873	821	1694
4975	907	830	1737
4976	896	821	1717
4977	889	836	1725
4978	895	816	1711
4979	880	823	1703
4980	883	841	1724
4981	880	812	1692
4982	866	842	1708
4983	874	831	1705
4984	872	841	1713
4985	883	842	1725
4986	883	843	1726
4987	910	831	1741
4988	861	836	1697
4989	892	808	1700
4990	879	818	1697
4991	919	836	1755
4992	872	826	1698
4993	877	824	1701
4994	913	825	1738
4995	887	830	1717
4996	894	825	1719
4997	887	802	1689
4998	885	844	1729
4999	892	823	1715
5000	919	820	1739
5001	906	845	1751
5002	880	844	1724
5003	874	839	1713
5004	867	835	1702
5005	878	817	1695
5006	913	841	1754
5007	889	845	1734
5008	855	818	1673
5009	913	835	1748
5010	889	821	1710
5011	897	832	1729
5012	884	832	1716
5013	896	819	1715
5014	885	816	1701
5015	868	835	1703
5016	891	838	1729
5017	885	820	1705
5018	888	839	1727
5019	907	834	1741
5020	886	825	1711
5021	895	843	1738
5022	857	830	1687
5023	881	847	1728
5024	895	835	1730
5025	898	835	1733
5026	900	825	1725
5027	900	831	1731
5028	901	851	1752
5029	887	837	1724
5030	886	860	1746
5031	882	825	1707
5032	895	835	1730
5033	890	833	1723
5034	904	836	1740
5035	870	843	1713
5036	898	834	1732
5037	906	855	1761
5038	878	823	1701
5039	881	822	1703
5040	890	838	1728
5041	915	825	1740
5042	910	807	1717
5043	906	843	1749
5044	870	827	1697
5045	883	842	1725
5046	886	815	1701
5047	891	835	1726
5048	892	833	1725
5049	878	826	1704
5050	889	830	1719
5051	897	824	1721
5052	883	840	1723
5053	869	826	1695
