3	15	16	23	25	45	54	56	60	63	69	75	82	87	88	89	90	96	98	99	103	114	115	129	133	137	141	142	143	146	159	179	182	190	204	213	214	215	219	230	244	246	248	253	258	260	261	262	265	278	280	284	287	294	299	300	304	314	322	326	327	334	337	338	339	352	359	363	367	371	381	383	388	390	398	399	407	408	413	414	420	432	438	452	456	464	465	466	473	474	475	476	484	489	493	499	503	505	217	74	380	377	33	18	360	100	225	257	462	429	76	175	163	66	147	459	349	482	2	472	34	176	285	73	112	368	415	79	125	48	290	208	166	437	374	247	186	152	21	279	463	26	
3	15	16	45	56	60	63	69	87	90	98	114	115	142	159	179	182	204	213	215	244	246	248	253	258	278	280	287	300	304	322	326	327	334	337	338	352	367	381	383	388	398	399	407	420	432	452	456	464	476	489	493	503	380	33	360	257	175	66	482	2	73	368	21	26	75	119	414	166	472	299	474	459	137	34	260	208	437	445	106	363	473	23	96	99	465	133	346	146	495	89	511	82	107	67	375	262	
3	15	16	56	60	98	114	115	179	182	204	213	215	246	248	253	258	287	304	322	326	334	338	352	367	388	399	456	464	476	489	493	503	380	33	257	2	73	368	21	26	75	472	299	474	459	137	34	260	208	437	445	106	99	465	133	146	375	342	360	48	457	228	45	381	303	244	178	96	199	339	511	207	79	344	404	
3	15	16	56	115	179	182	204	213	215	246	248	258	287	304	334	338	367	456	464	493	380	257	73	21	26	75	472	474	459	137	34	260	208	437	445	106	465	133	342	48	457	228	45	381	511	79	98	178	33	207	470	476	299	368	50	209	360	
3	15	16	56	115	182	204	215	246	248	258	287	304	334	367	456	464	493	380	257	73	21	26	75	472	474	459	137	260	208	437	445	465	133	342	48	457	228	45	511	79	178	33	207	470	299	368	449	110	381	360	338	60	106	366	336	364	489	
3	16	56	115	182	204	215	246	304	334	367	464	493	257	73	21	75	472	474	137	260	208	437	465	133	342	457	45	511	178	449	381	360	338	19	279	240	48	252	459	339	407	203	207	149	65	110	
3	16	56	115	182	215	246	304	334	367	464	493	257	73	472	474	137	260	208	437	465	133	342	511	178	449	381	360	338	19	279	240	507	40	91	459	308	123	407	24	259	
16	56	115	182	215	304	334	367	493	257	73	472	474	137	260	208	437	465	133	178	360	338	19	279	240	507	40	91	308	407	244	72	209	310	89	401	217	252	306	
16	56	115	182	215	304	334	367	493	257	73	472	474	208	437	465	133	178	360	338	279	240	507	40	308	310	89	217	407	212	445	464	224	201	361	91	72	51	143	294	
16	56	115	182	215	304	334	367	493	257	73	472	474	208	437	465	178	360	338	279	507	310	217	407	445	224	361	159	302	311	464	496	248	89	93	232	303	476	295	
56	115	182	215	334	367	493	73	472	208	437	465	178	338	507	217	361	159	302	311	464	232	89	474	224	257	360	489	114	
56	115	182	334	367	493	73	472	208	465	178	217	361	159	302	311	464	89	257	233	474	162	157	400	
56	115	367	73	472	208	465	178	217	361	159	302	464	233	363	65	176	
115	367	472	208	465	217	361	159	302	233	363	383	119	
115	367	472	465	217	361	159	302	233	363	383	157	
115	367	465	361	302	233	363	383	
115	367	465	361	302	233	383	
115	367	465	361	302	383	298	473	495	
115	367	465	302	383	473	
115	367	465	302	303	
115	465	302	
115	465	302	
115	465	302	
115	465	302	464	
115	465	302	
115	465	302	
115	465	302	
115	302	270	
115	302	
115	302	
115	302	
115	302	
115	302	430	
115	302	
115	302	
115	302	123	
115	302	
115	302	
115	302	300	
115	302	
115	302	
115	302	
115	302	303	
115	302	298	
115	302	
115	302	
115	302	
115	302	430	
115	302	
115	302	
115	302	
115	302	
115	302	
115	302	
115	302	99	
115	302	99	
115	302	114	
115	302	
115	302	
115	302	
115	302	114	
115	302	366	
115	302	
115	302	
115	302	
115	302	
115	302	
115	302	
115	302	113	
115	302	
115	302	300	
115	302	
115	302	
115	302	
115	302	
115	302	
115	302	83	
115	302	
115	302	
115	302	
115	302	
115	302	
115	302	113	
115	302	
115	302	
115	302	
115	302	
115	302	99	119	
115	302	
115	302	
115	302	
115	302	298	318	
115	302	
115	302	
115	302	113	
115	302	
115	302	
115	302	303	300	
115	302	51	
115	302	
115	302	
115	302	
115	302	
115	302	
115	302	243	
115	302	
115	302	
115	302	119	
115	302	
115	302	
115	302	366	
115	302	
115	302	303	
115	302	
115	302	294	
115	302	
115	302	
115	302	
115	302	
115	302	
115	302	243	
115	302	
115	302	
115	302	
115	302	
115	302	
115	302	
115	302	
115	302	
115	302	113	
115	302	
115	302	
115	302	
115	302	
115	302	
115	302	303	
115	302	430	
115	302	270	
115	302	
115	302	
115	302	
115	302	
115	302	114	
115	302	
115	302	
115	302	
115	302	
115	302	300	
115	302	
115	302	123	
115	302	
115	302	
115	302	51	
115	302	
115	302	
115	302	
115	302	366	
115	302	
115	302	
115	302	
115	302	
115	302	113	
115	302	
115	302	
115	302	366	
115	302	
115	302	
115	302	
115	302	
115	302	
115	302	
115	302	
115	302	
115	302	
115	302	
115	302	430	
115	302	
115	302	
115	302	
115	302	
115	302	
115	302	
115	302	114	
115	302	
115	302	51	
115	302	
115	302	
115	302	
115	302	
115	302	
115	302	118	
115	302	
115	302	
115	302	303	
115	302	
115	302	
115	302	
115	302	99	
115	302	303	
115	302	
115	302	
115	302	
115	302	
115	302	114	
115	302	
115	302	
115	302	114	119	
115	302	
115	302	298	
115	302	
115	302	
115	302	
115	302	
115	302	
115	302	
115	302	
115	302	
115	302	
115	302	
115	302	
115	302	
115	302	243	294	
115	302	
115	302	294	
115	302	
115	302	
115	302	
115	302	
115	302	
115	302	
115	302	366	
115	302	
115	302	
115	302	
115	302	
115	302	51	
115	302	
115	302	
115	302	
115	302	
115	302	
115	302	243	270	
115	302	51	
115	302	
115	302	
115	302	
115	302	
115	302	366	
115	302	
115	302	
115	302	
115	302	99	
115	302	
115	302	243	
115	302	318	
115	302	83	
115	302	
115	302	
115	302	
115	302	
115	302	
115	302	
115	302	83	
115	302	83	
115	302	
115	302	
115	302	
115	302	300	
115	302	
115	302	
115	302	
115	302	
115	302	
115	302	119	
115	302	
115	302	
115	302	
115	302	
115	302	51	
115	302	243	
115	302	
115	302	
115	302	
115	302	
115	302	
115	302	
115	302	294	
115	302	
115	302	
115	302	318	
115	302	
115	302	
115	302	
115	302	318	
115	302	
115	302	119	114	243	
115	302	119	
115	302	
115	302	
115	302	
115	302	
115	302	
115	302	
115	302	300	
115	302	
115	302	303	
115	302	
115	302	
115	302	
115	302	
115	302	303	243	
115	302	
115	302	
115	302	
115	302	51	
115	302	
115	302	
115	302	430	
115	302	
115	302	
115	302	
115	302	
115	302	
115	302	
115	302	
115	302	
115	302	
115	302	
115	302	
115	302	
115	302	99	
115	302	
115	302	298	
115	302	
115	302	
115	302	118	243	
115	302	
115	302	
115	302	318	
115	302	
115	302	300	
115	302	294	
115	302	
115	302	
115	302	294	
115	302	
115	302	
115	302	
115	302	
115	302	
115	302	
115	302	
115	302	
115	302	
115	302	
115	302	
115	302	49	51	
115	302	
115	302	
115	302	
115	302	430	
115	302	
115	302	
115	302	294	
115	302	
115	302	99	
115	302	
115	302	
115	302	
115	302	
115	302	
115	302	113	
115	302	
115	302	
115	302	
115	302	
115	302	
115	302	
115	302	
115	302	243	
115	302	
115	302	
115	302	
115	302	303	
115	302	
115	302	
115	302	
115	302	
115	302	83	
115	302	
115	302	
115	302	
115	302	
115	302	270	
115	302	
115	302	119	
115	302	
115	302	
115	302	
115	302	
115	302	
115	302	
115	302	
115	302	
115	302	
115	302	
115	302	
115	302	298	
115	302	
115	302	
115	302	
115	302	
115	302	114	
115	302	
115	302	
115	302	
115	302	
115	302	
115	302	
115	302	
115	302	
115	302	
115	302	318	
115	302	
115	302	318	
115	302	
115	302	
115	302	
115	302	
115	302	
115	302	
115	302	113	
115	302	
115	302	
115	302	
115	302	298	
115	302	
115	302	
115	302	
115	302	
115	302	
115	302	
115	302	
115	302	243	
115	302	
115	302	
115	302	113	
115	302	
115	302	
115	302	
115	302	243	123	
115	302	366	
115	302	114	
115	302	
115	302	83	
115	302	
115	302	
115	302	
115	302	51	
115	302	
115	302	
115	302	51	
115	302	
115	302	
115	302	
115	302	318	
115	302	51	
115	302	430	
115	302	113	51	
115	302	51	
115	302	
115	302	430	
115	302	
115	302	
115	302	
115	302	
115	302	
115	302	
115	302	
115	302	298	
115	302	83	
115	302	
115	302	
115	302	
115	302	294	99	
115	302	243	
115	302	
115	302	
115	302	
115	302	
115	302	
115	302	
115	302	
115	302	
115	302	
115	302	
115	302	
115	302	303	
115	302	
115	302	
115	302	99	51	
115	302	119	
115	302	99	
115	302	
115	302	
115	302	
115	302	
115	302	
115	302	
115	302	
115	302	83	
115	302	
115	302	113	
115	302	
115	302	
115	302	
115	302	
115	302	
115	302	
115	302	
115	302	
115	302	
115	302	
115	302	83	
115	302	
115	302	
115	302	
115	302	
115	302	
115	302	
115	302	
115	302	
115	302	
115	302	
115	302	83	
115	302	
115	302	
115	302	
115	302	
115	302	51	
115	302	
115	302	123	
115	302	
115	302	430	
115	302	294	
115	302	
115	302	
115	302	83	
115	302	294	303	
115	302	
115	302	
115	302	
115	302	
115	302	
115	302	99	
115	302	430	
115	302	
115	302	
115	302	294	
115	302	
115	302	
115	302	
115	302	
115	302	
115	302	
115	302	
115	302	
115	302	
115	302	
115	302	
115	302	
115	302	
115	302	
115	302	
115	302	
115	302	
115	302	
115	302	113	
115	302	
115	302	51	
115	302	
115	302	
115	302	
115	302	
115	302	300	
115	302	
115	302	
115	302	
115	302	113	
115	302	
115	302	
115	302	83	
115	302	
115	302	
115	302	
115	302	
115	302	
115	302	430	
115	302	
115	302	51	
115	302	
115	302	
115	302	
115	302	
115	302	
115	302	
115	302	
115	302	
115	302	
115	302	
115	302	
115	302	
115	302	294	
115	302	298	123	
115	302	
115	302	
115	302	243	
115	302	
115	302	
115	302	
115	302	
115	302	
115	302	
115	302	
115	302	
115	302	
115	302	83	119	
115	302	
115	302	99	
115	302	
115	302	
115	302	
115	302	303	
115	302	303	
115	302	
115	302	113	
115	302	
115	302	113	
115	302	
115	302	
115	302	
115	302	123	
115	302	366	
115	302	
115	302	
115	302	
115	302	
115	302	113	
115	302	
115	302	
115	302	
115	302	
115	302	
115	302	
115	302	
115	302	
115	302	
115	302	
115	302	113	
115	302	318	
115	302	300	
115	302	
115	302	113	
115	302	
115	302	
115	302	
115	302	
115	302	
115	302	
115	302	
115	302	
115	302	99	270	
115	302	
115	302	99	
115	302	
115	302	303	
115	302	
115	302	
115	302	
115	302	430	
115	302	
115	302	
115	302	
115	302	
115	302	
115	302	
115	302	
115	302	
115	302	
115	302	123	
115	302	298	
115	302	
115	302	
115	302	
115	302	
115	302	
115	302	
115	302	
115	302	
115	302	
115	302	292	
115	302	
115	302	
115	302	300	
115	302	51	119	
115	302	
115	302	
115	302	
115	302	114	
115	302	243	
115	302	
115	302	
115	302	
115	302	
115	302	
115	302	
115	302	
115	302	
115	302	
115	302	
115	302	
115	302	83	
115	302	
115	302	
115	302	
115	302	51	
115	302	
115	302	
115	302	113	
115	302	430	
115	302	
115	302	
115	302	
115	302	
115	302	123	
115	302	
115	302	
115	302	
115	302	
115	302	
115	302	
115	302	119	
115	302	
115	302	
115	302	114	123	430	
115	302	318	
115	302	
115	302	
115	302	243	
115	302	
115	302	303	
115	302	
115	302	
115	302	123	
115	302	
115	302	
115	302	
115	302	
115	302	
115	302	
115	302	
115	302	
115	302	
115	302	
115	302	
115	302	123	
115	302	
115	302	
115	302	114	
115	302	
115	302	
115	302	
115	302	
115	302	430	
115	302	
115	302	
115	302	
115	302	
115	302	
115	302	
115	302	243	
115	302	
115	302	
115	302	
115	302	99	
115	302	
115	302	
115	302	
115	302	430	446	
115	302	270	
115	302	
115	302	
115	302	
115	302	
115	302	
115	302	
115	302	
115	302	
115	302	
115	302	
115	302	
115	302	430	
115	302	
115	302	
115	302	
115	302	
115	302	83	
115	302	99	
115	302	
115	302	243	
115	302	
115	302	
115	302	
115	302	
115	302	
115	302	
115	302	
115	302	
115	302	
115	302	430	
115	302	
115	302	
115	302	114	83	
115	302	
115	302	
115	302	
115	302	
115	302	113	
115	302	
115	302	
115	302	
115	302	
115	302	
115	302	
115	302	
115	302	114	
115	302	83	
115	302	
115	302	
115	302	
115	302	294	
115	302	
115	302	
115	302	
115	302	
115	302	
115	302	
115	302	270	
115	302	
115	302	99	
115	302	
115	302	
115	302	99	
115	302	
115	302	
115	302	119	
115	302	
115	302	
115	302	
115	302	
115	302	
115	302	
115	302	123	
115	302	
115	302	
115	302	
115	302	366	
115	302	
115	302	
115	302	300	51	
115	302	
115	302	
115	302	
115	302	300	
115	302	
115	302	
115	302	303	
115	302	243	
115	302	
115	302	
115	302	318	
115	302	
115	302	294	
115	302	
115	302	
115	302	294	
115	302	119	294	
115	302	
115	302	
115	302	
115	302	243	
115	302	123	
115	302	
115	302	114	
115	302	
115	302	
115	302	
115	302	
115	302	
115	302	
115	302	
115	302	
115	302	99	
115	302	
115	302	
115	302	
115	302	
115	302	294	
115	302	
115	302	
115	302	
115	302	
115	302	
115	302	51	
115	302	
115	302	294	
115	302	
115	302	
115	302	430	243	
115	302	
115	302	
115	302	
115	302	
115	302	
115	302	
115	302	270	
115	302	123	
115	302	
115	302	
115	302	
115	302	
115	302	51	
115	302	
115	302	
115	302	
115	302	366	
115	302	51	113	
115	302	
115	302	
115	302	
115	302	430	
115	302	
115	302	123	
115	302	
115	302	430	
115	302	
115	302	303	
115	302	
115	302	243	
115	302	303	
115	302	
115	302	
115	302	430	
115	302	
115	302	
115	302	
115	302	
115	302	99	
115	302	
115	302	
115	302	99	
115	302	
115	302	
115	302	300	366	
115	302	
115	302	
115	302	
115	302	
115	302	
115	302	114	300	
115	302	
115	302	
115	302	
115	302	123	
115	302	
115	302	
115	302	
115	302	
115	302	114	
115	302	
115	302	
115	302	
115	302	
115	302	
115	302	
115	302	114	
115	302	
115	302	318	
115	302	300	
115	302	83	
115	302	243	
115	302	
115	302	
115	302	366	
115	302	
115	302	
115	302	119	
115	302	
115	302	
115	302	123	
115	302	243	
115	302	114	
115	302	
115	302	
115	302	
115	302	
115	302	
115	302	
115	302	
115	302	
115	302	
115	302	
115	302	303	
115	302	318	
115	302	
115	302	
115	302	
115	302	
115	302	
115	302	
115	302	
115	302	119	
115	302	
115	302	
115	302	
115	302	
115	302	
115	302	
115	302	113	
115	302	
115	302	
115	302	
115	302	
115	302	
115	302	
115	302	243	
115	302	
115	302	
115	302	366	
115	302	
115	302	51	83	
115	302	270	
115	302	
115	302	
115	302	99	
115	302	
115	302	123	
115	302	
115	302	243	
115	302	300	
115	302	
115	302	
115	302	
115	302	298	
115	302	
115	302	
115	302	
115	302	114	
115	302	51	
115	302	
115	302	
115	302	
115	302	
115	302	
115	302	
115	302	
115	302	366	
115	302	366	
115	302	
115	302	
115	302	294	
115	302	
115	302	
115	302	
115	302	
115	302	
115	302	243	
115	302	298	
115	302	99	
115	302	
115	302	298	
115	302	113	
115	302	
115	302	123	
115	302	
115	302	
115	302	
115	302	
115	302	
115	302	
115	302	
115	302	366	
115	302	
115	302	243	
115	302	113	
115	302	99	
115	302	
115	302	
115	302	
115	302	
115	302	
115	302	
115	302	
115	302	
115	302	123	
115	302	
115	302	
115	302	366	294	
115	302	
115	302	
115	302	
115	302	
115	302	
115	302	
115	302	
115	302	
115	302	
115	302	114	430	
115	302	
115	302	
115	302	
115	302	
115	302	303	
115	302	
115	302	
115	302	
115	302	
115	302	
115	302	
115	302	
115	302	
115	302	
115	302	
115	302	
115	302	
115	302	
115	302	298	
115	302	
115	302	243	
115	302	
115	302	
115	302	
115	302	
115	302	
115	302	
115	302	
115	302	
115	302	99	
115	302	
115	302	
115	302	
115	302	
115	302	
115	302	
115	302	298	
115	302	318	
115	302	119	
115	302	119	
115	302	
115	302	114	113	
115	302	
115	302	
115	302	303	366	
115	302	
115	302	
115	302	
115	302	
115	302	99	
115	302	
115	302	
115	302	
115	302	
115	302	
115	302	
115	302	
115	302	
115	302	430	
115	302	
115	302	
115	302	
115	302	
115	302	
115	302	
115	302	113	
115	302	
115	302	430	243	300	
115	302	
115	302	
115	302	303	
115	302	
115	302	
115	302	
115	302	298	
115	302	
115	302	
115	302	
115	302	
115	302	
115	302	
115	302	99	
115	302	430	
115	302	
115	302	
115	302	
115	302	
115	302	
115	302	298	
115	302	
115	302	
115	302	
115	302	
115	302	430	
115	302	294	
115	302	119	51	
115	302	
115	302	
115	302	300	
115	302	
115	302	
115	302	270	
115	302	83	114	
115	302	114	
115	302	
115	302	
115	302	
115	302	
115	302	318	
115	302	
115	302	
115	302	
115	302	
115	302	294	
115	302	
115	302	
115	302	
115	302	366	
115	302	
115	302	
115	302	
115	302	
115	302	
115	302	366	
115	302	
115	302	
115	302	
115	302	
115	302	51	
115	302	
115	302	
115	302	243	
115	302	303	
115	302	
115	302	
115	302	430	
115	302	
115	302	
115	302	
115	302	366	
115	302	
115	302	
115	302	
115	302	270	
115	302	
115	302	
115	302	300	
115	302	
115	302	113	
115	302	
115	302	430	
115	302	303	
115	302	318	
115	302	
115	302	
115	302	
115	302	119	
115	302	
115	302	
115	302	
115	302	
115	302	
115	302	
115	302	
115	302	
115	302	119	
115	302	
115	302	
115	302	
115	302	
115	302	
115	302	300	
115	302	
115	302	
115	302	
115	302	
115	302	
115	302	
115	302	
115	302	
115	302	
115	302	
115	302	243	
115	302	
115	302	366	
115	302	123	
115	302	
115	302	298	
115	302	
115	302	
115	302	300	
115	302	99	430	
115	302	
115	302	114	366	
115	302	300	
115	302	
115	302	
115	302	
115	302	
115	302	
115	302	
115	302	
115	302	51	119	
115	302	
115	302	
115	302	
115	302	
115	302	
115	302	
115	302	
115	302	
115	302	
115	302	
115	302	294	
115	302	
115	302	
115	302	
115	302	
115	302	
115	302	
115	302	
115	302	
115	302	
115	302	
115	302	123	
115	302	
115	302	
115	302	
115	302	
115	302	99	83	
115	302	
115	302	
115	302	
115	302	
115	302	
115	302	
115	302	
115	302	
115	302	
115	302	303	
115	302	
115	302	318	
115	302	
115	302	
115	302	
115	302	300	
115	302	300	
115	302	
115	302	
115	302	
115	302	
115	302	
115	302	114	
115	302	
115	302	113	
115	302	
115	302	
115	302	270	51	
115	302	298	
115	302	
115	302	
115	302	366	
115	302	
115	302	
115	302	270	
115	302	
115	302	
115	302	119	
115	302	
115	302	51	
115	302	
115	302	270	303	364	
115	302	
115	302	
115	302	
115	302	300	
115	302	
115	302	
115	302	
115	302	119	
115	302	
115	302	
115	302	430	
115	302	
115	302	
115	302	
115	302	
115	302	
115	302	
115	302	294	300	
115	302	
115	302	
115	302	
115	302	
115	302	
115	302	
115	302	
115	302	
115	302	300	
115	302	
115	302	
115	302	
115	302	366	
115	302	
115	302	
115	302	83	318	82	
115	302	270	300	
115	302	
115	302	
115	302	
115	302	
115	302	
115	302	298	
115	302	
115	302	
115	302	
115	302	318	
115	302	
115	302	
115	302	318	
115	302	
115	302	430	
115	302	
115	302	298	
115	302	
115	302	430	
115	302	
115	302	113	
115	302	
115	302	
115	302	
115	302	51	
115	302	
115	302	
115	302	51	123	
115	302	
115	302	123	
115	302	51	243	
115	302	
115	302	
115	302	
115	302	
115	302	
115	302	
115	302	
115	302	243	
115	302	
115	302	
115	302	114	
115	302	
115	302	270	
115	302	
115	302	
115	302	
115	302	
115	302	
115	302	
115	302	
115	302	
115	302	
115	302	
115	302	366	
115	302	
115	302	
115	302	83	
115	302	
115	302	
115	302	430	
115	302	
115	302	
115	302	
115	302	
115	302	
115	302	
115	302	
115	302	
115	302	
115	302	
115	302	303	51	
115	302	
115	302	
115	302	
115	302	294	
115	302	
115	302	
115	302	
115	302	
115	302	
115	302	
115	302	430	
115	302	
115	302	
115	302	294	
115	302	
115	302	
115	302	
115	302	294	
115	302	430	
115	302	
115	302	
115	302	
115	302	
115	302	318	
115	302	
115	302	
115	302	
115	302	
115	302	
115	302	
115	302	430	
115	302	
115	302	
115	302	113	
115	302	
115	302	303	
115	302	
115	302	
115	302	294	
115	302	123	
115	302	
115	302	
115	302	
115	302	
115	302	
115	302	
115	302	
115	302	
115	302	
115	302	
115	302	
115	302	
115	302	
115	302	
115	302	51	113	
115	302	
115	302	
115	302	
115	302	
115	302	
115	302	
115	302	270	
115	302	
115	302	
115	302	
115	302	366	
115	302	
115	302	
115	302	
115	302	
115	302	
115	302	
115	302	
115	302	334	
115	302	113	
115	302	
115	302	123	366	
115	302	
115	302	
115	302	83	
115	302	
115	302	
115	302	
115	302	
115	302	
115	302	
115	302	318	300	
115	302	
115	302	
115	302	114	318	
115	302	
115	302	
115	302	
115	302	
115	302	430	
115	302	366	
115	302	
115	302	303	
115	302	294	
115	302	
115	302	
115	302	430	
115	302	366	
115	302	366	
115	302	
115	302	
115	302	
115	302	422	430	
115	302	
115	302	
115	302	
115	302	298	366	
115	302	298	
115	302	99	
115	302	
115	302	
115	302	
115	302	
115	302	
115	302	113	
115	302	
115	302	
115	302	
115	302	270	
115	302	
115	302	
115	302	119	
115	302	
115	302	
115	302	303	
115	302	
115	302	
115	302	
115	302	
115	302	430	298	
115	302	
115	302	
115	302	
115	302	
115	302	
115	302	
115	302	114	
115	302	
115	302	
115	302	
115	302	294	
115	302	
115	302	
115	302	
115	302	
115	302	
115	302	
115	302	83	
115	302	
115	302	
115	302	
115	302	300	
115	302	
115	302	
115	302	
115	302	123	
115	302	
115	302	119	
115	302	
115	302	113	
115	302	243	
115	302	430	
115	302	
115	302	
115	302	
115	302	
115	302	
115	302	
115	302	123	
115	302	366	
115	302	
115	302	
115	302	
115	302	
115	302	
115	302	83	113	
115	302	114	
115	302	
115	302	
115	302	
115	302	
115	302	
115	302	
115	302	
115	302	
115	302	113	
115	302	
115	302	270	114	
115	302	
115	302	
115	302	
115	302	
115	302	
115	302	
115	302	
115	302	
115	302	
115	302	
115	302	
115	302	
115	302	
115	302	
115	302	
115	302	430	
115	302	
115	302	123	
115	302	
115	302	
115	302	366	318	
115	302	
115	302	
115	302	
115	302	
115	302	
115	302	
115	302	
115	302	
115	302	
115	302	
115	302	300	
115	302	430	318	
115	302	
115	302	
115	302	83	
115	302	
115	302	51	
115	302	
115	302	
115	302	
115	302	
115	302	
115	302	
115	302	
115	302	
115	302	
115	302	
115	302	303	
115	302	
115	302	
115	302	298	
115	302	
115	302	
115	302	
115	302	
115	302	
115	302	
115	302	
115	302	83	
115	302	
115	302	
115	302	
115	302	
115	302	
115	302	
115	302	
115	302	300	
115	302	
115	302	
115	302	430	
115	302	
115	302	
115	302	
115	302	
115	302	430	
115	302	294	
115	302	
115	302	
115	302	
115	302	430	
115	302	
115	302	
115	302	
115	302	
115	302	294	
115	302	
115	302	
115	302	99	
115	302	
115	302	
115	302	366	
115	302	366	
115	302	
115	302	
115	302	
115	302	
115	302	
115	302	
115	302	
115	302	
115	302	
115	302	
115	302	
115	302	
115	302	
115	302	
115	302	
115	302	
115	302	430	
115	302	
115	302	
115	302	114	
115	302	303	
115	302	
115	302	
115	302	
115	302	
115	302	
115	302	113	
115	302	
115	302	298	
115	302	
115	302	
115	302	
115	302	
115	302	
115	302	
115	302	83	
115	302	
115	302	
115	302	
115	302	
115	302	
115	302	
115	302	
115	302	
115	302	
115	302	
115	302	
115	302	
115	302	303	
115	302	
115	302	
115	302	
115	302	
115	302	303	
115	302	
115	302	
115	302	
115	302	117	
115	302	
115	302	
115	302	
115	302	113	99	
115	302	
115	302	318	
115	302	51	55	
115	302	
115	302	
115	302	294	
115	302	
115	302	83	
115	302	
115	302	300	
115	302	
115	302	
115	302	
115	302	
115	302	
115	302	294	114	
115	302	113	
115	302	
115	302	
115	302	
115	302	
115	302	
115	302	
115	302	300	
115	302	
115	302	
115	302	123	
115	302	66	194	
115	302	194	
115	302	194	
302	194	
302	194	
302	194	
302	194	
302	194	
302	194	202	
302	194	
302	194	495	195	
302	194	495	493	
302	194	495	
302	194	495	
302	194	495	
302	194	495	192	196	197	
302	194	495	196	204	200	
302	495	196	200	430	
302	495	196	200	
302	495	196	200	
302	196	200	422	420	197	205	
302	196	200	422	205	192	194	216	226	66	130	218	
302	200	422	194	226	66	
302	200	194	66	226	98	
302	194	66	
302	194	66	
302	194	
302	194	
302	194	
302	194	
302	194	
302	194	
302	194	
302	194	
302	194	
302	194	
302	194	270	
302	194	294	
302	194	
302	194	192	
302	194	
302	194	
302	194	
302	194	98	
302	194	195	
302	194	
302	194	
302	194	
302	194	
302	194	
302	194	
302	194	
302	194	298	
302	194	
302	194	
302	194	
302	194	
302	194	
302	194	303	
302	194	
302	194	
302	194	
302	194	
302	194	300	202	130	
302	194	192	
302	194	
302	194	
302	194	
302	194	
302	194	
302	194	
302	194	430	
302	194	
302	194	
302	194	
302	194	
302	194	
302	194	
302	194	
302	194	298	
302	194	303	
302	194	
302	194	
302	194	
302	194	198	
302	194	66	
302	194	
302	194	270	318	
302	194	
302	194	
302	194	
302	194	
302	194	
302	194	
302	194	195	
302	194	
302	194	
302	194	
302	194	294	
302	194	
302	194	
302	194	66	130	
302	194	
302	194	430	
302	194	
302	194	
302	194	
302	194	
302	194	226	
302	194	130	303	
302	194	
302	194	
302	194	198	
302	194	
302	194	
302	194	
302	194	300	
302	194	226	
302	194	300	
302	194	
302	194	
302	194	
302	194	303	
302	194	
302	194	
302	194	
302	194	
302	194	
302	194	
302	194	
302	194	
302	194	
302	194	202	
302	194	
302	194	
302	194	
302	194	
302	194	
302	194	202	
302	194	
302	194	
302	194	
302	194	
302	194	66	210	
302	194	
302	194	
302	194	66	
302	194	
302	194	295	
302	194	
302	194	
302	194	
302	194	
302	194	
302	194	
302	194	303	
302	194	
302	194	
302	194	130	
302	194	
302	194	
302	194	
302	194	202	
302	194	
302	194	
302	194	
302	194	300	
302	194	
302	194	366	
302	194	
302	194	
302	194	
302	194	
302	194	
302	194	
302	194	
302	194	
302	194	66	
302	194	
302	194	
302	194	
302	194	
302	194	
302	194	202	
302	194	
302	194	
302	194	303	
302	194	
302	194	
302	194	294	366	
302	194	
302	194	
302	194	298	
302	194	
302	194	
302	194	
302	194	
302	194	226	
302	194	
302	194	
302	194	
302	194	303	
302	194	195	
302	194	
302	194	
302	194	
302	194	
302	194	
302	194	
302	194	
302	194	
302	194	
302	194	
302	194	
302	194	
302	194	
302	194	
302	194	66	
302	194	
302	194	198	
302	194	66	
302	194	
302	194	
302	194	303	
302	194	
302	194	
302	194	
302	194	
302	194	
302	194	66	
302	194	
302	194	
302	194	
302	194	366	
302	194	
302	194	
302	194	
302	194	
302	194	
302	194	195	
302	194	198	
302	194	130	
302	194	
302	194	
302	194	
302	194	
302	194	202	210	
302	194	495	192	
302	194	495	
302	194	495	
302	194	495	298	
302	194	495	
302	194	495	66	2	
194	495	66	74	192	104	67	120	121	491	
495	66	120	121	123	
495	121	122	
121	367	303	359	365	357	494	362	330	354	486	366	358	
121	362	363	
121	362	
362	120	124	88	80	62	82	66	194	
362	80	
362	80	360	361	377	369	352	345	
80	377	369	
80	377	
80	377	
80	377	
80	377	
80	377	
80	377	66	74	
80	377	66	74	67	10	195	
80	377	66	74	67	
377	66	74	67	345	
377	74	67	345	379	
377	67	345	379	
377	67	345	379	
377	67	345	
377	67	345	
377	67	345	
377	67	345	337	473	
377	67	345	
377	67	345	505	
377	67	345	
377	67	345	
377	67	345	
377	67	345	
377	67	345	
377	67	345	65	
377	67	345	
377	67	345	
377	67	345	344	
377	67	345	
377	67	345	
377	67	345	
377	67	345	
377	67	345	65	73	
377	67	345	
377	67	345	349	
377	67	345	65	329	
377	67	345	
377	67	345	
377	67	345	
377	67	345	
377	67	345	
377	67	345	344	
377	67	345	
377	67	345	344	
377	67	345	283	
377	67	345	
377	67	345	
377	67	345	
377	67	345	344	
377	67	345	
377	67	345	
377	67	345	
377	67	345	
377	67	345	
377	67	345	349	
377	67	345	
377	67	345	473	
377	67	345	
377	67	345	329	
377	67	345	
377	67	345	
377	67	345	
377	67	345	
377	67	345	
377	67	345	
377	67	345	369	
377	67	345	
377	67	345	
377	67	345	
377	67	345	347	
377	67	345	65	
377	67	345	83	
377	67	345	83	
377	67	345	83	
67	345	83	
67	345	83	99	
67	345	83	
345	83	67	
345	83	
345	83	
345	83	
345	83	
345	83	
345	83	
345	83	
345	83	
345	83	
345	83	
345	83	
345	83	
345	83	
345	83	
345	83	
345	83	
345	83	87	
345	83	
345	83	
345	83	377	
345	83	
345	83	
345	83	
345	83	
345	83	
345	83	91	377	
345	83	
345	83	281	
345	83	
345	83	
345	83	
345	83	281	
345	83	67	66	
345	83	
345	83	67	
345	83	
345	83	
345	83	
345	83	
345	83	
345	83	
345	83	
345	83	
345	83	
345	83	81	
345	83	
345	83	
345	83	
345	83	67	
345	83	
345	83	
345	83	
345	83	
345	83	
345	83	
345	83	
345	83	
345	83	
345	83	87	
345	83	
345	83	
345	83	
345	83	
345	83	
345	83	
345	83	
345	83	19	
345	83	
345	83	
345	83	
345	83	
345	83	82	
345	83	
345	83	
345	83	
345	83	
345	83	
345	83	
345	83	
345	83	
345	83	344	
345	83	
345	83	
345	83	
345	83	337	
345	83	
345	83	
345	83	
345	83	
345	83	
345	83	
345	83	
345	83	
345	83	344	
345	83	
345	83	
345	83	
345	83	
345	83	281	
345	83	329	
345	83	
345	83	
345	83	
345	83	
345	83	
345	83	
345	83	115	
345	83	
345	83	344	
345	83	67	
345	83	329	
345	83	
345	83	
345	83	377	
345	83	
345	83	
345	83	349	
345	83	
345	83	377	
345	83	
345	83	
345	83	115	
345	83	
345	83	
345	83	115	
345	83	
345	83	
345	83	347	
345	83	344	346	
345	83	
345	83	
345	83	
345	83	
345	83	87	
345	83	
345	83	
345	83	349	
345	83	
345	83	
345	83	
345	83	337	
345	83	
345	83	
345	83	
345	83	
345	83	347	
345	83	
345	83	
345	83	
345	83	82	
345	83	
345	83	
345	83	
345	83	115	
345	83	377	
345	83	
345	83	
345	83	
345	83	
345	83	
345	83	
345	83	
345	83	
345	83	
345	83	
345	83	81	
345	83	
345	83	
345	83	
345	83	
345	83	67	
345	83	
345	83	349	329	
345	83	
345	83	
345	83	
345	83	
345	83	
345	83	
345	83	
345	83	281	19	
345	83	
345	83	
345	83	211	
345	83	349	
345	83	337	
345	83	344	
345	83	
345	83	
345	83	
345	83	
345	83	
345	83	
345	83	
345	83	
345	83	349	
345	83	
345	83	
345	83	
345	83	
345	83	
345	83	
345	83	
345	83	
345	83	
345	83	
345	83	
345	83	19	
345	83	
345	83	
345	83	115	
345	83	
345	83	377	
345	83	
345	83	
345	83	
345	83	91	
345	83	
345	83	
345	83	
345	83	
345	83	349	
345	83	
345	83	
345	83	
345	83	
345	83	19	
345	83	344	
345	83	
345	83	91	
345	83	
345	83	
345	83	
345	83	
345	83	
345	83	377	
345	83	
345	83	
345	83	
345	83	
345	83	
345	83	
345	83	
345	83	
345	83	
345	83	
345	83	
345	83	
345	83	344	
345	83	19	
345	83	
345	83	91	
345	83	
345	83	
345	83	
345	83	
345	83	82	
345	83	211	
345	83	
345	83	
345	83	
345	83	
345	83	211	
345	83	
345	83	
345	83	
345	83	
345	83	
345	83	
345	83	
345	83	
345	83	344	
345	83	81	
345	83	
345	83	
345	83	
345	83	
345	83	
345	83	
345	83	
345	83	
345	83	91	
345	83	
345	83	
345	83	344	
345	83	329	
345	83	
345	83	
345	83	
345	83	
345	83	
345	83	
345	83	
345	83	
345	83	
345	83	
345	83	
345	83	
345	83	377	
345	83	
345	83	
345	83	281	
345	83	347	
345	83	
345	83	
345	83	
345	83	
345	83	
345	83	
345	83	
345	83	91	
345	83	349	
345	83	67	
345	83	
345	83	91	
345	83	
345	83	344	
345	83	
345	83	
345	83	
345	83	
345	83	
345	83	
345	83	
345	83	
345	83	
345	83	
345	83	
345	83	
345	83	
345	83	
345	83	87	
345	83	
345	83	
345	83	
345	83	
345	83	
345	83	
345	83	67	
345	83	
345	83	
345	83	
345	83	344	
345	83	
345	83	
345	83	
345	83	81	
345	83	
345	83	
345	83	
345	83	67	
345	83	
345	83	
345	83	
345	83	
345	83	91	
345	83	
345	83	19	
345	83	
345	83	
345	83	
345	83	
345	83	
345	83	
345	83	377	
345	83	
345	83	
345	83	
345	83	
345	83	
345	83	377	
345	83	281	
345	83	
345	83	
345	83	
345	83	
345	83	82	
345	83	
345	83	
345	83	
345	83	
345	83	
345	83	
345	83	
345	83	
345	83	
345	83	
345	83	
345	83	
345	83	
345	83	
345	83	
345	83	81	347	
345	83	
345	83	
345	83	477	377	
345	83	
345	83	
345	83	
345	83	
345	83	
345	83	
345	83	
345	83	
345	83	
345	83	337	
345	83	
345	83	377	
345	83	347	
345	83	
345	83	
345	83	
345	83	
345	83	
345	83	19	
345	83	
345	83	
345	83	
345	83	347	
345	83	67	87	
345	83	81	
345	83	281	377	
345	83	19	
345	83	329	
345	83	
345	83	
345	83	
345	83	
345	83	
345	83	
345	83	
345	83	
345	83	
345	83	
345	83	
345	83	377	
345	83	281	
345	83	
345	83	
345	83	81	
345	83	211	
345	83	
345	83	
345	83	377	
345	83	
345	83	
345	83	
345	83	
345	83	
345	83	
345	83	
345	83	
345	83	
345	83	
345	83	
345	83	
345	83	
345	83	
345	83	
345	83	
345	83	344	
345	83	82	
345	83	
345	83	377	
345	83	
345	83	
345	83	
345	83	
345	83	
345	83	329	
345	83	
345	83	
345	83	
345	83	
345	83	
345	83	
345	83	
345	83	337	
345	83	
345	83	
345	83	344	
345	83	
345	83	19	
345	83	67	
345	83	
345	83	344	
345	83	
345	83	
345	83	
345	83	81	
345	83	
345	83	
345	83	
345	83	
345	83	23	
345	83	
345	83	115	
345	83	
345	83	
345	83	81	
345	83	
345	83	
345	83	
345	83	
345	83	329	
345	83	115	344	
345	83	
345	83	
345	83	
345	83	
345	83	
345	83	
345	83	
345	83	
345	83	
345	83	
345	83	
345	83	
345	83	
345	83	328	
345	83	82	
345	83	
345	83	
345	83	
345	83	347	
345	83	
345	83	
345	83	
345	83	
345	83	
345	83	
345	83	67	
345	83	
345	83	
345	83	
345	83	
345	83	
345	83	
345	83	
345	83	87	
345	83	
345	83	
345	83	
345	83	
345	83	
345	83	
345	83	
345	83	
345	83	81	
345	83	
345	83	
345	83	
345	83	
345	83	
345	83	91	
345	83	344	
345	83	
345	83	
345	83	
345	83	
345	83	344	
345	83	
345	83	
345	83	
345	83	281	
345	83	
345	83	81	67	
345	83	
345	83	
345	83	
345	83	
345	83	
345	83	115	
345	83	329	
345	83	
345	83	349	
345	83	
345	83	67	
345	83	
345	83	
345	83	87	
345	83	349	
345	83	
345	83	91	
345	83	
345	83	
345	83	377	
345	83	
345	83	
345	83	377	349	
345	83	
345	83	
345	83	
345	83	
345	83	349	
345	83	
345	83	329	
345	83	377	
345	83	82	
345	83	
345	83	
345	83	
345	83	
345	83	329	
345	83	
345	83	
345	83	
345	83	473	
345	83	473	
345	83	
345	83	
345	83	473	91	
345	83	87	
345	83	
345	83	
345	83	
345	83	
345	83	
345	83	91	
345	83	377	
345	83	329	
345	83	
345	83	
345	83	347	
345	83	
345	83	347	
345	83	82	
345	83	
345	83	
345	83	
345	83	
345	83	
345	83	
345	83	
345	83	
345	83	
345	83	
345	83	
345	83	329	
345	83	
345	83	
345	83	377	
345	83	
345	83	
345	83	
345	83	
345	83	
345	83	
345	83	
345	83	
345	83	
345	83	
345	83	211	
345	83	211	
345	83	
345	83	81	
345	83	91	
345	83	
345	83	
345	83	377	
345	83	
345	83	
345	83	
345	83	
345	83	
345	83	67	
345	83	344	
345	83	
345	83	19	
345	83	329	
345	83	
345	83	
345	83	347	
345	83	
345	83	
345	83	
345	83	
345	83	337	
345	83	347	
345	83	
345	83	337	
345	83	
345	83	
345	83	115	
345	83	
345	83	
345	83	19	
345	83	
345	83	
345	83	
345	83	
345	83	
345	83	81	281	
345	83	67	
345	83	
345	83	
345	83	
345	83	
345	83	
345	83	337	
345	83	347	
345	83	347	
345	83	
345	83	
345	83	
345	83	
345	83	
345	83	349	
345	83	344	472	
345	83	82	
345	83	
345	83	473	
345	83	
345	83	
345	83	
345	83	
345	83	
345	83	
345	83	
345	83	
345	83	473	211	
345	83	
345	83	
345	83	
345	83	
345	83	349	
345	83	114	
345	83	
345	83	
345	83	
345	83	81	
345	83	
345	83	
345	83	
345	83	344	
345	83	
345	83	
345	83	81	82	
345	83	
345	83	
345	83	
345	83	
345	83	
345	83	
345	83	
345	83	
345	83	377	
345	83	
345	83	
345	83	
345	83	
345	83	
345	83	
345	83	
345	83	
345	83	
345	83	
345	83	
345	83	
345	83	
345	83	281	
345	83	
345	83	
345	83	
345	83	
345	83	
345	83	
345	83	81	
345	83	
345	83	
345	83	
345	83	
345	83	
345	83	
345	83	
345	83	
345	83	
345	83	
345	83	
345	83	
345	83	
345	83	
345	83	
345	83	
345	83	
345	83	349	
345	83	
345	83	
345	83	
345	83	
345	83	344	
345	83	
345	83	
345	83	91	
345	83	
345	83	
345	83	281	
345	83	
345	83	
345	83	329	
345	83	
345	83	
345	83	
345	83	
345	83	
345	83	337	
345	83	91	
345	83	91	
345	83	
345	83	
345	83	81	
345	83	
345	83	344	
345	83	
345	83	
345	83	
345	83	
345	83	337	
345	83	
345	83	
345	83	
345	83	
345	83	211	
345	83	
345	83	
345	83	
345	83	
345	83	
345	83	
345	83	82	
345	83	
345	83	
345	83	
345	83	
345	83	
345	83	
345	83	
345	83	
345	83	
345	83	
345	83	
345	83	67	
345	83	
345	83	
345	83	82	
345	83	377	
345	83	
345	83	
345	83	
345	83	
345	83	
345	83	
345	83	
345	83	
345	83	
345	83	349	
345	83	
345	83	81	
345	83	
345	83	
345	83	
345	83	211	
345	83	
345	83	81	
345	83	
345	83	
345	83	
345	83	87	
345	83	
345	83	337	
345	83	19	
345	83	
345	83	115	337	
345	83	
345	83	
345	83	
345	83	67	
345	83	
345	83	
345	83	
345	83	
345	83	
345	83	
345	83	
345	83	
345	83	
345	83	
345	83	
345	83	
345	83	
345	83	
345	83	
345	83	347	
345	83	
345	83	
345	83	
345	83	82	81	
345	83	
345	83	81	82	91	
345	83	
345	83	377	
345	83	
345	83	
345	83	
345	83	
345	83	
345	83	
345	83	347	
345	83	
345	83	
345	83	
345	83	
345	83	
345	83	
345	83	
345	83	
345	83	281	
345	83	
345	83	
345	83	67	
345	83	344	
345	83	377	
345	83	67	377	
345	83	
345	83	
345	83	
345	83	377	
345	83	
345	83	
345	83	
345	83	
345	83	
345	83	
345	83	87	
345	83	349	
345	83	
345	83	
345	83	
345	83	67	
345	83	
345	83	
345	83	
345	83	
345	83	377	
345	83	
345	83	
345	83	
345	83	473	
345	83	
345	83	
345	83	
345	83	
345	83	
345	83	
345	83	281	
345	83	
345	83	337	
345	83	
345	83	67	
345	83	
345	83	
345	83	67	
345	83	
345	83	
345	83	
345	83	
345	83	
345	83	67	
345	83	
345	83	211	
345	83	
345	83	
345	83	337	
345	83	
345	83	
345	83	
345	83	347	
345	83	
345	83	
345	83	
345	83	
345	83	
345	83	
345	83	
345	83	
345	83	
345	83	
345	83	82	
345	83	
345	83	
345	83	
345	83	
345	83	
345	83	
345	83	
345	83	
345	83	337	
345	83	
345	83	
345	83	81	
345	83	
345	83	
345	83	473	
345	83	
345	83	
345	83	
345	83	
345	83	
345	83	
345	83	
345	83	
345	83	
345	83	
345	83	
345	83	
345	83	
345	83	
345	83	
345	83	
345	83	
345	83	115	
345	83	
345	83	
345	83	
345	83	
345	83	
345	83	
345	83	19	
345	83	211	
345	83	377	
345	83	
345	83	
345	83	195	
345	83	
345	83	
345	83	
345	83	
345	83	
345	83	
345	83	
345	83	
345	83	
345	83	81	
345	83	
345	83	
345	83	
345	83	
345	83	
345	83	
345	83	
345	83	211	
345	83	
345	83	
345	83	
345	83	
345	83	87	
345	83	
345	83	
345	83	473	
345	83	
345	83	
345	83	
345	83	
345	83	
345	83	
345	83	281	
345	83	
345	83	
345	83	
345	83	82	
345	83	
345	83	
345	83	
345	83	
345	83	19	281	
345	83	
345	83	
345	83	
345	83	
345	83	
345	83	
345	83	
345	83	344	
345	83	281	
345	83	
345	83	
345	83	82	
345	83	349	
345	83	
345	83	
345	83	
345	83	
345	83	
345	83	
345	83	
345	83	
345	83	
345	83	
345	83	211	
345	83	
345	83	
345	83	337	
345	83	
345	83	
345	83	
345	83	
345	83	
345	83	
345	83	
345	83	
345	83	
345	83	
345	83	
345	83	473	
345	83	
345	83	347	
345	83	
345	83	
345	83	377	19	
345	83	81	
345	83	81	
345	83	
345	83	
345	83	
345	83	
345	83	
345	83	
345	83	
345	83	
345	83	
345	83	
345	83	67	91	
345	83	
345	83	
345	83	281	
345	83	87	
345	83	
345	83	
345	83	81	
345	83	329	
345	83	
345	83	
345	83	
345	83	
345	83	349	
345	83	
345	83	
345	83	
345	83	
345	83	
345	83	211	
345	83	281	
345	83	115	
345	83	
345	83	
345	83	
345	83	
345	83	
345	83	
345	83	329	
345	83	
345	83	81	
345	83	
345	83	
345	83	
345	83	
345	83	
345	83	
345	83	87	
345	83	
345	83	
345	83	281	
345	83	
345	83	91	
345	83	
345	83	
345	83	
345	83	
345	83	
345	83	
345	83	
345	83	
345	83	
345	83	87	
345	83	211	19	
345	83	67	
345	83	349	
345	83	81	
345	83	
345	83	
345	83	344	329	
345	83	337	
345	83	
345	83	
345	83	
345	83	
345	83	
345	83	
345	83	
345	83	
345	83	
345	83	473	
345	83	
345	83	
345	83	
345	83	329	
345	83	
345	83	
345	83	
345	83	347	
345	83	
345	83	
345	83	
345	83	67	
345	83	
345	83	329	
345	83	
345	83	
345	83	81	
345	83	
345	83	344	
345	83	
345	83	
345	83	
345	83	87	
345	83	
345	83	
345	83	243	
345	83	
345	83	349	
345	83	
345	83	
345	83	
345	83	
345	83	
345	83	115	281	
345	83	
345	83	
345	83	
345	83	347	
345	83	81	
345	83	329	
345	83	
345	83	
345	83	
345	83	
345	83	
345	83	211	
345	83	
345	83	
345	83	
345	83	
345	83	
345	83	
345	83	
345	83	
345	83	
345	83	337	
345	83	
345	83	
345	83	
345	83	
345	83	
345	83	
345	83	
345	83	
345	83	99	
345	83	
345	83	
345	83	
345	83	
345	83	91	
345	83	
345	83	349	281	
345	83	
345	83	
345	83	
345	83	81	
345	83	
345	83	
345	83	
345	83	
345	83	19	
345	83	
345	83	349	
345	83	
345	83	
345	83	
345	83	
345	83	
345	83	
345	83	
345	83	281	
345	83	
345	83	
345	83	
345	83	87	377	
345	83	
345	83	81	
345	83	
345	83	87	
345	83	
345	83	
345	83	
345	83	
345	83	
345	83	344	
345	83	91	
345	83	
345	83	
345	83	
345	83	
345	83	
345	83	
345	83	
345	83	
345	83	
345	83	
345	83	
345	83	
345	83	
345	83	
345	83	
345	83	67	
345	83	
345	83	
345	83	
345	83	344	
345	83	
345	83	
345	83	
345	83	
345	83	
345	83	
345	83	
345	83	473	
345	83	
345	83	
345	83	19	
345	83	
345	83	
345	83	
345	83	
345	83	211	
345	83	82	
345	83	
345	83	
345	83	
345	83	
345	83	87	
345	83	
345	83	
345	83	
345	83	211	
345	83	
345	83	
345	83	
345	83	
345	83	
345	83	
345	83	
345	83	
345	83	
345	83	
345	83	
345	83	
345	83	
345	83	
345	83	
345	83	
345	83	
345	83	
345	83	
345	83	211	
345	83	
345	83	
345	83	
345	83	
345	83	91	
345	83	
345	83	
345	83	
345	83	
345	83	
345	83	281	
345	83	
345	83	
345	83	
345	83	377	
345	83	
345	83	337	
345	83	
345	83	
345	83	
345	83	
345	83	115	91	
345	83	19	
345	83	
345	83	
345	83	
345	83	337	
345	83	
345	83	
345	83	82	
345	83	
345	83	329	
345	83	
345	83	115	
345	83	
345	83	344	
345	83	211	
345	83	
345	83	
345	83	87	
345	83	
345	83	
345	83	67	
345	83	
345	83	
345	83	
345	83	
345	83	
345	83	
345	83	
345	83	82	
345	83	
345	83	
345	83	67	
345	83	
345	83	
345	83	344	
345	83	
345	83	
345	83	347	
345	83	
345	83	
345	83	
345	83	19	
345	83	377	
345	83	347	
345	83	
345	83	349	
345	83	
345	83	81	377	
345	83	
345	83	
345	83	344	
345	83	80	
345	83	
345	83	
345	83	
345	83	115	
345	83	
345	83	
345	83	
345	83	344	
345	83	
345	83	
345	83	
345	83	
345	83	377	
345	83	
345	83	
345	83	
345	83	329	
345	83	
345	83	87	
345	83	
345	83	337	
345	83	
345	83	
345	83	
345	83	
345	83	
345	83	
345	83	
345	83	
345	83	
345	83	
345	83	
345	83	
345	83	
345	83	19	
345	83	
345	83	
345	83	
345	83	
345	83	115	
345	83	
345	83	
345	83	
345	83	
345	83	
345	83	
345	83	
345	83	344	
345	83	19	
345	83	
345	83	
345	83	
345	83	
345	83	
345	83	
345	83	
345	83	
345	83	
345	83	
345	83	
345	83	344	
345	83	91	
345	83	337	
345	83	
345	83	
345	83	
345	83	
345	83	
345	83	
345	83	67	82	
345	83	349	
345	83	
345	83	
345	83	
345	83	349	473	
345	83	
345	83	
345	83	
345	83	81	
345	83	51	
345	83	
345	83	
345	83	
345	83	87	
345	83	
345	83	91	
345	83	
345	83	473	
345	83	
345	83	
345	83	
345	83	81	
345	83	
345	83	
345	83	
345	83	349	
345	83	
345	83	
345	83	344	
345	83	
345	83	67	
345	83	
345	83	
345	83	
345	83	115	
345	83	
345	83	
345	83	67	
345	83	
345	83	
345	83	344	377	
345	83	
345	83	
345	83	82	
345	83	
345	83	
345	83	
345	83	
345	83	
345	83	67	
345	83	
345	83	67	
345	83	
345	83	211	
345	83	67	91	
345	83	
345	83	19	
345	83	
345	83	
345	83	67	
345	83	
345	83	
345	83	
345	83	
345	83	
345	83	
345	83	349	337	
345	83	281	
345	83	
345	83	
345	83	
345	83	337	
345	83	
345	83	
345	83	
345	83	337	
345	83	
345	83	
345	83	91	
345	83	
345	83	
345	83	
345	83	19	
345	83	
345	83	
345	83	
345	83	
345	83	
345	83	
345	83	
345	83	
345	83	
345	83	
345	83	
345	83	
345	83	
345	83	115	
345	83	
345	83	
345	83	
345	83	
345	83	
345	83	87	91	
345	83	
345	83	344	
345	83	
345	83	
345	83	
345	83	349	
345	83	
345	83	336	
345	83	67	
345	83	344	
345	83	
345	83	377	
345	83	
345	83	
345	83	
345	83	
345	83	
345	83	
345	83	
345	83	
345	83	
345	83	281	
345	83	349	
345	83	
345	83	
345	83	
345	83	19	
345	83	67	
345	83	
345	83	
345	83	
345	83	337	
345	83	
345	83	
345	83	
345	83	
345	83	
345	83	
345	83	
345	83	
345	83	
345	83	
345	83	
345	83	
345	83	115	
345	83	473	
345	83	
345	83	
345	83	
345	83	
345	83	91	347	
345	83	
345	83	329	
345	83	473	
345	83	
345	83	
345	83	
345	83	
345	83	
345	83	
345	83	
345	83	67	
345	83	
345	83	
345	83	
345	83	17	
345	83	
345	83	19	
345	83	473	
345	83	
345	83	
345	83	
345	83	
345	83	
345	83	
345	83	
345	83	
345	83	
345	83	
345	83	
345	83	
345	83	
345	83	
345	83	
345	83	
345	83	
345	83	
345	83	
345	83	
345	83	
345	83	67	211	
345	83	
345	83	211	
345	83	
345	83	
345	83	
345	83	
345	83	
345	83	
345	83	
345	83	
345	83	
345	83	
345	83	
345	83	
345	83	
345	83	
345	83	91	
345	83	
345	83	
345	83	
345	83	87	91	
345	83	91	
345	83	
345	83	
345	83	
345	83	
345	83	
345	83	
345	83	
345	83	
345	83	
345	83	
345	83	91	
345	83	67	87	
345	83	
345	83	
345	83	
345	83	377	
345	83	473	
345	83	
345	83	
345	83	
345	83	349	
345	83	
345	83	329	
345	83	
345	83	
345	83	
345	83	
345	83	
345	83	
345	83	
345	83	
345	83	
345	83	329	
345	83	
345	83	344	
345	83	
345	83	
345	83	347	
345	83	
345	83	
345	83	
345	83	
345	83	347	
345	83	
345	83	
345	83	
345	83	82	344	
345	83	
345	83	
345	83	377	
345	83	
345	83	
345	83	
345	83	
345	83	
345	83	
345	83	
345	83	
345	83	
345	83	91	
345	83	473	
345	83	
345	83	
345	83	82	
345	83	377	
345	83	
345	83	344	
345	83	
345	83	
345	83	
345	83	377	
345	83	
345	83	
345	83	
345	83	
345	83	
345	83	
345	83	
345	83	
345	83	344	347	
345	83	
345	83	
345	83	
345	83	
345	83	
345	83	67	
345	83	
345	83	211	67	75	
345	83	
345	83	
345	83	473	
345	83	349	
345	83	91	
345	83	
345	83	344	
345	83	473	281	
345	83	
345	83	
345	83	349	
345	83	
345	83	347	
345	83	115	
345	83	473	
345	83	
345	83	
345	83	
345	83	
345	83	329	
345	83	
345	83	81	
345	83	
345	83	
345	83	
345	83	
345	83	115	
345	83	377	
345	83	
345	83	
345	83	377	283	
345	83	
345	83	377	
345	83	347	
345	83	
345	83	
345	83	82	
345	83	82	
345	83	
345	83	329	
345	83	
345	83	
345	83	
345	83	115	
345	83	
345	83	
345	83	
345	83	
345	83	67	
345	83	
345	83	
345	83	
345	83	349	
345	83	
345	83	
345	83	
345	83	
345	83	
345	83	19	
345	83	
345	83	
345	83	
345	83	
345	83	
345	83	
345	83	281	
345	83	67	
345	83	377	
345	83	
345	83	
345	83	67	
345	83	
345	83	
345	83	
345	83	
345	83	
345	83	
345	83	
345	83	
345	83	
345	83	
345	83	
345	83	211	67	
345	83	
345	83	
345	83	
345	83	344	
345	83	
345	83	281	
345	83	
345	83	
345	83	
345	83	281	
345	83	
345	83	
345	83	
345	83	
345	83	
345	83	
345	83	
345	83	
345	83	
345	83	
345	83	
345	83	
345	83	
345	83	
345	83	329	
345	83	
345	83	
345	83	
345	83	329	211	
345	83	377	
345	83	
345	83	
345	83	
345	83	
345	83	337	
345	83	349	
345	83	347	
345	83	211	
345	83	
345	83	281	
345	83	211	
345	83	377	
345	83	
345	83	
345	83	
345	83	
345	83	
345	83	
345	83	19	
345	83	
345	83	82	
345	83	
345	83	67	
345	83	
345	83	
345	83	
345	83	87	
345	83	
345	83	91	
345	83	
345	83	
345	83	
345	83	
345	83	82	66	
345	83	115	
345	83	
345	83	
345	83	
345	83	
345	83	211	
345	83	87	
345	83	344	
345	83	91	67	
345	83	
345	83	
345	83	
345	83	
345	83	
345	83	
345	83	
345	83	
345	83	
345	83	
345	83	81	115	
345	83	
345	83	
345	83	
345	83	
345	83	
345	83	91	
345	83	
345	83	
345	83	91	
345	83	347	
345	83	
345	83	
345	83	87	
345	83	
345	83	
345	83	
345	83	
345	83	
345	83	
345	83	329	
345	83	
345	83	
345	83	
345	83	
345	83	
345	83	
345	83	
345	83	
345	83	
345	83	
345	83	
345	83	
345	83	
345	83	81	
345	83	
345	83	
345	83	
345	83	87	
345	83	
345	83	
345	83	
345	83	
345	83	
345	83	
345	83	347	
345	83	211	
345	83	
345	83	
345	83	
345	83	
345	83	
345	83	
345	83	
345	83	
345	83	
345	83	
345	83	
345	83	
345	83	
345	83	
345	83	
345	83	19	
345	83	
345	83	
345	83	
345	83	
345	83	
345	83	
345	83	
345	83	
345	83	
345	83	
345	83	
345	83	
345	83	
345	83	
345	83	
345	83	19	
345	83	
345	83	
345	83	349	
345	83	
345	83	
345	83	349	
345	83	
345	83	
345	83	
345	83	347	
345	83	
345	83	
345	83	
345	83	
345	83	
345	83	344	377	
345	83	337	
345	83	
345	83	
345	83	
345	83	281	
345	83	
345	83	
345	83	
345	83	
345	83	349	
345	83	82	
345	83	
345	83	
345	83	
345	83	
345	83	
345	83	87	
345	83	
345	83	
345	83	
345	83	91	
345	83	281	
345	83	
345	83	
345	83	349	
345	83	347	
345	83	
345	83	
345	83	
345	83	337	347	
345	83	347	
345	83	
345	83	
345	83	281	
345	83	
345	83	
345	83	
345	83	
345	83	
345	83	
345	83	87	
345	83	
345	83	91	
345	83	82	
345	83	
345	83	91	
345	83	344	87	
345	83	211	
345	83	
345	83	349	
345	83	
345	83	
345	83	
345	83	
345	83	91	
345	83	
345	83	
345	83	
345	83	
345	83	344	
345	83	281	
345	83	331	
345	83	
345	83	91	
345	83	
345	83	
345	83	349	
345	83	
345	83	
345	83	82	
345	83	
345	83	
345	83	
345	83	377	
345	83	
345	83	
345	83	
345	83	
345	83	
345	83	
345	83	
345	83	91	
345	83	
345	83	349	
345	83	
345	83	
345	83	
345	83	
345	83	
345	83	115	
345	83	
345	83	
345	83	281	
345	83	347	
345	83	82	
345	83	
345	83	
345	83	
345	83	82	
345	83	
345	83	87	
345	83	
345	83	67	347	
345	83	
345	83	
345	83	
345	83	87	
345	83	
345	83	
345	83	377	
345	83	
345	83	
345	83	347	
345	83	67	
345	83	
345	83	
345	83	
345	83	67	
345	83	
345	83	377	
345	83	
345	83	
345	83	
345	83	
345	83	
345	83	87	
345	83	
345	83	
345	83	87	
345	83	
345	83	
345	83	344	
345	83	67	
345	83	
345	83	
345	83	
345	83	
345	83	473	
345	83	
345	83	
345	83	82	344	
345	83	
345	83	344	
345	83	
345	83	
345	83	115	
345	83	
345	83	
345	83	
345	83	67	
345	83	
345	83	75	
345	83	
345	83	
345	83	
345	83	349	
345	83	
345	83	
345	83	81	
345	83	
345	83	
345	83	
345	83	
345	83	
345	83	
345	83	
345	83	
345	83	81	
345	83	329	
345	83	
345	83	
345	83	344	
345	83	
345	83	
345	83	
345	83	
345	83	
345	83	
345	83	
345	83	
345	83	
345	83	91	87	
345	83	337	
345	83	
345	83	87	
345	83	
345	83	
345	83	
345	83	
345	83	
345	83	
345	83	337	
345	83	
345	83	
345	83	
345	83	
345	83	
345	83	
345	83	
345	83	349	
345	83	
345	83	
345	83	
345	83	
345	83	
345	83	
345	83	
345	83	
345	83	
345	83	
345	83	
345	83	
345	83	
345	83	281	
345	83	
345	83	
345	83	
345	83	
345	83	
345	83	
345	83	82	
345	83	
345	83	
345	83	19	
345	83	
345	83	
345	83	211	
345	83	
345	83	473	87	
345	83	
345	83	
345	83	344	
345	83	
345	83	115	
345	83	
345	83	
345	83	87	
345	83	
345	83	
345	83	
345	83	
345	83	337	
345	83	
345	83	82	
345	83	87	
345	83	
345	83	344	
345	83	
345	83	67	
345	83	
345	83	
345	83	
345	83	329	
345	83	
345	83	
345	83	
345	83	
345	83	
345	83	67	
345	83	347	91	
345	83	
345	83	
345	83	87	473	377	
345	83	
345	83	
345	83	
345	83	
345	83	
345	83	211	
345	83	
345	83	
345	83	
345	83	
345	83	211	
345	83	
345	83	377	
345	83	
345	83	
345	83	
345	83	
345	83	281	
345	83	
345	83	
345	83	
345	83	67	
345	83	
345	83	344	
345	83	
345	83	
345	83	
345	83	
345	83	
345	83	
345	83	
345	83	
345	83	
345	83	
345	83	
345	83	211	
345	83	
345	83	
345	83	
345	83	
345	83	
345	83	
345	83	
345	83	
345	83	
345	83	344	
345	83	
345	83	337	
345	83	
345	83	
345	83	81	
345	83	82	87	
345	83	
345	83	
345	83	
345	83	
345	83	67	
345	83	473	
345	83	
345	83	473	
345	83	
345	83	
345	83	473	
345	83	
345	83	
345	83	
345	83	
345	83	
345	83	
345	83	
345	83	87	
345	83	
345	83	
345	83	
345	83	
345	83	377	347	
345	83	
345	83	
345	83	
345	83	
345	83	
345	83	67	
345	83	
345	83	
345	83	
345	83	
345	83	
345	83	
345	83	
345	83	
345	83	
345	83	473	349	19	115	
345	83	
345	83	
345	83	
345	83	337	
345	83	
345	83	
345	83	
345	83	
345	83	
345	83	
345	83	377	329	
345	83	87	
345	83	
345	83	
345	83	19	
345	83	
345	83	
345	83	
345	83	
345	83	
345	83	
345	83	
345	83	
345	83	
345	83	115	87	211	
345	83	
345	83	
345	83	67	
345	83	
345	83	19	
345	83	
345	83	81	347	
345	83	
345	83	
345	83	
345	83	
345	83	337	
345	83	
345	83	
345	83	115	
345	83	19	
345	83	347	
345	83	281	
345	83	
345	83	
345	83	
345	83	87	
345	83	91	
345	83	347	
345	83	
345	83	
345	83	
345	83	337	
345	83	
345	83	
345	83	
345	83	337	
345	83	
345	83	
345	83	
345	83	
345	83	
345	83	
345	83	329	
345	83	329	
345	83	
345	83	377	
345	83	114	
345	83	
345	83	
345	83	
345	83	
345	83	329	
345	83	329	377	
345	83	
345	83	
345	83	
345	83	87	
345	83	
345	83	
345	83	
345	83	
345	83	344	
345	83	
345	83	82	211	
345	83	82	
345	83	81	
345	83	
345	83	81	
345	83	344	
345	83	
345	83	
345	83	
345	83	
345	83	
345	83	
345	83	
345	83	
345	83	
345	83	
345	83	
345	83	
345	83	
345	83	
345	83	
345	83	
345	83	
345	83	
345	83	
345	83	
345	83	
345	83	
345	83	
345	83	
345	83	
345	83	
345	83	67	
345	83	
345	83	
345	83	
345	83	
345	83	
345	83	87	
345	83	
345	83	
345	83	
345	83	
345	83	
345	83	
345	83	
345	83	
345	83	115	82	
345	83	67	71	
345	83	67	
345	83	
345	83	
345	83	
345	83	
345	83	19	
345	83	
345	83	
345	83	91	
345	83	
345	83	80	
345	83	
345	83	
345	83	
345	83	
345	83	19	
345	83	
345	83	
345	83	
345	83	
345	83	
345	83	
345	83	
345	83	87	
345	83	
345	83	
345	83	67	
345	83	
345	83	
345	83	
345	83	
345	83	
345	83	
345	83	
345	83	211	
345	83	
345	83	
345	83	
345	83	82	
345	83	347	
345	83	
345	83	
345	83	473	
345	83	
345	83	
345	83	67	
345	83	
345	83	
345	83	
345	83	
345	83	
345	83	
345	83	
345	83	
345	83	19	
345	83	
345	83	349	
345	83	
345	83	
345	83	
345	83	
345	83	
345	83	347	
345	83	91	
345	83	
345	83	349	
345	83	115	
345	83	337	
345	83	
345	83	
345	83	
345	83	
345	83	
345	83	67	
345	83	19	91	
345	83	
345	83	
345	83	
345	83	
345	83	115	
345	83	
345	83	
345	83	
345	83	
345	83	
345	83	347	
345	83	
345	83	344	
345	83	
345	83	
345	83	
345	83	
345	83	
345	83	211	
345	83	
345	83	67	
345	83	
345	83	
345	83	
345	83	87	
345	83	211	
345	83	
345	83	377	
345	83	
345	83	
345	83	349	
345	83	
345	83	
345	83	
345	83	
345	83	
345	83	
345	83	
345	83	
345	83	
345	83	
345	83	
345	83	
345	83	
345	83	
345	83	
345	83	
345	83	91	
345	83	
345	83	
345	83	
345	83	
345	83	
345	83	
345	83	81	
345	83	
345	83	67	
345	83	115	
345	83	
345	83	473	
345	83	87	
345	83	
345	83	
345	83	
345	83	
345	83	
345	83	
345	83	
345	83	87	
345	83	
345	83	
345	83	67	
345	83	
345	83	
345	83	81	
345	83	
345	83	
345	83	67	
345	83	
345	83	
345	83	
345	83	
345	83	
345	83	
345	83	
345	83	
345	83	
345	83	
345	83	
345	83	
345	83	
345	83	
345	83	211	
345	83	
345	83	19	
345	83	
345	83	
345	83	
345	83	
345	83	67	
345	83	19	81	
345	83	67	
345	83	
345	83	115	
345	83	281	
345	83	
345	83	
345	83	337	
345	83	
345	83	
345	83	
345	83	
345	83	67	
345	83	
345	83	
345	83	
345	83	87	82	
345	83	19	
345	83	
345	83	
345	83	
345	83	87	
345	83	
345	83	
345	83	
345	83	
345	83	
345	83	67	
345	83	
345	83	349	
345	83	
345	83	337	91	
345	83	
345	83	67	
345	83	
345	83	337	
345	83	81	
345	83	
345	83	
345	83	
345	83	
345	83	
345	83	211	
345	83	
345	83	
345	83	
345	83	
345	83	81	
345	83	91	115	
345	83	
345	83	
345	83	
345	83	
345	83	
345	83	
345	83	344	
345	83	
345	83	
345	83	
345	83	
345	83	
345	83	87	
345	83	
345	83	
345	83	
345	83	
345	83	
345	83	
345	83	
345	83	
345	83	
345	83	
345	83	
345	83	87	
345	83	
345	83	
345	83	344	
345	83	
345	83	
345	83	
345	83	
345	83	
345	83	
345	83	
345	83	281	
345	83	
345	83	67	
345	83	
345	83	
345	83	
345	83	
345	83	
345	83	
345	83	
345	83	
