0	4	10	11	15	18	24	29	31	33	35	40	50	57	59	66	70	73	76	84	95	102	105	114	124	126	128	130	142	146	153	161	171	191	195	201	224	229	246	248	250	254	255	259	265	266	269	280	290	291	295	301	309	311	313	315	321	323	330	331	344	345	346	351	366	370	372	374	381	384	388	389	390	399	407	411	413	423	426	427	432	435	436	437	445	452	458	461	468	469	478	487	492	493	495	500	505	506	509	293	8	17	359	310	194	28	363	286	402	406	90	314	339	394	162	61	450	242	72	465	380	473	159	56	491	439	296	98	94	43	362	135	127	190	44	361	484	37	401	
0	4	15	18	29	40	50	57	59	70	73	84	95	105	114	124	126	128	130	146	153	161	195	201	229	246	254	255	259	269	280	291	295	301	309	311	313	323	330	344	346	351	374	388	390	399	411	423	426	427	435	436	437	452	458	461	468	469	487	492	505	509	8	359	90	162	61	242	159	56	94	127	445	434	310	331	394	28	339	380	41	315	31	58	473	17	413	402	273	389	321	224	336	271	44	381	143	72	484	
0	4	15	18	29	40	50	57	70	73	95	105	114	124	126	128	130	153	195	246	255	259	269	280	291	295	301	309	311	313	323	346	351	390	423	426	427	436	437	452	458	461	468	505	509	8	359	61	159	94	127	310	331	394	17	402	381	143	72	315	28	90	434	374	484	24	380	161	59	41	469	2	305	389	56	9	44	403	146	289	273	474	421	
0	18	40	50	70	73	95	124	126	128	195	246	255	269	280	291	309	311	313	351	390	423	427	436	437	452	458	461	509	8	359	61	159	94	127	310	17	402	381	143	72	434	374	484	24	380	161	59	41	2	403	146	295	389	468	9	114	331	46	323	259	44	28	358	281	282	136	421	
0	18	40	70	124	128	195	246	255	269	280	291	309	313	351	390	423	427	437	452	458	461	509	8	359	61	159	94	127	310	17	402	381	434	484	24	161	59	41	403	146	295	468	114	44	299	28	46	358	90	265	16	308	20	275	9	13	2	311	73	287	222	331	126	
0	18	70	124	128	195	246	269	280	291	309	313	351	390	427	437	452	458	461	509	8	359	61	127	310	17	402	381	434	24	161	59	41	146	295	468	114	44	358	90	265	16	308	20	13	311	287	272	460	255	72	169	271	9	19	
0	18	70	124	128	195	269	280	309	313	351	390	437	452	458	461	509	8	359	61	127	310	17	402	434	24	161	41	146	295	44	90	265	16	308	20	311	287	272	255	305	21	59	511	386	293	13	254	118	72	281	432	85	74	
0	18	70	124	128	269	280	309	313	351	390	437	452	461	509	8	359	61	127	310	17	402	434	41	295	44	90	265	16	308	311	287	255	85	251	150	146	118	386	177	383	84	74	195	292	458	178	284	
0	18	70	128	269	280	309	351	390	437	452	461	509	8	359	61	127	17	402	434	41	295	44	90	265	16	308	255	85	251	118	74	292	10	227	375	150	182	450	294	144	385	438	25	
0	18	70	128	269	280	351	390	437	452	461	509	8	359	61	127	17	402	434	41	295	44	90	265	308	255	251	118	74	292	10	375	182	450	294	25	287	164	438	57	388	386	260	144	78	227	401	261	448	389	150	
0	18	70	269	351	437	452	461	509	8	359	61	17	41	295	44	265	308	255	251	118	74	292	10	375	182	450	57	227	9	260	172	267	280	90	311	493	
0	18	70	269	351	437	452	461	509	8	359	61	41	295	44	265	308	251	10	375	450	57	260	172	311	493	227	128	255	43	9	182	178	254	291	150	183	304	11	484	
18	269	351	437	509	8	61	41	44	265	308	251	375	450	57	260	311	493	255	43	9	182	254	304	227	477	190	445	186	158	225	166	
18	351	437	8	61	41	44	265	308	251	375	450	311	493	255	43	182	254	227	190	445	191	252	10	250	59	2	
18	351	437	8	61	41	44	265	308	251	375	450	311	493	43	182	254	227	190	445	252	317	444	63	53	
18	351	437	8	61	41	44	265	251	375	311	493	43	182	254	227	287	252	334	10	60	190	350	264	
351	437	8	61	44	265	251	375	311	43	182	254	227	287	252	334	136	359	172	
351	437	61	44	265	251	375	43	227	287	334	243	433	503	309	63	286	
437	61	265	251	375	43	227	281	57	163	445	
437	61	265	251	375	
437	61	265	251	375	57	371	
61	265	251	375	
61	265	251	375	
61	265	251	375	
61	265	251	375	
61	265	251	375	
61	265	251	375	343	
61	265	251	375	255	
61	265	251	375	250	
61	265	251	375	
61	265	251	375	
61	265	251	375	187	
61	265	251	375	
61	265	251	375	343	
61	265	251	375	
61	265	251	375	267	45	
61	265	251	375	267	
61	265	251	375	
61	265	251	375	
61	265	251	375	
61	265	251	375	
61	265	251	375	
61	265	251	375	29	
61	265	251	375	
61	265	375	
61	265	375	503	
61	265	375	
61	265	375	267	
61	375	121	251	113	
375	121	251	
375	121	251	503	
375	121	251	343	341	
121	251	341	125	277	
341	125	373	
341	125	
341	125	277	273	
341	125	277	273	
125	273	
125	273	124	
125	273	
125	273	89	88	
125	273	89	
125	273	89	
125	273	89	337	
125	273	89	
125	273	89	27	
125	273	89	27	
125	273	89	27	
125	273	89	27	121	
125	273	89	27	277	
125	273	89	27	91	
125	273	89	27	
273	89	27	
273	89	27	337	
273	27	
273	27	
273	27	277	
273	27	11	
273	27	
273	27	26	272	
273	27	
273	27	
273	27	
273	27	
273	27	401	
273	27	
273	27	
273	27	
273	27	
273	27	
273	27	
273	27	
273	27	337	
273	27	
273	27	25	
273	27	91	
273	27	
273	27	31	
273	27	
273	27	
273	27	
273	27	
273	27	
273	27	
273	27	
273	27	
273	27	337	155	
273	27	257	
273	27	
273	27	
273	27	155	
273	27	
273	27	
273	27	
273	27	
273	27	
273	27	
273	27	
273	27	
273	27	
273	27	
273	27	
273	27	
273	27	
273	27	
273	27	19	
273	27	
273	27	91	
273	27	281	
273	27	
273	27	
273	27	277	
273	27	
273	27	305	19	
273	27	
273	27	
273	27	
273	27	
273	27	
273	27	
273	27	
273	27	31	
273	27	337	
273	27	
273	27	275	
273	27	
273	27	401	
273	27	
273	27	
273	27	
273	27	
273	27	
273	27	
273	27	389	388	
273	27	389	
273	27	389	25	
27	389	
27	389	
27	389	
27	389	
27	389	89	121	249	73	
27	389	89	249	217	
389	89	453	461	
389	89	453	461	
89	453	461	88	
89	453	88	
453	88	448	449	496	384	457	461	320	
453	88	384	321	
88	384	321	
88	384	321	
88	384	321	216	201	
88	384	321	216	201	
88	384	321	216	201	169	80	235	193	
88	384	321	216	169	80	235	232	
88	384	321	216	169	235	232	107	233	237	
88	384	321	169	235	232	107	106	392	
384	321	169	235	232	107	385	449	
384	321	169	235	232	107	385	106	
321	232	107	385	
321	107	385	
321	107	385	234	194	198	199	197	85	92	81	
385	199	85	92	71	
385	199	85	
385	85	417	425	397	393	449	497	427	443	435	
85	427	443	369	371	419	
85	443	369	371	419	
85	443	369	419	69	65	371	
85	369	419	69	193	196	68	66	3	67	225	129	194	
369	419	193	196	66	3	194	
369	419	193	66	3	7	
369	419	193	66	306	
419	193	66	306	
419	193	66	306	
419	193	291	
419	193	
419	193	
419	193	
419	193	
419	193	209	
419	193	
419	193	
419	193	
419	193	
419	193	201	
419	193	
419	193	73	89	
419	193	73	
419	193	73	
419	193	73	
419	193	73	
419	193	73	
419	193	73	417	
419	193	73	75	89	
419	193	73	
419	193	73	
419	73	435	
419	73	
419	73	
419	73	
419	73	
419	73	
419	73	
419	73	
419	73	
419	73	435	
419	73	
419	73	
419	73	75	
419	73	
419	73	
419	73	
419	73	
419	73	
419	73	
419	73	
419	73	
419	73	435	
419	73	
419	73	
419	73	
419	73	
419	73	201	
419	73	
419	73	
419	73	
419	73	
419	73	
419	73	
419	73	
419	73	
419	73	
419	73	
419	73	
419	73	435	
419	73	483	
419	73	
419	73	
419	73	
419	73	
419	73	
419	73	
419	73	9	
419	73	
419	73	
419	73	
419	73	
419	73	
419	73	491	
419	73	491	
419	73	491	
73	491	489	
73	491	104	120	40	
73	491	104	120	
73	491	104	120	
491	104	120	463	487	495	461	462	
491	104	120	463	503	
491	104	120	463	503	
104	120	463	503	232	487	462	
104	463	232	233	169	
463	232	233	
463	233	
463	233	
463	233	
463	233	239	461	
463	233	239	
463	233	239	
463	233	239	
463	233	239	249	
463	233	239	
463	233	239	335	
463	233	239	
463	233	239	391	
463	233	239	391	263	279	399	
233	239	391	263	237	
233	239	391	263	279	
233	239	391	263	261	257	
233	263	257	301	317	292	293	
233	263	292	260	
233	263	292	260	279	
233	263	292	260	
233	292	356	
233	292	237	
233	292	420	
233	292	
233	292	201	260	
233	292	
233	292	234	
233	292	234	106	
233	292	234	420	418	421	484	438	404	436	452	500	444	372	
234	420	436	437	388	389	
234	436	226	
436	226	
436	226	
436	226	
436	226	438	
436	226	
436	226	429	
436	226	429	242	
436	226	429	224	
429	224	
429	224	
429	224	393	
429	224	393	228	
429	224	393	
429	224	
429	224	228	
429	224	
429	224	
429	224	
429	224	226	
429	224	425	
429	224	
429	224	
429	224	
429	224	
429	224	
429	224	
429	224	232	
429	224	96	
429	224	421	
429	224	
429	224	
429	224	
429	224	
429	224	
429	224	
429	224	493	
429	224	
429	224	
429	224	445	
429	224	421	
429	224	445	
429	224	
429	224	
429	224	
429	224	
429	224	
429	224	
429	224	493	
429	224	
429	224	
429	224	
429	224	
429	224	
429	224	
429	224	
429	224	240	
429	224	
429	224	431	
429	224	
429	224	
429	224	
429	224	
429	224	
429	224	301	
429	224	493	
429	224	
429	224	301	
429	224	425	192	397	
429	224	
429	224	431	
429	224	
429	224	
429	224	
429	224	96	428	
429	224	
429	224	
429	224	493	
429	224	509	
429	224	509	
429	224	509	
429	224	509	240	
429	224	509	240	241	
429	224	509	240	241	
224	509	240	241	
509	240	241	508	444	505	440	489	
240	508	444	440	
240	508	444	440	208	
240	508	440	193	
240	508	440	193	
440	193	432	442	433	437	434	401	504	
440	193	432	437	434	435	419	
193	437	434	419	483	
193	437	419	435	
193	437	419	
193	437	419	
193	437	419	
193	419	
193	419	
193	419	
193	419	
193	419	209	
193	419	195	
193	419	
193	419	
193	419	417	
193	419	
193	419	
193	419	
193	419	
193	419	
193	419	291	
193	419	
193	419	
193	419	
193	419	
193	419	418	
193	419	225	
193	419	
193	419	
193	419	195	65	
193	419	
193	419	
193	419	129	
193	419	65	
193	419	
193	419	
193	419	
193	419	
193	419	
193	419	
193	419	
193	419	
193	419	
193	419	
193	419	418	195	
193	419	
193	419	
193	419	
193	419	
193	419	427	
193	419	
193	419	
193	419	73	
193	419	73	
193	419	73	209	
193	419	73	
193	419	73	427	
193	419	73	
193	419	73	
193	419	73	
193	419	73	
193	419	73	
419	73	
419	73	
419	73	
419	73	72	77	105	
419	73	
419	73	77	417	
419	73	
419	73	
419	73	75	
419	73	
419	73	
419	73	77	
419	73	
419	73	72	
419	73	
419	73	
419	73	
419	73	
419	73	75	
419	73	417	418	
419	73	65	
419	73	
419	73	
419	73	435	499	
419	73	
419	73	
419	73	
419	73	
419	73	
419	73	417	
419	73	417	
419	73	
419	73	
419	73	417	
419	73	75	
419	73	
419	73	
419	73	435	
419	73	
419	73	
419	73	
419	73	
419	73	
419	73	
419	73	
419	73	
419	73	423	
419	73	
419	73	
419	73	
419	73	201	
419	73	
419	73	
419	73	
419	73	
419	73	
419	73	
419	73	
419	73	89	
419	73	
419	73	
419	73	291	
419	73	
419	73	
419	73	
419	73	
419	73	423	
419	73	
419	73	
419	73	
419	73	
419	73	435	
419	73	75	
419	73	417	
419	73	
419	73	
419	73	
419	73	
419	73	417	
419	73	
419	73	387	
419	73	65	
419	73	
419	73	
419	73	
419	73	72	
419	73	
419	73	
419	73	
419	73	
419	73	483	
419	73	89	
419	73	
419	73	
419	73	427	
419	73	
419	73	
419	73	
419	73	77	
419	73	
419	73	491	
419	73	491	
419	73	491	435	
73	491	
73	491	
73	491	
73	491	
73	491	490	
73	491	427	
73	491	
73	491	105	
73	491	427	
73	491	193	
73	491	193	
73	491	193	
193	
193	
