1	240	246	486
2	203	192	395
3	207	210	417
4	209	223	432
5	216	218	434
6	228	249	477
7	227	232	459
8	248	267	515
9	257	297	554
10	278	311	589
11	317	403	720
12	380	496	876
13	490	591	1081
14	598	618	1216
15	844	723	1567
16	849	813	1662
17	869	816	1685
18	850	792	1642
19	838	802	1640
20	879	789	1668
21	893	802	1695
22	864	775	1639
23	902	786	1688
24	867	795	1662
25	885	787	1672
26	880	768	1648
27	891	798	1689
28	860	790	1650
29	858	802	1660
30	874	799	1673
31	835	769	1604
32	838	809	1647
33	792	799	1591
34	797	776	1573
35	808	787	1595
36	836	808	1644
37	846	789	1635
38	822	800	1622
39	812	810	1622
40	793	785	1578
41	773	787	1560
42	753	789	1542
43	778	792	1570
44	810	789	1599
45	784	806	1590
46	792	801	1593
47	766	792	1558
48	734	800	1534
49	745	779	1524
50	754	779	1533
51	733	793	1526
52	730	810	1540
53	743	797	1540
54	728	782	1510
55	702	799	1501
56	678	806	1484
57	650	814	1464
58	669	816	1485
59	667	792	1459
60	657	814	1471
61	652	794	1446
62	668	824	1492
63	643	814	1457
64	640	791	1431
65	638	792	1430
66	643	806	1449
67	667	824	1491
68	668	790	1458
69	624	780	1404
70	637	782	1419
71	651	794	1445
72	668	821	1489
73	674	803	1477
74	645	803	1448
75	650	766	1416
76	633	821	1454
77	647	774	1421
78	647	779	1426
79	658	820	1478
80	708	806	1514
81	724	768	1492
82	747	815	1562
83	768	789	1557
84	722	824	1546
85	748	784	1532
86	754	801	1555
87	740	784	1524
88	754	802	1556
89	763	791	1554
90	759	800	1559
91	744	821	1565
92	807	807	1614
93	803	794	1597
94	804	797	1601
95	809	816	1625
96	855	792	1647
97	847	819	1666
98	840	796	1636
99	884	786	1670
100	850	785	1635
101	836	801	1637
102	812	800	1612
103	825	760	1585
104	832	789	1621
105	841	793	1634
106	827	775	1602
107	804	788	1592
108	812	798	1610
109	802	787	1589
110	787	799	1586
111	800	798	1598
112	808	788	1596
113	816	798	1614
114	851	805	1656
115	839	780	1619
116	828	820	1648
117	790	821	1611
118	709	812	1521
119	675	811	1486
120	642	796	1438
121	618	813	1431
122	562	822	1384
123	534	821	1355
124	526	817	1343
125	435	791	1226
126	402	800	1202
127	361	815	1176
128	567	544	1111
129	614	304	918
130	570	254	824
131	420	233	653
132	270	240	510
133	281	219	500
134	298	252	550
135	324	296	620
136	332	463	795
137	420	647	1067
138	553	864	1417
139	578	838	1416
140	572	834	1406
141	572	836	1408
142	558	855	1413
143	553	844	1397
144	553	825	1378
145	532	831	1363
146	542	853	1395
147	532	833	1365
148	518	851	1369
149	495	874	1369
150	578	776	1354
151	570	512	1082
152	566	341	907
153	575	216	791
154	507	262	769
155	387	619	1006
156	261	726	987
157	291	715	1006
158	630	497	1127
159	744	245	989
160	687	210	897
161	654	375	1029
162	675	682	1357
163	824	869	1693
164	837	874	1711
165	825	894	1719
166	844	914	1758
167	820	895	1715
168	853	870	1723
169	821	870	1691
170	827	887	1714
171	846	865	1711
172	819	895	1714
173	832	870	1702
174	835	873	1708
175	855	867	1722
176	838	868	1706
177	850	875	1725
178	822	878	1700
179	858	877	1735
180	848	871	1719
181	840	886	1726
182	842	872	1714
183	851	898	1749
184	851	875	1726
185	841	907	1748
186	836	876	1712
187	824	868	1692
188	829	880	1709
189	831	905	1736
190	823	864	1687
191	833	883	1716
192	816	899	1715
193	826	886	1712
194	839	892	1731
195	830	880	1710
196	813	897	1710
197	847	898	1745
198	860	866	1726
199	865	893	1758
200	839	872	1711
201	850	889	1739
202	839	885	1724
203	843	882	1725
204	843	870	1713
205	844	869	1713
206	842	899	1741
207	834	879	1713
208	826	868	1694
209	817	881	1698
210	837	876	1713
211	828	869	1697
212	841	888	1729
213	849	899	1748
214	841	872	1713
215	843	864	1707
216	801	892	1693
217	840	869	1709
218	833	895	1728
219	841	884	1725
220	835	882	1717
221	841	865	1706
222	840	881	1721
223	841	892	1733
224	848	866	1714
225	831	877	1708
226	839	885	1724
227	817	906	1723
228	844	895	1739
229	817	884	1701
230	847	874	1721
231	835	882	1717
232	852	877	1729
233	829	890	1719
234	842	863	1705
235	842	898	1740
236	830	880	1710
237	830	882	1712
238	841	896	1737
239	822	885	1707
240	838	880	1718
241	844	863	1707
242	834	886	1720
243	829	878	1707
244	795	890	1685
245	843	871	1714
246	871	849	1720
247	841	877	1718
248	828	884	1712
249	828	870	1698
250	812	904	1716
251	837	885	1722
252	847	885	1732
253	823	903	1726
254	834	897	1731
255	821	870	1691
256	823	889	1712
257	835	893	1728
258	820	877	1697
259	846	881	1727
260	841	898	1739
261	829	899	1728
262	835	870	1705
263	827	868	1695
264	846	855	1701
265	839	904	1743
266	830	879	1709
267	809	887	1696
268	849	864	1713
269	846	879	1725
270	851	870	1721
271	851	887	1738
272	845	878	1723
273	825	869	1694
274	808	863	1671
275	723	894	1617
276	784	889	1673
277	745	879	1624
278	702	880	1582
279	705	899	1604
280	740	879	1619
281	788	872	1660
282	845	882	1727
283	831	894	1725
284	826	876	1702
285	839	855	1694
286	847	875	1722
287	833	862	1695
288	843	897	1740
289	830	866	1696
290	847	871	1718
291	829	861	1690
292	837	868	1705
293	845	874	1719
294	826	852	1678
295	842	853	1695
296	827	869	1696
297	846	885	1731
298	819	890	1709
299	828	893	1721
300	829	899	1728
301	859	867	1726
302	853	882	1735
303	842	892	1734
304	845	876	1721
305	852	879	1731
306	841	883	1724
307	837	905	1742
308	852	903	1755
309	843	876	1719
310	837	869	1706
311	854	884	1738
312	850	897	1747
313	855	878	1733
314	827	889	1716
315	838	888	1726
316	840	883	1723
317	822	898	1720
318	830	882	1712
319	834	883	1717
320	841	849	1690
321	850	881	1731
322	841	896	1737
323	826	878	1704
324	833	883	1716
325	831	873	1704
326	844	908	1752
327	831	878	1709
328	828	885	1713
329	820	883	1703
330	831	877	1708
331	848	881	1729
332	850	897	1747
333	848	875	1723
334	826	862	1688
335	832	882	1714
336	845	890	1735
337	857	899	1756
338	836	878	1714
339	832	874	1706
340	830	866	1696
341	834	884	1718
342	831	888	1719
343	820	884	1704
344	856	859	1715
345	823	911	1734
346	835	888	1723
347	844	876	1720
348	830	876	1706
349	846	864	1710
350	824	887	1711
351	832	860	1692
352	835	874	1709
353	820	890	1710
354	841	867	1708
355	848	874	1722
356	838	881	1719
357	842	878	1720
358	821	865	1686
359	814	888	1702
360	841	882	1723
361	825	889	1714
362	849	881	1730
363	846	879	1725
364	824	891	1715
365	852	890	1742
366	840	889	1729
367	832	883	1715
368	830	891	1721
369	827	893	1720
370	861	858	1719
371	849	872	1721
372	843	875	1718
373	831	900	1731
374	850	872	1722
375	826	909	1735
376	847	892	1739
377	830	883	1713
378	833	871	1704
379	828	888	1716
380	842	857	1699
381	819	892	1711
382	850	885	1735
383	824	890	1714
384	831	896	1727
385	866	865	1731
386	829	862	1691
387	845	868	1713
388	828	881	1709
389	835	876	1711
390	837	883	1720
391	843	882	1725
392	825	880	1705
393	831	870	1701
394	841	896	1737
395	836	858	1694
396	821	884	1705
397	839	870	1709
398	840	875	1715
399	862	873	1735
400	853	889	1742
401	839	892	1731
402	837	896	1733
403	828	882	1710
404	809	901	1710
405	845	884	1729
406	818	893	1711
407	821	889	1710
408	829	886	1715
409	839	892	1731
410	828	892	1720
411	826	884	1710
412	838	869	1707
413	858	893	1751
414	815	879	1694
415	800	885	1685
416	803	866	1669
417	859	861	1720
418	846	872	1718
419	851	871	1722
420	834	877	1711
421	843	883	1726
422	837	872	1709
423	821	881	1702
424	831	877	1708
425	842	893	1735
426	836	874	1710
427	835	884	1719
428	834	889	1723
429	846	888	1734
430	865	889	1754
431	808	893	1701
432	834	887	1721
433	846	873	1719
434	849	875	1724
435	831	868	1699
436	856	907	1763
437	835	891	1726
438	824	870	1694
439	819	883	1702
440	838	897	1735
441	835	898	1733
442	839	864	1703
443	844	876	1720
444	839	894	1733
445	845	872	1717
446	824	868	1692
447	824	880	1704
448	815	884	1699
449	851	893	1744
450	822	868	1690
451	831	857	1688
452	836	890	1726
453	824	894	1718
454	835	889	1724
455	828	862	1690
456	842	877	1719
457	840	865	1705
458	830	861	1691
459	838	847	1685
460	854	880	1734
461	831	874	1705
462	847	884	1731
463	817	885	1702
464	825	891	1716
465	852	886	1738
466	828	906	1734
467	812	887	1699
468	839	873	1712
469	855	881	1736
470	822	879	1701
471	834	891	1725
472	850	890	1740
473	857	867	1724
474	810	887	1697
475	828	868	1696
476	824	879	1703
477	797	877	1674
478	845	875	1720
479	833	882	1715
480	843	851	1694
481	822	893	1715
482	843	865	1708
483	814	890	1704
484	860	878	1738
485	826	886	1712
486	816	895	1711
487	831	876	1707
488	826	883	1709
489	836	870	1706
490	844	882	1726
491	824	885	1709
492	847	863	1710
493	830	884	1714
494	835	884	1719
495	831	887	1718
496	844	886	1730
497	837	870	1707
498	839	881	1720
499	859	865	1724
500	799	887	1686
501	822	890	1712
502	845	884	1729
503	843	887	1730
504	815	873	1688
505	845	871	1716
506	823	889	1712
507	826	885	1711
508	840	870	1710
509	834	881	1715
510	804	887	1691
511	841	890	1731
512	831	879	1710
513	820	889	1709
514	826	877	1703
515	849	897	1746
516	831	876	1707
517	829	881	1710
518	838	878	1716
519	831	878	1709
520	842	880	1722
521	841	870	1711
522	824	872	1696
523	831	867	1698
524	856	859	1715
525	808	877	1685
526	848	890	1738
527	831	869	1700
528	828	870	1698
529	836	895	1731
530	843	872	1715
531	836	875	1711
532	841	871	1712
533	840	871	1711
534	830	889	1719
535	827	899	1726
536	836	891	1727
537	817	892	1709
538	841	864	1705
539	824	874	1698
540	822	887	1709
541	833	876	1709
542	846	880	1726
543	836	901	1737
544	849	863	1712
545	821	863	1684
546	861	879	1740
547	862	874	1736
548	841	889	1730
549	838	871	1709
550	842	880	1722
551	837	855	1692
552	838	879	1717
553	826	888	1714
554	829	869	1698
555	841	897	1738
556	834	885	1719
557	841	891	1732
558	850	873	1723
559	851	843	1694
560	857	901	1758
561	836	884	1720
562	818	895	1713
563	836	884	1720
564	846	867	1713
565	845	829	1674
566	843	875	1718
567	810	900	1710
568	838	879	1717
569	826	873	1699
570	821	873	1694
571	843	881	1724
572	846	883	1729
573	835	896	1731
574	851	883	1734
575	843	874	1717
576	831	873	1704
577	848	862	1710
578	833	888	1721
579	825	896	1721
580	817	901	1718
581	849	900	1749
582	827	894	1721
583	857	881	1738
584	853	867	1720
585	839	873	1712
586	819	879	1698
587	836	876	1712
588	833	875	1708
589	824	898	1722
590	832	871	1703
591	834	890	1724
592	842	858	1700
593	813	885	1698
594	832	875	1707
595	828	854	1682
596	852	860	1712
597	846	886	1732
598	830	873	1703
599	832	898	1730
600	844	895	1739
601	844	879	1723
602	854	863	1717
603	824	856	1680
604	838	874	1712
605	860	872	1732
606	838	884	1722
607	839	882	1721
608	834	859	1693
609	840	852	1692
610	825	865	1690
611	853	884	1737
612	834	879	1713
613	852	880	1732
614	801	883	1684
615	817	885	1702
616	847	889	1736
617	843	884	1727
618	857	890	1747
619	846	857	1703
620	826	893	1719
621	847	872	1719
622	862	884	1746
623	836	879	1715
624	808	876	1684
625	834	884	1718
626	844	877	1721
627	821	895	1716
628	808	864	1672
629	846	887	1733
630	831	902	1733
631	856	864	1720
632	832	904	1736
633	831	872	1703
634	826	882	1708
635	830	898	1728
636	813	861	1674
637	820	893	1713
638	846	892	1738
639	847	885	1732
640	863	882	1745
641	847	884	1731
642	819	882	1701
643	841	870	1711
644	824	867	1691
645	831	873	1704
646	842	851	1693
647	822	871	1693
648	830	868	1698
649	836	883	1719
650	849	882	1731
651	842	891	1733
652	827	869	1696
653	848	887	1735
654	828	856	1684
655	842	886	1728
656	848	877	1725
657	832	903	1735
658	822	871	1693
659	833	897	1730
660	832	859	1691
661	823	877	1700
662	821	863	1684
663	851	874	1725
664	835	891	1726
665	845	912	1757
666	840	881	1721
667	841	862	1703
668	825	872	1697
669	849	903	1752
670	841	893	1734
671	850	867	1717
672	836	874	1710
673	838	891	1729
674	822	850	1672
675	843	893	1736
676	846	860	1706
677	832	877	1709
678	827	892	1719
679	845	872	1717
680	836	910	1746
681	824	893	1717
682	825	877	1702
683	828	874	1702
684	836	875	1711
685	842	869	1711
686	834	882	1716
687	829	888	1717
688	824	884	1708
689	818	873	1691
690	860	873	1733
691	840	881	1721
692	849	866	1715
693	833	883	1716
694	847	880	1727
695	842	877	1719
696	839	871	1710
697	850	890	1740
698	826	902	1728
699	838	859	1697
700	836	883	1719
701	814	903	1717
702	839	890	1729
703	849	875	1724
704	856	892	1748
705	834	888	1722
706	832	866	1698
707	820	890	1710
708	851	872	1723
709	842	868	1710
710	856	883	1739
711	853	886	1739
712	850	911	1761
713	856	861	1717
714	854	878	1732
715	824	883	1707
716	852	869	1721
717	861	886	1747
718	847	856	1703
719	809	888	1697
720	823	863	1686
721	823	872	1695
722	842	867	1709
723	841	895	1736
724	831	897	1728
725	838	870	1708
726	831	887	1718
727	817	863	1680
728	801	879	1680
729	850	870	1720
730	832	903	1735
731	837	884	1721
732	827	885	1712
733	828	875	1703
734	841	879	1720
735	844	876	1720
736	836	885	1721
737	822	869	1691
738	847	888	1735
739	814	869	1683
740	857	873	1730
741	841	887	1728
742	839	880	1719
743	837	874	1711
744	863	888	1751
745	860	863	1723
746	843	882	1725
747	828	885	1713
748	843	886	1729
749	840	877	1717
750	826	876	1702
751	838	874	1712
752	838	885	1723
753	839	892	1731
754	846	893	1739
755	822	881	1703
756	851	867	1718
757	832	889	1721
758	845	879	1724
759	845	909	1754
760	850	861	1711
761	844	904	1748
762	837	857	1694
763	817	883	1700
764	834	904	1738
765	839	866	1705
766	828	891	1719
767	851	870	1721
768	839	893	1732
769	847	882	1729
770	844	883	1727
771	855	887	1742
772	849	866	1715
773	834	894	1728
774	841	885	1726
775	868	877	1745
776	829	864	1693
777	849	868	1717
778	832	876	1708
779	814	867	1681
780	834	900	1734
781	851	878	1729
782	817	872	1689
783	812	890	1702
784	834	883	1717
785	846	892	1738
786	835	879	1714
787	838	885	1723
788	854	875	1729
789	844	874	1718
790	847	898	1745
791	837	901	1738
792	841	875	1716
793	853	868	1721
794	844	888	1732
795	827	906	1733
796	839	892	1731
797	830	878	1708
798	820	874	1694
799	835	914	1749
800	818	891	1709
801	836	907	1743
802	828	895	1723
803	819	882	1701
804	830	892	1722
805	825	872	1697
806	835	873	1708
807	818	868	1686
808	839	888	1727
809	826	903	1729
810	842	876	1718
811	867	870	1737
812	835	890	1725
813	836	886	1722
814	824	887	1711
815	833	888	1721
816	819	882	1701
817	846	873	1719
818	848	893	1741
819	846	889	1735
820	831	914	1745
821	861	872	1733
822	828	883	1711
823	821	896	1717
824	805	890	1695
825	810	876	1686
826	808	884	1692
827	835	886	1721
828	832	868	1700
829	851	890	1741
830	834	873	1707
831	854	895	1749
832	839	883	1722
833	853	879	1732
834	844	896	1740
835	840	904	1744
836	827	891	1718
837	812	882	1694
838	834	887	1721
839	851	870	1721
840	848	877	1725
841	862	898	1760
842	840	896	1736
843	827	873	1700
844	843	860	1703
845	833	871	1704
846	827	874	1701
847	837	883	1720
848	827	882	1709
849	843	884	1727
850	849	889	1738
851	819	899	1718
852	858	888	1746
853	841	895	1736
854	847	888	1735
855	822	899	1721
856	843	864	1707
857	836	877	1713
858	829	896	1725
859	812	910	1722
860	833	882	1715
861	834	890	1724
862	820	882	1702
863	821	885	1706
864	847	862	1709
865	861	882	1743
866	819	905	1724
867	820	866	1686
868	824	904	1728
869	814	867	1681
870	825	872	1697
871	814	882	1696
872	823	892	1715
873	817	894	1711
874	824	892	1716
875	856	875	1731
876	810	885	1695
877	820	887	1707
878	838	871	1709
879	836	880	1716
880	845	866	1711
881	829	891	1720
882	833	900	1733
883	860	866	1726
884	847	902	1749
885	828	879	1707
886	823	895	1718
887	833	866	1699
888	805	874	1679
889	837	882	1719
890	838	894	1732
891	850	875	1725
892	826	864	1690
893	820	897	1717
894	841	880	1721
895	814	882	1696
896	817	891	1708
897	840	895	1735
898	851	860	1711
899	843	882	1725
900	846	872	1718
901	852	877	1729
902	840	860	1700
903	865	864	1729
904	835	881	1716
905	835	883	1718
906	842	894	1736
907	843	891	1734
908	830	883	1713
909	827	874	1701
910	849	878	1727
911	825	898	1723
912	834	885	1719
913	830	886	1716
914	846	892	1738
915	837	883	1720
916	843	889	1732
917	846	879	1725
918	823	893	1716
919	868	875	1743
920	845	873	1718
921	854	883	1737
922	841	887	1728
923	821	871	1692
924	848	886	1734
925	826	864	1690
926	834	876	1710
927	841	885	1726
928	853	866	1719
929	819	863	1682
930	819	852	1671
931	829	877	1706
932	821	892	1713
933	832	868	1700
934	832	890	1722
935	842	873	1715
936	832	899	1731
937	838	887	1725
938	851	898	1749
939	814	891	1705
940	851	877	1728
941	817	892	1709
942	821	885	1706
943	831	891	1722
944	853	865	1718
945	858	883	1741
946	837	864	1701
947	828	910	1738
948	819	879	1698
949	850	875	1725
950	814	899	1713
951	840	860	1700
952	838	895	1733
953	828	896	1724
954	820	870	1690
955	853	890	1743
956	823	852	1675
957	831	871	1702
958	816	889	1705
959	837	895	1732
960	847	902	1749
961	839	890	1729
962	796	892	1688
963	837	890	1727
964	843	866	1709
965	820	863	1683
966	806	882	1688
967	833	888	1721
968	846	875	1721
969	846	878	1724
970	837	873	1710
971	830	880	1710
972	828	871	1699
973	826	897	1723
974	834	878	1712
975	836	895	1731
976	834	865	1699
977	854	867	1721
978	820	894	1714
979	846	869	1715
980	835	902	1737
981	873	893	1766
982	878	859	1737
983	835	885	1720
984	846	881	1727
985	835	885	1720
986	854	851	1705
987	834	884	1718
988	825	879	1704
989	844	874	1718
990	839	875	1714
991	849	903	1752
992	835	888	1723
993	842	896	1738
994	839	875	1714
995	860	874	1734
996	854	860	1714
997	836	844	1680
998	827	877	1704
999	837	887	1724
1000	852	868	1720
1001	820	906	1726
1002	821	874	1695
1003	821	890	1711
1004	827	905	1732
1005	842	873	1715
1006	862	869	1731
1007	832	884	1716
1008	830	883	1713
1009	819	883	1702
1010	825	890	1715
1011	836	887	1723
1012	839	875	1714
1013	851	858	1709
1014	836	885	1721
1015	805	882	1687
1016	828	884	1712
1017	829	874	1703
1018	825	861	1686
1019	829	867	1696
1020	832	892	1724
1021	815	865	1680
1022	848	878	1726
1023	854	881	1735
1024	822	868	1690
1025	845	869	1714
1026	806	901	1707
1027	841	862	1703
1028	835	865	1700
1029	831	888	1719
1030	837	889	1726
1031	838	876	1714
1032	828	865	1693
1033	843	883	1726
1034	839	872	1711
1035	836	900	1736
1036	827	880	1707
1037	843	878	1721
1038	839	885	1724
1039	838	877	1715
1040	818	856	1674
1041	835	860	1695
1042	859	873	1732
1043	841	894	1735
1044	833	886	1719
1045	842	875	1717
1046	846	866	1712
1047	839	863	1702
1048	826	866	1692
1049	815	881	1696
1050	830	896	1726
1051	856	871	1727
1052	828	883	1711
1053	838	865	1703
1054	842	888	1730
1055	830	895	1725
1056	821	883	1704
1057	822	897	1719
1058	827	895	1722
1059	832	880	1712
1060	842	893	1735
1061	824	881	1705
1062	825	872	1697
1063	834	882	1716
1064	837	866	1703
1065	831	896	1727
1066	826	881	1707
1067	822	884	1706
1068	848	862	1710
1069	818	876	1694
1070	822	875	1697
1071	836	873	1709
1072	836	899	1735
1073	832	875	1707
1074	832	877	1709
1075	843	873	1716
1076	834	898	1732
1077	844	895	1739
1078	817	897	1714
1079	813	880	1693
1080	850	890	1740
1081	819	880	1699
1082	830	863	1693
1083	837	871	1708
1084	828	881	1709
1085	829	877	1706
1086	827	869	1696
1087	824	868	1692
1088	809	865	1674
1089	836	899	1735
1090	868	876	1744
1091	827	863	1690
1092	840	864	1704
1093	850	850	1700
1094	833	865	1698
1095	837	881	1718
1096	853	881	1734
1097	827	863	1690
1098	849	900	1749
1099	850	870	1720
1100	844	902	1746
1101	811	890	1701
1102	826	864	1690
1103	816	873	1689
1104	856	861	1717
1105	837	867	1704
1106	826	869	1695
1107	831	879	1710
1108	830	855	1685
1109	832	877	1709
1110	859	888	1747
1111	839	909	1748
1112	840	868	1708
1113	804	857	1661
1114	853	904	1757
1115	843	885	1728
1116	843	873	1716
1117	828	879	1707
1118	841	881	1722
1119	832	886	1718
1120	846	882	1728
1121	857	877	1734
1122	840	888	1728
1123	840	899	1739
1124	823	889	1712
1125	849	875	1724
1126	828	872	1700
1127	853	894	1747
1128	836	877	1713
1129	830	871	1701
1130	831	878	1709
1131	835	885	1720
1132	844	871	1715
1133	846	858	1704
1134	831	882	1713
1135	805	885	1690
1136	836	895	1731
1137	830	888	1718
1138	816	874	1690
1139	817	878	1695
1140	831	896	1727
1141	842	864	1706
1142	820	904	1724
1143	827	866	1693
1144	835	876	1711
1145	839	918	1757
1146	830	864	1694
1147	847	886	1733
1148	840	870	1710
1149	859	880	1739
1150	845	863	1708
1151	837	856	1693
1152	838	888	1726
1153	824	862	1686
1154	832	884	1716
1155	856	870	1726
1156	832	874	1706
1157	816	884	1700
1158	820	882	1702
1159	858	874	1732
1160	862	887	1749
1161	829	881	1710
1162	831	877	1708
1163	823	884	1707
1164	828	876	1704
1165	820	874	1694
1166	826	876	1702
1167	829	875	1704
1168	843	871	1714
1169	840	874	1714
1170	841	889	1730
1171	834	887	1721
1172	831	878	1709
1173	836	887	1723
1174	822	872	1694
1175	844	908	1752
1176	830	872	1702
1177	815	905	1720
1178	855	882	1737
1179	839	886	1725
1180	829	881	1710
1181	824	884	1708
1182	858	873	1731
1183	806	884	1690
1184	837	863	1700
1185	813	889	1702
1186	828	902	1730
1187	835	899	1734
1188	831	887	1718
1189	850	880	1730
1190	843	876	1719
1191	825	884	1709
1192	836	872	1708
1193	828	880	1708
1194	804	865	1669
1195	840	882	1722
1196	839	900	1739
1197	848	886	1734
1198	866	875	1741
1199	854	868	1722
1200	853	875	1728
1201	837	883	1720
1202	848	907	1755
1203	824	866	1690
1204	841	886	1727
1205	831	873	1704
1206	851	870	1721
1207	828	887	1715
1208	824	886	1710
1209	819	878	1697
1210	856	891	1747
1211	844	867	1711
1212	853	872	1725
1213	849	877	1726
1214	847	884	1731
1215	839	866	1705
1216	833	880	1713
1217	836	890	1726
1218	844	870	1714
1219	850	867	1717
1220	832	883	1715
1221	825	856	1681
1222	827	895	1722
1223	833	881	1714
1224	838	900	1738
1225	831	862	1693
1226	832	903	1735
1227	846	878	1724
1228	845	870	1715
1229	819	890	1709
1230	848	862	1710
1231	798	880	1678
1232	838	873	1711
1233	810	882	1692
1234	838	875	1713
1235	828	877	1705
1236	825	887	1712
1237	818	891	1709
1238	849	862	1711
1239	847	881	1728
1240	838	904	1742
1241	850	876	1726
1242	841	892	1733
1243	822	881	1703
1244	840	911	1751
1245	849	878	1727
1246	841	890	1731
1247	844	891	1735
1248	828	853	1681
1249	838	857	1695
1250	825	872	1697
1251	831	871	1702
1252	844	862	1706
1253	839	879	1718
1254	837	863	1700
1255	845	880	1725
1256	853	885	1738
1257	843	888	1731
1258	839	881	1720
1259	830	884	1714
1260	841	887	1728
1261	837	887	1724
1262	831	870	1701
1263	843	893	1736
1264	838	882	1720
1265	862	870	1732
1266	858	895	1753
1267	836	883	1719
1268	812	891	1703
1269	828	884	1712
1270	830	881	1711
1271	840	863	1703
1272	840	886	1726
1273	852	871	1723
1274	822	884	1706
1275	831	907	1738
1276	860	879	1739
1277	834	880	1714
1278	863	902	1765
1279	835	862	1697
1280	828	928	1756
1281	827	892	1719
1282	855	864	1719
1283	829	876	1705
1284	821	873	1694
1285	823	902	1725
1286	836	897	1733
1287	832	876	1708
1288	826	883	1709
1289	832	888	1720
1290	831	886	1717
1291	838	882	1720
1292	858	897	1755
1293	843	876	1719
1294	819	864	1683
1295	836	881	1717
1296	833	899	1732
1297	852	903	1755
1298	846	888	1734
1299	827	888	1715
1300	854	870	1724
1301	839	884	1723
1302	822	851	1673
1303	823	910	1733
1304	830	881	1711
1305	809	888	1697
1306	827	871	1698
1307	851	868	1719
1308	854	870	1724
1309	859	889	1748
1310	836	862	1698
1311	832	899	1731
1312	853	896	1749
1313	832	877	1709
1314	838	900	1738
1315	850	896	1746
1316	855	862	1717
1317	826	887	1713
1318	838	854	1692
1319	841	876	1717
1320	844	892	1736
1321	853	868	1721
1322	834	890	1724
1323	833	884	1717
1324	833	887	1720
1325	829	882	1711
1326	855	897	1752
1327	832	886	1718
1328	828	878	1706
1329	841	882	1723
1330	852	872	1724
1331	853	877	1730
1332	841	901	1742
1333	851	880	1731
1334	843	887	1730
1335	838	866	1704
1336	826	883	1709
1337	838	869	1707
1338	826	874	1700
1339	829	857	1686
1340	851	889	1740
1341	818	892	1710
1342	825	861	1686
1343	851	874	1725
1344	819	871	1690
1345	825	889	1714
1346	840	866	1706
1347	847	903	1750
1348	855	868	1723
1349	822	881	1703
1350	843	873	1716
1351	824	884	1708
1352	818	882	1700
1353	843	868	1711
1354	843	897	1740
1355	841	868	1709
1356	806	881	1687
1357	839	895	1734
1358	838	887	1725
1359	831	873	1704
1360	823	871	1694
1361	840	867	1707
1362	856	857	1713
1363	842	889	1731
1364	832	908	1740
1365	804	881	1685
1366	832	874	1706
1367	851	881	1732
1368	832	886	1718
1369	808	874	1682
1370	828	880	1708
1371	819	895	1714
1372	856	894	1750
1373	836	879	1715
1374	826	872	1698
1375	834	878	1712
1376	842	859	1701
1377	845	883	1728
1378	848	887	1735
1379	838	893	1731
1380	852	897	1749
1381	844	886	1730
1382	853	889	1742
1383	825	897	1722
1384	826	892	1718
1385	827	870	1697
1386	832	906	1738
1387	828	883	1711
1388	842	882	1724
1389	833	893	1726
1390	840	874	1714
1391	835	892	1727
1392	841	880	1721
1393	833	876	1709
1394	802	875	1677
1395	821	880	1701
1396	829	891	1720
1397	831	844	1675
1398	831	880	1711
1399	848	885	1733
1400	856	882	1738
1401	844	869	1713
1402	824	906	1730
1403	828	888	1716
1404	832	865	1697
1405	835	870	1705
1406	849	893	1742
1407	862	878	1740
1408	829	889	1718
1409	836	893	1729
1410	848	894	1742
1411	842	877	1719
1412	829	875	1704
1413	816	857	1673
1414	828	874	1702
1415	834	891	1725
1416	844	864	1708
1417	832	888	1720
1418	863	857	1720
1419	834	909	1743
1420	827	872	1699
1421	843	876	1719
1422	854	858	1712
1423	842	875	1717
1424	830	867	1697
1425	833	881	1714
1426	835	877	1712
1427	826	892	1718
1428	848	886	1734
1429	840	858	1698
1430	836	883	1719
1431	838	880	1718
1432	836	888	1724
1433	850	904	1754
1434	854	901	1755
1435	835	871	1706
1436	840	866	1706
1437	840	890	1730
1438	817	895	1712
1439	837	859	1696
1440	829	875	1704
1441	864	868	1732
1442	825	895	1720
1443	827	872	1699
1444	838	885	1723
1445	866	846	1712
1446	848	869	1717
1447	845	888	1733
1448	822	867	1689
1449	855	859	1714
1450	811	873	1684
1451	863	873	1736
1452	840	871	1711
1453	817	897	1714
1454	831	876	1707
1455	838	864	1702
1456	831	868	1699
1457	865	880	1745
1458	816	878	1694
1459	849	862	1711
1460	822	876	1698
1461	820	873	1693
1462	846	873	1719
1463	844	859	1703
1464	822	872	1694
1465	827	871	1698
1466	842	887	1729
1467	837	885	1722
1468	840	895	1735
1469	829	864	1693
1470	847	895	1742
1471	828	890	1718
1472	840	888	1728
1473	851	891	1742
1474	825	870	1695
1475	847	904	1751
1476	845	863	1708
1477	836	881	1717
1478	827	869	1696
1479	848	879	1727
1480	840	868	1708
1481	851	897	1748
1482	825	886	1711
1483	826	867	1693
1484	824	893	1717
1485	839	868	1707
1486	835	898	1733
1487	838	887	1725
1488	863	868	1731
1489	861	857	1718
1490	831	859	1690
1491	836	882	1718
1492	836	858	1694
1493	815	895	1710
1494	851	887	1738
1495	857	877	1734
1496	820	918	1738
1497	853	871	1724
1498	833	891	1724
1499	835	896	1731
1500	840	865	1705
1501	823	893	1716
1502	830	878	1708
1503	836	886	1722
1504	845	864	1709
1505	828	848	1676
1506	840	875	1715
1507	833	884	1717
1508	854	900	1754
1509	846	899	1745
1510	832	907	1739
1511	845	879	1724
1512	837	872	1709
1513	824	874	1698
1514	829	885	1714
1515	838	878	1716
1516	823	872	1695
1517	858	882	1740
1518	844	885	1729
1519	828	870	1698
1520	849	900	1749
1521	855	894	1749
1522	856	878	1734
1523	833	846	1679
1524	850	878	1728
1525	843	881	1724
1526	827	880	1707
1527	838	867	1705
1528	854	875	1729
1529	805	890	1695
1530	819	887	1706
1531	856	882	1738
1532	845	875	1720
1533	833	881	1714
1534	814	885	1699
1535	839	887	1726
1536	869	844	1713
1537	828	858	1686
1538	828	865	1693
1539	869	873	1742
1540	844	885	1729
1541	831	876	1707
1542	833	882	1715
1543	837	882	1719
1544	819	885	1704
1545	825	885	1710
1546	844	890	1734
1547	860	890	1750
1548	825	890	1715
1549	858	883	1741
1550	836	859	1695
1551	837	859	1696
1552	839	885	1724
1553	811	909	1720
1554	848	865	1713
1555	831	893	1724
1556	839	868	1707
1557	849	872	1721
1558	850	899	1749
1559	846	894	1740
1560	856	872	1728
1561	842	888	1730
1562	845	886	1731
1563	838	876	1714
1564	839	901	1740
1565	826	890	1716
1566	830	879	1709
1567	832	912	1744
1568	861	874	1735
1569	845	868	1713
1570	842	861	1703
1571	844	886	1730
1572	831	866	1697
1573	828	883	1711
1574	853	885	1738
1575	826	876	1702
1576	840	866	1706
1577	834	872	1706
1578	828	882	1710
1579	843	885	1728
1580	840	865	1705
1581	844	865	1709
1582	835	894	1729
1583	835	880	1715
1584	854	887	1741
1585	837	882	1719
1586	836	888	1724
1587	851	884	1735
1588	848	905	1753
1589	834	899	1733
1590	818	901	1719
1591	835	875	1710
1592	848	875	1723
1593	837	878	1715
1594	852	863	1715
1595	841	872	1713
1596	845	900	1745
1597	843	893	1736
1598	838	885	1723
1599	824	866	1690
1600	835	887	1722
1601	842	870	1712
1602	831	867	1698
1603	832	886	1718
1604	858	869	1727
1605	842	894	1736
1606	848	880	1728
1607	815	878	1693
1608	869	892	1761
1609	831	884	1715
1610	829	892	1721
1611	842	866	1708
1612	852	872	1724
1613	838	891	1729
1614	823	857	1680
1615	819	868	1687
1616	835	904	1739
1617	850	874	1724
1618	859	881	1740
1619	843	890	1733
1620	835	886	1721
1621	839	874	1713
1622	839	864	1703
1623	838	881	1719
1624	804	897	1701
1625	853	903	1756
1626	852	867	1719
1627	836	876	1712
1628	836	884	1720
1629	830	902	1732
1630	854	886	1740
1631	827	862	1689
1632	850	871	1721
1633	854	897	1751
1634	837	871	1708
1635	846	873	1719
1636	842	888	1730
1637	828	891	1719
1638	828	889	1717
1639	847	870	1717
1640	857	885	1742
1641	823	881	1704
1642	835	874	1709
1643	836	867	1703
1644	836	848	1684
1645	834	876	1710
1646	824	881	1705
1647	826	861	1687
1648	837	876	1713
1649	835	883	1718
1650	852	864	1716
1651	847	893	1740
1652	818	894	1712
1653	856	877	1733
1654	825	876	1701
1655	828	869	1697
1656	838	901	1739
1657	841	909	1750
1658	832	891	1723
1659	834	875	1709
1660	832	876	1708
1661	841	865	1706
1662	835	877	1712
1663	843	897	1740
1664	853	870	1723
1665	855	893	1748
1666	829	894	1723
1667	838	889	1727
1668	814	889	1703
1669	842	872	1714
1670	847	893	1740
1671	842	864	1706
1672	826	869	1695
1673	843	858	1701
1674	817	876	1693
1675	849	885	1734
1676	848	899	1747
1677	827	885	1712
1678	847	853	1700
1679	860	875	1735
1680	841	882	1723
1681	824	866	1690
1682	831	867	1698
1683	857	855	1712
1684	815	860	1675
1685	838	874	1712
1686	830	899	1729
1687	850	890	1740
1688	828	901	1729
1689	861	868	1729
1690	859	884	1743
1691	838	857	1695
1692	841	889	1730
1693	841	886	1727
1694	831	886	1717
1695	831	875	1706
1696	823	878	1701
1697	815	893	1708
1698	841	887	1728
1699	832	878	1710
1700	853	883	1736
1701	833	872	1705
1702	825	879	1704
1703	853	872	1725
1704	847	870	1717
1705	854	896	1750
1706	835	869	1704
1707	827	893	1720
1708	843	865	1708
1709	819	908	1727
1710	813	882	1695
1711	833	888	1721
1712	840	881	1721
1713	843	878	1721
1714	833	860	1693
1715	841	871	1712
1716	842	880	1722
1717	836	859	1695
1718	850	882	1732
1719	836	886	1722
1720	844	871	1715
1721	827	894	1721
1722	857	880	1737
1723	838	871	1709
1724	847	904	1751
1725	818	907	1725
1726	831	885	1716
1727	827	884	1711
1728	842	895	1737
1729	836	880	1716
1730	833	847	1680
1731	831	862	1693
1732	836	883	1719
1733	839	893	1732
1734	842	886	1728
1735	816	868	1684
1736	858	885	1743
1737	821	881	1702
1738	817	872	1689
1739	842	883	1725
1740	837	899	1736
1741	845	881	1726
1742	822	885	1707
1743	820	873	1693
1744	858	871	1729
1745	838	878	1716
1746	842	862	1704
1747	857	856	1713
1748	811	871	1682
1749	853	858	1711
1750	850	886	1736
1751	840	886	1726
1752	846	903	1749
1753	838	872	1710
1754	830	873	1703
1755	823	878	1701
1756	853	889	1742
1757	822	885	1707
1758	846	887	1733
1759	836	896	1732
1760	831	893	1724
1761	848	891	1739
1762	844	860	1704
1763	851	888	1739
1764	834	898	1732
1765	857	895	1752
1766	834	870	1704
1767	830	857	1687
1768	830	874	1704
1769	823	896	1719
1770	826	889	1715
1771	839	870	1709
1772	837	869	1706
1773	836	864	1700
1774	847	880	1727
1775	812	898	1710
1776	833	883	1716
1777	841	889	1730
1778	855	891	1746
1779	809	900	1709
1780	833	893	1726
1781	851	881	1732
1782	836	888	1724
1783	839	862	1701
1784	834	904	1738
1785	838	873	1711
1786	825	880	1705
1787	829	881	1710
1788	823	856	1679
1789	839	882	1721
1790	831	894	1725
1791	828	893	1721
1792	822	865	1687
1793	851	877	1728
1794	830	864	1694
1795	837	870	1707
1796	824	882	1706
1797	833	887	1720
1798	826	885	1711
1799	848	877	1725
1800	851	871	1722
1801	839	877	1716
1802	823	876	1699
1803	848	859	1707
1804	817	905	1722
1805	840	886	1726
1806	839	874	1713
1807	835	888	1723
1808	826	874	1700
1809	843	875	1718
1810	851	875	1726
1811	845	901	1746
1812	845	891	1736
1813	846	886	1732
1814	841	880	1721
1815	826	895	1721
1816	824	895	1719
1817	828	872	1700
1818	830	891	1721
1819	818	873	1691
1820	818	879	1697
1821	843	860	1703
1822	838	904	1742
1823	847	881	1728
1824	849	880	1729
1825	847	887	1734
1826	843	911	1754
1827	817	903	1720
1828	855	876	1731
1829	831	880	1711
1830	839	896	1735
1831	827	878	1705
1832	855	873	1728
1833	825	892	1717
1834	839	892	1731
1835	833	883	1716
1836	839	863	1702
1837	825	890	1715
1838	831	867	1698
1839	809	880	1689
1840	844	875	1719
1841	829	864	1693
1842	830	890	1720
1843	832	890	1722
1844	815	874	1689
1845	822	885	1707
1846	848	885	1733
1847	832	879	1711
1848	826	884	1710
1849	841	875	1716
1850	821	896	1717
1851	826	875	1701
1852	850	898	1748
1853	841	875	1716
1854	854	884	1738
1855	820	869	1689
1856	830	869	1699
1857	822	886	1708
1858	836	887	1723
1859	827	876	1703
1860	837	873	1710
1861	841	871	1712
1862	828	876	1704
1863	836	895	1731
1864	850	864	1714
1865	846	886	1732
1866	825	891	1716
1867	813	905	1718
1868	818	867	1685
1869	843	920	1763
1870	840	877	1717
1871	831	894	1725
1872	830	878	1708
1873	825	888	1713
1874	846	863	1709
1875	819	897	1716
1876	853	907	1760
1877	856	884	1740
1878	825	893	1718
1879	846	896	1742
1880	826	849	1675
1881	819	895	1714
1882	849	889	1738
1883	842	866	1708
1884	834	864	1698
1885	831	862	1693
1886	821	891	1712
1887	833	887	1720
1888	838	874	1712
1889	821	872	1693
1890	841	890	1731
1891	841	877	1718
1892	840	898	1738
1893	834	898	1732
1894	816	898	1714
1895	819	883	1702
1896	856	900	1756
1897	824	879	1703
1898	844	897	1741
1899	841	887	1728
1900	849	864	1713
1901	837	872	1709
1902	833	852	1685
1903	820	870	1690
1904	805	870	1675
1905	834	884	1718
1906	843	869	1712
1907	825	882	1707
1908	856	875	1731
1909	839	874	1713
1910	822	882	1704
1911	830	894	1724
1912	860	886	1746
1913	840	881	1721
1914	835	910	1745
1915	825	890	1715
1916	837	871	1708
1917	837	882	1719
1918	831	879	1710
1919	827	897	1724
1920	833	896	1729
1921	832	864	1696
1922	838	877	1715
1923	844	883	1727
1924	812	883	1695
1925	813	886	1699
1926	846	863	1709
1927	835	898	1733
1928	830	881	1711
1929	825	891	1716
1930	848	898	1746
1931	824	893	1717
1932	810	892	1702
1933	844	887	1731
1934	834	874	1708
1935	834	877	1711
1936	848	892	1740
1937	828	888	1716
1938	837	890	1727
1939	850	890	1740
1940	828	878	1706
1941	820	895	1715
1942	859	887	1746
1943	853	888	1741
1944	842	891	1733
1945	812	888	1700
1946	843	883	1726
1947	851	882	1733
1948	836	878	1714
1949	845	888	1733
1950	847	872	1719
1951	826	869	1695
1952	830	868	1698
1953	825	871	1696
1954	836	864	1700
1955	828	854	1682
1956	829	843	1672
1957	837	859	1696
1958	819	898	1717
1959	831	906	1737
1960	830	906	1736
1961	828	889	1717
1962	828	852	1680
1963	827	879	1706
1964	836	863	1699
1965	824	884	1708
1966	855	882	1737
1967	844	887	1731
1968	836	890	1726
1969	841	875	1716
1970	866	877	1743
1971	863	866	1729
1972	835	900	1735
1973	819	883	1702
1974	833	878	1711
1975	836	889	1725
1976	847	893	1740
1977	820	886	1706
1978	851	865	1716
1979	838	861	1699
1980	830	883	1713
1981	815	884	1699
1982	824	891	1715
1983	827	904	1731
1984	841	872	1713
1985	815	879	1694
1986	832	875	1707
1987	837	897	1734
1988	835	888	1723
1989	850	884	1734
1990	813	884	1697
1991	829	881	1710
1992	821	890	1711
1993	813	873	1686
1994	830	849	1679
1995	833	881	1714
1996	845	894	1739
1997	853	885	1738
1998	843	871	1714
1999	833	888	1721
2000	836	898	1734
2001	859	881	1740
2002	835	871	1706
2003	832	891	1723
2004	851	864	1715
2005	862	872	1734
2006	829	892	1721
2007	807	885	1692
2008	815	891	1706
2009	833	903	1736
2010	833	875	1708
2011	826	874	1700
2012	832	879	1711
2013	860	854	1714
2014	829	876	1705
2015	859	879	1738
2016	816	874	1690
2017	833	886	1719
2018	820	894	1714
2019	856	889	1745
2020	846	912	1758
2021	863	881	1744
2022	846	887	1733
2023	850	888	1738
2024	853	869	1722
2025	851	890	1741
2026	840	913	1753
2027	818	893	1711
2028	825	891	1716
2029	833	882	1715
2030	828	878	1706
2031	844	884	1728
2032	840	876	1716
2033	837	892	1729
2034	833	899	1732
2035	810	888	1698
2036	832	897	1729
2037	839	881	1720
2038	847	878	1725
2039	843	858	1701
2040	839	881	1720
2041	811	887	1698
2042	838	865	1703
2043	822	886	1708
2044	831	881	1712
2045	832	888	1720
2046	827	900	1727
2047	835	888	1723
2048	809	883	1692
2049	848	897	1745
2050	829	851	1680
2051	830	873	1703
2052	841	882	1723
2053	854	895	1749
2054	856	861	1717
2055	837	893	1730
2056	829	862	1691
2057	857	865	1722
2058	837	865	1702
2059	817	871	1688
2060	813	876	1689
2061	865	878	1743
2062	818	915	1733
2063	823	843	1666
2064	842	874	1716
2065	855	864	1719
2066	823	892	1715
2067	853	876	1729
2068	836	874	1710
2069	831	883	1714
2070	839	874	1713
2071	837	885	1722
2072	869	892	1761
2073	844	864	1708
2074	833	882	1715
2075	830	881	1711
2076	848	867	1715
2077	859	879	1738
2078	841	872	1713
2079	840	870	1710
2080	857	874	1731
2081	830	895	1725
2082	839	870	1709
2083	830	868	1698
2084	834	857	1691
2085	835	855	1690
2086	828	897	1725
2087	818	889	1707
2088	818	885	1703
2089	827	883	1710
2090	834	855	1689
2091	816	892	1708
2092	838	909	1747
2093	834	859	1693
2094	834	904	1738
2095	840	887	1727
2096	844	890	1734
2097	833	874	1707
2098	827	880	1707
2099	823	891	1714
2100	819	884	1703
2101	828	872	1700
2102	848	868	1716
2103	828	881	1709
2104	834	876	1710
2105	846	876	1722
2106	852	887	1739
2107	849	877	1726
2108	836	876	1712
2109	834	871	1705
2110	863	860	1723
2111	833	894	1727
2112	816	889	1705
2113	833	858	1691
2114	844	883	1727
2115	848	888	1736
2116	844	892	1736
2117	849	873	1722
2118	842	874	1716
2119	839	859	1698
2120	843	871	1714
2121	819	875	1694
2122	826	906	1732
2123	840	893	1733
2124	824	868	1692
2125	836	875	1711
2126	845	872	1717
2127	837	883	1720
2128	823	881	1704
2129	822	877	1699
2130	817	903	1720
2131	852	874	1726
2132	841	889	1730
2133	850	887	1737
2134	846	885	1731
2135	828	870	1698
2136	828	892	1720
2137	854	862	1716
2138	846	891	1737
2139	819	886	1705
2140	808	891	1699
2141	817	879	1696
2142	839	880	1719
2143	827	907	1734
2144	833	897	1730
2145	797	893	1690
2146	826	855	1681
2147	848	886	1734
2148	833	882	1715
2149	856	869	1725
2150	849	893	1742
2151	844	869	1713
2152	828	895	1723
2153	835	895	1730
2154	838	877	1715
2155	843	878	1721
2156	827	871	1698
2157	824	868	1692
2158	862	889	1751
2159	827	886	1713
2160	865	907	1772
2161	856	865	1721
2162	839	871	1710
2163	818	908	1726
2164	836	870	1706
2165	834	902	1736
2166	845	859	1704
2167	832	868	1700
2168	861	872	1733
2169	841	861	1702
2170	849	890	1739
2171	819	871	1690
2172	828	883	1711
2173	834	886	1720
2174	844	876	1720
2175	848	891	1739
2176	846	890	1736
2177	825	876	1701
2178	840	872	1712
2179	827	868	1695
2180	843	877	1720
2181	819	891	1710
2182	823	892	1715
2183	817	880	1697
2184	835	885	1720
2185	850	897	1747
2186	841	890	1731
2187	847	857	1704
2188	826	891	1717
2189	819	886	1705
2190	844	882	1726
2191	837	903	1740
2192	846	875	1721
2193	862	881	1743
2194	835	883	1718
2195	846	867	1713
2196	834	867	1701
2197	851	879	1730
2198	810	897	1707
2199	845	854	1699
2200	819	883	1702
2201	823	889	1712
2202	827	872	1699
2203	845	880	1725
2204	833	872	1705
2205	844	882	1726
2206	838	892	1730
2207	835	887	1722
2208	848	873	1721
2209	812	903	1715
2210	845	853	1698
2211	833	893	1726
2212	844	893	1737
2213	812	867	1679
2214	829	885	1714
2215	834	880	1714
2216	830	875	1705
2217	835	885	1720
2218	829	870	1699
2219	818	870	1688
2220	835	876	1711
2221	843	865	1708
2222	845	884	1729
2223	829	890	1719
2224	852	883	1735
2225	825	889	1714
2226	834	883	1717
2227	831	873	1704
2228	845	890	1735
2229	848	896	1744
2230	841	865	1706
2231	840	892	1732
2232	843	889	1732
2233	833	880	1713
2234	832	878	1710
2235	831	872	1703
2236	818	905	1723
2237	818	890	1708
2238	842	858	1700
2239	827	874	1701
2240	838	898	1736
2241	837	881	1718
2242	827	897	1724
2243	849	895	1744
2244	852	883	1735
2245	834	885	1719
2246	824	863	1687
2247	835	893	1728
2248	850	864	1714
2249	827	874	1701
2250	845	885	1730
2251	838	877	1715
2252	836	861	1697
2253	829	878	1707
2254	836	891	1727
2255	858	878	1736
2256	845	864	1709
2257	830	854	1684
2258	822	875	1697
2259	864	863	1727
2260	839	872	1711
2261	841	893	1734
2262	842	880	1722
2263	824	894	1718
2264	812	901	1713
2265	826	886	1712
2266	842	891	1733
2267	811	900	1711
2268	845	879	1724
2269	843	879	1722
2270	828	875	1703
2271	828	886	1714
2272	844	874	1718
2273	856	893	1749
2274	850	882	1732
2275	852	870	1722
2276	826	878	1704
2277	844	877	1721
2278	825	882	1707
2279	841	888	1729
2280	841	866	1707
2281	865	886	1751
2282	841	878	1719
2283	825	891	1716
2284	824	903	1727
2285	809	885	1694
2286	825	885	1710
2287	812	879	1691
2288	832	875	1707
2289	833	888	1721
2290	823	881	1704
2291	847	886	1733
2292	820	900	1720
2293	834	869	1703
2294	831	880	1711
2295	850	876	1726
2296	829	887	1716
2297	835	876	1711
2298	840	880	1720
2299	827	898	1725
2300	831	888	1719
2301	824	874	1698
2302	844	869	1713
2303	841	894	1735
2304	823	903	1726
2305	824	883	1707
2306	821	904	1725
2307	835	890	1725
2308	871	881	1752
2309	848	858	1706
2310	836	872	1708
2311	855	878	1733
2312	826	875	1701
2313	812	874	1686
2314	836	886	1722
2315	842	867	1709
2316	856	894	1750
2317	851	873	1724
2318	852	887	1739
2319	825	878	1703
2320	830	891	1721
2321	831	892	1723
2322	836	866	1702
2323	824	859	1683
2324	840	864	1704
2325	830	883	1713
2326	843	877	1720
2327	843	879	1722
2328	843	889	1732
2329	823	879	1702
2330	849	886	1735
2331	830	865	1695
2332	841	890	1731
2333	834	850	1684
2334	832	875	1707
2335	828	870	1698
2336	840	877	1717
2337	843	905	1748
2338	855	874	1729
2339	846	857	1703
2340	840	878	1718
2341	830	875	1705
2342	847	883	1730
2343	821	893	1714
2344	832	906	1738
2345	844	869	1713
2346	858	876	1734
2347	861	893	1754
2348	826	894	1720
2349	829	896	1725
2350	836	871	1707
2351	843	874	1717
2352	835	881	1716
2353	839	872	1711
2354	834	878	1712
2355	832	888	1720
2356	830	903	1733
2357	852	910	1762
2358	811	855	1666
2359	832	895	1727
2360	829	856	1685
2361	854	857	1711
2362	848	882	1730
2363	843	871	1714
2364	830	884	1714
2365	825	887	1712
2366	836	877	1713
2367	837	877	1714
2368	828	914	1742
2369	828	884	1712
2370	847	884	1731
2371	809	881	1690
2372	842	880	1722
2373	859	858	1717
2374	833	860	1693
2375	828	875	1703
2376	813	888	1701
2377	849	879	1728
2378	842	880	1722
2379	846	887	1733
2380	836	870	1706
2381	839	882	1721
2382	812	876	1688
2383	831	870	1701
2384	829	869	1698
2385	816	863	1679
2386	853	862	1715
2387	837	882	1719
2388	839	879	1718
2389	817	887	1704
2390	828	858	1686
2391	818	868	1686
2392	844	855	1699
2393	823	887	1710
2394	834	890	1724
2395	845	867	1712
2396	840	883	1723
2397	841	896	1737
2398	828	893	1721
2399	822	899	1721
2400	828	888	1716
2401	834	877	1711
2402	811	901	1712
2403	851	897	1748
2404	835	894	1729
2405	817	883	1700
2406	813	889	1702
2407	845	892	1737
2408	847	869	1716
2409	849	876	1725
2410	825	866	1691
2411	846	881	1727
2412	836	862	1698
2413	830	896	1726
2414	851	888	1739
2415	834	878	1712
2416	817	872	1689
2417	821	900	1721
2418	865	884	1749
2419	845	879	1724
2420	825	902	1727
2421	822	882	1704
2422	838	858	1696
2423	831	888	1719
2424	840	858	1698
2425	836	892	1728
2426	824	891	1715
2427	848	868	1716
2428	829	904	1733
2429	830	866	1696
2430	844	860	1704
2431	823	892	1715
2432	837	858	1695
2433	827	886	1713
2434	803	880	1683
2435	840	878	1718
2436	821	878	1699
2437	851	888	1739
2438	860	876	1736
2439	842	859	1701
2440	855	871	1726
2441	862	867	1729
2442	817	899	1716
2443	834	868	1702
2444	839	882	1721
2445	814	853	1667
2446	833	863	1696
2447	840	875	1715
2448	810	861	1671
2449	810	881	1691
2450	848	889	1737
2451	856	881	1737
2452	804	886	1690
2453	838	860	1698
2454	843	871	1714
2455	825	880	1705
2456	843	893	1736
2457	836	890	1726
2458	830	876	1706
2459	832	896	1728
2460	826	897	1723
2461	822	872	1694
2462	794	890	1684
2463	837	880	1717
2464	844	899	1743
2465	847	905	1752
2466	827	898	1725
2467	820	888	1708
2468	832	890	1722
2469	831	891	1722
2470	810	869	1679
2471	831	867	1698
2472	833	888	1721
2473	822	875	1697
2474	847	894	1741
2475	884	865	1749
2476	853	897	1750
2477	809	880	1689
2478	851	898	1749
2479	815	872	1687
2480	852	885	1737
2481	826	858	1684
2482	840	867	1707
2483	819	876	1695
2484	822	884	1706
2485	832	889	1721
2486	818	906	1724
2487	845	875	1720
2488	842	905	1747
2489	850	870	1720
2490	826	872	1698
2491	801	886	1687
2492	815	902	1717
2493	841	903	1744
2494	824	877	1701
2495	876	873	1749
2496	839	871	1710
2497	852	888	1740
2498	841	879	1720
2499	823	888	1711
2500	829	885	1714
2501	812	883	1695
2502	826	866	1692
2503	849	884	1733
2504	822	908	1730
2505	865	862	1727
2506	845	869	1714
2507	809	879	1688
2508	838	890	1728
2509	835	864	1699
2510	847	893	1740
2511	834	877	1711
2512	839	888	1727
2513	835	882	1717
2514	834	866	1700
2515	812	870	1682
2516	844	876	1720
2517	827	886	1713
2518	830	902	1732
2519	814	872	1686
2520	839	881	1720
2521	854	895	1749
2522	856	879	1735
2523	835	868	1703
2524	837	886	1723
2525	841	893	1734
2526	835	887	1722
2527	839	887	1726
2528	821	906	1727
2529	834	874	1708
2530	839	888	1727
2531	830	887	1717
2532	833	896	1729
2533	855	875	1730
2534	849	894	1743
2535	850	896	1746
2536	832	882	1714
2537	826	887	1713
2538	857	893	1750
2539	829	895	1724
2540	839	895	1734
2541	848	868	1716
2542	829	871	1700
2543	862	856	1718
2544	828	874	1702
2545	860	896	1756
2546	821	876	1697
2547	827	861	1688
2548	844	876	1720
2549	835	876	1711
2550	848	889	1737
2551	841	871	1712
2552	828	861	1689
2553	833	887	1720
2554	840	888	1728
2555	835	878	1713
2556	840	870	1710
2557	829	888	1717
2558	822	874	1696
2559	841	867	1708
2560	836	892	1728
2561	836	888	1724
2562	834	878	1712
2563	849	888	1737
2564	838	887	1725
2565	857	882	1739
2566	849	852	1701
2567	831	886	1717
2568	863	868	1731
2569	862	879	1741
2570	817	890	1707
2571	854	878	1732
2572	826	883	1709
2573	830	861	1691
2574	831	875	1706
2575	832	867	1699
2576	824	918	1742
2577	852	868	1720
2578	816	881	1697
2579	846	871	1717
2580	832	869	1701
2581	840	866	1706
2582	834	873	1707
2583	817	874	1691
2584	831	873	1704
2585	845	864	1709
2586	839	885	1724
2587	822	879	1701
2588	819	889	1708
2589	832	880	1712
2590	849	866	1715
2591	840	876	1716
2592	834	893	1727
2593	828	883	1711
2594	845	890	1735
2595	835	875	1710
2596	820	897	1717
2597	814	863	1677
2598	853	891	1744
2599	843	883	1726
2600	833	899	1732
2601	825	882	1707
2602	837	882	1719
2603	865	883	1748
2604	850	866	1716
2605	840	850	1690
2606	841	864	1705
2607	842	896	1738
2608	850	895	1745
2609	840	900	1740
2610	822	873	1695
2611	832	883	1715
2612	811	879	1690
2613	823	868	1691
2614	856	874	1730
2615	823	884	1707
2616	861	867	1728
2617	838	901	1739
2618	864	879	1743
2619	845	879	1724
2620	858	864	1722
2621	818	864	1682
2622	852	908	1760
2623	850	876	1726
2624	820	897	1717
2625	840	886	1726
2626	840	862	1702
2627	850	878	1728
2628	835	871	1706
2629	826	886	1712
2630	824	899	1723
2631	835	895	1730
2632	849	881	1730
2633	827	912	1739
2634	841	882	1723
2635	834	869	1703
2636	833	897	1730
2637	818	885	1703
2638	840	865	1705
2639	836	881	1717
2640	823	859	1682
2641	853	872	1725
2642	822	891	1713
2643	844	884	1728
2644	830	882	1712
2645	835	867	1702
2646	803	887	1690
2647	820	879	1699
2648	848	878	1726
2649	828	885	1713
2650	816	884	1700
2651	843	874	1717
2652	852	877	1729
2653	829	880	1709
2654	811	886	1697
2655	840	873	1713
2656	849	859	1708
2657	839	873	1712
2658	823	876	1699
2659	818	875	1693
2660	818	913	1731
2661	821	880	1701
2662	848	872	1720
2663	829	896	1725
2664	844	882	1726
2665	836	881	1717
2666	847	867	1714
2667	853	877	1730
2668	838	877	1715
2669	847	857	1704
2670	867	878	1745
2671	824	875	1699
2672	812	852	1664
2673	841	872	1713
2674	840	889	1729
2675	838	884	1722
2676	830	884	1714
2677	802	892	1694
2678	838	883	1721
2679	802	893	1695
2680	823	887	1710
2681	834	878	1712
2682	832	890	1722
2683	859	890	1749
2684	833	879	1712
2685	834	862	1696
2686	826	869	1695
2687	842	872	1714
2688	828	875	1703
2689	852	853	1705
2690	834	879	1713
2691	829	871	1700
2692	827	877	1704
2693	820	893	1713
2694	839	873	1712
2695	831	881	1712
2696	818	884	1702
2697	857	883	1740
2698	856	881	1737
2699	832	880	1712
2700	838	870	1708
2701	838	846	1684
2702	818	873	1691
2703	843	897	1740
2704	849	862	1711
2705	822	896	1718
2706	834	882	1716
2707	843	886	1729
2708	834	873	1707
2709	833	861	1694
2710	829	884	1713
2711	848	867	1715
2712	839	865	1704
2713	811	889	1700
2714	837	872	1709
2715	846	884	1730
2716	835	895	1730
2717	820	871	1691
2718	820	885	1705
2719	818	873	1691
2720	847	887	1734
2721	811	889	1700
2722	857	885	1742
2723	842	878	1720
2724	830	875	1705
2725	835	878	1713
2726	839	867	1706
2727	872	888	1760
2728	819	887	1706
2729	820	886	1706
2730	848	879	1727
2731	833	873	1706
2732	828	885	1713
2733	811	878	1689
2734	851	881	1732
2735	814	886	1700
2736	834	883	1717
2737	857	882	1739
2738	840	851	1691
2739	834	899	1733
2740	836	874	1710
2741	843	864	1707
2742	827	881	1708
2743	842	862	1704
2744	840	892	1732
2745	838	880	1718
2746	840	893	1733
2747	845	847	1692
2748	836	909	1745
2749	833	871	1704
2750	834	886	1720
2751	829	851	1680
2752	833	873	1706
2753	837	906	1743
2754	850	895	1745
2755	839	886	1725
2756	849	872	1721
2757	824	904	1728
2758	839	895	1734
2759	848	865	1713
2760	854	896	1750
2761	800	880	1680
2762	846	868	1714
2763	821	895	1716
2764	828	870	1698
2765	837	884	1721
2766	853	878	1731
2767	841	874	1715
2768	840	869	1709
2769	834	878	1712
2770	849	893	1742
2771	841	886	1727
2772	825	880	1705
2773	817	875	1692
2774	841	863	1704
2775	845	869	1714
2776	839	894	1733
2777	837	891	1728
2778	833	879	1712
2779	829	881	1710
2780	837	873	1710
2781	831	890	1721
2782	847	896	1743
2783	836	882	1718
2784	818	879	1697
2785	852	879	1731
2786	836	901	1737
2787	841	896	1737
2788	822	878	1700
2789	831	892	1723
2790	840	872	1712
2791	855	871	1726
2792	834	897	1731
2793	847	878	1725
2794	827	876	1703
2795	840	886	1726
2796	857	888	1745
2797	824	866	1690
2798	841	881	1722
2799	842	891	1733
2800	825	892	1717
2801	818	887	1705
2802	837	857	1694
2803	844	871	1715
2804	833	879	1712
2805	843	890	1733
2806	851	893	1744
2807	807	872	1679
2808	840	882	1722
2809	846	858	1704
2810	834	891	1725
2811	824	869	1693
2812	823	863	1686
2813	822	887	1709
2814	839	886	1725
2815	850	879	1729
2816	838	865	1703
2817	840	890	1730
2818	841	900	1741
2819	836	882	1718
2820	836	865	1701
2821	862	874	1736
2822	825	886	1711
2823	855	868	1723
2824	822	881	1703
2825	842	868	1710
2826	829	897	1726
2827	845	880	1725
2828	862	877	1739
2829	842	895	1737
2830	835	887	1722
2831	828	871	1699
2832	839	882	1721
2833	822	888	1710
2834	839	883	1722
2835	851	889	1740
2836	828	867	1695
2837	843	885	1728
2838	850	874	1724
2839	827	891	1718
2840	835	901	1736
2841	827	880	1707
2842	809	877	1686
2843	798	881	1679
2844	841	862	1703
2845	820	881	1701
2846	839	875	1714
2847	840	872	1712
2848	823	897	1720
2849	832	882	1714
2850	836	859	1695
2851	847	879	1726
2852	816	867	1683
2853	842	866	1708
2854	854	867	1721
2855	837	860	1697
2856	878	887	1765
2857	800	870	1670
2858	869	889	1758
2859	841	877	1718
2860	833	867	1700
2861	849	860	1709
2862	863	898	1761
2863	814	880	1694
2864	831	874	1705
2865	845	870	1715
2866	835	856	1691
2867	834	862	1696
2868	815	886	1701
2869	759	892	1651
2870	771	869	1640
2871	790	859	1649
2872	751	888	1639
2873	740	879	1619
2874	743	888	1631
2875	746	869	1615
2876	720	881	1601
2877	714	904	1618
2878	774	914	1688
2879	831	881	1712
2880	796	883	1679
2881	764	884	1648
2882	754	894	1648
2883	687	882	1569
2884	664	904	1568
2885	668	860	1528
2886	674	878	1552
2887	698	863	1561
2888	692	896	1588
2889	725	860	1585
2890	721	901	1622
2891	737	884	1621
2892	744	914	1658
2893	759	876	1635
2894	773	874	1647
2895	789	880	1669
2896	796	884	1680
2897	773	891	1664
2898	709	893	1602
2899	735	888	1623
2900	736	892	1628
2901	755	889	1644
2902	755	888	1643
2903	743	869	1612
2904	763	897	1660
2905	786	856	1642
2906	801	877	1678
2907	857	875	1732
2908	857	880	1737
2909	855	891	1746
2910	848	879	1727
2911	844	846	1690
2912	831	878	1709
2913	828	876	1704
2914	826	862	1688
2915	838	894	1732
2916	852	892	1744
2917	825	858	1683
2918	817	868	1685
2919	823	873	1696
2920	867	857	1724
2921	827	876	1703
2922	826	913	1739
2923	828	873	1701
2924	823	871	1694
2925	825	895	1720
2926	842	887	1729
2927	847	889	1736
2928	827	861	1688
2929	831	867	1698
2930	809	867	1676
2931	833	886	1719
2932	852	868	1720
2933	809	892	1701
2934	850	884	1734
2935	843	895	1738
2936	838	869	1707
2937	808	882	1690
2938	834	873	1707
2939	846	875	1721
2940	831	873	1704
2941	825	869	1694
2942	848	878	1726
2943	850	871	1721
2944	822	875	1697
2945	853	878	1731
2946	812	891	1703
2947	843	875	1718
2948	830	878	1708
2949	838	881	1719
2950	824	873	1697
2951	826	885	1711
2952	841	889	1730
2953	829	880	1709
2954	840	880	1720
2955	828	868	1696
2956	848	873	1721
2957	850	873	1723
2958	847	878	1725
2959	829	888	1717
2960	836	885	1721
2961	835	880	1715
2962	847	878	1725
2963	823	869	1692
2964	840	868	1708
2965	847	882	1729
2966	851	876	1727
2967	846	867	1713
2968	844	889	1733
2969	831	885	1716
2970	835	874	1709
2971	831	858	1689
2972	851	892	1743
2973	819	894	1713
2974	822	884	1706
2975	813	880	1693
2976	831	867	1698
2977	831	881	1712
2978	818	884	1702
2979	830	867	1697
2980	828	860	1688
2981	832	877	1709
2982	848	884	1732
2983	838	897	1735
2984	841	889	1730
2985	811	902	1713
2986	875	890	1765
2987	838	878	1716
2988	837	883	1720
2989	814	901	1715
2990	838	873	1711
2991	844	867	1711
2992	835	885	1720
2993	845	865	1710
2994	836	866	1702
2995	863	874	1737
2996	831	855	1686
2997	848	861	1709
2998	841	861	1702
2999	825	874	1699
3000	845	884	1729
3001	857	903	1760
3002	824	875	1699
3003	844	856	1700
3004	839	868	1707
3005	857	893	1750
3006	849	890	1739
3007	848	890	1738
3008	836	877	1713
3009	843	873	1716
3010	839	879	1718
3011	835	893	1728
3012	840	888	1728
3013	851	870	1721
3014	816	891	1707
3015	812	891	1703
3016	828	881	1709
3017	850	892	1742
3018	827	881	1708
3019	844	895	1739
3020	854	875	1729
3021	870	842	1712
3022	835	866	1701
3023	838	876	1714
3024	828	872	1700
3025	824	884	1708
3026	847	859	1706
3027	829	903	1732
3028	827	859	1686
3029	850	877	1727
3030	823	881	1704
3031	873	879	1752
3032	830	887	1717
3033	840	860	1700
3034	844	882	1726
3035	833	877	1710
3036	850	883	1733
3037	841	883	1724
3038	818	870	1688
3039	845	888	1733
3040	817	878	1695
3041	848	888	1736
3042	842	891	1733
3043	839	867	1706
3044	843	873	1716
3045	826	868	1694
3046	825	874	1699
3047	842	891	1733
3048	834	888	1722
3049	841	882	1723
3050	824	895	1719
3051	873	873	1746
3052	842	881	1723
3053	828	878	1706
3054	833	894	1727
3055	845	888	1733
3056	811	866	1677
3057	836	870	1706
3058	836	880	1716
3059	838	867	1705
3060	847	892	1739
3061	831	858	1689
3062	840	887	1727
3063	843	879	1722
3064	833	882	1715
3065	840	840	1680
3066	816	865	1681
3067	839	879	1718
3068	842	886	1728
3069	817	894	1711
3070	840	918	1758
3071	854	884	1738
3072	851	881	1732
3073	835	875	1710
3074	843	875	1718
3075	811	862	1673
3076	840	882	1722
3077	829	865	1694
3078	817	884	1701
3079	843	894	1737
3080	856	914	1770
3081	828	867	1695
3082	796	896	1692
3083	847	887	1734
3084	845	889	1734
3085	850	878	1728
3086	816	855	1671
3087	840	865	1705
3088	833	881	1714
3089	830	883	1713
3090	838	884	1722
3091	836	884	1720
3092	814	891	1705
3093	840	875	1715
3094	840	865	1705
3095	839	897	1736
3096	824	881	1705
3097	825	874	1699
3098	840	884	1724
3099	848	872	1720
3100	830	883	1713
3101	851	873	1724
3102	840	896	1736
3103	852	891	1743
3104	839	887	1726
3105	837	910	1747
3106	842	894	1736
3107	830	896	1726
3108	838	891	1729
3109	831	888	1719
3110	849	872	1721
3111	833	883	1716
3112	830	871	1701
3113	816	882	1698
3114	845	875	1720
3115	842	887	1729
3116	834	888	1722
3117	828	874	1702
3118	841	883	1724
3119	832	879	1711
3120	833	882	1715
3121	836	875	1711
3122	839	861	1700
3123	823	872	1695
3124	833	868	1701
3125	857	892	1749
3126	845	880	1725
3127	858	863	1721
3128	844	883	1727
3129	848	878	1726
3130	827	895	1722
3131	832	868	1700
3132	829	867	1696
3133	829	889	1718
3134	850	857	1707
3135	835	888	1723
3136	825	906	1731
3137	827	879	1706
3138	835	862	1697
3139	844	879	1723
3140	849	869	1718
3141	826	889	1715
3142	846	870	1716
3143	852	897	1749
3144	830	898	1728
3145	840	889	1729
3146	837	871	1708
3147	843	898	1741
3148	845	913	1758
3149	844	901	1745
3150	820	897	1717
3151	824	849	1673
3152	858	882	1740
3153	850	876	1726
3154	852	872	1724
3155	830	890	1720
3156	856	872	1728
3157	833	883	1716
3158	831	888	1719
3159	846	899	1745
3160	837	881	1718
3161	862	905	1767
3162	858	863	1721
3163	838	868	1706
3164	838	878	1716
3165	832	872	1704
3166	836	893	1729
3167	806	883	1689
3168	856	884	1740
3169	841	893	1734
3170	858	889	1747
3171	831	887	1718
3172	833	874	1707
3173	830	884	1714
3174	816	873	1689
3175	855	885	1740
3176	843	909	1752
3177	844	886	1730
3178	825	887	1712
3179	828	896	1724
3180	834	881	1715
3181	862	883	1745
3182	841	872	1713
3183	827	871	1698
3184	846	874	1720
3185	829	881	1710
3186	829	887	1716
3187	854	878	1732
3188	833	875	1708
3189	847	861	1708
3190	850	888	1738
3191	848	880	1728
3192	843	893	1736
3193	842	896	1738
3194	811	842	1653
3195	846	871	1717
3196	838	920	1758
3197	833	897	1730
3198	838	888	1726
3199	846	890	1736
3200	834	902	1736
3201	855	879	1734
3202	831	884	1715
3203	825	868	1693
3204	839	903	1742
3205	825	903	1728
3206	831	868	1699
3207	826	875	1701
3208	843	860	1703
3209	833	857	1690
3210	857	851	1708
3211	849	890	1739
3212	802	864	1666
3213	834	873	1707
3214	827	885	1712
3215	829	904	1733
3216	824	875	1699
3217	835	873	1708
3218	841	882	1723
3219	831	887	1718
3220	840	891	1731
3221	823	876	1699
3222	842	869	1711
3223	821	879	1700
3224	822	892	1714
3225	858	869	1727
3226	830	884	1714
3227	830	866	1696
3228	839	876	1715
3229	833	884	1717
3230	840	884	1724
3231	838	882	1720
3232	833	880	1713
3233	823	889	1712
3234	841	892	1733
3235	833	862	1695
3236	848	865	1713
3237	831	868	1699
3238	840	884	1724
3239	844	881	1725
3240	834	902	1736
3241	862	868	1730
3242	848	892	1740
3243	839	874	1713
3244	839	872	1711
3245	838	887	1725
3246	836	879	1715
3247	837	866	1703
3248	818	892	1710
3249	844	863	1707
3250	829	891	1720
3251	845	866	1711
3252	843	878	1721
3253	845	872	1717
3254	843	875	1718
3255	844	861	1705
3256	847	891	1738
3257	811	890	1701
3258	842	899	1741
3259	843	896	1739
3260	837	879	1716
3261	841	892	1733
3262	840	885	1725
3263	833	878	1711
3264	835	885	1720
3265	831	891	1722
3266	826	872	1698
3267	827	875	1702
3268	828	913	1741
3269	837	886	1723
3270	826	874	1700
3271	827	873	1700
3272	818	891	1709
3273	851	872	1723
3274	838	894	1732
3275	814	870	1684
3276	824	894	1718
3277	847	871	1718
3278	846	878	1724
3279	848	879	1727
3280	811	896	1707
3281	852	873	1725
3282	828	867	1695
3283	835	865	1700
3284	825	885	1710
3285	817	884	1701
3286	846	903	1749
3287	816	882	1698
3288	836	884	1720
3289	840	907	1747
3290	847	870	1717
3291	845	891	1736
3292	820	881	1701
3293	831	868	1699
3294	843	894	1737
3295	852	884	1736
3296	854	875	1729
3297	837	872	1709
3298	829	884	1713
3299	847	871	1718
3300	836	868	1704
3301	833	885	1718
3302	820	875	1695
3303	854	876	1730
3304	847	897	1744
3305	841	893	1734
3306	820	873	1693
3307	842	881	1723
3308	837	868	1705
3309	827	874	1701
3310	830	882	1712
3311	854	871	1725
3312	825	885	1710
3313	835	901	1736
3314	841	879	1720
3315	828	896	1724
3316	830	892	1722
3317	835	896	1731
3318	851	858	1709
3319	839	856	1695
3320	827	881	1708
3321	831	873	1704
3322	793	892	1685
3323	787	872	1659
3324	844	890	1734
3325	859	858	1717
3326	858	855	1713
3327	840	888	1728
3328	831	876	1707
3329	814	884	1698
3330	833	884	1717
3331	830	877	1707
3332	859	880	1739
3333	840	869	1709
3334	847	877	1724
3335	833	880	1713
3336	847	838	1685
3337	856	876	1732
3338	843	890	1733
3339	812	857	1669
3340	834	884	1718
3341	840	880	1720
3342	841	851	1692
3343	828	892	1720
3344	827	873	1700
3345	821	903	1724
3346	839	865	1704
3347	869	881	1750
3348	832	861	1693
3349	835	878	1713
3350	831	873	1704
3351	863	864	1727
3352	833	892	1725
3353	832	896	1728
3354	850	869	1719
3355	828	879	1707
3356	843	859	1702
3357	813	886	1699
3358	823	868	1691
3359	843	885	1728
3360	847	852	1699
3361	826	889	1715
3362	794	874	1668
3363	826	896	1722
3364	827	867	1694
3365	833	866	1699
3366	837	877	1714
3367	859	896	1755
3368	858	897	1755
3369	839	891	1730
3370	834	855	1689
3371	832	889	1721
3372	817	921	1738
3373	826	880	1706
3374	830	867	1697
3375	842	868	1710
3376	851	879	1730
3377	841	859	1700
3378	827	888	1715
3379	819	879	1698
3380	835	883	1718
3381	831	902	1733
3382	831	877	1708
3383	823	886	1709
3384	828	871	1699
3385	837	874	1711
3386	849	891	1740
3387	844	887	1731
3388	844	888	1732
3389	847	867	1714
3390	847	877	1724
3391	825	876	1701
3392	845	871	1716
3393	838	895	1733
3394	837	900	1737
3395	836	874	1710
3396	820	892	1712
3397	845	866	1711
3398	822	886	1708
3399	803	885	1688
3400	842	881	1723
3401	838	868	1706
3402	834	885	1719
3403	858	879	1737
3404	837	892	1729
3405	836	894	1730
3406	827	871	1698
3407	850	873	1723
3408	821	889	1710
3409	856	906	1762
3410	839	865	1704
3411	812	890	1702
3412	821	887	1708
3413	804	875	1679
3414	845	880	1725
3415	853	872	1725
3416	844	882	1726
3417	854	875	1729
3418	854	859	1713
3419	815	870	1685
3420	839	870	1709
3421	838	895	1733
3422	845	892	1737
3423	838	894	1732
3424	847	864	1711
3425	854	905	1759
3426	811	893	1704
3427	834	871	1705
3428	834	908	1742
3429	837	901	1738
3430	836	877	1713
3431	816	895	1711
3432	822	898	1720
3433	816	873	1689
3434	830	930	1760
3435	818	890	1708
3436	841	882	1723
3437	844	882	1726
3438	821	880	1701
3439	829	886	1715
3440	852	869	1721
3441	833	892	1725
3442	824	849	1673
3443	838	880	1718
3444	832	873	1705
3445	844	902	1746
3446	838	878	1716
3447	822	902	1724
3448	828	905	1733
3449	861	855	1716
3450	840	889	1729
3451	835	879	1714
3452	836	894	1730
3453	844	861	1705
3454	822	861	1683
3455	838	911	1749
3456	854	907	1761
3457	846	880	1726
3458	840	884	1724
3459	838	854	1692
3460	845	868	1713
3461	855	862	1717
3462	831	881	1712
3463	830	901	1731
3464	832	878	1710
3465	838	885	1723
3466	832	874	1706
3467	849	864	1713
3468	835	878	1713
3469	838	861	1699
3470	814	900	1714
3471	832	884	1716
3472	848	886	1734
3473	838	863	1701
3474	841	901	1742
3475	856	895	1751
3476	841	883	1724
3477	827	882	1709
3478	822	880	1702
3479	837	865	1702
3480	843	897	1740
3481	809	896	1705
3482	829	864	1693
3483	837	865	1702
3484	789	900	1689
3485	768	884	1652
3486	706	885	1591
3487	713	887	1600
3488	747	881	1628
3489	729	876	1605
3490	752	892	1644
3491	739	879	1618
3492	738	880	1618
3493	715	889	1604
3494	691	895	1586
3495	677	875	1552
3496	653	911	1564
3497	642	869	1511
3498	644	891	1535
3499	649	865	1514
3500	670	873	1543
3501	638	887	1525
3502	616	878	1494
3503	658	876	1534
3504	607	893	1500
3505	623	848	1471
3506	606	887	1493
3507	607	895	1502
3508	571	891	1462
3509	612	879	1491
3510	654	894	1548
3511	679	841	1520
3512	681	870	1551
3513	687	869	1556
3514	619	868	1487
3515	637	868	1505
3516	645	854	1499
3517	621	888	1509
3518	576	890	1466
3519	546	897	1443
3520	539	860	1399
3521	531	892	1423
3522	537	874	1411
3523	483	864	1347
3524	486	884	1370
3525	498	881	1379
3526	485	885	1370
3527	447	883	1330
3528	467	825	1292
3529	505	801	1306
3530	576	835	1411
3531	555	884	1439
3532	572	889	1461
3533	546	871	1417
3534	498	864	1362
3535	506	865	1371
3536	465	862	1327
3537	394	876	1270
3538	331	889	1220
3539	315	877	1192
3540	324	875	1199
3541	346	886	1232
3542	326	882	1208
3543	325	889	1214
3544	292	908	1200
3545	313	885	1198
3546	300	898	1198
3547	227	874	1101
3548	216	879	1095
3549	188	852	1040
3550	213	858	1071
3551	299	743	1042
3552	320	474	794
3553	277	202	479
3554	259	505	764
3555	258	687	945
3556	414	674	1088
3557	474	686	1160
3558	544	776	1320
3559	576	782	1358
3560	565	772	1337
3561	585	796	1381
3562	548	800	1348
3563	570	820	1390
3564	562	778	1340
3565	564	801	1365
3566	591	784	1375
3567	569	795	1364
3568	562	791	1353
3569	569	791	1360
3570	559	764	1323
3571	558	782	1340
3572	580	780	1360
3573	599	786	1385
3574	569	784	1353
3575	561	790	1351
3576	567	779	1346
3577	538	795	1333
3578	572	782	1354
3579	564	795	1359
3580	558	776	1334
3581	565	772	1337
3582	556	809	1365
3583	564	785	1349
3584	572	775	1347
3585	603	798	1401
3586	580	797	1377
3587	571	777	1348
3588	555	817	1372
3589	561	778	1339
3590	566	794	1360
3591	564	817	1381
3592	559	788	1347
3593	581	772	1353
3594	580	781	1361
3595	591	786	1377
3596	555	788	1343
3597	570	794	1364
3598	574	790	1364
3599	561	815	1376
3600	588	804	1392
3601	579	778	1357
3602	575	782	1357
3603	578	798	1376
3604	591	810	1401
3605	575	778	1353
3606	598	774	1372
3607	587	778	1365
3608	609	783	1392
3609	608	814	1422
3610	600	791	1391
3611	605	791	1396
3612	599	797	1396
3613	612	799	1411
3614	606	800	1406
3615	609	790	1399
3616	601	807	1408
3617	608	812	1420
3618	590	795	1385
3619	614	788	1402
3620	631	778	1409
3621	596	778	1374
3622	618	805	1423
3623	608	800	1408
3624	605	785	1390
3625	590	789	1379
3626	613	811	1424
3627	621	785	1406
3628	587	795	1382
3629	599	808	1407
3630	618	774	1392
3631	611	778	1389
3632	631	800	1431
3633	609	783	1392
3634	580	782	1362
3635	600	810	1410
3636	627	810	1437
3637	607	789	1396
3638	616	791	1407
3639	584	784	1368
3640	596	794	1390
3641	605	785	1390
3642	621	775	1396
3643	610	813	1423
3644	608	802	1410
3645	602	802	1404
3646	566	827	1393
3647	609	810	1419
3648	587	798	1385
3649	614	796	1410
3650	611	815	1426
3651	613	800	1413
3652	620	798	1418
3653	615	800	1415
3654	627	797	1424
3655	617	820	1437
3656	615	794	1409
3657	573	772	1345
3658	592	798	1390
3659	620	778	1398
3660	614	797	1411
3661	606	804	1410
3662	617	774	1391
3663	602	790	1392
3664	616	796	1412
3665	585	771	1356
3666	603	783	1386
3667	611	807	1418
3668	589	787	1376
3669	587	801	1388
3670	614	811	1425
3671	607	793	1400
3672	615	780	1395
3673	621	791	1412
3674	629	770	1399
3675	608	789	1397
3676	596	792	1388
3677	598	800	1398
3678	594	799	1393
3679	614	787	1401
3680	604	813	1417
3681	587	811	1398
3682	586	791	1377
3683	610	813	1423
3684	595	793	1388
3685	667	776	1443
3686	658	642	1300
3687	654	505	1159
3688	670	371	1041
3689	625	331	956
3690	549	404	953
3691	416	450	866
3692	438	519	957
3693	499	639	1138
3694	590	709	1299
3695	588	728	1316
3696	613	758	1371
3697	608	761	1369
3698	601	810	1411
3699	575	798	1373
3700	573	790	1363
3701	563	788	1351
3702	606	806	1412
3703	603	781	1384
3704	589	767	1356
3705	605	772	1377
3706	570	779	1349
3707	586	812	1398
3708	569	787	1356
3709	562	815	1377
3710	581	782	1363
3711	596	789	1385
3712	588	786	1374
3713	589	788	1377
3714	617	771	1388
3715	593	816	1409
3716	598	773	1371
3717	591	797	1388
3718	597	773	1370
3719	592	815	1407
3720	594	808	1402
3721	612	795	1407
3722	664	669	1333
3723	663	530	1193
3724	669	416	1085
3725	565	431	996
3726	392	446	838
3727	566	360	926
3728	662	280	942
3729	763	280	1043
3730	796	238	1034
3731	817	274	1091
3732	801	331	1132
3733	754	523	1277
3734	499	634	1133
3735	210	647	857
3736	0	423	423
