2	21	26	34	35	37	39	45	46	47	51	54	57	79	80	82	84	86	95	98	99	100	107	114	116	121	123	124	126	131	151	152	157	159	162	167	168	172	187	192	195	196	201	203	219	220	221	230	236	239	248	252	261	267	272	281	286	290	297	309	310	312	324	325	326	349	350	351	353	365	371	372	376	381	392	394	402	405	416	417	420	422	428	429	430	443	446	447	454	455	456	463	465	473	474	477	479	489	493	499	503	510	475	49	406	235	342	263	458	321	237	199	411	56	319	43	214	407	250	485	208	74	453	189	160	396	495	307	427	418	246	271	90	225	288	287	64	484	240	488	384	
2	21	34	39	45	46	47	54	57	79	80	82	86	95	99	116	121	123	151	162	167	172	195	196	203	220	221	236	239	252	261	272	281	286	309	310	324	325	372	402	416	417	420	422	430	443	447	454	455	474	477	499	510	263	321	199	43	214	485	453	189	396	90	246	74	244	371	26	365	465	98	493	406	187	484	287	326	66	370	237	280	
21	34	46	54	57	82	86	99	116	121	151	162	167	172	203	220	221	236	239	252	261	272	281	309	310	324	325	372	402	416	417	420	430	454	474	499	510	199	43	214	485	453	189	90	246	74	371	26	287	326	465	98	484	463	278	79	406	95	237	263	422	235	89	443	459	182	97	146	210	
34	54	57	82	86	99	116	121	151	162	167	172	203	220	239	252	261	272	281	309	310	324	325	372	416	417	420	430	454	499	510	199	214	485	453	90	246	74	371	26	465	484	463	278	79	406	237	89	459	242	318	46	492	418	508	409	421	400	156	30	260	402	
34	54	57	82	116	121	162	167	203	220	252	261	281	309	310	324	325	416	417	420	430	499	510	199	214	485	453	246	74	371	26	465	278	79	406	237	89	242	46	492	402	372	500	90	459	400	52	464	463	30	172	150	158	401	
34	57	82	121	162	167	203	220	252	261	281	309	310	324	325	416	417	420	430	499	510	214	485	453	246	371	26	79	406	242	46	492	402	372	500	90	459	400	464	465	140	237	263	52	199	403	25	501	468	494	174	222	175	160	236	272	277	460	150	
34	57	82	121	167	220	252	281	309	310	324	325	416	417	420	430	499	510	214	485	453	246	26	242	46	492	402	372	90	400	465	237	403	25	501	236	464	132	337	162	203	449	408	484	
34	57	82	167	252	309	310	324	325	416	417	499	510	214	485	453	246	26	242	46	492	402	372	90	400	237	501	236	337	449	420	220	465	222	272	382	
34	57	82	167	252	310	324	416	417	510	214	485	453	246	26	242	46	492	400	237	501	236	337	449	508	305	425	402	210	
34	57	310	324	416	417	510	214	485	453	246	26	242	46	237	501	337	449	305	425	402	210	400	254	
34	57	310	324	416	510	485	453	246	26	46	237	337	305	425	402	210	511	98	212	417	418	
416	510	485	453	26	46	237	337	305	425	210	511	154	
416	510	485	26	46	237	425	
416	510	485	26	46	237	425	30	417	
416	26	237	
416	26	237	
416	26	237	109	
416	26	237	
416	26	237	233	58	
416	237	
416	237	
416	237	
416	237	432	
416	237	432	
416	237	
416	237	
416	237	432	
416	237	432	
416	237	432	
416	237	432	
416	237	432	
416	237	432	
416	237	432	433	
416	237	432	
416	237	432	
416	237	432	
416	237	432	
416	237	432	
416	237	432	440	
416	237	432	
416	237	432	
416	237	432	
416	237	432	
416	237	432	400	
416	237	432	
416	237	432	
416	237	432	
416	237	432	
416	237	432	
416	237	432	
416	237	432	384	
416	237	432	
416	237	432	496	436	
416	237	432	205	
416	237	432	
416	237	432	
416	237	432	236	
416	237	432	
416	237	432	440	
416	237	432	239	440	400	
416	237	432	233	
416	237	432	
416	237	432	
416	237	432	288	
416	237	432	480	
416	237	432	496	433	
416	237	432	
416	237	432	
416	237	432	
416	237	432	304	
416	237	432	420	
416	237	432	
416	237	432	205	
416	237	432	
416	237	432	
416	237	432	
416	237	432	
416	237	432	
416	237	432	436	
416	237	432	
416	237	432	
416	237	432	
416	237	432	288	
416	237	432	
416	237	432	
416	237	432	
416	237	432	239	417	400	
416	237	432	
416	237	432	
416	237	432	436	
416	237	432	
416	237	432	205	
416	237	432	205	
416	237	432	
416	237	432	109	
416	237	432	417	
416	237	432	
416	237	432	
416	237	432	
416	237	432	
416	237	432	
416	237	432	418	
416	237	432	229	
416	237	432	253	
416	237	432	
416	237	432	
416	237	432	
416	237	432	
416	237	432	
416	237	432	
416	237	432	
416	237	432	253	417	496	
416	237	432	
416	237	432	
416	237	432	308	
416	237	308	
416	237	308	
416	237	308	432	304	
416	237	308	
416	237	308	
416	237	308	
416	237	308	
416	237	308	
416	237	308	
416	237	308	229	
416	237	308	
416	237	308	384	
416	237	308	125	61	
416	237	308	125	61	29	21	205	
416	308	125	61	29	21	432	440	436	
416	308	125	61	29	432	420	157	
416	125	29	432	420	404	424	
416	125	29	432	420	404	425	31	63	417	95	
416	125	29	432	420	404	31	428	396	21	
416	125	432	31	428	29	429	400	396	
125	432	31	428	398	445	390	
125	428	398	445	492	
125	398	445	399	437	
125	398	445	
125	398	445	
125	398	445	
125	398	445	444	
125	398	445	437	
125	398	445	
125	398	445	
125	398	445	
125	398	445	
125	398	
125	398	
125	398	45	
125	398	45	
125	398	45	
125	398	45	
125	398	45	397	407	279	429	
398	45	397	407	429	445	413	285	439	
45	407	429	
45	407	429	37	173	49	177	181	185	172	36	236	
45	407	177	185	172	
407	185	172	
407	185	172	471	405	469	287	453	283	479	
407	185	172	287	453	279	
185	172	287	285	
185	287	
185	287	189	169	
185	287	
185	287	
185	287	281	
185	287	
185	287	187	
185	287	
185	287	
185	287	
185	287	
185	287	
185	287	
185	287	
185	287	
185	287	
185	287	
185	287	283	
185	287	
185	287	
185	287	
185	287	286	
185	287	
185	287	
185	287	
185	287	
185	287	
185	287	
185	287	
185	287	
185	287	
185	287	
185	287	
185	287	
185	287	
185	287	
185	287	249	
185	287	
185	287	
185	287	
185	287	285	
185	287	
185	287	283	
185	287	
185	287	
185	287	
185	287	415	
185	287	
185	287	57	
185	287	
185	287	
185	287	
185	287	49	
185	287	
185	287	
185	287	
185	287	
185	287	
185	287	
185	287	
185	287	351	189	
185	287	
185	287	
185	287	
185	287	
185	287	286	
185	287	
185	287	
185	287	286	
185	287	
185	287	
185	287	351	
185	287	
185	287	
185	287	
185	287	
185	287	
185	287	
185	287	
185	287	
185	287	169	
185	287	
185	287	249	
185	287	
185	287	
185	287	
185	287	
185	287	
185	287	249	
185	287	
185	287	
185	287	
185	287	
185	287	
185	287	
185	287	
185	287	
185	287	
185	287	184	
185	287	249	
185	287	285	
185	287	
185	287	
185	287	
185	287	
185	287	
185	287	
185	287	
185	287	
185	287	189	
185	287	319	
185	287	281	
185	287	281	189	
185	287	281	
185	287	281	
185	287	281	351	
185	287	281	
185	287	281	
185	287	281	
185	287	169	
185	287	
185	287	
185	287	
185	287	
185	287	
185	287	
185	287	
185	287	
185	287	
185	287	
185	287	
185	287	189	
185	287	
185	287	
185	287	
185	287	
185	287	
185	287	
185	287	
185	287	283	
185	287	153	
185	287	283	
185	287	
185	287	279	
185	287	
185	287	
185	287	286	
185	287	57	
185	287	
185	287	
185	287	177	
185	287	271	
185	287	
185	287	
185	287	
185	287	
185	287	177	
185	287	
185	287	
185	287	
185	287	
185	287	
185	287	279	
185	287	
185	287	
185	287	
185	287	
185	287	
185	287	
185	287	
185	287	
185	287	
185	287	
185	287	
185	287	177	
185	287	
185	287	
185	287	
185	287	
185	287	
185	287	
185	287	
185	287	
185	287	
185	287	
185	287	169	
185	287	57	
185	287	
185	287	
185	287	
185	287	
185	287	
185	287	
185	287	
185	287	
185	287	
185	287	
185	287	
185	287	
185	287	
185	287	
185	287	
185	287	
185	287	
185	287	
185	287	271	
185	287	
185	287	57	
185	287	283	
185	287	
185	287	
185	287	
185	287	
185	287	
185	287	187	
185	287	319	
185	287	
185	287	
185	287	
185	287	415	
185	287	184	
185	287	
185	287	
185	287	
185	287	285	153	
185	287	
185	287	
185	287	
185	287	189	
185	287	
185	287	
185	287	
185	287	
185	287	
185	287	
185	287	
185	287	
185	287	
185	287	
185	287	
185	287	
185	287	
185	287	
185	287	153	
185	287	
185	287	
185	287	
185	287	
185	287	
185	287	
185	287	
185	287	281	
185	287	281	285	
185	287	286	
185	287	
185	287	
185	287	
185	287	169	
185	287	
185	287	
185	287	184	
185	287	
185	287	
185	287	
185	287	153	
185	287	
185	287	
185	287	
185	287	
185	287	
185	287	
185	287	187	
185	287	187	285	
185	287	169	
185	287	153	
185	287	
185	287	
185	287	
185	287	415	
185	287	271	
185	287	
185	287	319	
185	287	
185	287	
185	287	
185	287	
185	287	
185	287	
185	287	169	
185	287	351	
185	287	319	
185	287	169	
185	287	187	
185	287	
185	287	
185	287	
185	287	
185	287	
185	287	153	
185	287	
185	287	
185	287	
185	287	
185	287	
185	287	286	
185	287	
185	287	
185	287	177	
185	287	279	
185	287	
185	287	
185	287	
185	287	286	
185	287	281	
185	287	281	
185	287	
185	287	187	
185	287	
185	287	
185	287	
185	287	184	283	
185	287	153	
185	287	
185	287	279	
185	287	285	
185	287	169	
185	287	
185	287	
185	287	177	
185	287	
185	287	
185	287	
185	287	
185	287	
185	287	
185	287	351	
185	287	415	
185	287	
185	287	
185	287	
185	287	
185	287	249	
185	287	271	
185	287	
185	287	
185	287	
185	287	
185	287	
185	287	
185	287	
185	287	
185	287	
185	287	
185	287	
185	287	169	
185	287	
185	287	
185	287	153	
185	287	
185	287	
185	287	
185	287	
185	287	
185	287	
185	287	
185	287	
185	287	
185	287	
185	287	
185	287	
185	287	
185	287	
185	287	
185	287	
185	287	
185	287	
185	287	
185	287	271	
185	287	57	
185	287	
185	287	
185	287	
185	287	
185	287	
185	287	
185	287	
185	287	285	
185	287	285	
185	287	
185	287	
185	287	
185	287	
185	287	
185	287	
185	287	
185	287	
185	287	
185	287	
185	287	
185	287	283	
185	287	
185	287	
185	287	
185	287	189	
185	287	
185	287	
185	287	57	
185	287	
185	287	153	
185	287	189	169	
185	287	
185	287	
185	287	
185	287	
185	287	
185	287	
185	287	
185	287	
185	287	
185	287	
185	287	
185	287	
185	287	
185	287	249	
185	287	
185	287	
185	287	
185	287	
185	287	285	
185	287	319	
185	287	319	
185	287	
185	287	
185	287	177	
185	287	271	
185	287	
185	287	
185	287	286	
185	287	
185	287	
185	287	351	
185	287	
185	287	
185	287	
185	287	286	
185	287	187	
185	287	
185	287	
185	287	
185	287	
185	287	
185	287	
185	287	
185	287	57	
185	287	
185	287	
185	287	
185	287	285	
185	287	286	415	
185	287	
185	287	
185	287	169	
185	287	
185	287	
185	287	
185	287	
185	287	
185	287	351	
185	287	
185	287	
185	287	
185	287	
185	287	
185	287	
185	287	
185	287	
185	287	285	
185	287	
185	287	
185	287	
185	287	
185	287	187	
185	287	
185	287	
185	287	
185	287	
185	287	
185	287	
185	287	
185	287	
185	287	
185	287	
185	287	
185	287	
185	287	
185	287	187	279	
185	287	285	
185	287	
185	287	283	
185	287	
185	287	
185	287	
185	287	
185	287	
185	287	
185	287	
185	287	
185	287	184	
185	287	
185	287	
185	287	
185	287	
185	287	
185	287	
185	287	351	
185	287	
185	287	
185	287	
185	287	
185	287	
185	287	
185	287	
185	287	
185	287	
185	287	
185	287	
185	287	
185	287	
185	287	
185	287	
185	287	
185	287	
185	287	
185	287	
185	287	
185	287	
185	287	249	
185	287	189	
185	287	
185	287	
185	287	
185	287	
185	287	
185	287	
185	287	
185	287	
185	287	
185	287	
185	287	
185	287	
185	287	
185	287	
185	287	
185	287	
185	287	
185	287	
185	287	
185	287	
185	287	169	
185	287	
185	287	
185	287	319	
185	287	184	
185	287	285	
185	287	177	
185	287	
185	287	
185	287	
185	287	271	286	
185	287	
185	287	
185	287	249	
185	287	286	
185	287	
185	287	
185	287	
185	287	
185	287	
185	287	
185	287	
185	287	351	
185	287	286	
185	287	
185	287	
185	287	
185	287	
185	287	415	
185	287	
185	287	249	
185	287	
185	287	
185	287	279	
185	287	
185	287	
185	287	
185	287	
185	287	
185	287	189	
185	287	286	
185	287	
185	287	
185	287	
185	287	
185	287	415	
185	287	
185	287	
185	287	
185	287	
185	287	
185	287	
185	287	
185	287	
185	287	319	
185	287	
185	287	
185	287	
185	287	285	
185	287	
185	287	
185	287	169	
185	287	415	177	
185	287	
185	287	
185	287	
185	287	
185	287	
185	287	
185	287	
185	287	
185	287	
185	287	
185	287	
185	287	279	
185	287	
185	287	
185	287	351	184	285	187	
185	287	
185	287	
185	287	351	
185	287	
185	287	
185	287	
185	287	
185	287	
185	287	
185	287	
185	287	
185	287	
185	287	177	
185	287	
185	287	
185	287	
185	287	
185	287	
185	287	
185	287	
185	287	169	
185	287	
185	287	169	
185	287	
185	287	
185	287	
185	287	
185	287	
185	287	
185	287	
185	287	286	
185	287	
185	287	
185	287	
185	287	184	
185	287	
185	287	57	
185	287	351	
185	287	
185	287	
185	287	
185	287	
185	287	187	
185	287	
185	287	177	
185	287	
185	287	
185	287	
185	287	184	57	
185	287	
185	287	189	153	
185	287	
185	287	184	
185	287	
185	287	
185	287	
185	287	
185	287	
185	287	
185	287	
185	287	
185	287	
185	287	
185	287	
185	287	
185	287	
185	287	
185	287	
185	287	
185	287	
185	287	
185	287	
185	287	
185	287	
185	287	285	
185	287	285	
185	287	
185	287	
185	287	
185	287	57	
185	287	
185	287	
185	287	
185	287	
185	287	279	
185	287	
185	287	
185	287	
185	287	
185	287	
185	287	
185	287	
185	287	
185	287	
185	287	
185	287	319	
185	287	
185	287	
185	287	
185	287	286	
185	287	
185	287	
185	287	
185	287	
185	287	
185	287	285	
185	287	
185	287	
185	287	
185	287	
185	287	
185	287	
185	287	281	
185	287	
185	287	279	184	
185	287	
185	287	
185	287	319	
185	287	
185	287	
185	287	
185	287	
185	287	
185	287	177	
185	287	186	
185	287	
185	287	57	
185	287	
185	287	
185	287	
185	287	
185	287	
185	287	
185	287	
185	287	
185	287	
185	287	
185	287	
185	287	
185	287	
185	287	
185	287	249	
185	287	
185	287	351	
185	287	
185	287	
185	287	
185	287	
185	287	
185	287	249	
185	287	
185	287	271	
185	287	249	
185	287	
185	287	
185	287	351	415	
185	287	
185	287	
185	287	
185	287	187	
185	287	
185	287	
185	287	
185	287	351	
185	287	
185	287	
185	287	
185	287	
185	287	189	
185	287	177	
185	287	
185	287	189	
185	287	
185	287	
185	287	
185	287	
185	287	
185	287	153	
185	287	286	57	
185	287	
185	287	
185	287	
185	287	
185	287	
185	287	
185	287	
185	287	271	
185	287	187	
185	287	187	
185	287	
185	287	
185	287	
185	287	
185	287	
185	287	283	
185	287	
185	287	
185	287	
185	287	285	
185	287	
185	287	
185	287	
185	287	
185	287	
185	287	
185	287	
185	287	
185	287	286	
185	287	351	
185	287	
185	287	351	
185	287	
185	287	351	
185	287	
185	287	
185	287	
185	287	189	
185	287	184	
185	287	
185	287	
185	287	271	
185	287	189	187	
185	287	
185	287	
185	287	
185	287	
185	287	
185	287	
185	287	
185	287	
185	287	187	
185	287	
185	287	
185	287	
185	287	415	
185	287	
185	287	
185	287	
185	287	184	
185	287	
185	287	
185	287	
185	287	
185	287	
185	287	
185	287	187	
185	287	
185	287	
185	287	
185	287	
185	287	
185	287	
185	287	319	
185	287	
185	287	
185	287	
185	287	
185	287	
185	287	351	283	
185	287	
185	287	351	
185	287	
185	287	
185	287	
185	287	
185	287	
185	287	
185	287	319	177	
185	287	
185	287	
185	287	184	
185	287	
185	287	
185	287	
185	287	
185	287	57	184	
185	287	
185	287	
185	287	
185	287	
185	287	
185	287	
185	287	
185	287	
185	287	
185	287	
185	287	279	
185	287	
185	287	
185	287	
185	287	
185	287	286	
185	287	
185	287	415	
185	287	
185	287	
185	287	
185	287	
185	287	
185	287	189	
185	287	
185	287	
185	287	
185	287	285	
185	287	
185	287	
185	287	169	
185	287	
185	287	184	
185	287	
185	287	
185	287	
185	287	
185	287	187	
185	287	189	
185	287	283	
185	287	
185	287	184	
185	287	285	153	
185	287	249	
185	287	
185	287	177	
185	287	
185	287	
185	287	57	
185	287	
185	287	
185	287	
185	287	
185	287	
185	287	
185	287	
185	287	
185	287	
185	287	
185	287	319	
185	287	
185	287	
185	287	
185	287	
185	287	279	153	
185	287	153	
185	287	177	
185	287	
185	287	177	189	
185	287	
185	287	
185	287	285	
185	287	
185	287	
185	287	
185	287	
185	287	
185	287	
185	287	
185	287	
185	287	
185	287	57	
185	287	157	
185	287	
185	287	169	
185	287	
185	287	
185	287	
185	287	
185	287	
185	287	286	
185	287	
185	287	285	
185	287	
185	287	
185	287	
185	287	
185	287	
185	287	
185	287	
185	287	177	
185	287	
185	287	279	
185	287	184	
185	287	286	
185	287	415	177	
185	287	
185	287	
185	287	189	
185	287	
185	287	
185	287	
185	287	
185	287	
185	287	
185	287	189	
185	287	249	
185	287	249	
185	287	
185	287	
185	287	153	319	
185	287	
185	287	
185	287	351	
185	287	
185	287	
185	287	
185	287	153	
185	287	
185	287	
185	287	
185	287	
185	287	
185	287	
185	287	286	
185	287	286	
185	287	
185	287	
185	287	153	189	
185	287	
185	287	189	
185	287	
185	287	153	
185	287	
185	287	
185	287	286	
185	287	
185	287	
185	287	
185	287	
185	287	283	
185	287	
185	287	
185	287	
185	287	
185	287	
185	287	187	
185	287	
185	287	
185	287	
185	287	
185	287	
185	287	
185	287	
185	287	
185	287	
185	287	
185	287	
185	287	
185	287	
185	287	286	
185	287	
185	287	
185	287	
185	287	
185	287	279	
185	287	
185	287	153	
185	287	
185	287	
185	287	
185	287	271	
185	287	
185	287	
185	287	
185	287	173	319	
185	287	
185	287	
185	287	
185	287	
185	287	189	285	
185	287	189	
185	287	
185	287	
185	287	284	
185	287	285	
185	287	415	351	
185	287	
185	287	169	
185	287	
185	287	
185	287	283	
185	287	
185	287	
185	287	
185	287	
185	287	
185	287	
185	287	
185	287	
185	287	279	
185	287	
185	287	
185	287	
185	287	169	
185	287	
185	287	279	
185	287	285	
185	287	
185	287	
185	287	
185	287	
185	287	249	
185	287	
185	287	
185	287	
185	287	
185	287	
185	287	
185	287	
185	287	187	
185	287	
185	287	
185	287	
185	287	
185	287	
185	287	
185	287	
185	287	
185	287	
185	287	
185	287	
185	287	
185	287	153	
185	287	
185	287	
185	287	
185	287	
185	287	
185	287	189	
185	287	
185	287	
185	287	
185	287	
185	287	
185	287	
185	287	
185	287	177	
185	287	
185	287	
185	287	283	
185	287	
185	287	
185	287	
185	287	
185	287	
185	287	177	
185	287	177	
185	287	
185	287	
185	287	
185	287	
185	287	283	
185	287	
185	287	
185	287	
185	287	
185	287	
185	287	
185	287	
185	287	
185	287	
185	287	
185	287	
185	287	
185	287	
185	287	
185	287	285	
185	287	
185	287	
185	287	
185	287	
185	287	415	
185	287	
185	287	
185	287	
185	287	
185	287	
185	287	
185	287	271	351	
185	287	
185	287	
185	287	
185	287	
185	287	
185	287	285	
185	287	
185	287	
185	287	153	
185	287	
185	287	
185	287	
185	287	
185	287	
185	287	
185	287	
185	287	
185	287	319	
185	287	
185	287	
185	287	
185	287	
185	287	
185	287	
185	287	
185	287	
185	287	
185	287	
185	287	
185	287	415	
185	287	
185	287	271	
185	287	
185	287	
185	287	
185	287	
185	287	
185	287	
185	287	
185	287	
185	287	
185	287	
185	287	
185	287	
185	287	285	
185	287	161	
185	287	263	169	
185	287	
185	287	
185	287	415	
185	287	
185	287	
185	287	
185	287	
185	287	
185	287	271	
185	287	57	
185	287	
185	287	
185	287	
185	287	
185	287	
185	287	189	
185	287	283	
185	287	
185	287	
185	287	
185	287	
185	287	
185	287	
185	287	319	
185	287	
185	287	
185	287	
185	287	177	169	
185	287	
185	287	
185	287	
185	287	187	
185	287	
185	287	
185	287	153	
185	287	
185	287	
185	287	
185	287	
185	287	
185	287	
185	287	271	
185	287	
185	287	
185	287	
185	287	
185	287	
185	287	
185	287	319	
185	287	
185	287	189	
185	287	
185	287	
185	287	153	
185	287	
185	287	
185	287	187	
185	287	
185	287	
185	287	
185	287	
185	287	
185	287	
185	287	
185	287	
185	287	
185	287	
185	287	169	249	177	
185	287	
185	287	285	
185	287	
185	287	177	
185	287	285	
185	287	169	279	
185	287	
185	287	
185	287	177	
185	287	
185	287	
185	287	
185	287	
185	287	
185	287	
185	287	
185	287	
185	287	
185	287	
185	287	
185	287	
185	287	
185	287	187	153	
185	287	
185	287	
185	287	
185	287	
185	287	
185	287	
185	287	283	
185	287	
185	287	
185	287	
185	287	
185	287	
185	287	
185	287	57	
185	287	
185	287	
185	287	283	
185	287	
185	287	
185	287	
185	287	286	
185	287	
185	287	
185	287	
185	287	
185	287	249	
185	287	
185	287	279	
185	287	
185	287	
185	287	
185	287	
185	287	
185	287	
185	287	
185	287	285	
185	287	249	
185	287	
185	287	
185	287	187	
185	287	
185	287	
185	287	
185	287	
185	287	177	
185	287	
185	287	189	
185	287	
185	287	
185	287	
185	287	
185	287	
185	287	
185	287	177	
185	287	
185	287	
185	287	
185	287	
185	287	177	184	
185	287	285	
185	287	
185	287	
185	287	
185	287	187	
185	287	
185	287	
185	287	
185	287	
185	287	
185	287	
185	287	
185	287	
185	287	
185	287	271	
185	287	249	
185	287	
185	287	
185	287	
185	287	
185	287	
185	287	
185	287	
185	287	
185	287	
185	287	189	
185	287	
185	287	
185	287	
185	287	
185	287	
185	287	
185	287	
185	287	271	
185	287	
185	287	
185	287	
185	287	
185	287	
185	287	
185	287	
185	287	
185	287	
185	287	
185	287	
185	287	187	
185	287	
185	287	286	
185	287	
185	287	
185	287	
185	287	189	
185	287	351	
185	287	
185	287	
185	287	319	
185	287	189	
185	287	
185	287	
185	287	
185	287	189	
185	287	57	351	
185	287	285	415	
185	287	177	
185	287	57	
185	287	
185	287	
185	287	
185	287	
185	287	
185	287	283	
185	287	
185	287	153	
185	287	
185	287	
185	287	
185	287	153	271	
185	287	
185	287	
185	287	
185	287	
185	287	
185	287	
185	287	57	
185	287	
185	287	161	169	
185	287	
185	287	
185	287	
185	287	
185	287	279	
185	287	
185	287	
185	287	
185	287	
185	287	
185	287	
185	287	
185	287	
185	287	
185	287	415	
185	287	
185	287	
185	287	
185	287	
185	287	
185	287	249	
185	287	
185	287	
185	287	
185	287	
185	287	
185	287	
185	287	
185	287	
185	287	
185	287	184	
185	287	
185	287	
185	287	
185	287	
185	287	
185	287	
185	287	
185	287	
185	287	187	
185	287	
185	287	
185	287	
185	287	177	
185	287	57	
185	287	
185	287	
185	287	
185	287	
185	287	
185	287	
185	287	
185	287	
185	287	
185	287	
185	287	279	
185	287	
185	287	
185	287	
185	287	
185	287	351	
185	287	
185	287	
185	287	286	
185	287	
185	287	
185	287	
185	287	
185	287	
185	287	
185	287	
185	287	
185	287	
185	287	
185	287	
185	287	
185	287	187	
185	287	
185	287	
185	287	
185	287	283	201	
185	287	
185	287	
185	287	
185	287	
185	287	249	
185	287	
185	287	279	
185	287	
185	287	
185	287	
185	287	
185	287	
185	287	415	
185	287	
185	287	177	
185	287	
185	287	283	
185	287	
185	287	
185	287	187	
185	287	
185	287	
185	287	
185	287	
185	287	
185	287	
185	287	
185	287	283	
185	287	
185	287	
185	287	177	286	
185	287	
185	287	
185	287	
185	287	
185	287	
185	287	
185	287	351	
185	287	
185	287	
185	287	
185	287	
185	287	351	
185	287	
185	287	
185	287	
185	287	
185	287	
185	287	
185	287	
185	287	
185	287	
185	287	
185	287	
185	287	
185	287	
185	287	
185	287	
185	287	
185	287	
185	287	189	
185	287	177	
185	287	
185	287	
185	287	271	
185	287	
185	287	
185	287	
185	287	
185	287	283	
185	287	283	
185	287	
185	287	
185	287	
185	287	
185	287	
185	287	
185	287	
185	287	
185	287	168	
185	287	
185	287	
185	287	
185	287	
185	287	
185	287	
185	287	
185	287	169	
185	287	
185	287	
185	287	187	
185	287	
185	287	153	
185	287	351	
185	287	
185	287	
185	287	
185	287	
185	287	187	
185	287	
185	287	169	
185	287	
185	287	
185	287	
185	287	
185	287	
185	287	
185	287	
185	287	
185	287	
185	287	285	
185	287	
185	287	
185	287	286	
185	287	
185	287	
185	287	
185	287	
185	287	
185	287	
185	287	
185	287	
185	287	279	
185	287	
185	287	
185	287	
185	287	
185	287	286	
185	287	
185	287	
185	287	
185	287	
185	287	
185	287	
185	287	
185	287	
185	287	351	
185	287	
185	287	283	
185	287	177	
185	287	57	
185	287	
185	287	
185	287	
185	287	
185	287	271	
185	287	
185	287	153	
185	287	
185	287	
185	287	
185	287	319	
185	287	
185	287	279	187	
185	287	283	
185	287	
185	287	
185	287	
185	287	
185	287	249	
185	287	
185	287	
185	287	
185	287	
185	287	
185	287	
185	287	
185	287	
185	287	
185	287	
185	287	169	
185	287	177	
185	287	
185	287	
185	287	241	187	
185	287	
185	287	319	
185	287	
185	287	187	
185	287	
185	287	271	
185	287	
185	287	
185	287	
185	287	
185	287	351	
185	287	
185	287	
185	287	
185	287	271	
185	287	57	
185	287	
185	287	
185	287	
185	287	
185	287	
185	287	189	
185	287	184	
185	287	
185	287	
185	287	
185	287	
185	287	319	
185	287	189	
185	287	
185	287	
185	287	
185	287	189	351	
185	287	
185	287	
185	287	
185	287	169	
185	287	
185	287	
185	287	
185	287	
185	287	
185	287	
185	287	
185	287	
185	287	57	
185	287	
185	287	
185	287	
185	287	271	286	
185	287	169	
185	287	
185	287	
185	287	
185	287	249	
185	287	
185	287	
185	287	286	
185	287	
185	287	
185	287	
185	287	415	286	
185	287	
185	287	
185	287	
185	287	271	
185	287	
185	287	
185	287	
185	287	
185	287	
185	287	
185	287	
185	287	
185	287	
185	287	
185	287	
185	287	
185	287	
185	287	153	
185	287	415	
185	287	
185	287	
185	287	249	
185	287	187	
185	287	
185	287	
185	287	177	
185	287	
185	287	
185	287	153	
185	287	271	
185	287	
185	287	
185	287	
185	287	
185	287	
185	287	
185	287	
185	287	
185	287	57	177	
185	287	351	
185	287	
185	287	
185	287	
185	287	
185	287	
185	287	
185	287	
185	287	
185	287	
185	287	
185	287	
185	287	
185	287	
185	287	
185	287	189	
185	287	
185	287	
185	287	
185	287	286	
185	287	271	
185	287	
185	287	153	
185	287	
185	287	
185	287	
185	287	
185	287	
185	287	
185	287	
185	287	
185	287	
185	287	
185	287	187	
185	287	351	285	415	
185	287	184	
185	287	
185	287	
185	287	283	189	
185	287	351	
185	287	
185	287	
185	287	
185	287	
185	287	
185	287	
185	287	
185	287	
185	287	
185	287	
185	287	
185	287	
185	287	
185	287	319	
185	287	
185	287	
185	287	
185	287	
185	287	
185	287	
185	287	153	
185	287	
185	287	
185	287	
185	287	283	
185	287	279	
185	287	
185	287	
185	287	184	
185	287	
185	287	
185	287	177	249	
185	287	
185	287	
185	287	
185	287	
185	287	279	
185	287	153	
185	287	249	
185	287	
185	287	189	
185	287	
185	287	285	
185	287	189	
185	287	
185	287	
185	287	177	
185	287	187	
185	287	415	
185	287	
185	287	303	
185	287	283	
185	287	
185	287	
185	287	
185	287	
185	287	
185	287	
185	287	169	
185	287	
185	287	
185	287	
185	287	
185	287	
185	287	
185	287	
185	287	
185	287	
185	287	
185	287	
185	287	
185	287	
185	287	
185	287	
185	287	
185	287	
185	287	
185	287	
185	287	
185	287	
185	287	
185	287	
185	287	
185	287	
185	287	
185	287	
185	287	
185	287	279	177	
185	287	
185	287	153	
185	287	
185	287	187	
185	287	
185	287	
185	287	
185	287	286	279	
185	287	351	
185	287	
185	287	
185	287	
185	287	
185	287	
185	287	
185	287	
185	287	
185	287	
185	287	
185	287	
185	287	
185	287	177	
185	287	
185	287	415	
185	287	
185	287	189	
185	287	153	
185	287	
185	287	
185	287	
185	287	
185	287	283	
185	287	
185	287	
185	287	283	
185	287	
185	287	283	
185	287	
185	287	
185	287	
185	287	
185	287	
185	287	279	
185	287	
185	287	
185	287	
185	287	
185	287	
185	287	249	
185	287	
185	287	
185	287	
185	287	
185	287	
185	287	184	
185	287	
185	287	
185	287	
185	287	
185	287	
185	287	
185	287	
185	287	
185	287	
185	287	
185	287	
185	287	
185	287	
185	287	249	
185	287	
185	287	153	
185	287	
185	287	
185	287	271	
185	287	
185	287	285	
185	287	
185	287	
185	287	283	
185	287	
185	287	
185	287	285	
185	287	
185	287	
185	287	
185	287	177	
185	287	184	
185	287	
185	287	
185	287	
185	287	
185	287	
185	287	271	
185	287	
185	287	
185	287	
185	287	
185	287	
185	287	
185	287	
185	287	
185	287	
185	287	
185	287	
185	287	
185	287	169	
185	287	
185	287	187	271	
185	287	286	189	
185	287	271	319	351	
185	287	
185	287	
185	287	
185	287	
185	287	
185	287	
185	287	
185	287	
185	287	
185	287	
185	287	
185	287	
185	287	286	
185	287	
185	287	189	
185	287	
185	287	
185	287	249	
185	287	
185	287	
185	287	
185	287	
185	287	
185	287	
185	287	
185	287	
185	287	
185	287	249	
185	287	
185	287	415	
185	287	249	
185	287	
185	287	351	
185	287	187	
185	287	
185	287	415	
185	287	
185	287	
185	287	
185	287	
185	287	
185	287	
185	287	279	
185	287	
185	287	
185	287	
185	287	184	
185	287	
185	287	319	
185	287	57	
185	287	
185	287	
185	287	
185	287	189	
185	287	
185	287	
185	287	
185	287	
185	287	285	
185	287	
185	287	
185	287	
185	287	
185	287	153	
185	287	
185	287	279	
185	287	
185	287	249	
185	287	
185	287	319	
185	287	
185	287	351	
185	287	
185	287	
185	287	
185	287	169	
185	287	
185	287	
185	287	
185	287	177	
185	287	189	
185	287	
185	287	
185	287	
185	287	
185	287	
185	287	
185	287	
185	287	
185	287	
185	287	184	
185	287	279	
185	287	
185	287	283	
185	287	
185	287	319	
185	287	
185	287	
185	287	
185	287	
185	287	
185	287	187	
185	287	
185	287	184	189	
185	287	351	
185	287	
185	287	279	
185	287	
185	287	
185	287	319	
185	287	
185	287	
185	287	415	
185	287	286	
185	287	
185	287	
185	287	
185	287	351	
185	287	319	169	
185	287	286	
185	287	
185	287	
185	287	
185	287	
185	287	
185	287	
185	287	
185	287	
185	287	279	
185	287	
185	287	
185	287	
185	287	
185	287	
185	287	
185	287	
185	287	
185	287	
185	287	
185	287	
185	287	
185	287	
185	287	
185	287	
185	287	57	
185	287	57	415	
185	287	
185	287	
185	287	
185	287	249	
185	287	
185	287	
185	287	57	169	
185	287	
185	287	
185	287	
185	287	
185	287	
185	287	
185	287	
185	287	
185	287	
185	287	
185	287	
185	287	
185	287	
185	287	
185	287	
185	287	
185	287	171	
185	287	
185	287	
185	287	249	
185	287	
185	287	
185	287	
185	287	
185	287	
185	287	
185	287	
185	287	
185	287	
185	287	
185	287	
185	287	286	
185	287	249	
185	287	169	
185	287	177	
185	287	279	
185	287	279	
185	287	
185	287	279	
185	287	
185	287	
185	287	57	
185	287	
185	287	
185	287	
185	287	351	
185	287	
185	287	
185	287	
185	287	
185	287	
185	287	
185	287	
185	287	
185	287	279	
185	287	286	
185	287	187	
185	287	
185	287	
185	287	
185	287	
185	287	
185	287	249	
185	287	
185	287	
185	287	
185	287	
185	287	
185	287	
185	287	
185	287	
185	287	
185	287	
185	287	
185	287	
185	287	
185	287	
185	287	319	57	
185	287	
185	287	351	
185	287	351	
185	287	
185	287	
185	287	
185	287	57	
185	287	319	
185	287	285	
185	287	283	
185	287	177	
185	287	
185	287	
185	287	187	
185	287	
185	287	
185	287	279	
185	287	
185	287	
185	287	
185	287	
185	287	187	
185	287	271	
185	287	
185	287	
185	287	
185	287	
185	287	
185	287	
185	287	279	
185	287	
185	287	189	
185	287	
185	287	
185	287	
185	287	
185	287	
185	287	
185	287	
185	287	57	
185	287	
185	287	
185	287	
185	287	
185	287	
185	287	
185	287	
185	287	
185	287	
185	287	
185	287	271	187	
185	287	
185	287	
185	287	285	
185	287	
185	287	
185	287	187	
185	287	
185	287	177	
185	287	
185	287	
185	287	
185	287	
185	287	
185	287	
185	287	
185	287	
185	287	
185	287	
185	287	271	
185	287	319	
185	287	
185	287	
185	287	187	
185	287	
185	287	
185	287	
185	287	
185	287	
185	287	
185	287	
185	287	
185	287	177	
185	287	
185	287	
185	287	169	271	
185	287	187	
185	287	
185	287	415	
185	287	286	
185	287	
185	287	
185	287	
185	287	
185	287	
185	287	
185	287	
185	287	
185	287	
185	287	184	
185	287	177	
185	287	187	
185	287	
185	287	
185	287	271	
185	287	
185	287	
185	287	153	
185	287	
185	287	
185	287	
185	287	
185	287	
185	287	
185	287	
185	287	
185	287	
185	287	
185	287	
185	287	177	
185	287	
185	287	
185	287	415	
185	287	
185	287	
185	287	
185	287	
185	287	
185	287	
185	287	
185	287	
185	287	
185	287	
185	287	153	
185	287	
185	287	169	
185	287	
185	287	
185	287	
185	287	
185	287	
185	287	
185	287	
185	287	
185	287	
185	287	
185	287	
185	287	
185	287	
185	287	177	286	
185	287	
185	287	415	
185	287	
185	287	
185	287	
185	287	
185	287	57	
185	287	
185	287	
185	287	
185	287	187	
185	287	
185	287	
185	287	
185	287	169	
185	287	
185	287	
185	287	285	
185	287	
185	287	
185	287	
185	287	
185	287	
185	287	
185	287	
185	287	189	
185	287	
185	287	
185	287	
185	287	
185	287	
185	287	
185	287	
185	287	
185	287	271	
185	287	
185	287	
185	287	
185	287	
185	287	
185	287	
185	287	
185	287	
185	287	351	271	
185	287	189	
185	287	
185	287	189	
185	287	
185	287	
185	287	
185	287	319	
185	287	57	
185	287	
185	287	
185	287	
185	287	
185	287	
185	287	
185	287	
185	287	
185	287	
185	287	
185	287	
185	287	
185	287	
185	287	
185	287	
185	287	153	184	
185	287	
185	287	
185	287	
185	287	
185	287	
185	287	
185	287	169	
185	287	
185	287	319	
185	287	
185	287	
185	287	
185	287	
185	287	
185	287	
185	287	283	
185	287	
185	287	
185	287	
185	287	
185	287	177	
185	287	
185	287	
185	287	
185	287	
185	287	
185	287	
185	287	
185	287	
185	287	271	
185	287	
185	287	
185	287	
185	287	
185	287	
185	287	
185	287	
185	287	
185	287	
185	287	
185	287	
185	287	
185	287	
185	287	
185	287	
185	287	157	169	
185	287	
185	287	
185	287	
185	287	
185	287	
185	287	
185	287	189	
185	287	
185	287	
185	287	
185	287	
185	287	283	
185	287	
185	287	
185	287	
185	287	
185	287	
185	287	
185	287	
185	287	
185	287	
185	287	
185	287	
185	287	
185	287	286	
185	287	
185	287	57	
185	287	319	177	
185	287	187	
185	287	
185	287	
185	287	285	
185	287	
185	287	57	
185	287	319	351	
185	287	
185	287	
185	287	249	
185	287	
185	287	
185	287	
185	287	169	
185	287	415	
185	287	
185	287	
185	287	
185	287	415	
185	287	
185	287	
185	287	
185	287	189	
185	287	153	
185	287	
185	287	
185	287	
185	287	
185	287	
185	287	
185	287	
185	287	
185	287	
185	287	
185	287	
185	287	
185	287	
185	287	
185	287	
185	287	
185	287	
185	287	153	
185	287	
185	287	271	319	
185	287	
185	287	
185	287	
185	287	153	
185	287	351	
185	287	
185	287	
185	287	
185	287	
185	287	
185	287	
185	287	
185	287	
185	287	
185	287	319	
185	287	
185	287	
185	287	
185	287	
185	287	
185	287	415	
185	287	415	
185	287	351	
185	287	57	
185	287	153	
185	287	
185	287	
185	287	
185	287	
185	287	
185	287	
185	287	
185	287	
185	287	
185	287	
185	287	
185	287	
185	287	
185	287	
185	287	
185	287	
185	287	
185	287	286	
185	287	
185	287	
185	287	
185	287	
185	287	177	
185	287	281	
185	287	281	
185	287	281	
185	287	281	
185	287	281	
185	287	281	169	313	
185	287	281	319	
185	287	281	319	
185	287	281	
185	287	281	
185	287	281	
185	287	281	
185	287	281	
185	287	281	
185	287	281	
185	287	281	
185	287	281	
185	287	281	
185	287	281	
185	287	281	
185	287	281	415	153	
185	287	281	
185	287	281	
185	287	281	
185	287	281	265	
185	287	281	351	
185	287	281	
185	287	281	153	
185	287	281	
185	287	281	
185	287	281	271	
185	287	281	
185	287	281	
185	287	281	286	265	
185	287	281	
185	287	281	
185	287	281	
185	287	281	187	
185	287	281	
185	287	
185	287	
185	287	
185	287	
185	287	
185	287	187	
185	287	
185	287	271	
185	287	
185	287	189	
185	287	
185	287	279	
185	287	
185	287	351	
185	287	
185	287	
185	287	
185	287	
185	287	
185	287	
185	287	
185	287	249	
185	287	
185	287	
185	287	
185	287	177	
185	287	
185	287	
185	287	
185	287	
185	287	
185	287	
185	287	
185	287	
185	287	
185	287	
185	287	279	
185	287	
185	287	
185	287	283	
185	287	
185	287	
185	287	
185	287	
185	287	
185	287	
185	287	
185	287	351	
185	287	
185	287	
185	287	
185	287	184	
185	287	
185	287	
185	287	
185	287	
185	287	
185	287	
185	287	
185	287	
185	287	
185	287	
185	287	
185	287	57	
185	287	169	
185	287	
185	287	
185	287	
185	287	
185	287	
185	287	
185	287	
185	287	
185	287	
185	287	
185	287	
185	287	
185	287	
185	287	
185	287	
185	287	189	
185	287	
185	287	
185	287	
185	287	
185	287	
185	287	271	
185	287	
185	287	
185	287	
185	287	
185	287	
185	287	
185	287	
185	287	351	
185	287	
185	287	351	
185	287	271	
185	287	
185	287	153	
185	287	
185	287	
185	287	
185	287	
185	287	351	
185	287	
185	287	
185	287	169	
185	287	
185	287	
185	287	
185	287	
185	287	
185	287	
185	287	169	
185	287	
185	287	319	
185	287	
185	287	169	
185	287	
185	287	
185	287	
185	287	184	
185	287	153	
185	287	
185	287	
185	287	271	
185	287	
185	287	57	169	
185	287	
185	287	283	
185	287	
185	287	
185	287	
185	287	249	
185	287	
185	287	
185	287	
185	287	
185	287	184	
185	287	279	
185	287	153	
185	287	
185	287	283	
185	287	
185	287	
185	287	
185	287	
185	287	
185	287	177	
185	287	283	
185	287	
185	287	283	
185	287	
185	287	351	
185	287	
185	287	
185	287	
185	287	
185	287	
185	287	285	
185	287	
185	287	
185	287	279	
185	287	
185	287	
185	287	
185	287	
185	287	
185	287	
185	287	
185	287	57	
185	287	283	
185	287	
185	287	189	
185	287	
185	287	
185	287	177	189	153	
185	287	
185	287	153	271	
185	287	
185	287	
185	287	184	
185	287	
185	287	189	169	
185	287	283	
185	287	
185	287	
185	287	184	
185	287	
185	287	187	
185	287	319	
185	287	
185	287	
185	287	
185	287	
185	287	177	
185	287	
185	287	
185	287	
185	287	
185	287	
185	287	319	
185	287	
185	287	415	57	
185	287	57	
185	287	
185	287	286	
185	287	
185	287	
185	287	
185	287	
185	287	
185	287	
185	287	
185	287	
185	287	
185	287	
185	287	
185	287	
185	287	351	
185	287	
185	287	177	
185	287	
185	287	
185	287	
185	287	
185	287	
185	287	189	
185	287	57	
185	287	
185	287	
185	287	
185	287	
185	287	
185	287	
185	287	
185	287	177	
185	287	
185	287	415	
185	287	
185	287	
185	287	
185	287	
185	287	
185	287	
185	287	
185	287	
185	287	
185	287	286	
185	287	189	
185	287	
185	287	
185	287	351	
185	287	
185	287	
185	287	
185	287	189	
185	287	
185	287	
185	287	
185	287	
185	287	
185	287	285	
185	287	
185	287	
185	287	
185	287	
185	287	
185	287	
185	287	
185	287	
185	287	249	
185	287	
185	287	
185	287	
185	287	
185	287	
185	287	
185	287	57	
185	287	
185	287	
185	287	169	
185	287	
185	287	
185	287	
185	287	
185	287	271	
185	287	351	
185	287	153	
185	287	187	
185	287	
185	287	
185	287	
185	287	
185	287	
185	287	189	177	
185	287	
185	287	
185	287	
185	287	
185	287	
185	287	
185	287	
185	287	
185	287	
185	287	
185	287	169	
185	287	283	
185	287	
185	287	
185	287	
185	287	283	
185	287	
185	287	
185	287	
185	287	
185	287	
185	287	
185	287	
185	287	
185	287	
185	287	
185	287	145	
185	287	
185	287	271	
185	287	
185	287	
185	287	
185	287	
185	287	
185	287	
185	287	57	
185	287	319	
185	287	
185	287	
185	287	
185	287	
185	287	279	
185	287	
185	287	
185	287	169	
185	287	
185	287	
185	287	319	
185	287	169	
185	287	
185	287	415	
185	287	
185	287	
185	287	
185	287	
185	287	
185	287	
185	287	184	
185	287	
185	287	
185	287	
185	287	189	
185	287	
185	287	
185	287	351	
185	287	
185	287	
185	287	249	
185	287	153	
185	287	
185	287	
185	287	189	
185	287	
185	287	189	
185	287	
185	287	
185	287	
185	287	249	
185	287	319	286	
185	287	
185	287	
185	287	189	
185	287	
185	287	
185	287	
185	287	
185	287	
185	287	
185	287	
185	287	
185	287	
185	287	
185	287	
185	287	
185	287	
185	287	189	
185	287	
185	287	
185	287	249	
185	287	
185	287	
185	287	
185	287	
185	287	
185	287	
185	287	
185	287	184	
185	287	
185	287	
185	287	
185	287	
185	287	283	
185	287	
185	287	
185	287	
185	287	
185	287	
185	287	281	285	
185	287	281	
185	287	281	
185	287	
185	287	
185	287	
185	287	
185	287	
185	287	153	
185	287	
185	287	
185	287	187	249	
185	287	249	
185	287	283	
185	287	
185	287	249	
185	287	
185	287	285	
185	287	
185	287	
185	287	
185	287	
185	287	
185	287	285	
185	287	
185	287	
185	287	
185	287	
185	287	
185	287	
185	287	189	
185	287	
185	287	283	
185	287	189	
185	287	
185	287	
185	287	
185	287	
185	287	
185	287	
185	287	
185	287	
185	287	
185	287	
185	287	
185	287	
185	287	
185	287	189	
185	287	153	249	
185	287	
185	287	
185	287	
185	287	351	335	
185	287	
185	287	283	
185	287	
185	287	
185	287	
185	287	
185	287	
185	287	
185	287	271	
185	287	
185	287	
185	287	
185	287	
185	287	
185	287	
185	287	
185	287	249	
185	287	
185	287	
185	287	
185	287	
185	287	153	
185	287	153	
185	287	
185	287	
185	287	
185	287	351	
185	287	
185	287	
185	287	
185	287	
185	287	285	
185	287	
185	287	169	187	
185	287	
185	287	
185	287	177	
185	287	
185	287	
185	287	189	
185	287	
185	287	
185	287	
185	287	
185	287	
185	287	
185	287	
185	287	
185	287	319	
185	287	
185	287	
185	287	
185	287	
185	287	
185	287	
185	287	
185	287	
185	287	
185	287	177	
185	287	271	285	
185	287	285	
185	287	
185	287	
185	287	
185	287	
185	287	
185	287	286	
185	287	
185	287	
185	287	
185	287	
185	287	
185	287	
185	287	
185	287	
185	287	
185	287	
185	287	
185	287	
185	287	177	
185	287	
185	287	
185	287	
185	287	
185	287	
185	287	
185	287	279	
185	287	153	
185	287	
185	287	
185	287	
185	287	
185	287	
185	287	
185	287	
185	287	
185	287	319	
185	287	169	
185	287	
185	287	
185	287	263	
185	287	
185	287	
185	287	169	
185	287	
185	287	
185	287	
185	287	57	
185	287	
185	287	
185	287	281	271	
185	287	281	189	
185	287	281	
185	287	281	
185	287	281	
185	287	281	
185	287	281	
185	287	281	189	
185	287	281	279	
185	287	281	
185	287	281	
185	287	281	
185	287	281	279	
185	287	281	
185	287	281	
185	287	281	57	
185	287	281	
185	287	281	189	153	
185	287	281	
185	287	281	
185	287	281	
185	287	281	
185	287	281	
185	287	281	273	
185	287	281	177	
185	287	281	
185	287	281	
185	287	281	
185	287	281	
185	287	281	279	
185	287	281	
185	287	281	
185	287	281	
185	287	281	
185	287	281	
185	287	281	
185	287	281	
185	287	281	
185	287	281	153	
185	287	281	
185	287	281	
185	287	281	
185	287	281	
185	287	281	187	
185	287	281	253	
185	287	281	253	
185	287	281	253	
185	287	281	169	
185	287	281	
185	287	281	
185	287	281	409	
185	287	281	
185	287	281	
185	287	281	
185	287	281	415	
185	287	281	
185	287	281	345	283	
185	287	281	
185	287	281	
185	287	281	285	
185	287	281	
185	287	281	313	
185	287	281	
185	287	281	
185	287	281	
185	287	281	
185	287	281	161	
185	287	281	225	224	192	64	
185	287	281	192	184	
281	192	409	
281	192	285	268	349	269	397	
281	192	285	349	269	397	200	399	268	
192	285	349	269	397	194	457	
192	285	349	269	397	194	
192	349	269	397	
192	349	269	
192	349	269	267	
192	349	269	261	
192	349	269	
192	349	269	
192	349	269	
192	349	269	
192	349	269	196	
192	349	269	397	
192	349	269	
192	349	269	333	
192	349	269	
192	349	269	
192	349	269	
192	349	269	
192	349	269	128	
192	349	269	
192	349	269	
192	349	269	
192	349	269	
192	349	269	224	208	
192	349	269	285	
192	349	269	
192	349	269	
192	349	269	
192	349	269	
192	349	269	193	
192	349	269	
192	349	269	
192	349	269	196	
192	349	269	
192	349	269	
192	349	269	
192	349	269	
192	349	269	
192	349	269	381	
192	349	269	
192	349	269	
192	349	269	
192	349	269	
192	349	269	
192	349	269	
192	349	269	325	
192	349	269	
192	349	269	196	
192	349	269	
192	349	269	
192	349	269	
192	349	269	
192	349	269	
192	349	269	
192	349	269	
192	349	269	
192	349	269	
192	349	269	
192	269	194	
192	269	208	
192	269	397	
192	269	
192	269	
192	269	
192	269	208	
192	269	301	
192	269	268	
192	269	397	
192	269	397	
192	269	
192	269	194	
192	269	
192	269	397	
192	269	
192	269	194	
192	269	
192	269	
192	269	
192	269	265	
192	269	285	287	
192	269	208	
192	269	
192	269	
192	269	
192	269	
192	269	
192	269	
192	269	
192	269	
192	269	208	
192	269	
192	269	
192	269	
192	269	
192	269	397	
192	269	
192	269	285	
192	269	
192	269	285	
192	269	
192	269	
192	269	397	
192	269	
192	269	
192	269	64	
192	269	
192	269	193	
192	269	
192	269	200	
192	269	
192	269	
192	269	
192	269	
192	269	
192	269	
192	269	196	
192	269	224	
192	269	
192	269	
192	269	
192	269	
192	269	
192	269	268	
192	269	64	
192	269	
192	269	64	193	
192	269	
192	269	200	
192	269	
192	269	68	100	
192	269	68	100	
192	269	68	76	
192	269	68	397	
192	269	68	397	
192	269	68	397	271	
192	269	68	397	271	268	303	
192	269	68	397	271	285	261	
192	269	68	397	285	84	349	92	194	
192	269	397	84	349	381	
192	269	397	84	349	
192	269	397	349	393	333	
192	269	397	349	
192	269	349	
192	269	349	128	
192	269	349	
192	269	349	
192	269	349	
192	269	349	
192	269	349	
192	269	349	333	
192	269	349	301	
192	269	349	265	
192	269	349	381	
192	269	349	268	341	
192	269	349	
192	269	349	
192	269	349	
192	269	349	128	397	389	
192	269	349	285	
192	269	349	194	271	
192	269	349	397	
192	269	349	
192	269	349	351	397	333	
192	269	397	
192	269	
192	269	271	
192	269	68	
192	269	68	
192	269	68	
192	269	68	271	
192	269	68	271	193	201	
192	269	68	271	193	195	197	0	
269	68	271	193	195	197	0	270	64	227	
271	193	195	197	0	335	
271	193	195	0	129	
271	193	195	0	270	
271	193	195	0	
271	193	0	287	285	413	397	
271	0	285	413	
0	285	413	
285	
