1	254	258	512
2	212	218	430
3	214	192	406
4	219	219	438
5	225	207	432
6	195	241	436
7	231	236	467
8	234	212	446
9	231	238	469
10	232	240	472
11	240	236	476
12	253	244	497
13	289	262	551
14	309	269	578
15	370	254	624
16	475	248	723
17	579	291	870
18	565	359	924
19	561	369	930
20	540	371	911
21	549	360	909
22	556	381	937
23	589	395	984
24	651	387	1038
25	741	422	1163
26	813	436	1249
27	800	455	1255
28	769	536	1305
29	823	592	1415
30	867	577	1444
31	821	722	1543
32	834	737	1571
33	787	759	1546
34	793	813	1606
35	789	832	1621
36	783	828	1611
37	798	813	1611
38	798	821	1619
39	793	820	1613
40	784	812	1596
41	798	834	1632
42	770	823	1593
43	785	827	1612
44	780	840	1620
45	789	825	1614
46	794	828	1622
47	820	820	1640
48	780	834	1614
49	780	822	1602
50	796	834	1630
51	768	828	1596
52	785	826	1611
53	800	849	1649
54	795	829	1624
55	790	806	1596
56	780	806	1586
57	807	824	1631
58	773	801	1574
59	789	811	1600
60	785	804	1589
61	801	850	1651
62	796	822	1618
63	764	815	1579
64	781	814	1595
65	810	830	1640
66	792	819	1611
67	795	838	1633
68	799	804	1603
69	771	824	1595
70	795	788	1583
71	766	835	1601
72	800	803	1603
73	809	808	1617
74	753	822	1575
75	825	812	1637
76	783	824	1607
77	781	822	1603
78	780	825	1605
79	783	796	1579
80	802	817	1619
81	773	815	1588
82	800	828	1628
83	795	827	1622
84	817	812	1629
85	796	812	1608
86	777	824	1601
87	789	801	1590
88	809	813	1622
89	789	820	1609
90	780	835	1615
91	797	824	1621
92	801	813	1614
93	794	811	1605
94	809	835	1644
95	782	835	1617
96	795	828	1623
97	783	810	1593
98	791	823	1614
99	799	814	1613
100	785	799	1584
101	794	808	1602
102	807	830	1637
103	767	834	1601
104	785	795	1580
105	797	820	1617
106	788	810	1598
107	817	815	1632
108	794	815	1609
109	800	818	1618
110	789	791	1580
111	774	828	1602
112	774	821	1595
113	794	806	1600
114	775	814	1589
115	784	842	1626
116	799	814	1613
117	778	797	1575
118	777	810	1587
119	795	815	1610
120	811	826	1637
121	799	797	1596
122	800	835	1635
123	768	830	1598
124	785	826	1611
125	790	820	1610
126	804	811	1615
127	785	836	1621
128	789	833	1622
129	793	818	1611
130	765	815	1580
131	794	798	1592
132	786	809	1595
133	779	820	1599
134	794	807	1601
135	784	818	1602
136	775	828	1603
137	796	827	1623
138	793	833	1626
139	784	825	1609
140	780	835	1615
141	801	859	1660
142	777	805	1582
143	762	822	1584
144	794	837	1631
145	795	823	1618
146	789	834	1623
147	817	804	1621
148	786	811	1597
149	807	809	1616
150	804	820	1624
151	779	781	1560
152	774	829	1603
153	784	812	1596
154	779	811	1590
155	770	826	1596
156	795	811	1606
157	795	828	1623
158	808	825	1633
159	774	859	1633
160	787	817	1604
161	768	807	1575
162	771	805	1576
163	784	802	1586
164	755	822	1577
165	755	815	1570
166	791	806	1597
167	823	801	1624
168	804	811	1615
169	779	799	1578
170	796	793	1589
171	771	803	1574
172	788	825	1613
173	780	823	1603
174	789	813	1602
175	797	802	1599
176	796	817	1613
177	792	802	1594
178	776	827	1603
179	776	824	1600
180	800	824	1624
181	814	818	1632
182	796	835	1631
183	775	816	1591
184	784	829	1613
185	792	827	1619
186	785	803	1588
187	773	829	1602
188	789	801	1590
189	786	839	1625
190	780	821	1601
191	804	808	1612
192	776	821	1597
193	802	800	1602
194	760	816	1576
195	779	839	1618
196	784	823	1607
197	787	835	1622
198	769	806	1575
199	772	822	1594
200	795	801	1596
201	799	826	1625
202	802	819	1621
203	789	809	1598
204	803	810	1613
205	785	809	1594
206	804	824	1628
207	797	808	1605
208	799	789	1588
209	806	744	1550
210	801	706	1507
211	798	706	1504
212	817	682	1499
213	796	647	1443
214	809	622	1431
215	824	589	1413
216	801	591	1392
217	827	543	1370
218	806	534	1340
219	800	537	1337
220	804	500	1304
221	776	449	1225
222	792	474	1266
223	823	449	1272
224	823	434	1257
225	788	399	1187
226	813	370	1183
227	840	308	1148
228	810	325	1135
229	829	314	1143
230	811	311	1122
231	844	323	1167
232	823	324	1147
233	831	313	1144
234	817	420	1237
235	627	752	1379
236	383	780	1163
237	507	757	1264
238	697	853	1550
239	725	842	1567
240	718	837	1555
241	703	813	1516
242	690	840	1530
243	703	834	1537
244	712	842	1554
245	731	829	1560
246	718	839	1557
247	691	835	1526
248	727	845	1572
249	688	849	1537
250	712	845	1557
251	718	854	1572
252	716	839	1555
253	721	843	1564
254	721	847	1568
255	722	836	1558
256	717	845	1562
257	708	814	1522
258	730	840	1570
259	719	828	1547
260	711	823	1534
261	747	842	1589
262	722	850	1572
263	716	821	1537
264	732	835	1567
265	712	821	1533
266	724	854	1578
267	696	846	1542
268	736	849	1585
269	707	825	1532
270	720	834	1554
271	705	834	1539
272	703	858	1561
273	724	831	1555
274	727	860	1587
275	727	835	1562
276	713	832	1545
277	729	846	1575
278	725	843	1568
279	706	841	1547
280	728	848	1576
281	728	815	1543
282	715	834	1549
283	722	823	1545
284	721	849	1570
285	733	841	1574
286	718	829	1547
287	711	828	1539
288	722	849	1571
289	707	844	1551
290	710	856	1566
291	706	828	1534
292	711	844	1555
293	715	841	1556
294	704	820	1524
295	696	832	1528
296	711	842	1553
297	715	855	1570
298	729	827	1556
299	725	839	1564
300	740	829	1569
301	717	846	1563
302	730	807	1537
303	719	815	1534
304	729	842	1571
305	692	827	1519
306	703	813	1516
307	724	843	1567
308	730	824	1554
309	712	834	1546
310	719	848	1567
311	723	829	1552
312	708	861	1569
313	735	836	1571
314	700	849	1549
315	709	848	1557
316	742	844	1586
317	731	829	1560
318	718	835	1553
319	740	828	1568
320	724	833	1557
321	709	833	1542
322	703	847	1550
323	701	845	1546
324	729	826	1555
325	682	840	1522
326	697	856	1553
327	729	840	1569
328	704	828	1532
329	731	836	1567
330	745	830	1575
331	704	847	1551
332	707	823	1530
333	737	833	1570
334	714	829	1543
335	705	861	1566
336	714	860	1574
337	723	812	1535
338	741	834	1575
339	710	839	1549
340	732	851	1583
341	736	842	1578
342	744	845	1589
343	701	823	1524
344	702	856	1558
345	722	835	1557
346	730	838	1568
347	719	846	1565
348	717	846	1563
349	686	839	1525
350	716	854	1570
351	719	838	1557
352	726	828	1554
353	712	827	1539
354	723	832	1555
355	713	848	1561
356	713	850	1563
357	714	825	1539
358	718	833	1551
359	720	845	1565
360	718	841	1559
361	702	821	1523
362	738	834	1572
363	729	829	1558
364	716	828	1544
365	706	838	1544
366	696	828	1524
367	733	818	1551
368	728	843	1571
369	719	833	1552
370	731	826	1557
371	715	849	1564
372	699	818	1517
373	701	847	1548
374	704	828	1532
375	724	849	1573
376	690	827	1517
377	718	849	1567
378	718	816	1534
379	721	846	1567
380	725	807	1532
381	723	825	1548
382	717	828	1545
383	724	805	1529
384	686	829	1515
385	688	850	1538
386	742	828	1570
387	731	837	1568
388	723	848	1571
389	723	855	1578
390	714	830	1544
391	681	837	1518
392	727	804	1531
393	710	851	1561
394	706	855	1561
395	741	819	1560
396	727	838	1565
397	711	841	1552
398	727	817	1544
399	706	825	1531
400	728	836	1564
401	710	844	1554
402	713	833	1546
403	723	834	1557
404	704	836	1540
405	724	831	1555
406	732	857	1589
407	698	840	1538
408	709	830	1539
409	711	840	1551
410	707	841	1548
411	717	828	1545
412	738	832	1570
413	729	833	1562
414	696	821	1517
415	705	843	1548
416	724	843	1567
417	721	858	1579
418	712	853	1565
419	719	824	1543
420	692	850	1542
421	720	860	1580
422	709	842	1551
423	689	836	1525
424	726	840	1566
425	725	847	1572
426	724	846	1570
427	694	832	1526
428	710	848	1558
429	684	814	1498
430	701	847	1548
431	700	822	1522
432	694	847	1541
433	709	838	1547
434	720	830	1550
435	739	839	1578
436	715	834	1549
437	695	840	1535
438	738	820	1558
439	721	830	1551
440	740	830	1570
441	737	861	1598
442	708	853	1561
443	706	856	1562
444	713	835	1548
445	717	839	1556
446	704	839	1543
447	719	830	1549
448	733	850	1583
449	722	843	1565
450	713	842	1555
451	708	840	1548
452	705	832	1537
453	710	847	1557
454	729	835	1564
455	735	832	1567
456	710	841	1551
457	710	839	1549
458	721	847	1568
459	710	844	1554
460	718	832	1550
461	722	829	1551
462	708	839	1547
463	702	832	1534
464	704	842	1546
465	703	849	1552
466	697	835	1532
467	708	867	1575
468	703	842	1545
469	710	840	1550
470	720	846	1566
471	729	821	1550
472	708	846	1554
473	717	819	1536
474	705	841	1546
475	728	830	1558
476	731	856	1587
477	720	838	1558
478	728	830	1558
479	757	842	1599
480	705	857	1562
481	701	855	1556
482	685	828	1513
483	724	839	1563
484	698	820	1518
485	723	824	1547
486	733	850	1583
487	704	837	1541
488	715	852	1567
489	711	827	1538
490	723	826	1549
491	713	825	1538
492	714	808	1522
493	720	827	1547
494	696	832	1528
495	725	856	1581
496	712	808	1520
497	695	869	1564
498	720	861	1581
499	711	831	1542
500	705	812	1517
501	714	833	1547
502	714	833	1547
503	729	868	1597
504	721	824	1545
505	699	824	1523
506	707	861	1568
507	714	826	1540
508	706	855	1561
509	713	834	1547
510	706	822	1528
511	707	824	1531
512	719	835	1554
513	714	829	1543
514	732	833	1565
515	730	830	1560
516	722	844	1566
517	702	832	1534
518	727	854	1581
519	724	829	1553
520	708	842	1550
521	730	841	1571
522	730	844	1574
523	711	836	1547
524	720	837	1557
525	713	829	1542
526	711	849	1560
527	715	845	1560
528	704	845	1549
529	731	828	1559
530	732	849	1581
531	712	845	1557
532	716	861	1577
533	698	834	1532
534	730	832	1562
535	711	829	1540
536	719	831	1550
537	713	840	1553
538	689	822	1511
539	720	823	1543
540	713	829	1542
541	719	828	1547
542	718	840	1558
543	715	836	1551
544	712	827	1539
545	693	850	1543
546	712	853	1565
547	716	838	1554
548	714	828	1542
549	708	833	1541
550	715	847	1562
551	709	856	1565
552	674	843	1517
553	716	859	1575
554	729	858	1587
555	748	795	1543
556	721	871	1592
557	702	844	1546
558	712	832	1544
559	723	821	1544
560	698	862	1560
561	728	848	1576
562	715	824	1539
563	686	841	1527
564	740	867	1607
565	713	830	1543
566	710	844	1554
567	700	813	1513
568	731	855	1586
569	678	848	1526
570	705	821	1526
571	717	829	1546
572	726	826	1552
573	702	835	1537
574	717	848	1565
575	695	841	1536
576	731	816	1547
577	722	834	1556
578	729	819	1548
579	699	834	1533
580	702	841	1543
581	703	826	1529
582	721	851	1572
583	716	821	1537
584	718	837	1555
585	720	831	1551
586	699	838	1537
587	717	866	1583
588	728	821	1549
589	744	830	1574
590	720	816	1536
591	721	831	1552
592	737	844	1581
593	722	850	1572
594	703	845	1548
595	749	856	1605
596	728	828	1556
597	720	870	1590
598	742	853	1595
599	694	831	1525
600	727	833	1560
601	714	809	1523
602	744	831	1575
603	745	842	1587
604	721	855	1576
605	711	834	1545
606	687	835	1522
607	704	857	1561
608	717	857	1574
609	705	826	1531
610	728	830	1558
611	702	835	1537
612	726	834	1560
613	720	828	1548
614	715	842	1557
615	732	841	1573
616	719	861	1580
617	711	816	1527
618	728	816	1544
619	715	833	1548
620	707	819	1526
621	697	842	1539
622	700	836	1536
623	714	843	1557
624	730	848	1578
625	688	846	1534
626	698	805	1503
627	696	830	1526
628	724	833	1557
629	729	832	1561
630	721	853	1574
631	713	862	1575
632	717	830	1547
633	719	855	1574
634	739	844	1583
635	707	846	1553
636	726	834	1560
637	714	852	1566
638	712	823	1535
639	700	827	1527
640	720	819	1539
641	729	830	1559
642	719	839	1558
643	717	816	1533
644	719	837	1556
645	712	823	1535
646	709	848	1557
647	722	840	1562
648	706	829	1535
649	710	816	1526
650	714	830	1544
651	736	848	1584
652	705	855	1560
653	723	843	1566
654	704	820	1524
655	722	857	1579
656	712	826	1538
657	705	836	1541
658	697	862	1559
659	711	851	1562
660	713	823	1536
661	719	819	1538
662	710	813	1523
663	711	844	1555
664	713	823	1536
665	713	847	1560
666	698	840	1538
667	733	838	1571
668	712	841	1553
669	724	823	1547
670	716	828	1544
671	725	841	1566
672	698	834	1532
673	722	820	1542
674	695	839	1534
675	733	828	1561
676	714	826	1540
677	724	827	1551
678	721	840	1561
679	699	847	1546
680	709	813	1522
681	713	824	1537
682	716	832	1548
683	708	824	1532
684	724	844	1568
685	721	834	1555
686	715	861	1576
687	705	857	1562
688	693	852	1545
689	722	852	1574
690	715	829	1544
691	710	812	1522
692	711	831	1542
693	740	818	1558
694	716	838	1554
695	715	860	1575
696	737	865	1602
697	700	861	1561
698	711	840	1551
699	695	822	1517
700	716	826	1542
701	744	833	1577
702	706	842	1548
703	746	838	1584
704	711	843	1554
705	713	839	1552
706	725	857	1582
707	699	849	1548
708	708	853	1561
709	713	855	1568
710	728	832	1560
711	708	820	1528
712	724	836	1560
713	704	825	1529
714	711	843	1554
715	735	853	1588
716	726	847	1573
717	692	837	1529
718	729	843	1572
719	727	855	1582
720	717	843	1560
721	699	826	1525
722	726	814	1540
723	700	831	1531
724	733	831	1564
725	716	835	1551
726	698	855	1553
727	732	815	1547
728	696	830	1526
729	722	859	1581
730	723	844	1567
731	697	836	1533
732	736	854	1590
733	723	807	1530
734	723	843	1566
735	712	833	1545
736	711	831	1542
737	710	844	1554
738	714	841	1555
739	725	827	1552
740	697	866	1563
741	721	854	1575
742	695	824	1519
743	731	823	1554
744	705	821	1526
745	707	828	1535
746	717	837	1554
747	737	822	1559
748	713	848	1561
749	707	830	1537
750	738	844	1582
751	694	860	1554
752	706	839	1545
753	731	821	1552
754	719	836	1555
755	713	853	1566
756	726	825	1551
757	700	830	1530
758	723	838	1561
759	730	824	1554
760	710	825	1535
761	699	841	1540
762	723	845	1568
763	724	838	1562
764	706	829	1535
765	712	840	1552
766	734	829	1563
767	714	843	1557
768	716	817	1533
769	730	844	1574
770	710	836	1546
771	706	837	1543
772	728	841	1569
773	722	845	1567
774	716	827	1543
775	720	832	1552
776	710	824	1534
777	714	854	1568
778	709	829	1538
779	722	839	1561
780	691	869	1560
781	703	844	1547
782	725	849	1574
783	693	844	1537
784	701	837	1538
785	727	812	1539
786	727	841	1568
787	733	840	1573
788	730	825	1555
789	720	844	1564
790	720	863	1583
791	722	823	1545
792	724	824	1548
793	729	840	1569
794	708	832	1540
795	708	864	1572
796	742	840	1582
797	721	818	1539
798	718	853	1571
799	719	842	1561
800	741	834	1575
801	731	842	1573
802	715	864	1579
803	724	827	1551
804	710	851	1561
805	728	812	1540
806	714	836	1550
807	703	835	1538
808	723	866	1589
809	691	823	1514
810	724	839	1563
811	716	818	1534
812	725	857	1582
813	708	852	1560
814	730	835	1565
815	693	835	1528
816	713	825	1538
817	703	832	1535
818	716	851	1567
819	715	852	1567
820	728	822	1550
821	707	841	1548
822	726	824	1550
823	708	840	1548
824	703	807	1510
825	741	831	1572
826	728	823	1551
827	684	847	1531
828	712	835	1547
829	717	844	1561
830	712	824	1536
831	739	830	1569
832	700	869	1569
833	700	832	1532
834	714	865	1579
835	700	851	1551
836	717	854	1571
837	720	827	1547
838	733	843	1576
839	703	825	1528
840	719	826	1545
841	711	862	1573
842	738	825	1563
843	712	828	1540
844	722	832	1554
845	721	863	1584
846	705	826	1531
847	721	842	1563
848	701	856	1557
849	699	813	1512
850	713	838	1551
851	723	808	1531
852	714	840	1554
853	712	806	1518
854	701	838	1539
855	718	847	1565
856	710	833	1543
857	731	820	1551
858	729	852	1581
859	710	844	1554
860	688	841	1529
861	720	851	1571
862	727	822	1549
863	722	836	1558
864	711	847	1558
865	709	849	1558
866	702	828	1530
867	726	840	1566
868	713	849	1562
869	737	825	1562
870	723	837	1560
871	710	844	1554
872	694	847	1541
873	701	830	1531
874	709	854	1563
875	714	811	1525
876	711	845	1556
877	719	829	1548
878	708	837	1545
879	718	869	1587
880	726	827	1553
881	692	848	1540
882	723	854	1577
883	712	846	1558
884	727	838	1565
885	735	838	1573
886	712	854	1566
887	707	841	1548
888	729	825	1554
889	730	825	1555
890	723	840	1563
891	705	842	1547
892	689	835	1524
893	716	844	1560
894	720	834	1554
895	691	864	1555
896	703	821	1524
897	701	830	1531
898	697	845	1542
899	727	839	1566
900	730	844	1574
901	724	847	1571
902	732	814	1546
903	727	872	1599
904	701	840	1541
905	723	837	1560
906	716	823	1539
907	706	847	1553
908	711	832	1543
909	698	821	1519
910	745	843	1588
911	726	824	1550
912	698	845	1543
913	705	832	1537
914	723	838	1561
915	725	848	1573
916	722	833	1555
917	698	845	1543
918	707	823	1530
919	716	844	1560
920	717	836	1553
921	726	828	1554
922	716	831	1547
923	717	832	1549
924	710	854	1564
925	720	843	1563
926	718	843	1561
927	716	845	1561
928	712	843	1555
929	728	824	1552
930	708	837	1545
931	727	819	1546
932	732	833	1565
933	730	839	1569
934	715	833	1548
935	717	846	1563
936	711	818	1529
937	721	861	1582
938	714	856	1570
939	714	853	1567
940	705	820	1525
941	718	828	1546
942	709	837	1546
943	709	851	1560
944	712	822	1534
945	713	842	1555
946	690	860	1550
947	723	836	1559
948	698	828	1526
949	744	836	1580
950	730	823	1553
951	701	827	1528
952	725	825	1550
953	736	840	1576
954	714	844	1558
955	738	854	1592
956	716	832	1548
957	703	836	1539
958	731	809	1540
959	704	815	1519
960	727	820	1547
961	710	852	1562
962	691	856	1547
963	703	834	1537
964	722	824	1546
965	735	819	1554
966	722	845	1567
967	699	859	1558
968	720	847	1567
969	721	840	1561
970	734	815	1549
971	713	824	1537
972	714	824	1538
973	708	840	1548
974	727	845	1572
975	728	842	1570
976	711	828	1539
977	730	819	1549
978	702	848	1550
979	738	838	1576
980	684	835	1519
981	715	834	1549
982	713	841	1554
983	719	833	1552
984	726	814	1540
985	721	838	1559
986	717	849	1566
987	709	835	1544
988	713	850	1563
989	702	844	1546
990	724	819	1543
991	721	832	1553
992	722	846	1568
993	673	841	1514
994	714	849	1563
995	708	838	1546
996	712	845	1557
997	732	827	1559
998	731	840	1571
999	734	832	1566
1000	715	840	1555
1001	720	841	1561
1002	707	836	1543
1003	690	863	1553
1004	722	835	1557
1005	713	816	1529
1006	721	831	1552
1007	735	829	1564
1008	698	810	1508
1009	729	852	1581
1010	709	833	1542
1011	722	839	1561
1012	755	850	1605
1013	713	844	1557
1014	722	817	1539
1015	709	827	1536
1016	715	831	1546
1017	712	823	1535
1018	692	846	1538
1019	731	852	1583
1020	716	836	1552
1021	734	823	1557
1022	711	830	1541
1023	712	844	1556
1024	707	848	1555
1025	715	848	1563
1026	721	833	1554
1027	702	870	1572
1028	735	849	1584
1029	685	829	1514
1030	730	819	1549
1031	706	822	1528
1032	704	827	1531
1033	717	846	1563
1034	716	831	1547
1035	703	839	1542
1036	716	842	1558
1037	729	853	1582
1038	702	851	1553
1039	715	841	1556
1040	751	827	1578
1041	725	831	1556
1042	710	840	1550
1043	717	827	1544
1044	713	822	1535
1045	714	825	1539
1046	711	837	1548
1047	711	844	1555
1048	708	845	1553
1049	711	857	1568
1050	729	836	1565
1051	703	832	1535
1052	688	823	1511
1053	691	819	1510
1054	710	836	1546
1055	721	848	1569
1056	722	832	1554
1057	708	828	1536
1058	715	829	1544
1059	724	839	1563
1060	726	832	1558
1061	688	854	1542
1062	694	816	1510
1063	718	861	1579
1064	710	832	1542
1065	732	823	1555
1066	749	833	1582
1067	716	853	1569
1068	719	866	1585
1069	747	855	1602
1070	695	839	1534
1071	716	828	1544
1072	730	822	1552
1073	724	838	1562
1074	711	831	1542
1075	691	839	1530
1076	707	827	1534
1077	713	853	1566
1078	712	810	1522
1079	718	825	1543
1080	724	863	1587
1081	712	800	1512
1082	710	829	1539
1083	690	859	1549
1084	715	835	1550
1085	711	844	1555
1086	696	849	1545
1087	703	830	1533
1088	697	844	1541
1089	728	827	1555
1090	737	836	1573
1091	719	846	1565
1092	729	828	1557
1093	704	834	1538
1094	700	835	1535
1095	713	838	1551
1096	731	817	1548
1097	705	837	1542
1098	719	842	1561
1099	725	834	1559
1100	707	819	1526
1101	728	837	1565
1102	719	841	1560
1103	713	831	1544
1104	704	866	1570
1105	742	832	1574
1106	721	849	1570
1107	710	845	1555
1108	717	856	1573
1109	720	811	1531
1110	717	865	1582
1111	720	847	1567
1112	725	831	1556
1113	722	826	1548
1114	719	832	1551
1115	719	846	1565
1116	746	839	1585
1117	732	826	1558
1118	703	837	1540
1119	687	843	1530
1120	704	835	1539
1121	690	852	1542
1122	685	837	1522
1123	733	834	1567
1124	716	854	1570
1125	738	866	1604
1126	724	864	1588
1127	705	860	1565
1128	708	824	1532
1129	710	856	1566
1130	704	855	1559
1131	717	817	1534
1132	703	854	1557
1133	737	849	1586
1134	732	833	1565
1135	715	828	1543
1136	722	842	1564
1137	711	840	1551
1138	727	829	1556
1139	726	819	1545
1140	731	815	1546
1141	708	823	1531
1142	715	826	1541
1143	699	838	1537
1144	732	847	1579
1145	700	864	1564
1146	709	859	1568
1147	730	855	1585
1148	716	817	1533
1149	742	834	1576
1150	731	819	1550
1151	705	835	1540
1152	713	831	1544
1153	711	851	1562
1154	728	836	1564
1155	735	856	1591
1156	700	870	1570
1157	704	850	1554
1158	726	829	1555
1159	715	842	1557
1160	713	833	1546
1161	723	822	1545
1162	706	860	1566
1163	719	843	1562
1164	734	849	1583
1165	717	847	1564
1166	722	831	1553
1167	701	839	1540
1168	725	836	1561
1169	715	820	1535
1170	704	852	1556
1171	723	822	1545
1172	713	856	1569
1173	707	840	1547
1174	697	825	1522
1175	704	831	1535
1176	703	845	1548
1177	704	823	1527
1178	730	832	1562
1179	730	816	1546
1180	704	838	1542
1181	703	831	1534
1182	737	837	1574
1183	719	857	1576
1184	717	835	1552
1185	711	850	1561
1186	716	844	1560
1187	687	836	1523
1188	704	825	1529
1189	714	835	1549
1190	762	838	1600
1191	719	833	1552
1192	722	835	1557
1193	703	828	1531
1194	710	843	1553
1195	739	819	1558
1196	706	818	1524
1197	724	841	1565
1198	742	836	1578
1199	726	827	1553
1200	723	825	1548
1201	727	862	1589
1202	712	854	1566
1203	714	819	1533
1204	702	845	1547
1205	705	847	1552
1206	733	825	1558
1207	735	812	1547
1208	723	814	1537
1209	708	825	1533
1210	700	835	1535
1211	704	830	1534
1212	704	829	1533
1213	729	843	1572
1214	714	845	1559
1215	726	818	1544
1216	704	825	1529
1217	701	836	1537
1218	758	808	1566
1219	716	836	1552
1220	716	855	1571
1221	718	835	1553
1222	706	842	1548
1223	715	822	1537
1224	730	832	1562
1225	718	836	1554
1226	730	856	1586
1227	706	836	1542
1228	732	830	1562
1229	706	838	1544
1230	727	832	1559
1231	723	845	1568
1232	707	837	1544
1233	712	857	1569
1234	718	838	1556
1235	715	811	1526
1236	726	838	1564
1237	718	813	1531
1238	688	855	1543
1239	723	831	1554
1240	704	843	1547
1241	728	838	1566
1242	708	832	1540
1243	723	852	1575
1244	719	835	1554
1245	751	850	1601
1246	730	832	1562
1247	712	844	1556
1248	721	841	1562
1249	710	834	1544
1250	727	834	1561
1251	725	836	1561
1252	721	834	1555
1253	724	829	1553
1254	735	866	1601
1255	719	839	1558
1256	697	820	1517
1257	731	830	1561
1258	745	829	1574
1259	717	838	1555
1260	727	820	1547
1261	751	830	1581
1262	726	845	1571
1263	726	830	1556
1264	712	843	1555
1265	696	849	1545
1266	720	848	1568
1267	708	863	1571
1268	720	835	1555
1269	718	823	1541
1270	734	817	1551
1271	725	846	1571
1272	724	835	1559
1273	694	854	1548
1274	722	845	1567
1275	710	842	1552
1276	717	842	1559
1277	727	834	1561
1278	718	858	1576
1279	699	839	1538
1280	689	806	1495
1281	710	832	1542
1282	727	823	1550
1283	722	841	1563
1284	737	813	1550
1285	698	833	1531
1286	689	828	1517
1287	712	838	1550
1288	730	821	1551
1289	712	808	1520
1290	696	845	1541
1291	712	832	1544
1292	739	832	1571
1293	718	816	1534
1294	708	847	1555
1295	710	831	1541
1296	726	846	1572
1297	734	842	1576
1298	714	860	1574
1299	690	870	1560
1300	706	840	1546
1301	722	833	1555
1302	699	870	1569
1303	736	836	1572
1304	713	853	1566
1305	701	836	1537
1306	717	825	1542
1307	720	848	1568
1308	698	836	1534
1309	719	843	1562
1310	710	838	1548
1311	730	829	1559
1312	706	844	1550
1313	690	836	1526
1314	723	844	1567
1315	667	834	1501
1316	676	828	1504
1317	724	835	1559
1318	721	835	1556
1319	721	818	1539
1320	707	844	1551
1321	718	816	1534
1322	712	839	1551
1323	707	850	1557
1324	710	860	1570
1325	718	839	1557
1326	713	836	1549
1327	695	837	1532
1328	701	841	1542
1329	697	822	1519
1330	729	849	1578
1331	705	844	1549
1332	715	857	1572
1333	723	826	1549
1334	711	833	1544
1335	716	846	1562
1336	726	808	1534
1337	711	839	1550
1338	729	840	1569
1339	725	853	1578
1340	711	833	1544
1341	713	845	1558
1342	722	848	1570
1343	727	848	1575
1344	721	825	1546
1345	713	820	1533
1346	712	830	1542
1347	702	835	1537
1348	697	829	1526
1349	710	831	1541
1350	744	854	1598
1351	715	836	1551
1352	708	836	1544
1353	730	819	1549
1354	702	827	1529
1355	701	855	1556
1356	718	827	1545
1357	725	836	1561
1358	716	838	1554
1359	716	850	1566
1360	726	828	1554
1361	718	834	1552
1362	739	830	1569
1363	714	838	1552
1364	725	835	1560
1365	703	831	1534
1366	720	828	1548
1367	722	831	1553
1368	727	811	1538
1369	736	809	1545
1370	734	823	1557
1371	701	852	1553
1372	723	829	1552
1373	708	841	1549
1374	713	841	1554
1375	723	834	1557
1376	718	839	1557
1377	734	843	1577
1378	713	825	1538
1379	709	867	1576
1380	723	843	1566
1381	731	846	1577
1382	705	866	1571
1383	713	837	1550
1384	699	833	1532
1385	695	835	1530
1386	707	823	1530
1387	707	832	1539
1388	696	864	1560
1389	711	845	1556
1390	720	848	1568
1391	693	836	1529
1392	702	859	1561
1393	719	822	1541
1394	724	850	1574
1395	721	847	1568
1396	724	827	1551
1397	723	828	1551
1398	710	858	1568
1399	722	846	1568
1400	720	825	1545
1401	711	832	1543
1402	697	838	1535
1403	728	840	1568
1404	728	835	1563
1405	734	837	1571
1406	738	832	1570
1407	725	832	1557
1408	723	844	1567
1409	724	843	1567
1410	691	823	1514
1411	723	825	1548
1412	729	817	1546
1413	727	863	1590
1414	725	831	1556
1415	725	823	1548
1416	724	847	1571
1417	716	818	1534
1418	710	832	1542
1419	702	852	1554
1420	707	848	1555
1421	717	831	1548
1422	721	839	1560
1423	723	833	1556
1424	717	816	1533
1425	733	843	1576
1426	725	831	1556
1427	730	850	1580
1428	720	812	1532
1429	726	842	1568
1430	731	834	1565
1431	724	850	1574
1432	719	854	1573
1433	759	817	1576
1434	730	837	1567
1435	698	857	1555
1436	729	822	1551
1437	718	846	1564
1438	708	828	1536
1439	701	845	1546
1440	712	846	1558
1441	743	829	1572
1442	713	841	1554
1443	712	839	1551
1444	719	815	1534
1445	720	848	1568
1446	702	830	1532
1447	697	840	1537
1448	719	833	1552
1449	721	858	1579
1450	707	833	1540
1451	716	833	1549
1452	726	825	1551
1453	717	838	1555
1454	714	836	1550
1455	708	849	1557
1456	698	823	1521
1457	739	856	1595
1458	705	808	1513
1459	724	811	1535
1460	709	836	1545
1461	704	858	1562
1462	723	834	1557
1463	709	856	1565
1464	722	846	1568
1465	701	859	1560
1466	716	836	1552
1467	722	828	1550
1468	707	846	1553
1469	721	832	1553
1470	718	842	1560
1471	722	841	1563
1472	703	843	1546
1473	707	850	1557
1474	711	839	1550
1475	729	844	1573
1476	698	838	1536
1477	726	821	1547
1478	718	828	1546
1479	707	827	1534
1480	708	835	1543
1481	721	864	1585
1482	714	852	1566
1483	716	839	1555
1484	719	832	1551
1485	706	844	1550
1486	723	845	1568
1487	730	821	1551
1488	718	827	1545
1489	720	832	1552
1490	688	850	1538
1491	702	827	1529
1492	693	841	1534
1493	719	830	1549
1494	745	841	1586
1495	697	856	1553
1496	702	833	1535
1497	703	846	1549
1498	727	835	1562
1499	715	836	1551
1500	700	831	1531
1501	694	803	1497
1502	720	836	1556
1503	710	841	1551
1504	709	841	1550
1505	707	844	1551
1506	706	839	1545
1507	735	816	1551
1508	706	832	1538
1509	697	842	1539
1510	714	842	1556
1511	719	856	1575
1512	712	820	1532
1513	717	843	1560
1514	714	839	1553
1515	708	808	1516
1516	703	843	1546
1517	709	856	1565
1518	727	841	1568
1519	723	822	1545
1520	724	829	1553
1521	699	850	1549
1522	690	855	1545
1523	716	841	1557
1524	731	858	1589
1525	715	818	1533
1526	713	829	1542
1527	726	830	1556
1528	723	821	1544
1529	710	862	1572
1530	704	846	1550
1531	718	831	1549
1532	719	821	1540
1533	711	846	1557
1534	696	846	1542
1535	713	838	1551
1536	709	819	1528
1537	714	809	1523
1538	723	852	1575
1539	700	849	1549
1540	725	837	1562
1541	716	836	1552
1542	727	851	1578
1543	694	846	1540
1544	705	838	1543
1545	728	846	1574
1546	712	842	1554
1547	719	830	1549
1548	706	839	1545
1549	721	856	1577
1550	749	825	1574
1551	713	838	1551
1552	738	826	1564
1553	714	820	1534
1554	717	851	1568
1555	724	841	1565
1556	714	852	1566
1557	714	865	1579
1558	719	843	1562
1559	701	824	1525
1560	724	822	1546
1561	700	846	1546
1562	723	823	1546
1563	715	826	1541
1564	719	831	1550
1565	723	845	1568
1566	689	854	1543
1567	726	814	1540
1568	723	809	1532
1569	719	855	1574
1570	684	821	1505
1571	724	850	1574
1572	728	817	1545
1573	704	818	1522
1574	706	832	1538
1575	722	843	1565
1576	709	858	1567
1577	700	865	1565
1578	711	842	1553
1579	713	832	1545
1580	711	836	1547
1581	712	839	1551
1582	720	833	1553
1583	730	841	1571
1584	724	843	1567
1585	725	869	1594
1586	723	826	1549
1587	723	812	1535
1588	711	840	1551
1589	726	823	1549
1590	700	835	1535
1591	722	856	1578
1592	687	842	1529
1593	722	827	1549
1594	709	834	1543
1595	731	827	1558
1596	710	840	1550
1597	721	844	1565
1598	719	833	1552
1599	693	840	1533
1600	724	827	1551
1601	711	847	1558
1602	710	840	1550
1603	729	841	1570
1604	717	854	1571
1605	684	826	1510
1606	716	853	1569
1607	721	836	1557
1608	730	832	1562
1609	724	821	1545
1610	719	871	1590
1611	729	813	1542
1612	717	848	1565
1613	713	828	1541
1614	709	841	1550
1615	736	835	1571
1616	738	841	1579
1617	710	829	1539
1618	727	869	1596
1619	739	842	1581
1620	718	847	1565
1621	721	825	1546
1622	715	831	1546
1623	691	833	1524
1624	723	830	1553
1625	700	861	1561
1626	712	835	1547
1627	721	827	1548
1628	739	813	1552
1629	724	843	1567
1630	705	828	1533
1631	703	863	1566
1632	715	852	1567
1633	714	845	1559
1634	707	866	1573
1635	713	833	1546
1636	716	825	1541
1637	744	855	1599
1638	711	854	1565
1639	708	839	1547
1640	721	839	1560
1641	705	824	1529
1642	707	813	1520
1643	719	822	1541
1644	714	830	1544
1645	732	830	1562
1646	706	853	1559
1647	717	852	1569
1648	736	837	1573
1649	711	846	1557
1650	729	813	1542
1651	725	831	1556
1652	698	839	1537
1653	713	844	1557
1654	703	831	1534
1655	729	838	1567
1656	723	814	1537
1657	735	797	1532
1658	718	829	1547
1659	707	834	1541
1660	724	842	1566
1661	723	830	1553
1662	731	831	1562
1663	705	828	1533
1664	726	853	1579
1665	720	825	1545
1666	710	825	1535
1667	705	865	1570
1668	722	828	1550
1669	740	840	1580
1670	716	856	1572
1671	694	823	1517
1672	717	847	1564
1673	712	847	1559
1674	711	831	1542
1675	726	814	1540
1676	711	858	1569
1677	716	857	1573
1678	716	840	1556
1679	717	834	1551
1680	735	825	1560
1681	694	828	1522
1682	701	856	1557
1683	713	826	1539
1684	717	846	1563
1685	720	832	1552
1686	721	856	1577
1687	712	842	1554
1688	701	848	1549
1689	686	859	1545
1690	716	847	1563
1691	723	847	1570
1692	700	836	1536
1693	687	849	1536
1694	742	863	1605
1695	709	846	1555
1696	713	840	1553
1697	728	847	1575
1698	718	828	1546
1699	722	832	1554
1700	704	845	1549
1701	715	829	1544
1702	720	849	1569
1703	716	838	1554
1704	722	828	1550
1705	713	826	1539
1706	719	845	1564
1707	715	840	1555
1708	730	838	1568
1709	713	843	1556
1710	718	829	1547
1711	711	848	1559
1712	696	846	1542
1713	712	839	1551
1714	719	835	1554
1715	724	825	1549
1716	717	834	1551
1717	696	857	1553
1718	707	826	1533
1719	706	824	1530
1720	697	860	1557
1721	718	830	1548
1722	709	832	1541
1723	706	822	1528
1724	715	847	1562
1725	724	828	1552
1726	715	842	1557
1727	721	833	1554
1728	722	829	1551
1729	727	849	1576
1730	745	845	1590
1731	727	831	1558
1732	730	848	1578
1733	721	831	1552
1734	705	827	1532
1735	735	845	1580
1736	698	840	1538
1737	712	835	1547
1738	723	831	1554
1739	729	860	1589
1740	687	848	1535
1741	718	854	1572
1742	733	833	1566
1743	723	830	1553
1744	725	834	1559
1745	713	834	1547
1746	720	840	1560
1747	711	858	1569
1748	681	857	1538
1749	726	846	1572
1750	711	842	1553
1751	700	834	1534
1752	700	818	1518
1753	705	838	1543
1754	707	837	1544
1755	721	836	1557
1756	735	829	1564
1757	709	838	1547
1758	695	844	1539
1759	714	839	1553
1760	736	842	1578
1761	723	841	1564
1762	727	835	1562
1763	710	848	1558
1764	717	829	1546
1765	728	836	1564
1766	711	807	1518
1767	706	847	1553
1768	712	846	1558
1769	705	832	1537
1770	717	844	1561
1771	727	814	1541
1772	696	835	1531
1773	730	861	1591
1774	709	837	1546
1775	719	841	1560
1776	718	841	1559
1777	718	863	1581
1778	710	836	1546
1779	717	860	1577
1780	730	841	1571
1781	742	818	1560
1782	728	841	1569
1783	715	839	1554
1784	711	856	1567
1785	721	855	1576
1786	712	860	1572
1787	721	828	1549
1788	711	804	1515
1789	720	833	1553
1790	721	836	1557
1791	695	837	1532
1792	699	846	1545
1793	716	832	1548
1794	730	840	1570
1795	722	824	1546
1796	741	829	1570
1797	726	808	1534
1798	719	817	1536
1799	682	857	1539
1800	740	822	1562
1801	701	854	1555
1802	716	816	1532
1803	719	827	1546
1804	716	864	1580
1805	702	852	1554
1806	725	865	1590
1807	726	829	1555
1808	717	813	1530
1809	716	838	1554
1810	725	843	1568
1811	694	852	1546
1812	759	824	1583
1813	746	843	1589
1814	706	840	1546
1815	737	804	1541
1816	729	850	1579
1817	707	840	1547
1818	695	840	1535
1819	719	842	1561
1820	714	846	1560
1821	711	824	1535
1822	715	824	1539
1823	725	822	1547
1824	708	845	1553
1825	716	842	1558
1826	705	825	1530
1827	732	824	1556
1828	710	838	1548
1829	699	835	1534
1830	708	845	1553
1831	690	849	1539
1832	731	826	1557
1833	699	819	1518
1834	704	855	1559
1835	735	833	1568
1836	720	852	1572
1837	686	838	1524
1838	716	850	1566
1839	720	847	1567
1840	715	834	1549
1841	717	844	1561
1842	722	847	1569
1843	722	841	1563
1844	700	804	1504
1845	733	831	1564
1846	711	833	1544
1847	708	848	1556
1848	728	829	1557
1849	739	826	1565
1850	717	831	1548
1851	716	838	1554
1852	714	838	1552
1853	715	839	1554
1854	724	854	1578
1855	708	816	1524
1856	734	824	1558
1857	701	852	1553
1858	703	832	1535
1859	720	842	1562
1860	717	852	1569
1861	725	817	1542
1862	723	846	1569
1863	698	834	1532
1864	704	856	1560
1865	715	845	1560
1866	713	839	1552
1867	733	824	1557
1868	715	851	1566
1869	724	835	1559
1870	726	813	1539
1871	718	837	1555
1872	743	828	1571
1873	725	833	1558
1874	716	834	1550
1875	749	826	1575
1876	699	838	1537
1877	731	824	1555
1878	728	830	1558
1879	718	852	1570
1880	685	849	1534
1881	709	837	1546
1882	710	848	1558
1883	704	849	1553
1884	705	831	1536
1885	698	831	1529
1886	695	844	1539
1887	712	871	1583
1888	723	822	1545
1889	726	843	1569
1890	695	829	1524
1891	740	854	1594
1892	703	822	1525
1893	712	847	1559
1894	724	830	1554
1895	708	854	1562
1896	707	834	1541
1897	716	833	1549
1898	735	835	1570
1899	700	830	1530
1900	713	846	1559
1901	720	811	1531
1902	693	858	1551
1903	709	840	1549
1904	716	838	1554
1905	740	832	1572
1906	727	813	1540
1907	731	856	1587
1908	709	838	1547
1909	711	844	1555
1910	721	853	1574
1911	738	819	1557
1912	711	840	1551
1913	734	838	1572
1914	703	840	1543
1915	698	838	1536
1916	714	848	1562
1917	696	862	1558
1918	730	841	1571
1919	713	841	1554
1920	683	867	1550
1921	734	861	1595
1922	714	817	1531
1923	711	809	1520
1924	720	838	1558
1925	704	851	1555
1926	744	838	1582
1927	731	852	1583
1928	708	846	1554
1929	691	829	1520
1930	714	856	1570
1931	702	821	1523
1932	727	829	1556
1933	701	839	1540
1934	719	834	1553
1935	719	847	1566
1936	705	850	1555
1937	690	848	1538
1938	718	832	1550
1939	710	833	1543
1940	710	831	1541
1941	705	832	1537
1942	715	820	1535
1943	729	827	1556
1944	713	842	1555
1945	726	823	1549
1946	707	821	1528
1947	716	836	1552
1948	693	833	1526
1949	708	853	1561
1950	746	845	1591
1951	711	859	1570
1952	694	842	1536
1953	719	815	1534
1954	734	853	1587
1955	702	841	1543
1956	704	844	1548
1957	720	835	1555
1958	717	834	1551
1959	716	844	1560
1960	692	828	1520
1961	720	842	1562
1962	728	829	1557
1963	740	850	1590
1964	719	829	1548
1965	704	827	1531
1966	716	829	1545
1967	721	870	1591
1968	723	850	1573
1969	730	840	1570
1970	700	821	1521
1971	712	810	1522
1972	699	825	1524
1973	707	834	1541
1974	722	832	1554
1975	716	821	1537
1976	713	839	1552
1977	718	831	1549
1978	704	831	1535
1979	710	834	1544
1980	710	863	1573
1981	712	842	1554
1982	723	810	1533
1983	731	848	1579
1984	692	846	1538
1985	725	827	1552
1986	715	823	1538
1987	715	829	1544
1988	694	819	1513
1989	704	833	1537
1990	701	856	1557
1991	708	824	1532
1992	713	839	1552
1993	723	848	1571
1994	696	824	1520
1995	717	834	1551
1996	707	837	1544
1997	711	836	1547
1998	707	818	1525
1999	731	848	1579
2000	732	831	1563
2001	707	860	1567
2002	726	825	1551
2003	710	842	1552
2004	719	836	1555
2005	705	828	1533
2006	705	838	1543
2007	714	814	1528
2008	712	858	1570
2009	712	865	1577
2010	716	840	1556
2011	718	849	1567
2012	700	838	1538
2013	702	848	1550
2014	731	847	1578
2015	712	858	1570
2016	715	837	1552
2017	727	834	1561
2018	708	850	1558
2019	717	856	1573
2020	728	857	1585
2021	711	861	1572
2022	731	846	1577
2023	716	820	1536
2024	723	838	1561
2025	717	834	1551
2026	738	840	1578
2027	725	841	1566
2028	716	859	1575
2029	705	846	1551
2030	724	862	1586
2031	735	840	1575
2032	712	843	1555
2033	707	843	1550
2034	703	837	1540
2035	727	828	1555
2036	733	819	1552
2037	718	840	1558
2038	711	831	1542
2039	699	828	1527
2040	721	833	1554
2041	716	856	1572
2042	720	842	1562
2043	718	860	1578
2044	713	837	1550
2045	698	825	1523
2046	712	826	1538
2047	708	828	1536
2048	701	841	1542
2049	697	849	1546
2050	704	837	1541
2051	719	833	1552
2052	731	843	1574
2053	708	837	1545
2054	716	834	1550
2055	704	825	1529
2056	731	833	1564
2057	735	815	1550
2058	713	843	1556
2059	720	806	1526
2060	705	838	1543
2061	744	837	1581
2062	703	843	1546
2063	701	862	1563
2064	698	840	1538
2065	712	863	1575
2066	723	844	1567
2067	704	823	1527
2068	705	829	1534
2069	712	835	1547
2070	730	807	1537
2071	717	867	1584
2072	728	854	1582
2073	709	807	1516
2074	709	834	1543
2075	697	816	1513
2076	695	832	1527
2077	733	844	1577
2078	714	837	1551
2079	718	837	1555
2080	734	822	1556
2081	727	824	1551
2082	714	841	1555
2083	692	830	1522
2084	697	841	1538
2085	714	833	1547
2086	738	841	1579
2087	709	855	1564
2088	720	853	1573
2089	707	840	1547
2090	702	828	1530
2091	746	849	1595
2092	710	837	1547
2093	732	838	1570
2094	687	831	1518
2095	717	848	1565
2096	724	858	1582
2097	696	835	1531
2098	721	839	1560
2099	717	815	1532
2100	684	852	1536
2101	720	850	1570
2102	719	826	1545
2103	703	823	1526
2104	718	813	1531
2105	698	837	1535
2106	713	830	1543
2107	689	848	1537
2108	705	836	1541
2109	705	838	1543
2110	698	829	1527
2111	708	873	1581
2112	700	827	1527
2113	715	828	1543
2114	710	835	1545
2115	727	817	1544
2116	716	837	1553
2117	696	838	1534
2118	726	853	1579
2119	706	822	1528
2120	696	845	1541
2121	736	837	1573
2122	710	862	1572
2123	731	839	1570
2124	707	804	1511
2125	713	825	1538
2126	697	834	1531
2127	737	843	1580
2128	700	850	1550
2129	725	840	1565
2130	701	852	1553
2131	724	866	1590
2132	721	817	1538
2133	711	816	1527
2134	818	753	1571
2135	795	468	1263
2136	817	213	1030
2137	746	188	934
2138	567	377	944
2139	320	716	1036
2140	393	826	1219
2141	383	872	1255
2142	433	860	1293
2143	674	884	1558
2144	782	904	1686
2145	798	871	1669
2146	799	858	1657
2147	790	903	1693
2148	779	884	1663
2149	790	897	1687
2150	815	875	1690
2151	812	879	1691
2152	776	876	1652
2153	789	892	1681
2154	800	883	1683
2155	784	886	1670
2156	795	896	1691
2157	787	880	1667
2158	797	887	1684
2159	820	885	1705
2160	784	892	1676
2161	820	876	1696
2162	775	898	1673
2163	786	898	1684
2164	797	907	1704
2165	809	888	1697
2166	800	871	1671
2167	793	878	1671
2168	805	911	1716
2169	794	894	1688
2170	772	895	1667
2171	801	870	1671
2172	804	889	1693
2173	808	889	1697
2174	808	885	1693
2175	805	912	1717
2176	808	868	1676
2177	799	920	1719
2178	772	894	1666
2179	794	887	1681
2180	810	914	1724
2181	794	891	1685
2182	769	903	1672
2183	770	891	1661
2184	766	885	1651
2185	796	898	1694
2186	778	891	1669
2187	788	881	1669
2188	758	884	1642
2189	785	890	1675
2190	804	892	1696
2191	795	898	1693
2192	806	882	1688
2193	780	884	1664
2194	811	906	1717
2195	781	891	1672
2196	794	872	1666
2197	791	876	1667
2198	806	899	1705
2199	790	879	1669
2200	810	885	1695
2201	820	897	1717
2202	810	904	1714
2203	784	868	1652
2204	805	884	1689
2205	774	886	1660
2206	812	868	1680
2207	804	857	1661
2208	801	892	1693
2209	781	887	1668
2210	786	882	1668
2211	786	890	1676
2212	805	896	1701
2213	783	939	1722
2214	807	881	1688
2215	787	901	1688
2216	773	887	1660
2217	761	903	1664
2218	796	885	1681
2219	793	888	1681
2220	790	878	1668
2221	806	907	1713
2222	813	900	1713
2223	805	875	1680
2224	804	865	1669
2225	784	868	1652
2226	800	875	1675
2227	795	894	1689
2228	776	876	1652
2229	803	893	1696
2230	803	883	1686
2231	794	901	1695
2232	789	908	1697
2233	769	899	1668
2234	788	872	1660
2235	771	906	1677
2236	796	877	1673
2237	794	887	1681
2238	793	910	1703
2239	792	894	1686
2240	793	887	1680
2241	820	907	1727
2242	784	904	1688
2243	794	891	1685
2244	780	905	1685
2245	779	893	1672
2246	792	878	1670
2247	792	894	1686
2248	785	891	1676
2249	797	892	1689
2250	784	904	1688
2251	787	876	1663
2252	779	894	1673
2253	771	893	1664
2254	770	865	1635
2255	787	886	1673
2256	773	881	1654
2257	808	859	1667
2258	814	882	1696
2259	792	891	1683
2260	799	862	1661
2261	783	896	1679
2262	784	887	1671
2263	790	867	1657
2264	815	890	1705
2265	789	886	1675
2266	805	884	1689
2267	803	853	1656
2268	798	855	1653
2269	808	861	1669
2270	811	840	1651
2271	797	826	1623
2272	801	825	1626
2273	795	812	1607
2274	792	805	1597
2275	811	803	1614
2276	817	812	1629
2277	839	791	1630
2278	813	788	1601
2279	822	787	1609
2280	804	802	1606
2281	832	773	1605
2282	809	780	1589
2283	805	775	1580
2284	803	773	1576
2285	802	773	1575
2286	824	777	1601
2287	812	774	1586
2288	812	756	1568
2289	825	768	1593
2290	834	769	1603
2291	839	754	1593
2292	812	777	1589
2293	817	779	1596
2294	826	761	1587
2295	828	764	1592
2296	820	750	1570
2297	818	777	1595
2298	825	776	1601
2299	818	745	1563
2300	814	747	1561
2301	801	761	1562
2302	813	769	1582
2303	828	767	1595
2304	824	776	1600
2305	808	772	1580
2306	847	739	1586
2307	814	785	1599
2308	818	783	1601
2309	822	776	1598
2310	820	762	1582
2311	815	782	1597
2312	802	769	1571
2313	830	742	1572
2314	816	757	1573
2315	822	773	1595
2316	824	763	1587
2317	839	786	1625
2318	810	759	1569
2319	822	747	1569
2320	812	768	1580
2321	850	747	1597
2322	832	762	1594
2323	824	770	1594
2324	800	764	1564
2325	812	755	1567
2326	827	763	1590
2327	835	776	1611
2328	830	758	1588
2329	836	773	1609
2330	810	768	1578
2331	832	762	1594
2332	811	772	1583
2333	818	757	1575
2334	837	738	1575
2335	818	774	1592
2336	821	792	1613
2337	821	774	1595
2338	842	756	1598
2339	806	762	1568
2340	811	781	1592
2341	825	782	1607
2342	812	761	1573
2343	809	769	1578
2344	809	786	1595
2345	807	775	1582
2346	807	765	1572
2347	827	753	1580
2348	829	777	1606
2349	815	772	1587
2350	842	790	1632
2351	819	743	1562
2352	809	751	1560
2353	822	772	1594
2354	833	774	1607
2355	818	756	1574
2356	832	745	1577
2357	803	763	1566
2358	809	749	1558
2359	820	760	1580
2360	831	783	1614
2361	837	767	1604
2362	818	787	1605
2363	804	784	1588
2364	804	775	1579
2365	817	766	1583
2366	810	788	1598
2367	814	754	1568
2368	830	772	1602
2369	820	773	1593
2370	819	755	1574
2371	824	766	1590
2372	825	777	1602
2373	805	776	1581
2374	812	761	1573
2375	794	766	1560
2376	814	752	1566
2377	780	778	1558
2378	819	739	1558
2379	834	763	1597
2380	826	781	1607
2381	824	783	1607
2382	831	766	1597
2383	804	780	1584
2384	808	792	1600
2385	816	788	1604
2386	841	750	1591
2387	831	772	1603
2388	814	793	1607
2389	823	765	1588
2390	833	780	1613
2391	835	753	1588
2392	817	770	1587
2393	824	780	1604
2394	821	783	1604
2395	806	774	1580
2396	814	764	1578
2397	822	773	1595
2398	804	769	1573
2399	807	762	1569
2400	800	777	1577
2401	842	788	1630
2402	830	784	1614
2403	800	773	1573
2404	817	797	1614
2405	821	781	1602
2406	819	752	1571
2407	823	761	1584
2408	833	766	1599
2409	808	749	1557
2410	794	772	1566
2411	798	777	1575
2412	831	767	1598
2413	818	780	1598
2414	823	791	1614
2415	814	766	1580
2416	818	737	1555
2417	835	770	1605
2418	829	764	1593
2419	816	774	1590
2420	813	796	1609
2421	810	766	1576
2422	818	771	1589
2423	828	750	1578
2424	802	763	1565
2425	801	763	1564
2426	830	787	1617
2427	800	775	1575
2428	838	744	1582
2429	845	764	1609
2430	816	765	1581
2431	820	770	1590
2432	806	780	1586
2433	815	769	1584
2434	826	796	1622
2435	804	782	1586
2436	815	776	1591
2437	823	771	1594
2438	821	777	1598
2439	818	781	1599
2440	831	757	1588
2441	802	788	1590
2442	780	793	1573
2443	820	766	1586
2444	831	744	1575
2445	820	765	1585
2446	825	777	1602
2447	813	788	1601
2448	842	746	1588
2449	811	772	1583
2450	823	780	1603
2451	809	762	1571
2452	836	761	1597
2453	841	740	1581
2454	819	758	1577
2455	818	764	1582
2456	819	773	1592
2457	806	766	1572
2458	826	769	1595
2459	821	788	1609
2460	828	774	1602
2461	820	776	1596
2462	817	765	1582
2463	814	763	1577
2464	813	783	1596
2465	841	773	1614
2466	824	775	1599
2467	836	760	1596
2468	784	757	1541
2469	832	753	1585
2470	820	767	1587
2471	809	784	1593
2472	820	766	1586
2473	800	749	1549
2474	806	784	1590
2475	818	776	1594
2476	828	772	1600
2477	810	746	1556
2478	812	765	1577
2479	816	762	1578
2480	820	792	1612
2481	824	775	1599
2482	826	775	1601
2483	844	747	1591
2484	814	758	1572
2485	806	777	1583
2486	801	797	1598
2487	836	789	1625
2488	799	774	1573
2489	819	744	1563
2490	842	754	1596
2491	824	751	1575
2492	835	774	1609
2493	802	776	1578
2494	837	767	1604
2495	846	779	1625
2496	827	778	1605
2497	815	778	1593
2498	808	786	1594
2499	817	784	1601
2500	831	746	1577
2501	844	738	1582
2502	821	770	1591
2503	810	778	1588
2504	828	763	1591
2505	834	778	1612
2506	820	779	1599
2507	824	775	1599
2508	809	748	1557
2509	804	752	1556
2510	829	763	1592
2511	825	752	1577
2512	811	759	1570
2513	822	776	1598
2514	809	765	1574
2515	805	777	1582
2516	801	772	1573
2517	840	778	1618
2518	828	767	1595
2519	828	769	1597
2520	833	765	1598
2521	805	745	1550
2522	833	772	1605
2523	800	772	1572
2524	825	784	1609
2525	818	768	1586
2526	805	783	1588
2527	822	780	1602
2528	808	759	1567
2529	819	779	1598
2530	806	780	1586
2531	816	772	1588
2532	814	760	1574
2533	821	765	1586
2534	836	779	1615
2535	821	766	1587
2536	802	752	1554
2537	814	776	1590
2538	821	741	1562
2539	832	770	1602
2540	831	768	1599
2541	819	763	1582
2542	821	760	1581
2543	810	772	1582
2544	841	761	1602
2545	832	772	1604
2546	797	776	1573
2547	817	752	1569
2548	815	766	1581
2549	819	762	1581
2550	838	740	1578
2551	819	766	1585
2552	823	748	1571
2553	807	786	1593
2554	821	770	1591
2555	827	755	1582
2556	818	766	1584
2557	808	761	1569
2558	808	762	1570
2559	814	766	1580
2560	827	757	1584
2561	846	762	1608
2562	833	755	1588
2563	842	752	1594
2564	805	764	1569
2565	816	759	1575
2566	806	758	1564
2567	787	765	1552
2568	815	772	1587
2569	835	758	1593
2570	804	770	1574
2571	828	767	1595
2572	828	781	1609
2573	803	744	1547
2574	815	756	1571
2575	818	756	1574
2576	813	764	1577
2577	823	770	1593
2578	817	771	1588
2579	836	771	1607
2580	804	762	1566
2581	838	763	1601
2582	795	781	1576
2583	814	753	1567
2584	827	739	1566
2585	814	781	1595
2586	836	765	1601
2587	823	780	1603
2588	838	756	1594
2589	834	772	1606
2590	810	762	1572
2591	810	760	1570
2592	816	772	1588
2593	814	752	1566
2594	829	780	1609
2595	823	742	1565
2596	831	766	1597
2597	818	774	1592
2598	820	770	1590
2599	822	776	1598
2600	837	778	1615
2601	812	765	1577
2602	790	782	1572
2603	814	771	1585
2604	827	768	1595
2605	825	746	1571
2606	825	780	1605
2607	834	767	1601
2608	828	757	1585
2609	804	795	1599
2610	839	781	1620
2611	818	767	1585
2612	824	762	1586
2613	811	778	1589
2614	823	784	1607
2615	822	758	1580
2616	808	766	1574
2617	817	774	1591
2618	805	758	1563
2619	819	772	1591
2620	815	755	1570
2621	801	780	1581
2622	827	776	1603
2623	815	761	1576
2624	806	776	1582
2625	831	787	1618
2626	814	779	1593
2627	811	773	1584
2628	815	774	1589
2629	834	774	1608
2630	819	758	1577
2631	816	764	1580
2632	822	762	1584
2633	801	781	1582
2634	830	776	1606
2635	798	762	1560
2636	825	770	1595
2637	832	764	1596
2638	824	756	1580
2639	817	769	1586
2640	830	734	1564
2641	826	778	1604
2642	809	771	1580
2643	784	798	1582
2644	797	775	1572
2645	808	793	1601
2646	839	771	1610
2647	817	759	1576
2648	820	777	1597
2649	834	757	1591
2650	836	758	1594
2651	837	755	1592
2652	811	757	1568
2653	811	779	1590
2654	840	769	1609
2655	812	744	1556
2656	842	746	1588
2657	803	774	1577
2658	830	768	1598
2659	798	785	1583
2660	794	791	1585
2661	833	765	1598
2662	813	765	1578
2663	806	772	1578
2664	816	790	1606
2665	811	767	1578
2666	825	773	1598
2667	802	772	1574
2668	797	759	1556
2669	822	751	1573
2670	808	777	1585
2671	820	760	1580
2672	812	781	1593
2673	801	773	1574
2674	811	743	1554
2675	829	753	1582
2676	818	772	1590
2677	829	780	1609
2678	825	769	1594
2679	829	789	1618
2680	825	748	1573
2681	801	778	1579
2682	821	768	1589
2683	841	785	1626
2684	823	754	1577
2685	830	775	1605
2686	820	769	1589
2687	800	782	1582
2688	836	767	1603
2689	837	749	1586
2690	811	748	1559
2691	824	801	1625
2692	814	761	1575
2693	828	753	1581
2694	824	761	1585
2695	832	765	1597
2696	814	775	1589
2697	811	763	1574
2698	816	761	1577
2699	839	752	1591
2700	821	748	1569
2701	823	760	1583
2702	797	789	1586
2703	818	755	1573
2704	836	770	1606
2705	819	764	1583
2706	824	745	1569
2707	826	758	1584
2708	819	778	1597
2709	809	757	1566
2710	839	776	1615
2711	810	779	1589
2712	832	749	1581
2713	818	787	1605
2714	852	766	1618
2715	830	757	1587
2716	822	780	1602
2717	814	750	1564
2718	827	761	1588
2719	821	786	1607
2720	811	790	1601
2721	830	774	1604
2722	808	765	1573
2723	815	768	1583
2724	813	762	1575
2725	830	776	1606
2726	820	760	1580
2727	813	740	1553
2728	823	777	1600
2729	803	777	1580
2730	837	769	1606
2731	809	781	1590
2732	818	754	1572
2733	832	761	1593
2734	818	760	1578
2735	847	754	1601
2736	807	797	1604
2737	800	769	1569
2738	826	785	1611
2739	812	768	1580
2740	827	785	1612
2741	835	775	1610
2742	812	786	1598
2743	808	761	1569
2744	794	768	1562
2745	831	752	1583
2746	815	794	1609
2747	811	761	1572
2748	826	758	1584
2749	814	779	1593
2750	824	769	1593
2751	807	773	1580
2752	815	775	1590
2753	789	742	1531
2754	835	756	1591
2755	801	755	1556
2756	808	772	1580
2757	829	769	1598
2758	825	785	1610
2759	818	768	1586
2760	829	776	1605
2761	788	771	1559
2762	832	758	1590
2763	812	779	1591
2764	823	751	1574
2765	824	768	1592
2766	827	783	1610
2767	797	775	1572
2768	813	752	1565
2769	830	757	1587
2770	793	745	1538
2771	799	784	1583
2772	805	764	1569
2773	833	765	1598
2774	815	765	1580
2775	807	784	1591
2776	819	767	1586
2777	826	788	1614
2778	835	761	1596
2779	822	792	1614
2780	802	781	1583
2781	816	772	1588
2782	815	772	1587
2783	842	756	1598
2784	814	761	1575
2785	791	778	1569
2786	817	763	1580
2787	818	774	1592
2788	811	788	1599
2789	834	757	1591
2790	824	757	1581
2791	814	775	1589
2792	832	755	1587
2793	817	794	1611
2794	827	764	1591
2795	806	757	1563
2796	829	750	1579
2797	838	759	1597
2798	821	751	1572
2799	818	749	1567
2800	788	781	1569
2801	808	782	1590
2802	825	749	1574
2803	835	793	1628
2804	837	769	1606
2805	816	749	1565
2806	818	783	1601
2807	802	784	1586
2808	830	779	1609
2809	806	745	1551
2810	823	757	1580
2811	824	769	1593
2812	841	751	1592
2813	812	769	1581
2814	835	778	1613
2815	832	750	1582
2816	815	759	1574
2817	814	770	1584
2818	812	768	1580
2819	822	760	1582
2820	831	746	1577
2821	822	779	1601
2822	799	763	1562
2823	812	788	1600
2824	811	763	1574
2825	823	753	1576
2826	795	778	1573
2827	828	781	1609
2828	817	773	1590
2829	834	766	1600
2830	816	747	1563
2831	823	774	1597
2832	808	772	1580
2833	817	771	1588
2834	815	757	1572
2835	801	790	1591
2836	819	761	1580
2837	821	741	1562
2838	826	763	1589
2839	796	757	1553
2840	806	780	1586
2841	785	754	1539
2842	824	756	1580
2843	819	746	1565
2844	822	794	1616
2845	779	775	1554
2846	835	776	1611
2847	847	753	1600
2848	820	766	1586
2849	812	784	1596
2850	797	757	1554
2851	805	766	1571
2852	805	775	1580
2853	807	761	1568
2854	798	781	1579
2855	842	751	1593
2856	813	763	1576
2857	802	777	1579
2858	837	749	1586
2859	821	767	1588
2860	827	771	1598
2861	818	745	1563
2862	819	776	1595
2863	827	761	1588
2864	834	761	1595
2865	832	767	1599
2866	830	780	1610
2867	815	796	1611
2868	812	772	1584
2869	815	770	1585
2870	806	781	1587
2871	808	770	1578
2872	815	786	1601
2873	787	785	1572
2874	808	771	1579
2875	809	794	1603
2876	820	779	1599
2877	839	757	1596
2878	816	788	1604
2879	818	764	1582
2880	819	755	1574
2881	811	773	1584
2882	822	772	1594
2883	799	779	1578
2884	801	765	1566
2885	832	775	1607
2886	812	766	1578
2887	806	770	1576
2888	807	768	1575
2889	821	773	1594
2890	803	797	1600
2891	833	726	1559
2892	805	776	1581
2893	807	777	1584
2894	828	782	1610
2895	811	774	1585
2896	822	757	1579
2897	809	771	1580
2898	827	767	1594
2899	821	767	1588
2900	834	782	1616
2901	812	773	1585
2902	823	751	1574
2903	818	782	1600
2904	833	766	1599
2905	824	778	1602
2906	813	770	1583
2907	830	749	1579
2908	806	751	1557
2909	804	783	1587
2910	831	772	1603
2911	815	773	1588
2912	807	749	1556
2913	838	752	1590
2914	805	777	1582
2915	819	745	1564
2916	810	764	1574
2917	832	775	1607
2918	836	757	1593
2919	812	763	1575
2920	812	779	1591
2921	827	765	1592
2922	817	766	1583
2923	824	752	1576
2924	835	766	1601
2925	801	765	1566
2926	845	763	1608
2927	821	747	1568
2928	819	757	1576
2929	810	753	1563
2930	828	776	1604
2931	836	773	1609
2932	819	784	1603
2933	824	780	1604
2934	835	745	1580
2935	835	756	1591
2936	794	786	1580
2937	799	750	1549
2938	820	735	1555
2939	822	787	1609
2940	810	770	1580
2941	815	763	1578
2942	833	774	1607
2943	831	789	1620
2944	827	743	1570
2945	845	760	1605
2946	812	768	1580
2947	816	787	1603
2948	817	758	1575
2949	823	763	1586
2950	807	774	1581
2951	811	761	1572
2952	828	736	1564
2953	829	764	1593
2954	813	754	1567
2955	813	756	1569
2956	827	770	1597
2957	820	769	1589
2958	825	790	1615
2959	816	770	1586
2960	802	767	1569
2961	822	758	1580
2962	822	773	1595
2963	811	777	1588
2964	818	772	1590
2965	820	764	1584
2966	814	774	1588
2967	846	752	1598
2968	796	782	1578
2969	799	768	1567
2970	829	753	1582
2971	821	763	1584
2972	808	792	1600
2973	796	782	1578
2974	808	790	1598
2975	831	751	1582
2976	821	775	1596
2977	818	784	1602
2978	808	766	1574
2979	825	754	1579
2980	830	758	1588
2981	830	774	1604
2982	828	781	1609
2983	839	759	1598
2984	852	778	1630
2985	814	763	1577
2986	818	782	1600
2987	812	761	1573
2988	797	761	1558
2989	827	756	1583
2990	807	749	1556
2991	818	762	1580
2992	824	759	1583
2993	796	751	1547
2994	807	772	1579
2995	832	762	1594
2996	822	788	1610
2997	827	750	1577
2998	814	778	1592
2999	820	783	1603
3000	817	777	1594
3001	810	759	1569
3002	827	770	1597
3003	801	767	1568
3004	808	759	1567
3005	821	759	1580
3006	817	773	1590
3007	824	773	1597
3008	817	770	1587
3009	832	778	1610
3010	807	753	1560
3011	834	783	1617
3012	834	775	1609
3013	824	771	1595
3014	815	752	1567
3015	827	756	1583
3016	809	753	1562
3017	836	752	1588
3018	822	776	1598
3019	815	765	1580
3020	823	772	1595
3021	824	763	1587
3022	832	762	1594
3023	805	790	1595
3024	837	755	1592
3025	809	766	1575
3026	813	764	1577
3027	821	773	1594
3028	794	768	1562
3029	818	767	1585
3030	811	769	1580
3031	824	783	1607
3032	822	751	1573
3033	823	754	1577
3034	816	765	1581
3035	811	749	1560
3036	805	780	1585
3037	795	751	1546
3038	828	771	1599
3039	805	759	1564
3040	823	747	1570
3041	811	765	1576
3042	810	757	1567
3043	804	769	1573
3044	807	761	1568
3045	802	770	1572
3046	819	762	1581
3047	795	761	1556
3048	839	761	1600
3049	828	781	1609
3050	810	774	1584
3051	817	761	1578
3052	808	762	1570
3053	822	754	1576
3054	801	787	1588
3055	804	766	1570
3056	811	758	1569
3057	819	761	1580
3058	819	784	1603
3059	818	783	1601
3060	843	765	1608
3061	845	774	1619
3062	836	746	1582
3063	817	793	1610
3064	810	778	1588
3065	806	763	1569
3066	820	757	1577
3067	808	772	1580
3068	833	792	1625
3069	813	752	1565
3070	814	769	1583
3071	812	774	1586
3072	826	782	1608
3073	820	789	1609
3074	802	780	1582
3075	811	759	1570
3076	815	753	1568
3077	806	770	1576
3078	814	758	1572
3079	808	784	1592
3080	823	766	1589
3081	816	771	1587
3082	820	770	1590
3083	823	772	1595
3084	796	771	1567
3085	798	785	1583
3086	803	763	1566
3087	827	777	1604
3088	840	764	1604
3089	814	778	1592
3090	831	741	1572
3091	807	780	1587
3092	818	778	1596
3093	821	776	1597
3094	801	759	1560
3095	827	764	1591
3096	820	754	1574
3097	818	771	1589
3098	805	775	1580
3099	812	791	1603
3100	843	748	1591
3101	814	780	1594
3102	811	749	1560
3103	816	777	1593
3104	813	770	1583
3105	813	769	1582
3106	819	763	1582
3107	828	766	1594
3108	799	773	1572
3109	836	765	1601
3110	815	756	1571
3111	807	776	1583
3112	814	744	1558
3113	850	763	1613
3114	814	778	1592
3115	820	758	1578
3116	811	767	1578
3117	820	787	1607
3118	823	752	1575
3119	817	758	1575
3120	836	759	1595
3121	829	764	1593
3122	807	781	1588
3123	834	795	1629
3124	799	768	1567
3125	832	767	1599
3126	813	781	1594
3127	803	787	1590
3128	826	753	1579
3129	820	754	1574
3130	808	772	1580
3131	815	764	1579
3132	821	783	1604
3133	811	792	1603
3134	818	775	1593
3135	817	767	1584
3136	809	759	1568
3137	813	773	1586
3138	815	756	1571
3139	807	753	1560
3140	823	783	1606
3141	802	770	1572
3142	823	771	1594
3143	832	765	1597
3144	819	745	1564
3145	814	753	1567
3146	824	760	1584
3147	818	773	1591
3148	804	760	1564
3149	815	742	1557
3150	810	761	1571
3151	808	785	1593
3152	829	774	1603
3153	779	753	1532
3154	809	749	1558
3155	814	771	1585
3156	802	770	1572
3157	833	783	1616
3158	833	769	1602
3159	822	760	1582
3160	814	767	1581
3161	830	774	1604
3162	795	770	1565
3163	808	772	1580
3164	835	789	1624
3165	842	782	1624
3166	807	752	1559
3167	816	762	1578
3168	806	768	1574
3169	832	761	1593
3170	816	784	1600
3171	805	769	1574
3172	829	762	1591
3173	816	779	1595
3174	844	761	1605
3175	836	768	1604
3176	839	753	1592
3177	810	742	1552
3178	819	760	1579
3179	832	785	1617
3180	815	776	1591
3181	811	769	1580
3182	824	774	1598
3183	807	754	1561
3184	825	763	1588
3185	826	746	1572
3186	830	762	1592
3187	818	775	1593
3188	816	785	1601
3189	821	766	1587
3190	836	761	1597
3191	817	764	1581
3192	822	776	1598
3193	802	766	1568
3194	821	770	1591
3195	810	771	1581
3196	817	760	1577
3197	850	775	1625
3198	820	771	1591
3199	822	794	1616
3200	820	774	1594
3201	809	782	1591
3202	800	760	1560
3203	821	775	1596
3204	822	737	1559
3205	841	772	1613
3206	825	748	1573
3207	799	783	1582
3208	822	771	1593
3209	819	776	1595
3210	844	740	1584
3211	811	773	1584
3212	826	770	1596
3213	826	768	1594
3214	805	772	1577
3215	827	767	1594
3216	811	790	1601
3217	812	766	1578
3218	816	761	1577
3219	829	753	1582
3220	797	774	1571
3221	835	771	1606
3222	822	767	1589
3223	823	776	1599
3224	824	753	1577
3225	799	758	1557
3226	793	778	1571
3227	828	764	1592
3228	840	758	1598
3229	830	759	1589
3230	805	783	1588
3231	810	757	1567
3232	830	770	1600
3233	811	785	1596
3234	813	768	1581
3235	797	762	1559
3236	824	744	1568
3237	834	781	1615
3238	815	761	1576
3239	826	757	1583
3240	814	794	1608
3241	791	770	1561
3242	828	752	1580
3243	809	764	1573
3244	825	738	1563
3245	823	755	1578
3246	808	766	1574
3247	827	774	1601
3248	817	782	1599
3249	844	763	1607
3250	817	784	1601
3251	809	778	1587
3252	806	768	1574
3253	822	745	1567
3254	843	788	1631
3255	832	791	1623
3256	806	757	1563
3257	833	789	1622
3258	817	771	1588
3259	816	771	1587
3260	830	772	1602
3261	822	767	1589
3262	819	762	1581
3263	830	796	1626
3264	824	756	1580
3265	818	747	1565
3266	827	789	1616
3267	826	786	1612
3268	808	733	1541
3269	819	773	1592
3270	808	771	1579
3271	804	745	1549
3272	831	779	1610
3273	813	753	1566
3274	814	759	1573
3275	826	778	1604
3276	819	775	1594
3277	836	765	1601
3278	809	772	1581
3279	820	763	1583
3280	812	762	1574
3281	824	759	1583
3282	825	761	1586
3283	821	757	1578
3284	817	796	1613
3285	805	763	1568
3286	835	776	1611
3287	820	768	1588
3288	816	763	1579
3289	804	765	1569
3290	821	750	1571
3291	811	782	1593
3292	814	779	1593
3293	782	776	1558
3294	817	769	1586
3295	840	772	1612
3296	821	745	1566
3297	784	790	1574
3298	809	798	1607
3299	819	756	1575
3300	813	786	1599
3301	827	781	1608
3302	818	763	1581
3303	829	786	1615
3304	831	757	1588
3305	817	770	1587
3306	796	769	1565
3307	798	753	1551
3308	804	774	1578
3309	829	787	1616
3310	803	763	1566
3311	804	779	1583
3312	786	759	1545
3313	809	785	1594
3314	836	751	1587
3315	813	790	1603
3316	807	781	1588
3317	819	771	1590
3318	826	760	1586
3319	845	753	1598
3320	807	772	1579
3321	816	745	1561
3322	825	776	1601
3323	818	774	1592
3324	810	764	1574
3325	802	760	1562
3326	824	763	1587
3327	824	752	1576
3328	837	775	1612
3329	809	767	1576
3330	810	740	1550
3331	800	759	1559
3332	807	754	1561
3333	832	752	1584
3334	805	772	1577
3335	803	751	1554
3336	830	757	1587
3337	832	784	1616
3338	823	761	1584
3339	798	783	1581
3340	843	767	1610
3341	861	776	1637
3342	813	747	1560
3343	805	790	1595
3344	821	768	1589
3345	817	761	1578
3346	822	785	1607
3347	831	756	1587
3348	827	766	1593
3349	803	756	1559
3350	825	762	1587
3351	818	772	1590
3352	831	745	1576
3353	824	795	1619
3354	789	740	1529
3355	795	774	1569
3356	794	792	1586
3357	817	757	1574
3358	827	755	1582
3359	812	770	1582
3360	792	776	1568
3361	808	784	1592
3362	818	749	1567
3363	831	769	1600
3364	832	785	1617
3365	820	771	1591
3366	818	789	1607
3367	829	768	1597
3368	799	758	1557
3369	814	776	1590
3370	811	761	1572
3371	818	742	1560
3372	824	769	1593
3373	816	787	1603
3374	801	764	1565
3375	824	758	1582
3376	834	770	1604
3377	822	789	1611
3378	814	757	1571
3379	819	756	1575
3380	825	745	1570
3381	821	776	1597
3382	803	760	1563
3383	828	754	1582
3384	830	758	1588
3385	820	771	1591
3386	811	773	1584
3387	797	775	1572
3388	813	771	1584
3389	843	767	1610
3390	809	780	1589
3391	837	763	1600
3392	829	773	1602
3393	802	780	1582
3394	824	754	1578
3395	802	773	1575
3396	808	750	1558
3397	822	765	1587
3398	829	762	1591
3399	829	744	1573
3400	825	774	1599
3401	827	769	1596
3402	827	794	1621
3403	819	755	1574
3404	812	742	1554
3405	798	765	1563
3406	835	753	1588
3407	806	745	1551
3408	826	766	1592
3409	825	783	1608
3410	812	780	1592
3411	808	761	1569
3412	820	769	1589
3413	824	770	1594
3414	835	771	1606
3415	830	789	1619
3416	820	784	1604
3417	826	754	1580
3418	816	787	1603
3419	820	759	1579
3420	823	753	1576
3421	825	771	1596
3422	823	768	1591
3423	803	764	1567
3424	820	760	1580
3425	815	762	1577
3426	820	766	1586
3427	817	761	1578
3428	790	750	1540
3429	833	774	1607
3430	814	773	1587
3431	828	755	1583
3432	846	747	1593
3433	824	769	1593
3434	849	773	1622
3435	813	771	1584
3436	832	753	1585
3437	826	766	1592
3438	834	752	1586
3439	826	755	1581
3440	838	753	1591
3441	836	780	1616
3442	829	759	1588
3443	827	775	1602
3444	806	749	1555
3445	813	766	1579
3446	837	741	1578
3447	820	776	1596
3448	808	762	1570
3449	820	760	1580
3450	827	766	1593
3451	816	772	1588
3452	833	796	1629
3453	821	775	1596
3454	820	775	1595
3455	823	750	1573
3456	830	752	1582
3457	832	737	1569
3458	801	754	1555
3459	816	781	1597
3460	800	745	1545
3461	815	777	1592
3462	833	757	1590
3463	793	780	1573
3464	809	775	1584
3465	842	772	1614
3466	810	788	1598
3467	804	779	1583
3468	835	754	1589
3469	826	763	1589
3470	822	748	1570
3471	800	784	1584
3472	810	765	1575
3473	834	773	1607
3474	820	747	1567
3475	819	766	1585
3476	820	798	1618
3477	798	764	1562
3478	818	743	1561
3479	820	724	1544
3480	809	751	1560
3481	829	757	1586
3482	802	737	1539
3483	816	784	1600
3484	825	767	1592
3485	816	779	1595
3486	825	782	1607
3487	804	774	1578
3488	798	779	1577
3489	821	759	1580
3490	814	797	1611
3491	816	765	1581
3492	824	757	1581
3493	812	786	1598
3494	842	739	1581
3495	803	765	1568
3496	820	758	1578
3497	815	781	1596
3498	815	754	1569
3499	845	749	1594
3500	798	764	1562
3501	804	783	1587
3502	823	751	1574
3503	850	764	1614
3504	824	761	1585
3505	824	772	1596
3506	808	771	1579
3507	815	768	1583
3508	806	764	1570
3509	811	759	1570
3510	813	742	1555
3511	801	778	1579
3512	822	772	1594
3513	790	779	1569
3514	826	758	1584
3515	812	783	1595
3516	809	770	1579
3517	813	773	1586
3518	833	773	1606
3519	815	760	1575
3520	835	749	1584
3521	819	731	1550
3522	806	782	1588
3523	836	750	1586
3524	822	758	1580
3525	815	797	1612
3526	814	792	1606
3527	827	755	1582
3528	817	768	1585
3529	816	778	1594
3530	830	761	1591
3531	807	757	1564
3532	835	739	1574
3533	837	753	1590
3534	824	767	1591
3535	809	773	1582
3536	807	761	1568
3537	840	751	1591
3538	822	747	1569
3539	814	730	1544
3540	813	760	1573
3541	822	780	1602
3542	834	794	1628
3543	825	763	1588
3544	828	773	1601
3545	806	778	1584
3546	796	775	1571
3547	801	761	1562
3548	833	774	1607
3549	808	773	1581
3550	829	777	1606
3551	819	756	1575
3552	821	753	1574
3553	831	757	1588
3554	806	759	1565
3555	806	740	1546
3556	820	754	1574
3557	827	762	1589
3558	818	765	1583
3559	821	757	1578
3560	814	749	1563
3561	842	744	1586
3562	803	756	1559
3563	799	780	1579
3564	819	773	1592
3565	810	755	1565
3566	843	764	1607
3567	823	758	1581
3568	833	786	1619
3569	802	751	1553
3570	806	774	1580
3571	813	763	1576
3572	822	774	1596
3573	812	757	1569
3574	810	756	1566
3575	835	766	1601
3576	834	769	1603
3577	836	767	1603
3578	834	755	1589
3579	823	785	1608
3580	827	793	1620
3581	827	766	1593
3582	803	754	1557
3583	821	781	1602
3584	799	739	1538
3585	816	751	1567
3586	816	786	1602
3587	818	760	1578
3588	827	768	1595
3589	822	782	1604
3590	791	771	1562
3591	811	781	1592
3592	821	763	1584
3593	824	782	1606
3594	844	779	1623
3595	806	788	1594
3596	799	761	1560
3597	823	785	1608
3598	830	765	1595
3599	818	755	1573
3600	812	762	1574
3601	832	753	1585
3602	826	771	1597
3603	817	771	1588
3604	819	761	1580
3605	818	771	1589
3606	810	771	1581
3607	792	779	1571
3608	802	744	1546
3609	792	783	1575
3610	832	758	1590
3611	814	766	1580
3612	830	742	1572
3613	841	768	1609
3614	819	768	1587
3615	829	768	1597
3616	836	773	1609
3617	815	752	1567
3618	832	772	1604
3619	805	773	1578
3620	823	763	1586
3621	806	774	1580
3622	819	759	1578
3623	823	759	1582
3624	805	768	1573
3625	819	782	1601
3626	833	778	1611
3627	820	771	1591
3628	840	769	1609
3629	834	775	1609
3630	822	766	1588
3631	834	804	1638
3632	860	782	1642
3633	809	758	1567
3634	819	775	1594
3635	818	771	1589
3636	826	762	1588
3637	822	746	1568
3638	813	745	1558
3639	822	770	1592
3640	836	775	1611
3641	805	768	1573
3642	805	762	1567
3643	820	762	1582
3644	838	758	1596
3645	827	778	1605
3646	802	754	1556
3647	822	762	1584
3648	801	768	1569
3649	827	759	1586
3650	812	743	1555
3651	813	773	1586
3652	788	792	1580
3653	821	757	1578
3654	842	724	1566
3655	840	774	1614
3656	829	764	1593
3657	813	759	1572
3658	799	784	1583
3659	814	774	1588
3660	809	751	1560
3661	821	767	1588
3662	835	768	1603
3663	796	764	1560
3664	835	757	1592
3665	814	778	1592
3666	827	785	1612
3667	808	767	1575
3668	816	763	1579
3669	838	799	1637
3670	830	758	1588
3671	813	744	1557
3672	816	760	1576
3673	813	783	1596
3674	816	770	1586
3675	849	736	1585
3676	824	770	1594
3677	825	765	1590
3678	828	768	1596
3679	805	762	1567
3680	831	784	1615
3681	826	773	1599
3682	794	771	1565
3683	830	748	1578
3684	822	764	1586
3685	812	773	1585
3686	840	768	1608
3687	824	751	1575
3688	825	757	1582
3689	839	771	1610
3690	808	785	1593
3691	814	775	1589
3692	803	774	1577
3693	796	776	1572
3694	810	780	1590
3695	814	764	1578
3696	805	768	1573
3697	815	765	1580
3698	825	761	1586
3699	816	802	1618
3700	838	752	1590
3701	803	765	1568
3702	833	767	1600
3703	823	760	1583
3704	806	772	1578
3705	841	741	1582
3706	827	775	1602
3707	807	757	1564
3708	829	762	1591
3709	837	778	1615
3710	820	767	1587
3711	803	772	1575
3712	795	787	1582
3713	842	768	1610
3714	813	770	1583
3715	803	793	1596
3716	811	787	1598
3717	842	747	1589
3718	834	752	1586
3719	837	778	1615
3720	812	759	1571
3721	809	764	1573
3722	818	760	1578
3723	814	770	1584
3724	820	765	1585
3725	826	768	1594
3726	808	751	1559
3727	809	766	1575
3728	808	796	1604
3729	811	765	1576
3730	811	770	1581
3731	840	770	1610
3732	812	774	1586
3733	826	770	1596
3734	822	762	1584
3735	802	750	1552
3736	815	778	1593
3737	855	766	1621
3738	825	777	1602
3739	819	748	1567
3740	814	772	1586
3741	797	798	1595
3742	823	779	1602
3743	833	769	1602
3744	818	778	1596
3745	827	762	1589
3746	822	779	1601
3747	820	748	1568
3748	823	767	1590
3749	804	765	1569
3750	814	752	1566
3751	812	766	1578
3752	816	765	1581
3753	815	766	1581
3754	824	776	1600
3755	814	801	1615
3756	808	751	1559
3757	845	766	1611
3758	784	786	1570
3759	815	791	1606
3760	825	761	1586
3761	806	774	1580
3762	821	758	1579
3763	820	771	1591
3764	823	780	1603
3765	807	757	1564
3766	834	764	1598
3767	804	762	1566
3768	831	777	1608
3769	815	766	1581
3770	830	768	1598
3771	831	765	1596
3772	827	789	1616
3773	814	776	1590
3774	835	756	1591
3775	830	761	1591
3776	796	755	1551
3777	810	768	1578
3778	815	770	1585
3779	800	786	1586
3780	835	778	1613
3781	807	780	1587
3782	808	758	1566
3783	826	763	1589
3784	810	755	1565
3785	804	769	1573
3786	813	775	1588
3787	839	763	1602
3788	795	775	1570
3789	808	777	1585
3790	834	779	1613
3791	838	768	1606
3792	795	768	1563
3793	802	754	1556
3794	818	751	1569
3795	813	767	1580
3796	814	758	1572
3797	831	757	1588
3798	813	775	1588
3799	826	766	1592
3800	798	773	1571
3801	825	790	1615
3802	815	773	1588
3803	821	805	1626
3804	807	797	1604
3805	820	750	1570
3806	802	741	1543
3807	843	759	1602
3808	814	771	1585
3809	811	777	1588
3810	821	776	1597
3811	843	765	1608
3812	825	783	1608
3813	823	769	1592
3814	819	757	1576
3815	827	786	1613
3816	816	774	1590
3817	813	771	1584
3818	828	763	1591
3819	804	763	1567
3820	838	781	1619
3821	834	761	1595
3822	817	753	1570
3823	820	785	1605
3824	826	775	1601
3825	807	766	1573
3826	812	755	1567
3827	828	772	1600
3828	813	763	1576
3829	804	765	1569
3830	826	781	1607
3831	831	741	1572
3832	815	778	1593
3833	805	760	1565
3834	814	787	1601
3835	841	774	1615
3836	803	767	1570
3837	815	766	1581
3838	823	772	1595
3839	816	773	1589
3840	794	769	1563
3841	824	766	1590
3842	838	760	1598
3843	833	777	1610
3844	833	777	1610
3845	845	765	1610
3846	820	794	1614
3847	821	783	1604
3848	816	760	1576
3849	842	757	1599
3850	830	750	1580
3851	803	768	1571
3852	821	745	1566
3853	796	747	1543
3854	840	769	1609
3855	807	755	1562
3856	821	760	1581
3857	804	749	1553
3858	813	764	1577
3859	809	772	1581
3860	844	737	1581
3861	832	768	1600
3862	823	780	1603
3863	817	786	1603
3864	822	767	1589
3865	821	750	1571
3866	817	783	1600
3867	817	768	1585
3868	838	773	1611
3869	803	746	1549
3870	848	759	1607
3871	835	771	1606
3872	809	758	1567
3873	825	774	1599
3874	818	778	1596
3875	815	755	1570
3876	809	741	1550
3877	842	782	1624
3878	808	757	1565
3879	832	757	1589
3880	810	776	1586
3881	800	770	1570
3882	817	784	1601
3883	828	770	1598
3884	820	756	1576
3885	830	762	1592
3886	816	756	1572
3887	807	763	1570
3888	819	780	1599
3889	802	784	1586
3890	789	771	1560
3891	829	776	1605
3892	835	742	1577
3893	819	778	1597
3894	825	780	1605
3895	814	771	1585
3896	839	791	1630
3897	814	755	1569
3898	830	765	1595
3899	836	767	1603
3900	814	737	1551
3901	830	740	1570
3902	790	762	1552
3903	803	766	1569
3904	825	773	1598
3905	839	792	1631
3906	820	756	1576
3907	827	790	1617
3908	796	768	1564
3909	821	756	1577
3910	820	780	1600
3911	791	790	1581
3912	811	772	1583
3913	803	771	1574
3914	822	763	1585
3915	799	771	1570
3916	814	761	1575
3917	833	751	1584
3918	825	763	1588
3919	795	758	1553
3920	813	768	1581
3921	832	790	1622
3922	834	762	1596
3923	836	796	1632
3924	820	752	1572
3925	793	771	1564
3926	817	766	1583
3927	831	758	1589
3928	821	753	1574
3929	821	755	1576
3930	823	770	1593
3931	837	756	1593
3932	837	775	1612
3933	840	763	1603
3934	831	754	1585
3935	806	760	1566
3936	835	767	1602
3937	812	778	1590
3938	825	772	1597
3939	833	765	1598
3940	821	760	1581
3941	823	767	1590
3942	806	746	1552
3943	826	766	1592
3944	827	759	1586
3945	804	781	1585
3946	821	783	1604
3947	836	766	1602
3948	815	768	1583
3949	834	765	1599
3950	802	781	1583
3951	827	762	1589
3952	827	751	1578
3953	832	772	1604
3954	834	753	1587
3955	844	760	1604
3956	808	776	1584
3957	818	783	1601
3958	811	756	1567
3959	804	745	1549
3960	832	767	1599
3961	809	763	1572
3962	805	756	1561
3963	825	764	1589
3964	818	771	1589
3965	819	765	1584
3966	830	766	1596
3967	814	740	1554
3968	814	776	1590
3969	810	767	1577
3970	798	770	1568
3971	818	784	1602
3972	814	746	1560
3973	819	751	1570
3974	825	778	1603
3975	814	754	1568
3976	812	746	1558
3977	824	766	1590
3978	814	768	1582
3979	824	742	1566
3980	840	773	1613
3981	826	761	1587
3982	832	774	1606
3983	823	776	1599
3984	810	778	1588
3985	827	774	1601
3986	806	765	1571
3987	828	762	1590
3988	826	766	1592
3989	837	747	1584
3990	814	766	1580
3991	826	776	1602
3992	831	765	1596
3993	825	783	1608
3994	834	772	1606
3995	800	758	1558
3996	814	760	1574
3997	813	784	1597
3998	832	784	1616
3999	824	770	1594
4000	808	789	1597
4001	824	766	1590
4002	823	762	1585
4003	833	777	1610
4004	840	777	1617
4005	809	786	1595
4006	829	753	1582
4007	841	780	1621
4008	838	773	1611
4009	798	774	1572
4010	829	750	1579
4011	815	746	1561
4012	815	771	1586
4013	811	776	1587
4014	810	798	1608
4015	838	787	1625
4016	808	768	1576
4017	804	748	1552
4018	838	775	1613
4019	826	775	1601
4020	803	770	1573
4021	825	754	1579
4022	809	768	1577
4023	792	758	1550
4024	822	782	1604
4025	823	772	1595
4026	807	784	1591
4027	806	785	1591
4028	809	767	1576
4029	832	775	1607
4030	808	766	1574
4031	823	771	1594
4032	808	782	1590
4033	808	763	1571
4034	792	793	1585
4035	825	757	1582
4036	823	770	1593
4037	809	775	1584
4038	796	765	1561
4039	816	764	1580
4040	827	751	1578
4041	812	760	1572
4042	829	768	1597
4043	805	789	1594
4044	815	746	1561
4045	830	791	1621
4046	847	765	1612
4047	819	774	1593
4048	817	786	1603
4049	812	777	1589
4050	808	778	1586
4051	816	772	1588
4052	820	772	1592
4053	816	782	1598
4054	816	778	1594
4055	829	782	1611
4056	822	757	1579
4057	812	765	1577
4058	826	753	1579
4059	815	741	1556
4060	838	752	1590
4061	827	747	1574
4062	825	754	1579
4063	845	785	1630
4064	833	785	1618
4065	801	767	1568
4066	835	766	1601
4067	837	770	1607
4068	835	764	1599
4069	829	786	1615
4070	809	779	1588
4071	827	768	1595
4072	821	763	1584
4073	813	783	1596
4074	826	730	1556
4075	814	755	1569
4076	822	767	1589
4077	825	762	1587
4078	804	773	1577
4079	841	782	1623
4080	811	774	1585
4081	824	758	1582
4082	837	766	1603
4083	826	778	1604
4084	823	769	1592
4085	800	771	1571
4086	828	769	1597
4087	805	751	1556
4088	805	769	1574
4089	798	767	1565
4090	814	773	1587
4091	806	766	1572
4092	826	756	1582
4093	810	766	1576
4094	820	765	1585
4095	836	749	1585
4096	816	766	1582
4097	802	783	1585
4098	813	757	1570
4099	844	769	1613
4100	814	765	1579
4101	804	782	1586
4102	821	763	1584
4103	816	805	1621
4104	819	756	1575
4105	815	760	1575
4106	808	749	1557
4107	831	777	1608
4108	817	771	1588
4109	824	755	1579
4110	816	771	1587
4111	834	771	1605
4112	831	790	1621
4113	833	799	1632
4114	843	772	1615
4115	859	739	1598
4116	823	770	1593
4117	807	778	1585
4118	823	771	1594
4119	824	756	1580
4120	838	741	1579
4121	807	773	1580
4122	815	760	1575
4123	793	746	1539
4124	830	758	1588
4125	840	730	1570
4126	840	775	1615
4127	820	749	1569
4128	834	766	1600
4129	832	764	1596
4130	816	783	1599
4131	828	756	1584
4132	811	784	1595
4133	810	798	1608
4134	830	777	1607
4135	815	789	1604
4136	823	777	1600
4137	830	774	1604
4138	806	774	1580
4139	818	761	1579
4140	804	751	1555
4141	840	751	1591
4142	815	770	1585
4143	825	767	1592
4144	797	757	1554
4145	803	772	1575
4146	818	782	1600
4147	817	771	1588
4148	810	761	1571
4149	828	753	1581
4150	826	765	1591
4151	801	756	1557
4152	840	763	1603
4153	812	775	1587
4154	816	782	1598
4155	844	770	1614
4156	802	759	1561
4157	809	782	1591
4158	816	780	1596
4159	819	753	1572
4160	840	770	1610
4161	816	780	1596
4162	801	775	1576
4163	825	764	1589
4164	820	748	1568
4165	813	793	1606
4166	823	754	1577
4167	812	749	1561
4168	824	750	1574
4169	806	803	1609
4170	834	770	1604
4171	796	794	1590
4172	807	781	1588
4173	807	768	1575
4174	819	763	1582
4175	862	772	1634
4176	843	768	1611
4177	832	761	1593
4178	810	774	1584
4179	821	772	1593
4180	809	759	1568
4181	814	780	1594
4182	804	763	1567
4183	808	791	1599
4184	830	754	1584
4185	829	773	1602
4186	821	776	1597
4187	802	768	1570
4188	822	778	1600
4189	831	752	1583
4190	836	762	1598
4191	824	778	1602
4192	815	767	1582
4193	822	770	1592
4194	806	778	1584
4195	831	779	1610
4196	835	746	1581
4197	821	787	1608
4198	814	738	1552
4199	813	758	1571
4200	803	753	1556
4201	827	800	1627
4202	806	764	1570
4203	818	778	1596
4204	801	746	1547
4205	811	770	1581
4206	797	772	1569
4207	830	767	1597
4208	838	765	1603
4209	814	753	1567
4210	819	787	1606
4211	848	777	1625
4212	796	748	1544
4213	822	766	1588
4214	819	765	1584
4215	807	755	1562
4216	819	747	1566
4217	818	784	1602
4218	814	773	1587
4219	816	765	1581
4220	803	734	1537
4221	836	780	1616
4222	799	781	1580
4223	823	783	1606
4224	820	765	1585
4225	828	772	1600
4226	806	763	1569
4227	818	770	1588
4228	812	773	1585
4229	822	754	1576
4230	828	783	1611
4231	820	760	1580
4232	818	780	1598
4233	816	784	1600
4234	813	753	1566
4235	832	769	1601
4236	828	780	1608
4237	816	779	1595
4238	835	757	1592
4239	797	768	1565
4240	820	756	1576
4241	827	772	1599
4242	807	751	1558
4243	834	774	1608
4244	802	755	1557
4245	817	762	1579
4246	824	769	1593
4247	791	774	1565
4248	809	786	1595
4249	809	765	1574
4250	796	767	1563
4251	804	769	1573
4252	822	774	1596
4253	829	758	1587
4254	812	782	1594
4255	804	781	1585
4256	806	753	1559
4257	835	772	1607
4258	806	777	1583
4259	823	768	1591
4260	809	764	1573
4261	823	769	1592
4262	821	765	1586
4263	827	767	1594
4264	818	751	1569
4265	827	786	1613
4266	806	773	1579
4267	795	742	1537
4268	810	770	1580
4269	837	748	1585
4270	826	772	1598
4271	798	779	1577
4272	805	783	1588
4273	830	754	1584
4274	829	771	1600
4275	812	762	1574
4276	842	756	1598
4277	831	763	1594
4278	811	754	1565
4279	824	751	1575
4280	824	782	1606
4281	839	768	1607
4282	819	768	1587
4283	801	797	1598
4284	822	754	1576
4285	836	775	1611
4286	818	757	1575
4287	806	749	1555
4288	821	772	1593
4289	832	752	1584
4290	804	752	1556
4291	844	771	1615
4292	823	768	1591
4293	810	761	1571
4294	831	758	1589
4295	829	765	1594
4296	826	784	1610
4297	814	791	1605
4298	812	770	1582
4299	809	776	1585
4300	821	751	1572
4301	819	768	1587
4302	811	782	1593
4303	826	755	1581
4304	832	773	1605
4305	796	767	1563
4306	823	785	1608
4307	781	788	1569
4308	817	750	1567
4309	817	779	1596
4310	811	772	1583
4311	842	745	1587
4312	811	768	1579
4313	813	754	1567
4314	818	755	1573
4315	823	753	1576
4316	819	770	1589
4317	817	758	1575
4318	851	772	1623
4319	838	763	1601
4320	815	750	1565
4321	818	781	1599
4322	787	788	1575
4323	792	751	1543
4324	815	762	1577
4325	816	755	1571
4326	816	766	1582
4327	799	759	1558
4328	818	773	1591
4329	837	767	1604
4330	809	746	1555
4331	839	749	1588
4332	835	739	1574
4333	811	775	1586
4334	824	763	1587
4335	843	777	1620
4336	826	778	1604
4337	814	737	1551
4338	822	778	1600
4339	823	765	1588
4340	833	777	1610
4341	816	769	1585
4342	818	772	1590
4343	822	786	1608
4344	849	763	1612
4345	834	780	1614
4346	826	780	1606
4347	853	759	1612
4348	811	770	1581
4349	801	772	1573
4350	801	778	1579
4351	810	763	1573
4352	812	770	1582
4353	804	758	1562
4354	826	764	1590
4355	807	764	1571
4356	832	774	1606
4357	824	748	1572
4358	836	770	1606
4359	827	742	1569
4360	820	757	1577
4361	815	759	1574
4362	820	766	1586
4363	823	735	1558
4364	804	780	1584
4365	825	750	1575
4366	831	758	1589
4367	836	752	1588
4368	805	778	1583
4369	828	752	1580
4370	831	743	1574
4371	815	752	1567
4372	805	780	1585
4373	800	783	1583
4374	826	741	1567
4375	823	776	1599
4376	831	757	1588
4377	803	759	1562
4378	811	779	1590
4379	845	780	1625
4380	817	760	1577
4381	802	762	1564
4382	825	765	1590
4383	810	785	1595
4384	804	744	1548
4385	803	767	1570
4386	819	785	1604
4387	842	767	1609
4388	820	758	1578
4389	841	772	1613
4390	799	738	1537
4391	822	752	1574
4392	814	751	1565
4393	824	766	1590
4394	830	764	1594
4395	790	762	1552
4396	813	748	1561
4397	788	786	1574
4398	796	761	1557
4399	813	780	1593
4400	830	761	1591
4401	815	752	1567
4402	812	765	1577
4403	836	777	1613
4404	819	770	1589
4405	827	726	1553
4406	829	801	1630
4407	824	761	1585
4408	834	770	1604
4409	832	759	1591
4410	834	798	1632
4411	825	763	1588
4412	825	770	1595
4413	821	773	1594
4414	822	757	1579
4415	822	775	1597
4416	818	782	1600
4417	783	772	1555
4418	837	783	1620
4419	832	750	1582
4420	818	760	1578
4421	817	772	1589
4422	822	750	1572
4423	840	767	1607
4424	825	766	1591
4425	819	760	1579
4426	810	774	1584
4427	822	767	1589
4428	798	769	1567
4429	817	791	1608
4430	815	777	1592
4431	827	783	1610
4432	810	759	1569
4433	817	765	1582
4434	810	756	1566
4435	815	778	1593
4436	832	773	1605
4437	789	777	1566
4438	811	754	1565
4439	817	787	1604
4440	845	784	1629
4441	816	762	1578
4442	806	758	1564
4443	820	790	1610
4444	824	756	1580
4445	825	752	1577
4446	825	767	1592
4447	831	761	1592
4448	820	752	1572
4449	824	761	1585
4450	802	776	1578
4451	832	779	1611
4452	812	784	1596
4453	819	762	1581
4454	822	757	1579
4455	814	772	1586
4456	816	763	1579
4457	821	777	1598
4458	834	791	1625
4459	817	761	1578
4460	817	742	1559
4461	814	769	1583
4462	816	753	1569
4463	808	771	1579
4464	832	758	1590
4465	810	779	1589
4466	836	753	1589
4467	826	748	1574
4468	821	746	1567
4469	832	755	1587
4470	827	756	1583
4471	814	771	1585
4472	834	760	1594
4473	824	773	1597
4474	818	773	1591
4475	828	787	1615
4476	816	752	1568
4477	834	766	1600
4478	821	772	1593
4479	815	759	1574
4480	811	773	1584
4481	845	758	1603
4482	793	779	1572
4483	810	751	1561
4484	808	746	1554
4485	818	764	1582
4486	810	784	1594
4487	828	802	1630
4488	813	774	1587
4489	815	757	1572
4490	823	756	1579
4491	819	780	1599
4492	794	778	1572
4493	813	769	1582
4494	809	781	1590
4495	832	759	1591
4496	818	768	1586
4497	826	764	1590
4498	801	764	1565
4499	824	780	1604
4500	810	746	1556
4501	807	766	1573
4502	833	771	1604
4503	805	760	1565
4504	790	783	1573
4505	828	773	1601
4506	835	766	1601
4507	816	746	1562
4508	808	767	1575
4509	818	770	1588
4510	808	752	1560
4511	810	768	1578
4512	810	755	1565
4513	821	757	1578
4514	826	784	1610
4515	812	765	1577
4516	825	771	1596
4517	810	757	1567
4518	839	766	1605
4519	829	761	1590
4520	822	771	1593
4521	823	773	1596
4522	818	751	1569
4523	823	755	1578
4524	851	777	1628
4525	805	781	1586
4526	806	779	1585
4527	828	775	1603
4528	824	749	1573
4529	803	792	1595
4530	831	762	1593
4531	809	766	1575
4532	816	782	1598
4533	808	763	1571
4534	799	769	1568
4535	827	779	1606
4536	796	779	1575
4537	823	777	1600
4538	827	768	1595
4539	818	775	1593
4540	826	795	1621
4541	819	768	1587
4542	813	762	1575
4543	821	763	1584
4544	855	773	1628
4545	833	772	1605
4546	807	776	1583
4547	835	770	1605
4548	838	757	1595
4549	833	771	1604
4550	828	751	1579
4551	819	769	1588
4552	834	766	1600
4553	803	782	1585
4554	813	779	1592
4555	815	769	1584
4556	853	751	1604
4557	792	772	1564
4558	802	775	1577
4559	818	766	1584
4560	807	788	1595
4561	809	765	1574
4562	824	765	1589
4563	818	772	1590
4564	815	768	1583
4565	812	758	1570
4566	823	748	1571
4567	797	764	1561
4568	814	773	1587
4569	804	779	1583
4570	834	742	1576
4571	815	779	1594
4572	831	780	1611
4573	813	770	1583
4574	821	801	1622
4575	833	764	1597
4576	838	757	1595
4577	807	768	1575
4578	807	762	1569
4579	800	772	1572
4580	834	764	1598
4581	823	759	1582
4582	815	771	1586
4583	835	775	1610
4584	796	770	1566
4585	789	762	1551
4586	822	747	1569
4587	833	781	1614
4588	832	756	1588
4589	819	760	1579
4590	807	762	1569
4591	823	753	1576
4592	817	757	1574
4593	835	753	1588
4594	808	751	1559
4595	832	768	1600
4596	801	782	1583
4597	809	759	1568
4598	802	754	1556
4599	823	776	1599
4600	814	754	1568
4601	828	774	1602
4602	830	767	1597
4603	835	745	1580
4604	809	754	1563
4605	818	743	1561
4606	815	768	1583
4607	801	765	1566
4608	823	758	1581
4609	824	753	1577
4610	820	782	1602
4611	797	771	1568
4612	808	763	1571
4613	842	754	1596
4614	834	767	1601
4615	796	761	1557
4616	823	751	1574
4617	803	765	1568
4618	827	760	1587
4619	798	774	1572
4620	821	770	1591
4621	812	771	1583
4622	835	783	1618
4623	802	762	1564
4624	836	759	1595
4625	816	751	1567
4626	811	761	1572
4627	827	778	1605
4628	840	771	1611
4629	832	781	1613
4630	808	768	1576
4631	814	771	1585
4632	824	780	1604
4633	814	787	1601
4634	817	773	1590
4635	819	790	1609
4636	825	761	1586
4637	816	765	1581
4638	824	762	1586
4639	833	764	1597
4640	836	767	1603
4641	802	772	1574
4642	816	783	1599
4643	820	767	1587
4644	827	760	1587
4645	802	796	1598
4646	834	766	1600
4647	782	767	1549
4648	802	771	1573
4649	828	736	1564
4650	823	769	1592
4651	818	769	1587
4652	819	764	1583
4653	808	780	1588
4654	819	759	1578
4655	830	757	1587
4656	804	777	1581
4657	807	776	1583
4658	832	732	1564
4659	836	791	1627
4660	813	755	1568
4661	827	754	1581
4662	846	785	1631
4663	821	769	1590
4664	831	772	1603
4665	815	757	1572
4666	825	767	1592
4667	819	778	1597
4668	799	777	1576
4669	802	779	1581
4670	825	785	1610
4671	823	777	1600
4672	826	772	1598
4673	834	775	1609
4674	816	767	1583
4675	808	775	1583
4676	803	779	1582
4677	815	756	1571
4678	850	772	1622
4679	812	759	1571
4680	843	762	1605
4681	827	763	1590
4682	810	785	1595
4683	826	754	1580
4684	804	777	1581
4685	800	786	1586
4686	814	772	1586
4687	809	751	1560
4688	838	770	1608
4689	807	769	1576
4690	791	777	1568
4691	828	747	1575
4692	830	765	1595
4693	828	765	1593
4694	841	781	1622
4695	810	763	1573
4696	823	760	1583
4697	839	754	1593
4698	820	788	1608
4699	842	749	1591
4700	824	751	1575
4701	821	776	1597
4702	825	753	1578
4703	820	784	1604
4704	833	788	1621
4705	825	781	1606
4706	851	759	1610
4707	818	778	1596
4708	812	748	1560
4709	829	769	1598
4710	825	771	1596
4711	817	768	1585
4712	818	750	1568
4713	822	740	1562
4714	824	764	1588
4715	838	772	1610
4716	819	776	1595
4717	807	751	1558
4718	817	764	1581
4719	805	788	1593
4720	831	763	1594
4721	794	766	1560
4722	799	756	1555
4723	822	759	1581
4724	830	762	1592
4725	814	776	1590
4726	808	784	1592
4727	847	758	1605
4728	838	789	1627
4729	818	757	1575
4730	842	779	1621
4731	829	755	1584
4732	823	769	1592
4733	838	766	1604
4734	834	762	1596
4735	819	787	1606
4736	822	755	1577
4737	820	762	1582
4738	833	751	1584
4739	801	770	1571
4740	833	763	1596
4741	826	780	1606
4742	827	779	1606
4743	827	774	1601
4744	850	756	1606
4745	834	747	1581
4746	799	762	1561
4747	832	768	1600
4748	825	754	1579
4749	809	749	1558
4750	811	774	1585
4751	825	760	1585
4752	828	757	1585
4753	819	780	1599
4754	837	767	1604
4755	813	755	1568
4756	825	767	1592
4757	829	743	1572
4758	827	771	1598
4759	821	787	1608
4760	791	782	1573
4761	833	756	1589
4762	830	770	1600
4763	801	769	1570
4764	822	751	1573
4765	787	769	1556
4766	807	783	1590
4767	819	782	1601
4768	815	761	1576
4769	844	772	1616
4770	821	766	1587
4771	836	763	1599
4772	831	768	1599
4773	829	771	1600
4774	816	733	1549
4775	819	762	1581
4776	806	780	1586
4777	828	782	1610
4778	818	738	1556
4779	833	765	1598
4780	805	752	1557
4781	823	787	1610
4782	813	780	1593
4783	819	751	1570
4784	836	771	1607
4785	824	752	1576
4786	825	763	1588
4787	825	766	1591
4788	818	758	1576
4789	837	777	1614
4790	822	757	1579
4791	801	761	1562
4792	799	771	1570
4793	829	748	1577
4794	838	756	1594
4795	808	778	1586
4796	818	750	1568
4797	817	782	1599
4798	787	764	1551
4799	831	767	1598
4800	830	763	1593
4801	832	745	1577
4802	812	785	1597
4803	805	755	1560
4804	808	743	1551
4805	824	750	1574
4806	814	770	1584
4807	812	781	1593
4808	815	760	1575
4809	799	782	1581
4810	802	781	1583
4811	822	759	1581
4812	826	778	1604
4813	810	772	1582
4814	826	776	1602
4815	804	745	1549
4816	841	771	1612
4817	819	775	1594
4818	824	765	1589
4819	825	780	1605
4820	837	765	1602
4821	810	778	1588
4822	797	771	1568
4823	820	774	1594
4824	819	752	1571
4825	819	773	1592
4826	838	757	1595
4827	829	756	1585
4828	815	772	1587
4829	813	766	1579
4830	819	775	1594
4831	836	758	1594
4832	832	769	1601
4833	811	778	1589
4834	799	769	1568
4835	843	760	1603
4836	841	759	1600
4837	818	773	1591
4838	831	739	1570
4839	808	777	1585
4840	813	777	1590
4841	828	778	1606
4842	837	738	1575
4843	831	779	1610
4844	812	778	1590
4845	818	757	1575
4846	805	767	1572
4847	829	768	1597
4848	825	753	1578
4849	817	762	1579
4850	809	796	1605
4851	810	766	1576
4852	816	762	1578
4853	818	793	1611
4854	812	770	1582
4855	842	760	1602
4856	817	761	1578
4857	823	769	1592
4858	818	757	1575
4859	815	780	1595
4860	811	764	1575
4861	826	777	1603
4862	821	780	1601
4863	802	759	1561
4864	812	764	1576
4865	790	784	1574
4866	826	778	1604
4867	823	791	1614
4868	817	766	1583
4869	822	771	1593
4870	813	765	1578
4871	836	781	1617
4872	820	749	1569
4873	805	775	1580
4874	836	753	1589
4875	812	773	1585
4876	807	773	1580
4877	824	785	1609
4878	814	762	1576
4879	814	736	1550
4880	833	761	1594
4881	816	762	1578
4882	830	756	1586
4883	804	764	1568
4884	815	762	1577
4885	803	743	1546
4886	828	760	1588
4887	818	773	1591
4888	831	766	1597
4889	814	751	1565
4890	832	761	1593
4891	826	780	1606
4892	852	766	1618
4893	825	775	1600
4894	804	785	1589
4895	812	771	1583
4896	835	761	1596
4897	845	766	1611
4898	834	782	1616
4899	814	753	1567
4900	812	753	1565
4901	825	761	1586
4902	811	758	1569
4903	837	752	1589
4904	821	774	1595
4905	827	786	1613
4906	821	755	1576
4907	831	758	1589
4908	817	760	1577
4909	818	788	1606
4910	831	769	1600
4911	806	777	1583
4912	823	768	1591
4913	804	760	1564
4914	828	776	1604
4915	835	788	1623
4916	814	756	1570
4917	816	750	1566
4918	806	754	1560
4919	832	776	1608
4920	829	770	1599
4921	802	796	1598
4922	807	783	1590
4923	816	759	1575
4924	809	772	1581
4925	842	757	1599
4926	822	764	1586
4927	793	774	1567
4928	826	776	1602
4929	830	761	1591
4930	816	748	1564
4931	817	774	1591
4932	830	755	1585
4933	805	766	1571
4934	809	769	1578
4935	820	761	1581
4936	828	750	1578
4937	818	754	1572
4938	814	780	1594
4939	779	759	1538
4940	836	773	1609
4941	830	766	1596
4942	806	785	1591
4943	815	774	1589
4944	812	753	1565
4945	816	789	1605
4946	814	777	1591
4947	802	762	1564
4948	837	768	1605
4949	845	770	1615
4950	798	763	1561
4951	813	764	1577
4952	824	778	1602
4953	837	762	1599
4954	803	781	1584
4955	807	810	1617
4956	819	758	1577
4957	811	758	1569
4958	805	749	1554
4959	800	768	1568
4960	810	760	1570
4961	817	784	1601
4962	818	779	1597
4963	804	768	1572
4964	816	727	1543
4965	809	779	1588
4966	838	760	1598
4967	813	761	1574
4968	813	786	1599
4969	821	759	1580
4970	831	750	1581
4971	821	755	1576
4972	840	756	1596
4973	825	757	1582
4974	789	762	1551
4975	834	760	1594
4976	823	771	1594
4977	824	755	1579
4978	826	764	1590
4979	814	769	1583
4980	834	771	1605
4981	845	770	1615
4982	828	757	1585
4983	819	764	1583
4984	801	787	1588
4985	795	760	1555
4986	819	782	1601
4987	820	777	1597
4988	798	784	1582
4989	816	773	1589
4990	812	763	1575
4991	822	758	1580
4992	805	794	1599
4993	793	804	1597
4994	817	772	1589
4995	831	767	1598
4996	812	773	1585
4997	816	782	1598
4998	825	762	1587
4999	822	757	1579
5000	807	772	1579
5001	834	778	1612
5002	792	773	1565
5003	819	749	1568
5004	824	786	1610
5005	808	755	1563
5006	826	755	1581
5007	828	779	1607
5008	837	768	1605
5009	835	743	1578
5010	837	763	1600
5011	813	744	1557
5012	828	765	1593
5013	829	753	1582
5014	812	746	1558
5015	817	775	1592
5016	801	763	1564
5017	826	756	1582
5018	811	757	1568
5019	826	781	1607
5020	825	767	1592
5021	823	772	1595
5022	832	763	1595
5023	832	745	1577
5024	796	763	1559
5025	810	764	1574
5026	809	777	1586
5027	824	770	1594
5028	838	774	1612
5029	806	765	1571
5030	814	781	1595
5031	827	784	1611
5032	813	774	1587
5033	832	776	1608
5034	826	776	1602
5035	814	750	1564
5036	805	783	1588
5037	814	739	1553
5038	825	780	1605
5039	848	771	1619
5040	823	756	1579
5041	804	780	1584
5042	822	765	1587
5043	786	767	1553
5044	804	755	1559
5045	796	776	1572
5046	836	767	1603
5047	832	753	1585
5048	826	793	1619
5049	833	762	1595
5050	843	788	1631
5051	815	769	1584
5052	817	766	1583
5053	820	774	1594
5054	800	757	1557
5055	823	772	1595
5056	820	759	1579
5057	830	772	1602
5058	823	767	1590
5059	834	770	1604
5060	821	759	1580
5061	825	776	1601
5062	781	797	1578
5063	795	777	1572
5064	815	765	1580
5065	831	773	1604
5066	852	745	1597
5067	836	772	1608
5068	813	774	1587
5069	831	764	1595
5070	827	754	1581
5071	827	757	1584
5072	810	768	1578
5073	804	760	1564
5074	816	766	1582
5075	828	760	1588
5076	800	782	1582
5077	824	774	1598
5078	805	764	1569
5079	820	761	1581
5080	808	749	1557
5081	817	769	1586
5082	822	765	1587
5083	801	759	1560
5084	812	756	1568
5085	808	787	1595
5086	836	771	1607
5087	839	760	1599
5088	798	778	1576
5089	802	776	1578
5090	796	755	1551
5091	829	781	1610
5092	825	776	1601
5093	834	758	1592
5094	807	767	1574
5095	811	791	1602
5096	805	781	1586
5097	807	766	1573
5098	815	779	1594
5099	831	763	1594
5100	835	767	1602
5101	813	768	1581
5102	834	762	1596
5103	805	793	1598
5104	831	751	1582
5105	809	768	1577
5106	830	741	1571
5107	817	764	1581
5108	848	766	1614
5109	824	786	1610
5110	835	778	1613
5111	805	771	1576
5112	809	758	1567
5113	803	755	1558
5114	820	759	1579
5115	832	780	1612
5116	812	774	1586
5117	816	774	1590
5118	835	748	1583
5119	829	766	1595
5120	820	766	1586
5121	815	741	1556
5122	822	769	1591
5123	815	767	1582
5124	842	776	1618
5125	839	760	1599
5126	831	757	1588
5127	829	778	1607
5128	792	768	1560
5129	835	758	1593
5130	811	755	1566
5131	839	786	1625
5132	818	756	1574
5133	796	769	1565
5134	830	762	1592
5135	813	767	1580
5136	810	779	1589
5137	836	750	1586
5138	818	759	1577
5139	823	755	1578
5140	795	786	1581
5141	822	786	1608
5142	804	781	1585
5143	796	772	1568
5144	812	766	1578
5145	841	751	1592
5146	835	770	1605
5147	836	763	1599
5148	810	753	1563
5149	834	758	1592
5150	809	767	1576
5151	796	777	1573
5152	800	782	1582
5153	846	763	1609
5154	843	750	1593
5155	808	755	1563
5156	806	767	1573
5157	805	755	1560
5158	795	781	1576
5159	817	789	1606
5160	823	774	1597
5161	809	764	1573
5162	824	766	1590
5163	803	763	1566
5164	817	767	1584
5165	817	762	1579
5166	819	766	1585
5167	823	755	1578
5168	798	753	1551
5169	826	750	1576
5170	808	763	1571
5171	827	749	1576
5172	829	748	1577
5173	831	732	1563
5174	834	771	1605
5175	837	763	1600
5176	828	794	1622
5177	844	756	1600
5178	824	788	1612
5179	810	753	1563
5180	802	772	1574
5181	832	788	1620
5182	837	751	1588
5183	785	766	1551
5184	807	772	1579
5185	822	779	1601
5186	814	766	1580
5187	826	771	1597
5188	817	741	1558
5189	826	765	1591
5190	821	773	1594
5191	831	769	1600
5192	812	762	1574
5193	833	767	1600
5194	795	772	1567
5195	859	787	1646
5196	814	769	1583
5197	824	758	1582
5198	848	729	1577
5199	845	776	1621
5200	822	773	1595
5201	815	759	1574
5202	814	783	1597
5203	817	766	1583
5204	810	763	1573
5205	820	788	1608
5206	835	774	1609
5207	828	750	1578
5208	825	761	1586
5209	817	768	1585
5210	823	800	1623
5211	814	763	1577
5212	814	783	1597
5213	809	759	1568
5214	827	759	1586
5215	791	791	1582
5216	816	757	1573
5217	806	773	1579
5218	814	761	1575
5219	793	781	1574
5220	831	773	1604
5221	812	775	1587
5222	806	789	1595
5223	812	775	1587
5224	816	764	1580
5225	813	754	1567
5226	806	790	1596
5227	804	786	1590
5228	830	766	1596
5229	803	780	1583
5230	822	745	1567
