3	6	11	12	20	22	23	26	27	29	30	31	34	35	48	55	65	77	78	82	83	97	104	108	109	110	128	140	142	143	144	149	152	156	159	164	166	171	176	187	188	203	205	211	217	221	224	225	226	239	242	246	247	258	266	271	293	295	315	320	324	327	328	330	335	338	341	342	343	345	357	360	361	367	372	375	384	385	387	388	389	390	396	399	404	406	408	410	426	428	433	444	448	455	456	475	491	495	497	506	511	432	114	494	8	237	201	486	305	298	349	309	421	294	93	90	220	277	216	102	348	465	184	284	73	283	489	288	439	103	68	46	354	126	334	36	21	259	480	80	332	438	99	311	174	238	
3	6	12	20	26	27	29	30	31	35	48	65	78	82	83	97	140	142	149	152	166	171	176	187	188	203	205	211	217	221	226	242	246	293	295	315	328	330	338	341	342	357	361	367	375	387	388	389	390	404	406	408	410	428	444	448	455	497	506	511	432	349	309	421	90	277	465	439	126	334	21	335	271	284	225	220	505	332	348	401	311	324	399	327	239	91	14	164	110	372	258	320	502	235	36	345	501	
3	6	12	20	26	27	29	30	65	82	83	97	149	152	171	188	203	205	211	217	226	242	293	295	315	330	341	342	357	387	388	404	406	408	410	428	455	497	511	309	421	90	465	21	271	284	505	401	324	239	372	62	151	390	349	289	183	412	439	201	348	28	36	25	91	176	243	334	200	506	386	448	
3	6	20	27	29	30	65	82	83	97	149	152	171	188	203	205	211	217	226	242	293	295	330	341	342	387	388	404	408	428	455	497	511	309	421	90	271	284	505	401	239	372	62	151	349	289	201	28	176	243	506	386	410	200	412	19	390	324	183	12	184	454	36	2	185	384	4	335	16	
3	20	27	29	30	65	83	149	152	171	188	203	205	217	226	293	330	341	342	387	404	408	428	455	497	511	309	90	271	505	401	239	372	151	349	289	28	506	386	200	412	19	390	324	12	184	454	4	243	2	209	433	13	183	55	97	197	14	388	227	465	
3	20	27	29	30	65	83	171	203	205	217	293	330	341	387	404	408	455	497	511	90	271	505	401	239	372	151	349	289	28	506	200	324	12	454	4	243	2	209	197	149	412	487	388	452	226	36	345	211	386	67	148	
3	20	27	29	30	83	171	205	293	330	341	404	408	455	497	511	90	271	505	401	239	372	151	349	289	506	200	324	12	454	4	243	2	209	149	412	388	226	99	28	224	295	31	1	468	25	
3	20	27	29	30	83	171	205	293	330	341	404	408	455	497	90	271	505	401	239	151	349	289	506	200	324	12	4	243	209	149	412	99	28	25	179	115	388	260	202	499	18	2	227	449	325	381	481	
3	20	27	83	171	205	330	341	404	497	90	271	505	401	151	349	200	324	12	4	243	209	149	412	28	179	260	449	292	340	267	408	25	115	405	293	114	481	31	414	483	308	169	
3	20	27	83	171	205	330	341	404	497	90	271	505	401	151	349	200	324	12	4	243	209	149	412	28	292	25	293	414	115	481	465	468	113	278	373	476	406	276	308	11	88	473	340	452	
3	20	27	83	171	205	330	341	404	497	90	271	505	401	151	349	200	324	12	4	243	209	149	412	25	414	115	468	278	213	44	169	7	277	
3	83	205	330	341	404	497	90	271	505	401	12	4	243	209	149	412	25	414	115	468	213	169	94	278	279	310	499	340	
3	83	205	330	341	404	497	90	401	12	4	209	149	412	25	414	115	213	169	278	322	233	349	82	180	468	18	273	161	153	176	
3	83	205	330	341	404	497	90	401	4	149	412	414	115	213	169	278	322	233	349	180	221	161	405	481	91	325	215	12	343	133	
205	330	341	497	90	401	412	115	213	169	278	322	233	180	405	325	221	349	225	453	481	
205	341	497	90	401	115	213	233	180	405	221	85	197	
341	115	213	233	180	405	
341	115	213	233	180	405	437	
341	115	213	233	180	405	123	325	176	
341	115	213	233	180	405	123	
341	115	233	180	405	123	169	
341	115	233	180	405	123	406	
341	115	233	180	405	123	406	113	249	
341	233	180	405	123	406	373	
341	233	180	123	406	182	
341	233	180	123	
341	233	180	123	
341	233	180	123	
341	123	
341	123	
341	123	369	251	
341	123	369	
123	369	
123	369	368	
123	369	353	
123	369	
123	369	373	
123	369	
123	369	
123	369	91	
123	369	337	
123	369	
123	369	
123	369	
123	369	
123	369	
123	369	
123	369	
123	369	
123	369	
123	369	
123	369	
123	369	
123	369	
123	369	
123	369	
123	369	122	
123	369	
123	369	115	
123	369	
123	369	
123	369	251	
123	369	
123	369	
123	369	
123	369	
123	369	
123	369	
123	369	
123	369	
123	369	371	
123	369	
123	369	
123	369	
123	369	59	
123	369	
123	369	251	250	
123	369	
123	369	
123	369	
123	369	
123	369	
123	369	
123	369	
123	369	
123	369	
123	369	
123	369	
123	369	373	
123	369	
123	369	
123	369	251	497	
123	369	
123	369	
123	369	
123	369	
123	369	
123	369	121	305	
123	369	
123	369	
123	369	127	
123	369	
123	369	
123	369	
123	369	
123	369	91	
123	369	371	497	
123	369	
123	369	
123	369	
123	369	121	
123	369	
123	369	59	
123	369	
123	369	
123	369	
123	369	
123	369	
123	369	
123	369	
123	369	
123	369	
123	369	111	
123	369	
123	369	
123	369	
123	369	
123	369	
123	369	
123	369	
123	369	
123	369	
123	369	
123	369	
123	369	
123	369	373	
123	369	
123	369	251	337	
123	369	
123	369	
123	369	
123	369	
123	369	121	
123	369	305	
123	369	
123	369	
123	369	
123	369	
123	369	
123	369	127	
123	369	
123	369	
123	369	
123	369	
123	369	
123	369	
123	369	127	
123	369	251	
123	369	373	251	
123	369	
123	369	337	
123	369	251	
123	369	
123	369	
123	369	
123	369	127	337	
123	369	
123	369	91	
123	369	
123	369	
123	369	
123	369	
123	369	251	
123	369	107	
123	369	
123	369	373	
123	369	
123	369	
123	369	
123	369	
123	369	
123	369	
123	369	377	
123	369	377	
123	369	
123	369	
123	369	376	
123	369	305	
123	369	
123	369	
123	369	
123	369	
123	369	
123	369	115	251	
123	369	
123	369	
123	369	115	
123	369	
123	369	
123	369	
123	369	251	
123	369	
123	369	
123	369	
123	369	
123	369	337	
123	369	
123	369	83	
123	369	83	
123	369	83	
123	369	83	368	
123	369	83	67	
123	369	83	
123	369	83	59	
123	369	83	
123	369	83	353	
123	369	83	
123	369	83	
123	369	83	
123	369	83	
123	369	83	
123	369	83	
123	369	83	251	19	
123	369	83	
123	369	83	
123	369	83	
369	83	
369	83	
369	83	
369	83	377	
369	83	
369	83	
369	83	
369	83	372	308	368	
369	83	372	308	340	
83	372	308	340	
83	308	340	91	
308	91	
308	91	
308	91	
308	91	
308	91	
308	91	
308	91	95	
308	91	
308	91	
308	91	
308	91	
308	91	
308	91	
308	91	
308	91	
308	91	
308	91	
308	91	
308	91	
308	91	
308	91	
308	91	
308	91	
308	91	368	
308	91	316	
308	91	
308	91	
308	91	
308	91	
308	91	218	
308	91	
308	91	95	
308	91	
308	91	
308	91	
308	91	
308	91	
308	91	
308	91	
308	91	
308	91	
308	91	219	
308	91	
308	91	
308	91	
308	91	292	
308	91	310	
308	91	
308	91	
308	91	89	
308	91	
308	91	
308	91	
308	91	
308	91	
308	91	
308	91	
308	91	
308	91	
308	91	304	
308	91	
308	91	
308	91	
308	91	
308	91	
308	91	
308	91	436	
308	91	123	
308	91	
308	91	
308	91	276	
308	91	
308	91	
308	91	276	
308	91	292	95	
308	91	
308	91	
308	91	219	
308	91	
308	91	
308	91	
308	91	
308	91	
308	91	
308	91	
308	91	
308	91	
308	91	
308	91	89	
308	91	
308	91	
308	91	
308	91	
308	91	
308	91	
308	91	27	
308	91	
308	91	
308	91	316	
308	91	
308	91	
308	91	
308	91	75	
308	91	
308	91	
308	91	310	
308	91	27	
308	91	95	
308	91	
308	91	
308	91	
308	91	
308	91	
308	91	276	
308	91	
308	91	
308	91	304	
308	91	
308	91	292	
308	91	
308	91	
308	91	89	
308	91	
308	91	
308	91	372	
308	91	
308	91	
308	91	27	
308	91	
308	91	
308	91	
308	91	
308	91	
308	91	83	
308	91	
308	91	
308	91	
308	91	
308	91	
308	91	89	
308	91	
308	91	
308	91	
308	91	
308	91	
308	91	
308	91	
308	91	75	
308	91	
308	91	123	
308	91	
308	91	292	
308	91	
308	91	95	
308	91	
308	91	
308	91	
308	91	
308	91	309	90	
308	91	
308	91	
308	91	27	
308	91	
308	91	
308	91	
308	91	
308	91	95	
308	91	
308	91	219	
308	91	123	90	
308	91	
308	91	
308	91	
308	91	
308	91	309	
308	91	
308	91	
308	91	
308	91	
308	91	
308	91	
308	91	
308	91	
308	91	
308	91	75	
308	91	
308	91	
308	91	
308	91	
308	91	
308	91	27	
308	91	
308	91	
308	91	
308	91	292	
308	91	
308	91	
308	91	95	
308	91	217	
308	91	
308	91	
308	91	219	
308	91	
308	91	
308	91	
308	91	
308	91	
308	91	
308	91	
308	91	
308	91	90	
308	91	
308	91	
308	91	
308	91	
308	91	
308	91	436	
308	91	
308	91	
308	91	
308	91	
308	91	89	
308	91	
308	91	
308	91	304	
308	91	
308	91	
308	91	
308	91	
308	91	
308	91	
308	91	75	
308	91	
308	91	
308	91	
308	91	372	
308	91	
308	91	
308	91	95	
308	91	
308	91	
308	91	
308	91	
308	91	
308	91	
308	91	
308	91	
308	91	
308	91	
308	91	
308	91	
308	91	
308	91	
308	91	
308	91	123	
308	91	
308	91	
308	91	
308	91	
308	91	
308	91	27	
308	91	
308	91	
308	91	437	316	
308	91	
308	91	
308	91	95	
308	91	
308	91	
308	91	
308	91	
308	91	436	219	
308	91	
308	91	276	
308	91	
308	91	
308	91	372	
308	91	
308	91	219	
308	91	
308	91	
308	91	
308	91	436	
308	91	
308	91	
308	91	
308	91	436	
308	91	95	
308	91	
308	91	
308	91	
308	91	
308	91	
308	91	
308	91	89	
308	91	
308	91	
308	91	
308	91	
308	91	
308	91	90	
308	91	310	
308	91	90	
308	91	304	
308	91	31	
308	91	
308	91	
308	91	292	
308	91	
308	91	
308	91	
308	91	
308	91	276	
308	91	83	
308	91	
308	91	
308	91	
308	91	
308	91	
308	91	
308	91	
308	91	
308	91	276	
308	91	
308	91	
308	91	
308	91	
308	91	90	
308	91	372	27	
308	91	
308	91	
308	91	
308	91	
308	91	304	
308	91	75	
308	91	
308	91	219	
308	91	
308	91	
308	91	
308	91	27	
308	91	
308	91	
308	91	
308	91	
308	91	
308	91	
308	91	
308	91	
308	91	82	
308	91	
308	91	
308	91	
308	91	
308	91	
308	91	
308	91	
308	91	304	
308	91	
308	91	
308	91	310	
308	91	
308	91	
308	91	
308	91	95	
308	91	
308	91	
308	91	
308	91	95	
308	91	
308	91	
308	91	
308	91	
308	91	
308	91	
308	91	89	
308	91	219	
308	91	
308	91	316	309	
308	91	
308	91	
308	91	
308	91	75	
308	91	
308	91	
308	91	
308	91	
308	91	
308	91	372	
308	91	123	
308	91	
308	91	
308	91	
308	91	
308	91	
308	91	
308	91	
308	91	
308	91	
308	91	
308	91	
308	91	
308	91	
308	91	309	
308	91	
308	91	
308	91	
308	91	276	
308	91	
308	91	
308	91	75	
308	91	95	
308	91	75	
308	91	
308	91	372	219	90	
308	91	
308	91	
308	91	123	
308	91	
308	91	
308	91	
308	91	
308	91	75	123	
308	91	
308	91	304	
308	91	292	
308	91	
308	91	
308	91	
308	91	
308	91	
308	91	
308	91	
308	91	
308	91	95	
308	91	304	
308	91	
308	91	
308	91	436	
308	91	
308	91	89	
308	91	
308	91	
308	91	
308	91	372	
308	91	90	
308	91	
308	91	
308	91	
308	91	
308	91	
308	91	
308	91	
308	91	
308	91	292	
308	91	
308	91	
308	91	
308	91	
308	91	
308	91	276	
308	91	
308	91	
308	91	
308	91	90	
308	91	
308	91	
308	91	316	
308	91	304	
308	91	
308	91	
308	91	27	
308	91	
308	91	
308	91	
308	91	75	
308	91	
308	91	
308	91	
308	91	
308	91	
308	91	
308	91	
308	91	
308	91	
308	91	
308	91	219	
308	91	
308	91	316	95	
308	91	
308	91	304	
308	91	90	
308	91	
308	91	
308	91	316	
308	91	
308	91	
308	91	219	
308	91	
308	91	309	304	
308	91	
308	91	
308	91	
308	91	95	
308	91	372	
308	91	
308	91	90	
308	91	
308	91	
308	91	
308	91	
308	91	
308	91	
308	91	
308	91	
308	91	
308	91	276	
308	91	
308	91	
308	91	
308	91	
308	91	
308	91	
308	91	
308	91	
308	91	
308	91	
308	91	309	
308	91	
308	91	
308	91	
308	91	292	
308	91	
308	91	292	27	
308	91	436	
308	91	
308	91	
308	91	309	
308	91	89	
308	91	
308	91	
308	91	
308	91	
308	91	
308	91	
308	91	
308	91	316	
308	91	
308	91	
308	91	75	
308	91	
308	91	
308	91	
308	91	
308	91	83	
308	91	
308	91	276	
308	91	372	
308	91	
308	91	123	
308	91	
308	91	276	
308	91	
308	91	27	
308	91	27	
308	91	
308	91	83	
308	91	
308	91	
308	91	
308	91	
308	91	372	292	
308	91	
308	91	304	
308	91	
308	91	75	
308	91	
308	91	
308	91	
308	91	
308	91	
308	91	
308	91	
308	91	
308	91	90	
308	91	316	
308	91	316	123	309	
308	91	
308	91	
308	91	
308	91	276	
308	91	219	
308	91	89	
308	91	316	
308	91	90	
308	91	
308	91	
308	91	
308	91	
308	91	
308	91	
308	91	
308	91	
308	91	
308	91	
308	91	83	
308	91	
308	91	
308	91	
308	91	
308	91	
308	91	
308	91	
308	91	
308	91	436	
308	91	372	
308	91	
308	91	
308	91	
308	91	
308	91	
308	91	304	
308	91	316	
308	91	309	
308	91	
308	91	
308	91	95	
308	91	292	
308	91	276	
308	91	
308	91	
308	91	
308	91	
308	91	
308	91	
308	91	
308	91	
308	91	
308	91	
308	91	
308	91	437	292	
308	91	
308	91	
308	91	276	
308	91	
308	91	123	
308	91	
308	91	
308	91	436	
308	91	
308	91	
308	91	83	
308	91	75	
308	91	
308	91	
308	91	310	
308	91	304	
308	91	
308	91	
308	91	
308	91	
308	91	75	27	
308	91	
308	91	
308	91	372	
308	91	219	
308	91	
308	91	
308	91	
308	91	
308	91	
308	91	
308	91	
308	91	
308	91	
308	91	310	
308	91	
308	91	
308	91	
308	91	
308	91	
308	91	304	
308	91	
308	91	
308	91	
308	91	
308	91	
308	91	
308	91	
308	91	
308	91	95	
308	91	
308	91	
308	91	
308	91	292	
308	91	
308	91	
308	91	
308	91	
308	91	
308	91	372	
308	91	
308	91	
308	91	
308	91	
308	91	
308	91	
308	91	
308	91	
308	91	
308	91	
308	91	
308	91	90	
308	91	
308	91	
308	91	
308	91	
308	91	
308	91	83	276	
308	91	
308	91	372	
308	91	
308	91	
308	91	
308	91	
308	91	
308	91	
308	91	
308	91	436	
308	91	
308	91	
308	91	
308	91	83	
308	91	
308	91	
308	91	276	
308	91	
308	91	
308	91	
308	91	
308	91	309	
308	91	95	
308	91	
308	91	
308	91	
308	91	83	
308	91	
308	91	
308	91	
308	91	
308	91	
308	91	316	
308	91	
308	91	
308	91	
308	91	
308	91	
308	91	
308	91	
308	91	75	
308	91	
308	91	
308	91	
308	91	123	
308	91	
308	91	
308	91	27	219	83	
308	91	
308	91	
308	91	
308	91	27	
308	91	
308	91	
308	91	436	
308	91	309	
308	91	
308	91	
308	91	
308	91	
308	91	
308	91	
308	91	
308	91	
308	91	
308	91	
308	91	
308	91	219	
308	91	
308	91	90	
308	91	
308	91	
308	91	
308	91	
308	91	
308	91	
308	91	
308	91	
308	91	436	
308	91	
308	91	
308	91	
308	91	
308	91	
308	91	
308	91	83	
308	91	310	
308	91	
308	91	
308	91	
308	91	
308	91	
308	91	
308	91	
308	91	
308	91	
308	91	95	
308	91	
308	91	
308	91	
308	91	
308	91	
308	91	
308	91	
308	91	
308	91	90	
308	91	
308	91	
308	91	292	
308	91	
308	91	
308	91	
308	91	
308	91	
308	91	
308	91	
308	91	
308	91	
308	91	
308	91	
308	91	
308	91	83	
308	91	
308	91	
308	91	
308	91	
308	91	
308	91	89	
308	91	309	
308	91	
308	91	
308	91	
308	91	
308	91	
308	91	
308	91	309	
308	91	
308	91	
308	91	27	
308	91	
308	91	
308	91	
308	91	
308	91	
308	91	27	293	
308	91	
308	91	309	
308	91	
308	91	
308	91	75	
308	91	309	
308	91	
308	91	
308	91	
308	91	
308	91	
308	91	
308	91	
308	91	
308	91	
308	91	
308	91	
308	91	
308	91	276	
308	91	276	
308	91	292	
308	91	
308	91	310	
308	91	
308	91	
308	91	
308	91	
308	91	
308	91	
308	91	
308	91	436	
308	91	
308	91	
308	91	83	
308	91	
308	91	
308	91	
308	91	
308	91	310	
308	91	
308	91	
308	91	95	
308	91	
308	91	
308	91	
308	91	
308	91	
308	91	
308	91	
308	91	83	
308	91	
308	91	
308	91	
308	91	276	
308	91	
308	91	309	
308	91	316	
308	91	
308	91	
308	91	
308	91	
308	91	
308	91	
308	91	
308	91	
308	91	
308	91	276	
308	91	27	
308	91	123	
308	91	292	
308	91	
308	91	
308	91	
308	91	
308	91	
308	91	
308	91	
308	91	
308	91	
308	91	
308	91	
308	91	304	
308	91	
308	91	27	
308	91	
308	91	
308	91	
308	91	219	
308	91	
308	91	
308	91	
308	91	
308	91	
308	91	
308	91	
308	91	
308	91	
308	91	
308	91	
308	91	
308	91	
308	91	276	
308	91	
308	91	
308	91	
308	91	
308	91	
308	91	
308	91	
308	91	95	
308	91	292	123	
308	91	90	
308	91	
308	91	75	89	372	
308	91	
308	91	
308	91	
308	91	
308	91	
308	91	
308	91	
308	91	292	
308	91	
308	91	
308	91	
308	91	
308	91	
308	91	
308	91	
308	91	
308	91	
308	91	
308	91	
308	91	
308	91	304	
308	91	
308	91	
308	91	
308	91	
308	91	89	
308	91	
308	91	372	
308	91	304	
308	91	
308	91	
308	91	
308	91	
308	91	219	
308	91	
308	91	
308	91	
308	91	
308	91	
308	91	
308	91	310	219	
308	91	
308	91	
308	91	
308	91	
308	91	
308	91	89	
308	91	
308	91	276	
308	91	123	
308	91	
308	91	83	
308	91	
308	91	
308	91	89	436	
308	91	
308	91	95	
308	91	
308	91	
308	91	
308	91	
308	91	
308	91	
308	91	89	
308	91	
308	91	
308	91	
308	91	
308	91	
308	91	
308	91	
308	91	219	
308	91	
308	91	
308	91	
308	91	
308	91	
308	91	
308	91	
308	91	372	
308	91	436	
308	91	
308	91	276	
308	91	
308	91	
308	91	
308	91	
308	91	
308	91	
308	91	
308	91	
308	91	
308	91	
308	91	
308	91	
308	91	
308	91	
308	91	304	
308	91	437	
308	91	437	
308	91	437	
308	91	89	
308	91	75	
308	91	
308	91	
308	91	304	
308	91	
308	91	372	
308	91	
308	91	
308	91	
308	91	
308	91	
308	91	
308	91	
308	91	89	
308	91	292	
308	91	
308	91	294	304	
308	91	
308	91	
308	91	
308	91	
308	91	95	
308	91	
308	91	
308	91	
308	91	
308	91	
308	91	
308	91	
308	91	95	123	
308	91	
308	91	
308	91	
308	91	
308	91	
308	91	
308	91	
308	91	
308	91	
308	91	276	
308	91	
308	91	90	
308	91	
308	91	
308	91	
308	91	123	
308	91	83	
308	91	
308	91	310	
308	91	
308	91	75	
308	91	
308	91	
308	91	
308	91	436	90	
308	91	90	
308	91	
308	91	
308	91	
308	91	
308	91	
308	91	
308	91	
308	91	95	
308	91	
308	91	
308	91	
308	91	123	
308	91	
308	91	219	
308	91	
308	91	309	
308	91	
308	91	
308	91	436	
308	91	
308	91	
308	91	
308	91	
308	91	
308	91	
308	91	304	
308	91	
308	91	95	
308	91	
308	91	
308	91	
308	91	
308	91	
308	91	
308	91	
308	91	123	
308	91	219	
308	91	
308	91	
308	91	
308	91	219	
308	91	
308	91	
308	91	
308	91	
308	91	292	
308	91	
308	91	
308	91	90	
308	91	75	
308	91	
308	91	304	
308	91	
308	91	372	
308	91	276	95	
308	91	
308	91	
308	91	
308	91	
308	91	372	
308	91	
308	91	
308	91	
308	91	
308	91	
308	91	
308	91	
308	91	
308	91	
308	91	372	
308	91	
308	91	95	
308	91	
308	91	276	
308	91	
308	91	
308	91	309	
308	91	
308	91	
308	91	
308	91	
308	91	
308	91	27	
308	91	
308	91	
308	91	309	
308	91	
308	91	
308	91	95	
308	91	
308	91	
308	91	
308	91	292	
308	91	
308	91	
308	91	
308	91	27	
308	91	
308	91	
308	91	
308	91	310	
308	91	
308	91	304	
308	91	
308	91	
308	91	
308	91	
308	91	
308	91	
308	91	
308	91	
308	91	372	
308	91	
308	91	
308	91	
308	91	
308	91	
308	91	
308	91	
308	91	
308	91	
308	91	372	
308	91	
308	91	
308	91	
308	91	
308	91	316	
308	91	
308	91	
308	91	
308	91	
308	91	292	
308	91	83	
308	91	
308	91	
308	91	309	
308	91	276	
308	91	
308	91	
308	91	
308	91	
308	91	
308	91	
308	91	
308	91	
308	91	
308	91	
308	91	27	
308	91	304	
308	91	89	316	
308	91	
308	91	
308	91	89	
308	91	292	
308	91	304	
308	91	
308	91	27	
308	91	
308	91	292	
308	91	
308	91	
308	91	
308	91	
308	91	
308	91	
308	91	
308	91	
308	91	372	
308	91	95	
308	91	
308	91	
308	91	
308	91	
308	91	
308	91	
308	91	
308	91	436	
308	91	
308	91	
308	91	
308	91	
308	91	90	
308	91	
308	91	
308	91	372	
308	91	304	
308	91	436	
308	91	
308	91	309	
308	91	
308	91	
308	91	
308	91	
308	91	
308	91	
308	91	
308	91	276	
308	91	
308	91	
308	91	
308	91	292	
308	91	83	
308	91	
308	91	
308	91	309	
308	91	
308	91	
308	91	
308	91	
308	91	83	
308	91	
308	91	276	
308	91	
308	91	
308	91	
308	91	
308	91	
308	91	
308	91	
308	91	
308	91	
308	91	27	
308	91	
308	91	
308	91	
308	91	219	
308	91	436	
308	91	
308	91	219	83	75	
308	91	
308	91	
308	91	
308	91	219	
308	91	
308	91	
308	91	
308	91	
308	91	
308	91	
308	91	
308	91	436	
308	91	
308	91	
308	91	
308	91	
308	91	
308	91	
308	91	
308	91	
308	91	
308	91	
308	91	
308	91	276	
308	91	
308	91	95	
308	91	
308	91	
308	91	
308	91	
308	91	
308	91	
308	91	
308	91	292	
308	91	
308	91	
308	91	
308	91	
308	91	
308	91	
308	91	
308	91	
308	91	
308	91	276	
308	91	
308	91	27	
308	91	
308	91	
308	91	89	
308	91	
308	91	
308	91	89	
308	91	
308	91	
308	91	
308	91	
308	91	
308	91	27	
308	91	
308	91	89	
308	91	
308	91	372	
308	91	75	95	
308	91	
308	91	89	
308	91	
308	91	
308	91	
308	91	
308	91	
308	91	276	
308	91	
308	91	
308	91	
308	91	
308	91	
308	91	
308	91	
308	91	
308	91	
308	91	
308	91	
308	91	
308	91	
308	91	
308	91	
308	91	
308	91	
308	91	
308	91	
308	91	
308	91	
308	91	90	
308	91	
308	91	
308	91	
308	91	
308	91	
308	91	
308	91	
308	91	
308	91	
308	91	
308	91	
308	91	
308	91	
308	91	
308	91	
308	91	
308	91	
308	91	
308	91	
308	91	
308	91	27	
308	91	
308	91	
308	91	
308	91	
308	91	
308	91	437	
308	91	
308	91	
308	91	
308	91	
308	91	
308	91	292	
308	91	
308	91	
308	91	
308	91	309	
308	91	
308	91	
308	91	90	
308	91	
308	91	310	
308	91	
308	91	
308	91	436	
308	91	292	
308	91	
308	91	
308	91	
308	91	
308	91	
308	91	
308	91	123	
308	91	
308	91	
308	91	
308	91	
308	91	
308	91	219	
308	91	
308	91	
308	91	372	
308	91	
308	91	
308	91	
308	91	
308	91	292	
308	91	
308	91	
308	91	
308	91	
308	91	123	
308	91	
308	91	
308	91	
308	91	
308	91	
308	91	
308	91	
308	91	
308	91	436	
308	91	
308	91	
308	91	
308	91	309	
308	91	
308	91	75	
308	91	372	
308	91	
308	91	
308	91	
308	91	
308	91	27	
308	91	
308	91	
308	91	
308	91	
308	91	
308	91	
308	91	75	
308	91	
308	91	
308	91	
308	91	
308	91	
308	91	89	
308	91	89	
308	91	306	
308	91	
308	91	
308	91	
308	91	
308	91	
308	91	
308	91	27	
308	91	
308	91	
308	91	
308	91	
308	91	
308	91	123	
308	91	
308	91	95	
308	91	
308	91	
308	91	
308	91	
308	91	
308	91	
308	91	89	
308	91	
308	91	
308	91	90	
308	91	
308	91	
308	91	
308	91	
308	91	
308	91	
308	91	
308	91	
308	91	
308	91	123	
308	91	
308	91	372	
308	91	372	
308	91	27	
308	91	
308	91	
308	91	
308	91	123	
308	91	
308	91	
308	91	
308	91	
308	91	
308	91	292	
308	91	
308	91	
308	91	436	
308	91	304	
308	91	
308	91	
308	91	
308	91	
308	91	
308	91	
308	91	
308	91	
308	91	
308	91	
308	91	
308	91	
308	91	
308	91	219	
308	91	
308	91	
308	91	
308	91	
308	91	
308	91	
308	91	
308	91	
308	91	
308	91	123	
308	91	
308	91	
308	91	
308	91	
308	91	
308	91	95	309	
308	91	
308	91	
308	91	372	
308	91	
308	91	
308	91	
308	91	
308	91	89	
308	91	
308	91	436	
308	91	
308	91	
308	91	
308	91	372	
308	91	
308	91	
308	91	27	
308	91	
308	91	
308	91	
308	91	
308	91	83	
308	91	
308	91	
308	91	
308	91	
308	91	
308	91	
308	91	
308	91	
308	91	
308	91	304	
308	91	
308	91	
308	91	
308	91	83	
308	91	
308	91	
308	91	
308	91	27	
308	91	
308	91	
308	91	
308	91	
308	91	
308	91	436	
308	91	123	
308	91	
308	91	
308	91	
308	91	27	
308	91	
308	91	123	
308	91	
308	91	89	
308	91	
308	91	
308	91	123	
308	91	
308	91	
308	91	
308	91	
308	91	
308	91	
308	91	309	
308	91	
308	91	
308	91	
308	91	292	
308	91	
308	91	
308	91	
308	91	
308	91	
308	91	
308	91	
308	91	
308	91	
308	91	309	
308	91	
308	91	
308	91	83	
308	91	
308	91	276	
308	91	
308	91	
308	91	219	
308	91	
308	91	
308	91	
308	91	90	
308	91	
308	91	436	
308	91	
308	91	292	
308	91	
308	91	
308	91	
308	91	
308	91	
308	91	
308	91	27	
308	91	75	
308	91	
308	91	
308	91	27	
308	91	
308	91	
308	91	
308	91	
308	91	
308	91	
308	91	
308	91	
308	91	
308	91	
308	91	123	
308	91	203	
308	91	437	
308	91	
308	91	
308	91	
308	91	
308	91	
308	91	123	
308	91	276	
308	91	
308	91	
308	91	
308	91	
308	91	
308	91	90	
308	91	
308	91	
308	91	
308	91	
308	91	
308	91	
308	91	
308	91	
308	91	
308	91	
308	91	
308	91	
308	91	
308	91	292	
308	91	
308	91	
308	91	
308	91	
308	91	
308	91	
308	91	372	
308	91	
308	91	
308	91	
308	91	
308	91	
308	91	89	95	
308	91	292	
308	91	310	
308	91	123	83	
308	91	
308	91	
308	91	
308	91	
308	91	
308	91	
308	91	309	
308	91	
308	91	
308	91	373	
308	91	
308	91	
308	91	
308	91	95	
308	91	83	
308	91	
308	91	
308	91	
308	91	
308	91	
308	91	
308	91	
308	91	309	
308	91	27	
308	91	
308	91	
308	91	
308	91	
308	91	
308	91	
308	91	
308	91	310	309	
308	91	
308	91	
308	91	
308	91	
308	91	
308	91	
308	91	
308	91	
308	91	
308	91	
308	91	
308	91	
308	91	
308	91	
308	91	
308	91	
308	91	
308	91	
308	91	
308	91	90	
308	91	
308	91	
308	91	89	
308	91	
308	91	309	
308	91	
308	91	75	
308	91	
308	91	90	
308	91	292	
308	91	
308	91	
308	91	
308	91	90	
308	91	
308	91	
308	91	
308	91	
308	91	
308	91	304	
308	91	
308	91	
308	91	
308	91	
308	91	
308	91	
308	91	
308	91	372	
308	91	
308	91	
308	91	
308	91	
308	91	
308	91	58	
308	91	58	56	
308	91	58	
308	91	58	372	373	374	370	358	357	501	309	
91	58	374	501	317	
58	501	317	
58	317	316	
58	317	
58	317	301	
58	317	18	
317	18	50	
317	18	
317	18	
317	18	
317	18	
317	18	
317	18	
317	18	
317	18	
317	18	
317	18	
317	18	
317	18	
317	18	
317	18	
317	18	
317	18	
317	18	
317	18	
317	18	26	
317	18	285	
317	18	
317	18	
317	18	
317	18	
317	18	
317	18	319	50	
317	18	
317	18	
317	18	
317	18	
317	18	
317	18	22	
317	18	
317	18	445	26	
317	18	
317	18	19	
317	18	
317	18	
317	18	
317	18	381	313	
317	18	146	
317	18	
317	18	301	
317	18	
317	18	381	
317	18	
317	18	
317	18	
317	18	146	
317	18	
317	18	
317	18	
317	18	
317	18	50	
317	18	
317	18	
317	18	
317	18	
317	18	
317	18	
317	18	445	
317	18	
317	18	
317	18	
317	18	316	
317	18	
317	18	
317	18	
317	18	
317	18	
317	18	19	
317	18	
317	18	
317	18	319	
317	18	
317	18	16	
317	18	19	
317	18	
317	18	445	
317	18	
317	18	445	
317	18	
317	18	
317	18	316	
317	18	
317	18	
317	18	
317	18	
317	18	19	
317	18	
317	18	313	
317	18	
317	18	
317	18	
317	18	
317	18	
317	18	
317	18	
317	18	
317	18	
317	18	
317	18	
317	18	
317	18	
317	18	
317	18	146	
317	18	269	
317	18	
317	18	
317	18	16	
317	18	
317	18	
317	18	
317	18	
317	18	
317	18	
317	18	
317	18	
317	18	
317	18	17	
317	18	17	82	
317	18	17	
317	18	17	145	
317	18	17	21	
317	18	17	
317	18	17	145	
317	18	17	
317	18	17	1	
317	18	17	
317	18	17	
317	18	17	
317	18	17	445	
317	18	17	
317	18	17	316	
317	18	17	
317	18	17	316	
317	18	17	
317	18	17	
317	18	17	
317	18	17	82	
317	18	17	
317	18	17	49	
317	18	17	
317	17	145	
317	17	
317	17	
317	17	
317	17	
317	17	285	
317	17	
317	17	
317	17	
317	17	313	
317	17	313	
317	17	81	
317	17	
317	17	
317	17	19	
317	17	
317	17	
317	17	
317	17	
317	17	
317	17	
317	17	
317	17	
317	17	
317	17	25	285	
317	17	
317	17	
317	17	
317	17	1	
317	17	
317	17	
317	17	
317	17	
317	17	
317	17	313	
317	17	
317	17	
317	17	1	
317	17	
317	17	
317	17	
317	17	
317	17	
317	17	
317	17	
317	17	81	313	
317	17	145	319	
317	17	
317	17	
317	17	145	
317	17	
317	17	
317	17	
317	17	
317	17	
317	17	
317	17	16	
317	17	
317	17	
317	17	
317	17	
317	17	
317	17	381	445	
317	17	
317	17	
317	17	
317	17	
317	17	25	
317	17	
317	17	16	
317	17	
317	17	
317	17	
317	17	309	
317	17	1	
317	17	
317	17	
317	17	
317	17	
317	17	
317	17	
317	17	
317	17	445	
317	17	
317	17	1	
317	17	
317	17	
317	17	
317	17	
317	17	
317	17	
317	17	
317	17	
317	17	313	
317	17	
317	17	
317	17	
317	17	
317	17	313	
317	17	
317	17	
317	17	
317	17	
317	17	301	
317	17	316	
317	17	
317	17	
317	17	25	
317	17	
317	17	
317	17	
317	17	145	
317	17	
317	17	
317	17	21	
317	17	
317	17	
317	17	
317	17	
317	17	81	
317	17	19	81	301	
317	17	
317	17	49	
317	17	
317	17	
317	17	25	
317	17	
317	17	
317	17	
317	17	25	
317	17	
317	17	309	
317	17	
317	17	
317	17	
317	17	
317	17	
317	17	
317	17	
317	17	
317	17	313	
317	17	
317	17	
317	17	25	
317	17	
317	17	445	
317	17	
317	17	16	
317	17	
317	17	
317	17	145	
317	17	
317	17	
317	17	
317	17	
317	17	
317	17	
317	17	
317	17	313	
317	17	
317	17	
317	17	
317	17	
317	17	
317	17	
317	17	
317	17	
317	17	309	
317	17	313	
317	17	
317	17	
317	17	
317	17	21	
317	17	
317	17	
317	17	301	
317	17	
317	17	1	
317	17	313	
317	17	
317	17	
317	17	25	
317	17	309	
317	17	
317	17	
317	17	
317	17	49	
317	17	316	
317	17	
317	17	
317	17	49	
317	17	
317	17	
317	17	
317	17	
317	17	
317	17	
317	17	301	
317	17	145	
317	17	
317	17	
317	17	
317	17	
317	17	
317	17	316	
317	17	
317	17	
317	17	
317	17	49	
317	17	
317	17	21	
317	17	
317	17	
317	17	
317	17	381	
317	17	309	
317	17	
317	17	
317	17	285	
317	17	
317	17	
317	17	313	
317	17	
317	17	
317	17	21	
317	17	
317	17	
317	17	
317	17	
317	17	309	
317	17	
317	17	
317	17	
317	17	
317	17	285	
317	17	25	
317	17	
317	17	
317	17	
317	17	
317	17	
317	17	49	
317	17	81	
317	17	
317	17	
317	17	
317	17	381	
317	17	
317	17	
317	17	21	
317	17	
317	17	
317	17	21	301	
317	17	
317	17	316	381	
317	17	
317	17	313	
317	17	
317	17	
317	17	
317	17	
317	17	25	
317	17	
317	17	
317	17	313	
317	17	
317	17	
317	17	
317	17	
317	17	
317	17	
317	17	
317	17	
317	17	
317	17	21	
317	17	
317	17	309	
317	17	
317	17	
317	17	21	53	
317	17	
317	17	
317	17	
317	17	
317	17	
317	17	
317	17	
317	17	
317	17	
317	17	49	
317	17	
317	17	
317	17	
317	17	
317	17	316	
317	17	64	
317	17	
317	17	
317	17	
317	17	
317	17	
317	17	
317	17	16	
317	17	19	
317	17	313	309	
317	17	19	
317	17	
317	17	
317	17	
317	17	
317	17	21	
317	17	
317	17	445	
317	17	
317	17	19	
317	17	381	
317	17	
317	17	313	
317	17	
317	17	
317	17	
317	17	
317	17	
317	17	
317	17	
317	17	309	
317	17	
317	17	145	
317	17	
317	17	
317	17	
317	17	
317	17	
317	17	
317	17	
317	17	
317	17	
317	17	
317	17	21	
317	17	21	
317	17	
317	17	
317	17	
317	17	
317	17	
317	17	
317	17	
317	17	
317	17	
317	17	
317	17	
317	17	21	
317	17	447	
317	17	
317	17	81	
317	17	
317	17	
317	17	
317	17	
317	17	21	
317	17	21	
317	17	
317	17	49	
317	17	
317	17	
317	17	
317	17	309	
317	17	
317	17	319	
317	17	
317	17	
317	17	1	
317	17	
317	17	
317	17	
317	17	
317	17	
317	17	
317	17	313	
317	17	
317	17	145	
317	17	
317	17	
317	17	
317	17	313	
317	17	
317	17	
317	17	285	
317	17	301	
317	17	19	
317	17	
317	17	319	
317	17	16	
317	17	
317	17	
317	17	309	
317	17	
317	17	
317	17	
317	17	
317	17	
317	17	21	81	
317	17	19	
317	17	
317	17	313	
317	17	
317	17	
317	17	
317	17	
317	17	
317	17	
317	17	
317	17	
317	17	
317	17	
317	17	301	
317	17	309	
317	17	21	
317	17	19	
317	17	
317	17	
317	17	
317	17	
317	17	301	
317	17	
317	17	
317	17	
317	17	
317	17	
317	17	
317	17	
317	17	
317	17	1	19	
317	17	
317	17	
317	17	
317	17	
317	17	309	
317	17	
317	17	
317	17	
317	17	
317	17	49	16	
317	17	381	
317	17	
317	17	
317	17	
317	17	381	
317	17	
317	17	
317	17	
317	17	
317	17	
317	17	
317	17	
317	17	
317	17	445	
317	17	
317	17	21	
317	17	
317	17	
317	17	313	
317	17	
317	17	
317	17	
317	17	
317	17	
317	17	
317	17	
317	17	
317	17	16	
317	17	
317	17	
317	17	
317	17	
317	17	
317	17	
317	17	309	
317	17	
317	17	
317	17	19	
317	17	
317	17	
317	17	
317	17	
317	17	
317	17	
317	17	
317	17	
317	17	
317	17	
317	17	
317	17	
317	17	309	
317	17	
317	17	
317	17	
317	17	
317	17	
317	17	
317	17	
317	17	
317	17	301	
317	17	21	
317	17	
317	17	
317	17	
317	17	145	
317	17	285	
317	17	
317	17	
317	17	
317	17	
317	17	
317	17	21	49	
317	17	285	
317	17	
317	17	
317	17	
317	17	
317	17	
317	17	
317	17	313	
317	17	
317	17	
317	17	
317	17	
317	17	445	
317	17	21	
317	17	
317	17	
317	17	
317	17	
317	17	
317	17	
317	17	445	
317	17	
317	17	
317	17	
317	17	
317	17	1	
317	17	
317	17	
317	17	
317	17	
317	17	
317	17	
317	17	
317	17	
317	17	25	
317	17	319	445	
317	17	285	
317	17	381	
317	17	
317	17	
317	17	
317	17	
317	17	
317	17	
317	17	445	
317	17	
317	17	
317	17	
317	17	
317	17	
317	17	381	
317	17	301	309	
317	17	
317	17	
317	17	
317	17	
317	17	309	
317	17	1	
317	17	
317	17	
317	17	
317	17	16	
317	17	
317	17	
317	17	
317	17	49	285	
317	17	
317	17	
317	17	
317	17	
317	17	
317	17	
317	17	1	
317	17	
317	17	25	
317	17	145	
317	17	
317	17	319	
317	17	
317	17	
317	17	381	
317	17	
317	17	
317	17	145	
317	17	
317	17	
317	17	
317	17	
317	17	
317	17	
317	17	445	
317	17	
317	17	
317	17	
317	17	
317	17	
317	17	16	
317	17	313	
317	17	309	
317	17	
317	17	
317	17	
317	17	
317	17	309	
317	17	
317	17	
317	17	
317	17	
317	17	445	
317	17	
317	17	
317	17	
317	17	21	
317	17	
317	17	
317	17	
317	17	
317	17	
317	17	
317	17	19	
317	17	
317	17	285	
317	17	
317	17	
317	17	
317	17	
317	17	
317	17	
317	17	
317	17	
317	17	
317	17	
317	17	
317	17	
317	17	
317	17	
317	17	
317	17	
317	17	
317	17	
317	17	
317	17	83	
317	17	
317	17	
317	17	
317	17	285	381	
317	17	
317	17	
317	17	49	
317	17	
317	17	
317	17	
317	17	
317	17	
317	17	
317	17	316	313	
317	17	
317	17	
317	17	
317	17	
317	17	
317	17	
317	17	
317	17	
317	17	
317	17	19	
317	17	1	
317	17	
317	17	381	319	
317	17	
317	17	25	
317	17	
317	17	
317	17	
317	17	
317	17	
317	17	
317	17	
317	17	
317	17	
317	17	21	
317	17	
317	17	
317	17	
317	17	301	
317	17	
317	17	
317	17	
317	17	
317	17	285	
317	17	
317	17	
317	17	301	
317	17	16	
317	17	
317	17	
317	17	
317	17	
317	17	
317	17	
317	17	
317	17	
317	17	
317	17	
317	17	
317	17	
317	17	21	381	
317	17	
317	17	
317	17	
317	17	
317	17	
317	17	301	
317	17	
317	17	
317	17	
317	17	
317	17	
317	17	
317	17	21	
317	17	1	
317	17	
317	17	
317	17	
317	17	313	
317	17	
317	17	
317	17	
317	17	
317	17	145	
317	17	
317	17	
317	17	
317	17	
317	17	
317	17	16	
317	17	
317	17	313	
317	17	
317	17	
317	17	
317	17	
317	17	53	
317	17	
317	17	25	
317	17	
317	17	19	
317	17	49	
317	17	313	
317	17	
317	17	
317	17	
317	17	81	
317	17	
317	17	
317	17	49	
317	17	285	
317	17	
317	17	
317	17	
317	17	
317	17	
317	17	49	
317	17	
317	17	
317	17	
317	17	
317	17	
317	17	
317	17	
317	17	309	
317	17	
317	17	
317	17	21	
317	17	
317	17	
317	17	
317	17	
317	17	
317	17	
317	17	
317	17	
317	17	81	
317	17	
317	17	
317	17	21	
317	17	
317	17	81	
317	17	445	
317	17	
317	17	
317	17	381	
317	17	
317	17	
317	17	
317	17	
317	17	
317	17	16	
317	17	
317	17	
317	17	
317	17	
317	17	
317	17	
317	17	
317	17	
317	17	
317	17	
317	17	
317	17	
317	17	
317	17	
317	17	
317	17	
317	17	21	
317	17	
317	17	81	
317	17	316	
317	17	
317	17	309	
317	17	81	
317	17	
317	17	
317	17	49	
317	17	145	
317	17	80	
317	17	381	
317	17	381	
317	17	301	
317	17	
317	17	
317	17	
317	17	
317	17	
317	17	
317	17	
317	17	
317	17	319	
317	17	
317	17	
317	17	445	381	
317	17	
317	17	
317	17	285	
317	17	
317	17	81	
317	17	
317	17	
317	17	
317	17	49	16	
317	17	
317	17	
317	17	
317	17	49	
317	17	
317	17	
317	17	19	
317	17	
317	17	145	
317	17	81	
317	17	301	
317	17	81	
317	17	21	
317	17	
317	17	
317	17	
317	17	
317	17	
317	17	1	
317	17	
317	17	303	
317	17	145	309	
317	17	
317	17	309	
317	17	313	
317	17	
317	17	
317	17	
317	17	
317	17	
317	17	
317	17	
317	17	
317	17	
317	17	145	
317	17	316	
317	17	49	
317	17	312	
317	17	
317	17	16	
317	17	
317	17	
317	17	
317	17	316	
317	17	
317	17	445	
317	17	
317	17	
317	17	
317	17	
317	17	
317	17	
317	17	145	
317	17	
317	17	
317	17	
317	17	
317	17	
317	17	
317	17	
317	17	
317	17	25	
317	17	
317	17	
317	17	
317	17	29	
317	17	
317	17	
317	17	
317	17	
317	17	
317	17	
317	17	
317	17	316	21	
317	17	
317	17	
317	17	
317	17	
317	17	
317	17	
317	17	19	
317	17	
317	17	
317	17	
317	17	
317	17	
317	17	313	
317	17	19	
317	17	445	
317	17	
317	17	
317	17	49	
317	17	25	
317	17	
317	17	
317	17	
317	17	
317	17	
317	17	
317	17	
317	17	
317	17	1	
317	17	
317	17	
317	17	
317	17	
317	17	
317	17	
317	17	
317	17	313	
317	17	
317	17	
317	17	25	
317	17	
317	17	21	
317	17	
317	17	
317	17	
317	17	316	
317	17	21	
317	17	19	
317	17	16	
317	17	
317	17	
317	17	
317	17	21	
317	17	
317	17	
317	17	
317	17	
317	17	
317	17	
317	17	309	
317	17	
317	17	381	
317	17	
317	17	
317	17	
317	17	145	
317	17	
317	17	
317	17	
317	17	
317	17	
317	17	
317	17	
317	17	
317	17	49	
317	17	447	
317	17	25	
317	17	309	
317	17	
317	17	49	
317	17	
317	17	
317	17	
317	17	
317	17	
317	17	
317	17	49	
317	17	16	19	
317	17	
317	17	
317	17	49	
317	17	
317	17	
317	17	
317	17	
317	17	319	
317	17	
317	17	
317	17	
317	17	
317	17	
317	17	
317	17	
317	17	
317	17	145	
317	17	
317	17	
317	17	
317	17	
317	17	
317	17	
317	17	309	
317	17	316	
317	17	319	
317	17	
317	17	
317	17	
317	17	
317	17	
317	17	
317	17	
317	17	
317	17	
317	17	309	
317	17	
317	17	
317	17	
317	17	
317	17	
317	17	21	
317	17	301	316	
317	17	
317	17	
317	17	
317	17	
317	17	
317	17	
317	17	381	
317	17	
317	17	
317	17	
317	17	145	
317	17	309	145	19	
317	17	
317	17	
317	17	
317	17	
317	17	
317	17	
317	17	
317	17	
317	17	
317	17	285	
317	17	
317	17	
317	17	301	
317	17	
317	17	
317	17	
317	17	
317	17	
317	17	
317	17	19	
317	17	
317	17	
317	17	
317	17	
317	17	
317	17	
317	17	
317	17	19	
317	17	1	
317	17	
317	17	
317	17	
317	17	
317	17	
317	17	
317	17	
317	17	445	
317	17	
317	17	
317	17	
317	17	
317	17	
317	17	
317	17	
317	17	
317	17	301	313	
317	17	
317	17	21	
317	17	
317	17	
317	17	
317	17	
317	17	49	
317	17	21	
317	17	
317	17	
317	17	1	
317	17	
317	17	21	
317	17	
317	17	
317	17	
317	17	
317	17	301	
317	17	
317	17	145	
317	17	25	145	
317	17	
317	17	1	
317	17	
317	17	
317	17	
317	17	
317	17	
317	17	
317	17	
317	17	
317	17	
317	17	
317	17	
317	17	
317	17	
317	17	
317	17	316	
317	17	
317	17	
317	17	
317	17	
317	17	
317	17	
317	17	
317	17	
317	17	25	
317	17	
317	17	
317	17	
317	17	
317	17	
317	17	
317	17	319	
317	17	19	
317	17	
317	17	
317	17	
317	17	
317	17	309	25	
317	17	
317	17	
317	17	
317	17	
317	17	
317	17	21	
317	17	145	
317	17	
317	17	
317	17	
317	17	
317	17	21	
317	17	
317	17	
317	17	445	
317	17	
317	17	
317	17	
317	17	
317	17	445	285	
317	17	
317	17	
317	17	
317	17	
317	17	
317	17	
317	17	
317	17	
317	17	
317	17	
317	17	
317	17	
317	17	
317	17	
317	17	
317	17	
317	17	
317	17	285	
317	17	
317	17	
317	17	
317	17	
317	17	
317	17	
317	17	
317	17	25	
317	17	
317	17	
317	17	
317	17	
317	17	16	
317	17	
317	17	309	
317	17	319	
317	17	381	
317	17	
317	17	
317	17	
317	17	
317	17	
317	17	
317	17	
317	17	
317	17	
317	17	81	
317	17	
317	17	
317	17	
317	17	
317	17	25	
317	17	
317	17	
317	17	
317	17	
317	17	
317	17	
317	17	
317	17	25	
317	17	
317	17	
317	17	
317	17	
317	17	
317	17	
317	17	
317	17	
317	17	
317	17	
317	17	381	
317	17	319	
317	17	81	
317	17	
317	17	319	
317	17	
317	17	316	
317	17	
317	17	
317	17	
317	17	
317	17	
317	17	
317	17	
317	17	
317	17	
317	17	
317	17	
317	17	
317	17	
317	17	
317	17	
317	17	
317	17	
317	17	
317	17	
317	17	
317	17	
317	17	
317	17	
317	17	
317	17	16	
317	17	81	
317	17	
317	17	81	19	
317	17	
317	17	
317	17	
317	17	
317	17	309	
317	17	
317	17	
317	17	
317	17	316	
317	17	16	
317	17	445	
317	17	
317	17	
317	17	
317	17	19	
317	17	
317	17	
317	17	
317	17	
317	17	1	
317	17	
317	17	
317	17	
317	17	316	145	
317	17	
317	17	
317	17	319	
317	17	
317	17	
317	17	
317	17	25	
317	17	
317	17	
317	17	
317	17	
317	17	381	
317	17	
317	17	145	
317	17	
317	17	
317	17	19	
317	17	
317	17	
317	17	
317	17	
317	17	
317	17	
317	17	
317	17	
317	17	
317	17	
317	17	
317	17	
317	17	
317	17	316	
317	17	
317	17	301	
317	17	
317	17	
317	17	
317	17	
317	17	445	49	145	
317	17	25	
317	17	81	
317	17	
317	17	
317	17	313	301	
317	17	
317	17	
317	17	
317	17	
317	17	16	
317	17	
317	17	309	
317	17	316	
317	17	
317	17	
317	17	
317	17	
317	17	
317	17	
317	17	
317	17	
317	17	
317	17	319	
317	17	
317	17	
317	17	
317	17	
317	17	21	
317	17	
317	17	
317	17	
317	17	
317	17	
317	17	
317	17	
317	17	
317	17	
317	17	
317	17	
317	17	
317	17	
317	17	
317	17	
317	17	
317	17	
317	17	
317	17	301	
317	17	
317	17	381	
317	17	
317	17	
317	17	
317	17	
317	17	
317	17	21	
317	17	81	
317	17	
317	17	
317	17	
317	17	
317	17	
317	17	
317	17	
317	17	21	
317	17	
317	17	
317	17	21	
317	17	
317	17	
317	17	
317	17	
317	17	
317	17	
317	17	
317	17	
317	17	25	
317	17	
317	17	
317	17	
317	17	
317	17	19	
317	17	
317	17	
317	17	
317	17	
317	17	
317	17	445	
317	17	
317	17	81	
317	17	
317	17	
317	17	
317	17	
317	17	
317	17	
317	17	
317	17	
317	17	316	
317	17	
317	17	
317	17	309	285	
317	17	
317	17	49	
317	17	
317	17	
317	17	
317	17	
317	17	
317	17	
317	17	285	
317	17	
317	17	
317	17	
317	17	
317	17	81	
317	17	
317	17	
317	17	
317	17	
317	17	145	
317	17	
317	17	381	
317	17	301	
317	17	
317	17	
317	17	
317	17	
317	17	313	
317	17	
317	17	
317	17	
317	17	
317	17	
317	17	
317	17	
317	17	
317	17	
317	17	
317	17	
317	17	
317	17	
317	17	
317	17	
317	17	
317	17	
317	17	
317	17	21	
317	17	
317	17	49	21	
317	17	
317	17	
317	17	
317	17	
317	17	
317	17	
317	17	
317	17	
317	17	
317	17	
317	17	309	
317	17	
317	17	
317	17	
317	17	
317	17	
317	17	309	
317	17	
317	17	
317	17	316	301	
317	17	
317	17	
317	17	
317	17	
317	17	
317	17	
317	17	145	
317	17	
317	17	
317	17	
317	17	81	
317	17	
317	17	
317	17	
317	17	
317	17	
317	17	16	
317	17	
317	17	
317	17	
317	17	
317	17	
317	17	
317	17	
317	17	
317	17	
317	17	
317	17	
317	17	
317	17	301	
317	17	
317	17	
317	17	
317	17	
317	17	1	
317	17	319	21	
317	17	
317	17	
317	17	
317	17	301	
317	17	
317	17	
317	17	
317	17	
317	17	301	
317	17	
317	17	
317	17	
317	17	
317	17	
317	17	
317	17	
317	17	309	
317	17	
317	17	
317	17	
317	17	
317	17	
317	17	
317	17	
317	17	
317	17	313	
317	17	
317	17	
317	17	
317	17	
317	17	
317	17	
317	17	21	
317	17	
317	17	
317	17	
317	17	
317	17	
317	17	
317	17	285	
317	17	
317	17	
317	17	
317	17	
317	17	
317	17	313	
317	17	445	
317	17	
317	17	
317	17	
317	17	
317	17	
317	17	
317	17	16	
317	17	309	
317	17	
317	17	25	
317	17	
317	17	445	
317	17	
317	17	145	
317	17	
317	17	
317	17	
317	17	
317	17	
317	17	1	
317	17	
317	17	
317	17	445	
317	17	
317	17	
317	17	
317	17	
317	17	
317	17	1	
317	17	
317	17	309	
317	17	
317	17	
317	17	1	
317	17	301	
317	17	
317	17	
317	17	
317	17	
317	17	1	49	
317	17	
317	17	
317	17	
317	17	
317	17	
317	17	
317	17	
317	17	
317	17	
317	17	21	
317	17	316	
317	17	
317	17	
317	17	
317	17	145	
317	17	
317	17	
317	17	
317	17	1	
317	17	
317	17	
317	17	
317	17	
317	17	
317	17	21	
317	17	19	381	
317	17	16	
317	17	
317	17	
317	17	
317	17	
317	17	
317	17	
317	17	
317	17	
317	17	
317	17	
317	17	
317	17	
317	17	
317	17	
317	17	
317	17	
317	17	
317	17	
317	17	309	
317	17	
317	17	
317	17	
317	17	
317	17	309	
317	17	21	
317	17	
317	17	381	
317	17	
317	17	
317	17	81	
317	17	
317	17	
317	17	
317	17	21	
317	17	
317	17	
317	17	
317	17	
317	17	
317	17	
317	17	
317	17	285	
317	17	
317	17	313	
317	17	
317	17	
317	17	
317	17	
317	17	313	
317	17	21	5	49	
317	17	
317	17	
317	17	
317	17	
317	17	
317	17	
317	17	
317	17	21	
317	17	316	21	
317	17	
317	17	381	
317	17	319	
317	17	
317	17	
317	17	
317	17	
317	17	16	
317	17	
317	17	
317	17	
317	17	
317	17	81	
317	17	
317	17	145	
317	17	
317	17	
317	17	
317	17	319	
317	17	319	
317	17	381	
317	17	
317	17	
317	17	
317	17	381	
317	17	
317	17	301	
317	17	
317	17	
317	17	
317	17	
317	17	
317	17	
317	17	
317	17	445	
317	17	381	
317	17	
317	17	21	
317	17	
317	17	
317	17	316	
317	17	316	
317	17	
317	17	21	
317	17	
317	17	445	145	
317	17	
317	17	
317	17	
317	17	381	
317	17	
317	17	
317	17	
317	17	
317	17	49	
317	17	19	
317	17	
317	17	319	25	
317	17	
317	17	
317	17	
317	17	
317	17	
317	17	
317	17	
317	17	
317	17	313	
317	17	313	
317	17	381	
317	17	
317	17	
317	17	316	
317	17	
317	17	
317	17	
317	17	
317	17	309	
317	17	313	319	
317	17	
317	17	
317	17	
317	17	
317	17	
317	17	
317	17	
317	17	
317	17	
317	17	
317	17	
317	17	49	19	
317	17	
317	17	
317	17	
317	17	
317	17	81	
317	17	
317	17	19	
317	17	
317	17	316	
317	17	
317	17	
317	17	
317	17	
317	17	315	
317	17	
317	17	
317	17	
317	17	
317	17	
317	17	
317	17	19	21	
317	17	
317	17	
317	17	
317	17	
317	17	
317	17	301	
317	17	21	
317	17	
317	17	
317	17	
317	17	
317	17	81	
317	17	445	
317	17	301	21	145	19	
317	17	
317	17	
317	17	
317	17	
317	17	21	
317	17	
317	17	
317	17	445	
317	17	
317	17	81	
317	17	
317	17	
317	17	
317	17	
317	17	
317	17	
317	17	
317	17	
317	17	
317	17	
317	17	301	
317	17	381	
317	17	301	21	
317	17	
317	17	
317	17	
317	17	
317	17	
317	17	445	
317	17	
317	17	
317	17	
317	17	
317	17	
317	17	
317	17	
317	17	
317	17	285	
317	17	
317	17	
317	17	
317	17	
317	17	
317	17	
317	17	
317	17	
317	17	
317	17	
317	17	
317	17	
317	17	
317	17	313	
317	17	309	
317	17	
317	17	
317	17	
317	17	
317	17	
317	17	
317	17	
317	17	21	
317	17	
317	17	
317	17	
317	17	
317	17	
317	17	
317	17	
317	17	
317	17	
317	17	
317	17	
317	17	
317	17	
317	17	319	
317	17	
317	17	
317	17	
317	17	316	
317	17	381	
317	17	1	
317	17	
317	17	
317	17	285	
317	17	
317	17	25	
317	17	
317	17	
317	17	
317	17	
317	17	
317	17	381	
317	17	
317	17	
317	17	285	
317	17	
317	17	
317	17	
317	17	
317	17	19	
317	17	
317	17	
317	17	
317	17	
317	17	18	22	
317	17	
317	17	285	
317	17	
317	17	
317	17	
317	17	
317	17	
317	17	
317	17	285	
317	17	21	
317	17	
317	17	
317	17	
317	17	
317	17	
317	17	
317	17	
317	17	
317	17	
317	17	445	25	
317	17	145	
317	17	
317	17	
317	17	145	
317	17	81	
317	17	81	
317	17	
317	17	
317	17	319	49	
317	17	
317	17	
317	17	
317	17	
317	17	301	
317	17	
317	17	
317	17	16	
317	17	
317	17	313	
317	17	
317	17	49	
317	17	
317	17	
317	17	
317	17	
317	17	
317	17	
317	17	
317	17	
317	17	
317	17	
317	17	
317	17	
317	17	
317	17	
317	17	49	145	
317	17	316	19	
317	17	16	
317	17	
317	17	
317	17	301	
317	17	
317	17	
317	17	
317	17	
317	17	
317	17	
317	17	
317	17	316	
317	17	
317	17	
317	17	
317	17	65	21	
317	17	1	
317	17	
317	17	
317	17	
317	17	1	
317	17	445	
317	17	
317	17	
317	17	316	
317	17	
317	17	16	
317	17	
317	17	
317	17	309	1	
317	17	381	
317	17	16	49	
317	17	
317	17	
317	17	
317	17	
317	17	25	
317	17	
317	17	301	
317	17	
317	17	16	
317	17	
317	17	445	
317	17	49	
317	17	
317	17	
317	17	
317	17	
317	17	
317	17	
317	17	445	
317	17	21	
317	17	
317	17	
317	17	
317	17	
317	17	
317	17	
317	17	
317	17	
317	17	
317	17	145	
317	17	
317	17	145	
317	17	
317	17	
317	17	
317	17	
317	17	
317	17	
317	17	
317	17	
317	17	
317	17	
317	17	
317	17	
317	17	
317	17	
317	17	309	
317	17	81	
317	17	
317	17	316	
317	17	
317	17	
317	17	
317	17	319	
317	17	
317	17	
317	17	
317	17	19	
317	17	
317	17	
317	17	
317	17	
317	17	
317	17	
317	17	
317	17	
317	17	
317	17	81	
317	17	145	
317	17	
317	17	
317	17	
317	17	
317	17	
317	17	
317	17	25	
317	17	316	
317	17	81	445	
317	17	316	
317	17	
317	17	
317	17	
317	17	
317	17	25	
317	17	
317	17	
317	17	
317	17	
317	17	
317	17	19	
317	17	313	
317	17	
317	17	445	
317	17	
317	17	
317	17	19	
317	17	301	
317	17	
317	17	
317	17	
317	17	81	
317	17	
317	17	
317	17	
317	17	
317	17	25	145	
317	17	
317	17	
317	17	
317	17	
317	17	
317	17	
317	17	381	
317	17	
317	17	
317	17	
317	17	
317	17	
317	17	
317	17	
317	17	
317	17	145	
317	17	1	
317	17	
317	17	
317	17	
317	17	309	
317	17	
317	17	16	
317	17	313	
317	17	
317	17	21	
317	17	
317	17	
317	17	49	
317	17	
317	17	
317	17	145	
317	17	
317	17	
317	17	
317	17	18	
317	17	301	
317	17	
317	17	
317	17	
317	17	
317	17	
317	17	
317	17	
317	17	301	
317	17	
317	17	
317	17	16	
317	17	
317	17	381	145	
317	17	
317	17	
317	17	
317	17	
317	17	
317	17	
317	17	
317	17	
317	17	
317	17	381	
317	17	
317	17	
317	17	
317	17	
317	17	
317	17	
317	17	381	
317	17	
317	17	
317	17	
317	17	
317	17	
317	17	
317	17	
317	17	
317	17	
317	17	
317	17	
317	17	
317	17	21	
317	17	316	
317	17	
317	17	301	
317	17	
317	17	
317	17	
317	17	
317	17	
317	17	
317	17	
317	17	316	
317	17	
317	17	
317	17	309	25	
317	17	
317	17	
317	17	
317	17	
317	17	
317	17	
317	17	
317	17	
317	17	
317	17	81	
317	17	145	
317	17	
317	17	
317	17	49	
317	17	
317	17	
317	17	
317	17	
317	17	301	
317	17	
317	17	
317	17	
317	17	
317	17	
317	17	445	
317	17	
317	17	313	
317	17	
317	17	
317	17	
317	17	
317	17	
317	17	
317	17	
317	17	
317	17	313	
317	17	
317	17	
317	17	309	285	
317	17	
317	17	
317	17	
317	17	49	
317	17	
317	17	
317	17	
317	17	
317	17	
317	17	301	
317	17	
317	17	
317	17	19	
317	17	
317	17	
317	17	
317	17	
317	17	
317	17	
317	17	
317	17	
317	17	
317	17	
317	17	
317	17	
317	17	
317	17	
317	17	16	
317	17	
317	17	
317	17	149	21	
317	17	
317	17	
317	17	16	
317	17	
317	17	
317	17	316	
317	17	19	
317	17	
317	17	
317	17	
317	17	
317	17	
317	17	313	
317	17	285	301	
317	17	
317	17	
317	17	
317	17	
317	17	1	
317	17	
317	17	
317	17	
317	17	
317	17	
317	17	
317	17	
317	17	
317	17	
317	17	
317	17	
317	17	
317	17	
317	17	
317	17	
317	17	
317	17	
317	17	
317	17	
317	17	
317	17	
317	17	
317	17	16	
317	17	
317	17	
317	17	
317	17	
317	17	
317	17	
317	17	1	
317	17	
317	17	
317	17	
317	17	
317	17	49	
317	17	
317	17	
317	17	
317	17	
317	17	
317	17	
317	17	
317	17	
317	17	
317	17	
317	17	
317	17	
317	17	
317	17	16	
317	17	
317	17	
317	17	
317	17	
317	17	
317	17	
317	17	
317	17	319	
317	17	
317	17	
317	17	19	
317	17	
317	17	
317	17	
317	17	
317	17	
317	17	
317	17	49	
317	17	
317	17	1	
317	17	
317	17	
317	17	
317	17	
317	17	
317	17	
317	17	
317	17	
317	17	
317	17	
317	17	16	
317	17	
317	17	
317	17	
317	17	
317	17	
317	17	
317	17	49	
317	17	81	
317	17	
317	17	81	
317	17	285	
317	17	
317	17	
317	17	
317	17	
317	17	
317	17	
317	17	
317	17	
317	17	1	
317	17	
317	17	19	25	
317	17	
317	17	25	
317	17	
317	17	
317	17	25	
317	17	21	
317	17	
317	17	
317	17	
317	17	145	
317	17	16	
317	17	
317	17	
317	17	
317	17	
317	17	
317	17	319	
317	17	
317	17	
317	17	
317	17	21	
317	17	
317	17	
317	17	25	
317	17	
317	17	
317	17	
317	17	313	
317	17	
317	17	
317	17	
317	17	313	
317	17	381	
317	17	
317	17	
317	17	
317	17	
317	17	
317	17	
317	17	25	
317	17	
317	17	145	
317	17	
317	17	
317	17	
317	17	
317	17	
317	17	
317	17	
317	17	
317	17	
317	17	1	21	
317	17	
317	17	
317	17	
317	17	
317	17	
317	17	25	
317	17	25	
317	17	
317	17	
317	17	
317	17	
317	17	21	285	
317	17	
317	17	285	
317	17	
317	17	
317	17	
317	17	
317	17	316	381	
317	17	
317	17	
317	17	
317	17	21	
317	17	16	
317	17	
317	17	145	
317	17	381	
317	17	
317	17	
317	17	313	
317	17	
317	17	
317	17	
317	17	
317	17	309	
317	17	
317	17	
317	17	
317	17	297	313	
317	17	
317	17	
317	17	
317	17	16	
317	17	
317	17	309	
317	17	
317	17	285	
317	17	
317	17	
317	17	285	
317	17	
317	17	
317	17	
317	17	
317	17	19	
317	17	
317	17	
317	17	1	81	
317	17	
317	17	
317	17	49	
317	17	316	
317	17	
317	17	285	
317	17	301	
317	17	
317	17	
317	17	
317	17	
317	17	
317	17	
317	17	
317	17	145	
317	17	
317	17	
317	17	
317	17	
317	17	
317	17	145	
317	17	21	
317	17	
317	17	316	
317	17	
317	17	
317	17	
317	17	445	
317	17	
317	17	
317	17	
317	17	
317	17	
317	17	
317	17	
317	17	
317	17	21	
317	17	
317	17	
317	17	
317	17	
317	17	
317	17	
317	17	
317	17	
317	17	
317	17	445	
317	17	1	
317	17	
317	17	
317	17	
317	17	
317	17	313	
317	17	
317	17	
317	17	
317	17	
317	17	
317	17	
317	17	16	
317	17	
317	17	
317	17	309	
317	17	
317	17	309	1	
317	17	19	
317	17	
317	17	
317	17	
317	17	
317	17	
317	17	
317	17	
317	17	
317	17	
317	17	145	
317	17	
317	17	301	
317	17	
317	17	285	25	
317	17	
317	17	
317	17	25	81	
317	17	21	
317	17	
317	17	
317	17	319	
317	17	313	
317	17	
317	17	
317	17	
317	17	
317	17	145	
317	17	445	
317	17	
317	17	
317	17	
317	17	21	
317	17	
317	17	319	
317	17	316	
317	17	
317	17	
317	17	21	
317	17	
317	17	
317	17	
317	17	
317	17	
317	17	
317	17	445	
317	17	
317	17	
317	17	
317	17	
317	17	
317	17	
317	17	313	
317	17	1	
317	17	
317	17	81	
317	17	19	
317	17	445	
317	17	
317	17	
317	17	19	319	
317	17	
317	17	
317	17	
317	17	
317	17	
317	17	
317	17	
317	17	
317	17	
317	17	
317	17	
317	17	
317	17	
317	17	
317	17	
317	17	445	
317	17	
317	17	
317	17	309	
317	17	
317	17	
317	17	
317	17	
317	17	25	16	
317	17	
317	17	
317	17	21	
317	17	
317	17	
317	17	
317	17	16	21	
317	17	
317	17	
317	17	
317	17	
317	17	301	
317	17	301	
317	17	
317	17	
317	17	
317	17	
317	17	
317	17	
317	17	
317	17	
317	17	
317	17	
317	17	
317	17	
317	17	1	16	
317	17	
317	17	49	
317	17	
317	17	
317	17	
317	17	
317	17	319	
317	17	81	
317	17	
317	17	
317	17	309	
317	17	
317	17	145	301	
317	17	
317	17	
317	17	
317	17	
317	17	
317	17	49	445	
317	17	
317	17	16	
317	17	
317	17	
317	17	
317	17	
317	17	
317	17	
317	17	25	
317	17	
317	17	
317	17	
317	17	
317	17	
317	17	
317	17	21	
317	17	
317	17	57	
317	17	309	
317	17	
317	17	381	
317	17	
317	17	309	
317	17	
317	17	
317	17	
317	17	21	
317	17	
317	17	
317	17	
317	17	21	
317	17	
317	17	
317	17	
317	17	
317	17	
317	17	
317	17	
317	17	
317	17	
317	17	25	49	
317	17	
317	17	
317	17	301	
317	17	
317	17	
317	17	
317	17	
317	17	
317	17	309	
317	17	
317	17	
317	17	
317	17	
317	17	
317	17	285	445	
317	17	
317	17	
317	17	301	
317	17	81	
317	17	
317	17	
317	17	21	
317	17	
317	17	
317	17	
317	17	
317	17	
317	17	
317	17	
317	17	381	
317	17	
317	17	
317	17	
317	17	
317	17	
317	17	81	309	
317	17	
317	17	
317	17	49	81	
317	17	
317	17	
317	17	
317	17	
317	17	
317	17	
317	17	25	
317	17	
317	17	
317	17	316	
317	17	21	
317	17	
317	17	
317	17	
317	17	16	
317	17	
317	17	
317	17	
317	17	
317	17	
317	17	
317	17	
317	17	
317	17	
317	17	
317	17	
317	17	
317	17	
317	17	
317	17	381	
317	17	
317	17	
317	17	
317	17	445	
317	17	
317	17	319	
317	17	19	
317	17	19	
317	17	
317	17	
317	17	
317	17	
317	17	
317	17	
317	17	
317	17	
317	17	
317	17	
317	17	
317	17	
317	17	
317	17	81	
317	17	
317	17	16	
317	17	
317	17	
317	17	
317	17	
317	17	
317	17	
317	17	
317	17	
317	17	
317	17	
317	17	81	
317	17	
317	17	
317	17	
317	17	
317	17	
317	17	
317	17	
317	17	
317	17	
317	17	
317	17	
317	17	
317	17	
317	17	
317	17	
317	17	
317	17	25	145	
317	17	25	
317	17	
317	17	309	
317	17	
317	17	
317	17	
317	17	
317	17	381	
317	17	
317	17	81	
317	17	
317	17	
317	17	
317	17	
317	17	
317	17	
