0	1	3	6	15	37	38	51	58	61	63	65	83	92	99	102	103	114	118	124	128	129	136	147	154	168	175	176	184	189	190	191	205	206	208	213	216	221	223	224	231	245	248	255	258	260	265	273	276	278	292	311	317	318	323	324	326	327	329	334	337	342	343	350	351	352	370	371	372	386	391	394	395	402	418	421	425	429	435	447	450	455	456	468	473	477	485	492	495	498	212	423	141	328	19	504	325	112	483	358	454	167	389	34	280	301	149	21	431	356	122	71	156	332	46	2	105	319	40	308	259	437	445	
0	1	3	6	15	51	63	65	99	103	118	129	136	147	154	168	175	184	205	208	213	221	223	224	231	245	255	258	265	273	276	292	311	317	323	324	327	329	334	342	350	351	391	395	418	429	456	468	477	485	492	495	212	423	141	112	454	167	34	71	259	105	447	435	280	61	19	58	239	394	372	266	338	2	326	484	445	328	337	5	206	487	104	370	253	421	
0	3	6	51	118	129	136	147	154	175	205	208	221	224	231	245	255	258	273	292	311	323	324	327	334	342	350	351	468	485	492	495	212	423	141	112	454	167	71	259	280	19	394	266	2	328	337	206	61	435	239	343	128	237	418	288	484	116	58	368	184	132	274	428	102	103	455	
0	6	51	118	129	154	175	205	221	231	245	255	258	273	292	311	323	324	327	334	350	468	485	492	495	212	423	141	112	454	167	71	280	19	394	266	2	435	239	128	418	116	368	103	61	462	494	237	22	119	136	288	7	70	493	224	253	322	484	325	
6	51	118	129	154	205	221	231	245	255	258	273	292	323	324	327	334	350	468	485	492	495	212	423	112	454	167	71	280	19	394	2	435	128	418	116	368	103	61	462	494	22	253	493	175	244	307	130	26	237	266	171	272	
6	51	118	129	154	205	221	231	245	255	258	292	323	324	327	334	350	492	495	423	112	167	71	280	19	2	128	418	368	103	462	494	22	253	493	244	171	272	147	26	487	274	468	322	116	240	421	
6	51	129	154	205	221	231	245	255	258	324	327	350	492	495	423	112	167	71	280	19	2	128	418	368	462	494	22	253	493	244	171	272	147	274	240	346	276	189	347	0	478	292	14	260	
6	51	129	154	205	221	231	245	255	258	324	327	350	492	423	112	167	71	280	19	2	128	418	368	462	253	493	244	171	272	147	274	346	276	189	347	478	115	197	103	495	66	3	344	35	181	260	
154	205	231	245	255	258	324	327	350	492	423	112	167	71	280	19	2	128	418	368	462	253	493	272	147	274	346	276	189	197	3	35	115	146	26	260	51	103	484	262	460	478	402	207	
205	231	245	255	258	324	327	350	492	423	112	167	71	280	19	2	418	462	253	493	272	147	274	346	276	189	197	3	35	146	26	484	262	260	100	191	376	
205	231	245	255	258	324	350	492	423	112	71	280	19	2	418	462	253	493	272	147	274	276	197	3	35	26	262	260	191	376	419	189	327	0	388	
205	231	245	255	258	324	492	423	112	71	280	19	418	462	253	147	274	197	3	35	26	260	191	376	419	327	388	338	382	380	83	211	364	90	322	239	
205	231	245	255	258	324	492	423	112	71	280	19	418	462	253	147	274	3	35	260	191	376	419	327	338	382	83	388	243	125	344	152	18	79	24	227	26	
205	231	245	255	258	324	492	423	112	71	19	418	462	253	147	274	3	260	191	376	419	327	338	382	83	388	243	344	390	88	70	179	86	406	119	493	263	24	380	
205	231	245	258	324	492	423	112	71	19	418	462	253	147	260	191	376	419	327	338	382	83	388	243	390	86	406	380	227	263	274	159	81	508	444	
205	245	258	324	492	423	112	71	19	418	462	253	147	260	191	376	419	327	382	83	388	86	406	227	274	159	81	508	444	115	213	338	434	358	390	179	438	330	80	
205	245	324	492	423	112	71	19	418	462	253	147	260	191	376	419	327	382	83	388	86	406	159	81	508	444	213	338	434	330	80	458	340	500	
205	245	324	492	423	112	19	418	462	253	147	260	191	376	327	382	83	388	86	81	508	444	213	434	500	501	419	478	436	445	48	84	338	70	372	274	
205	245	324	492	423	112	19	418	462	253	147	260	191	376	327	382	83	86	81	508	444	213	434	500	501	478	372	274	188	419	282	221	
205	245	492	423	112	19	418	462	253	147	260	191	376	327	382	83	86	81	444	213	434	500	478	372	274	188	221	104	388	494	
205	245	492	423	112	19	418	462	253	147	260	191	376	327	382	83	86	81	444	213	434	478	372	274	183	104	502	
205	492	423	112	19	418	253	260	376	327	382	83	86	81	444	213	434	478	372	274	104	502	245	510	368	340	462	366	470	304	
205	492	423	112	19	418	253	260	376	327	382	83	86	81	444	434	478	274	502	510	372	221	214	104	380	500	255	113	87	
205	492	112	19	418	253	260	376	327	382	83	86	81	444	434	478	502	510	221	104	380	500	113	348	115	372	141	344	494	85	91	364	17	94	
492	112	19	253	260	376	327	382	83	86	81	444	434	478	502	221	380	500	348	115	372	141	344	3	364	220	123	119	18	214	16	207	510	80	381	157	
492	112	19	253	260	376	327	382	83	86	81	444	434	478	348	372	3	220	119	214	196	22	364	221	350	380	504	351	381	48	55	
492	112	19	253	260	327	382	83	86	81	444	434	478	348	3	220	119	196	22	364	350	380	48	221	312	508	279	342	324	84	55	
492	112	19	253	260	327	382	83	86	81	444	434	478	348	3	220	119	196	364	350	48	221	312	217	115	508	276	460	316	
492	112	19	253	260	327	382	83	86	81	444	434	478	348	3	119	364	350	48	221	312	508	276	460	284	396	488	7	470	414	157	398	324	
492	112	19	253	260	327	382	83	86	81	444	434	478	348	3	119	364	350	221	312	508	276	488	7	87	462	115	324	378	456	325	113	213	
492	19	253	260	327	382	83	86	81	444	434	478	348	3	119	364	350	312	508	276	488	7	87	462	113	325	6	456	402	300	286	
492	19	253	260	382	83	86	434	478	348	3	119	350	312	508	7	87	462	113	325	456	327	2	402	328	67	
492	19	253	260	382	83	86	434	478	348	3	119	350	312	508	7	87	462	113	325	2	402	328	327	177	49	438	0	211	458	
492	19	253	260	382	83	86	434	478	348	3	119	312	508	7	87	462	325	2	402	327	49	406	18	
492	19	253	260	382	83	86	434	478	348	3	119	312	508	7	87	462	325	2	327	406	81	510	350	1	262	
492	19	253	260	382	83	86	434	478	348	3	119	312	508	7	87	462	325	2	327	406	510	85	81	438	221	446	94	440	
492	19	253	260	382	83	86	434	478	348	3	119	312	508	87	462	325	2	327	406	85	438	221	23	95	422	70	22	
492	19	253	260	382	83	86	434	478	3	119	312	508	462	325	2	327	406	85	438	95	422	70	22	4	221	189	157	455	323	262	390	294	
492	19	253	260	382	83	86	434	478	3	119	312	508	325	2	327	406	85	422	70	189	4	323	115	95	341	390	343	261	333	
492	19	253	260	382	86	434	478	3	119	312	508	325	2	327	406	85	189	4	323	115	343	81	333	95	494	335	
492	19	253	260	382	86	434	478	3	119	312	508	325	2	327	406	85	189	4	323	115	17	359	364	127	95	221	83	380	
492	19	260	86	434	478	3	119	312	508	325	2	327	406	85	189	323	115	17	359	95	83	91	479	510	500	4	476	364	445	
19	260	86	434	478	3	119	312	508	325	2	327	406	85	189	323	115	17	359	479	476	210	82	83	402	355	95	316	127	94	284	364	472	414	
19	260	86	434	478	3	119	312	508	325	2	327	406	85	189	115	17	476	82	83	95	316	127	147	479	210	22	
19	260	86	434	478	3	119	312	508	325	2	327	406	85	189	115	476	83	95	316	127	22	21	82	17	243	472	111	
19	260	86	434	478	119	312	508	325	2	327	406	85	189	115	476	83	95	127	21	82	10	49	94	255	3	66	70	316	444	11	
19	260	86	434	478	312	508	325	2	327	85	115	476	95	127	21	10	255	412	53	87	316	31	324	342	
19	260	86	434	478	508	325	2	327	85	115	476	95	127	21	10	255	412	444	261	0	472	63	326	
19	260	86	434	478	508	325	2	327	85	476	127	10	255	358	262	115	444	84	498	326	306	26	63	68	341	
19	260	86	434	478	508	325	2	327	476	127	10	255	358	262	115	444	84	326	63	34	322	18	247	239	374	
19	260	86	434	478	508	325	2	327	476	127	10	255	358	444	84	326	63	34	322	215	70	253	
19	260	86	478	508	325	2	327	476	127	10	84	326	63	34	322	215	358	323	42	444	436	
19	260	86	478	508	325	2	327	127	10	84	63	34	215	42	476	270	262	462	506	390	131	271	472	326	268	324	3	130	
19	260	86	478	508	325	2	327	127	10	84	63	34	215	42	476	270	262	324	3	332	61	506	333	131	50	85	
19	260	478	508	325	2	327	127	10	34	42	476	270	324	3	61	131	333	262	444	214	6	212	35	452	215	
19	260	478	508	325	2	327	127	10	42	270	324	61	131	262	444	214	340	196	452	380	3	195	
19	260	478	508	325	2	327	127	10	42	270	324	61	131	262	444	340	452	3	455	453	380	461	510	468	376	
19	260	478	508	2	327	127	10	270	324	61	131	262	340	3	455	453	34	449	103	504	325	389	147	376	470	
19	260	478	2	327	127	10	324	262	3	455	453	34	103	444	266	7	131	
19	260	478	2	327	127	10	324	262	3	455	453	34	7	123	270	15	326	
260	478	2	327	127	10	324	262	3	455	453	7	341	325	391	452	487	
478	2	327	127	10	324	262	3	455	7	99	18	82	474	452	453	
478	2	327	10	3	455	99	18	453	391	278	510	407	127	
478	2	327	10	3	455	99	18	510	16	22	
478	2	327	10	3	455	99	18	263	262	11	343	
478	2	327	10	3	455	1	139	
478	2	327	10	3	455	334	
478	2	327	10	3	455	14	
478	2	327	455	14	325	474	12	414	
478	2	327	455	14	0	263	10	
478	2	327	455	14	10	
478	2	327	455	128	350	6	
478	2	327	455	
478	2	327	455	
478	2	327	455	471	
478	2	327	455	359	
478	2	327	455	0	326	
478	2	327	455	0	130	16	18	32	
478	2	327	455	133	510	453	
478	2	327	455	133	510	129	193	
478	2	327	455	510	193	129	128	136	10	414	474	
478	2	327	455	128	10	476	
478	2	327	455	10	128	132	
478	2	327	455	10	128	
478	2	455	10	128	327	
478	2	455	10	128	14	453	454	462	
478	2	455	10	128	14	6	12	
478	2	455	10	128	14	94	90	327	26	3	
478	2	455	10	14	453	142	
478	2	455	10	14	
478	2	455	10	350	
478	2	455	10	0	471	66	
478	2	455	10	476	487	486	502	
478	2	455	10	476	474	130	460	
478	2	455	10	414	346	
478	2	455	10	414	18	471	34	
478	2	455	10	471	11	391	75	469	
478	2	455	10	471	343	327	326	451	
478	2	10	471	335	331	74	
478	2	10	471	335	325	327	130	
478	2	10	471	335	462	
478	2	10	471	11	66	
478	2	10	471	
478	2	10	471	
478	2	10	471	455	130	
10	471	42	
10	471	
10	471	
10	471	2	66	
10	471	
10	471	
10	471	
10	471	470	26	138	
10	471	
10	471	
10	471	138	
10	471	
10	471	42	
10	471	
10	471	74	
10	471	74	26	
10	471	11	
10	471	
10	471	
10	471	26	
10	471	
10	471	74	78	
10	471	74	14	
10	471	74	14	343	
10	471	138	
10	471	
10	471	
10	471	11	470	455	
10	471	407	467	
10	471	
10	471	
10	471	2	
10	471	467	
10	471	
10	471	2	
10	471	14	479	455	
10	471	
10	471	74	82	
10	471	469	
10	471	467	
10	471	
10	471	
10	471	
10	471	74	
10	471	42	
10	471	
10	471	
10	471	407	415	
10	471	
10	471	
10	471	
10	471	
10	471	
10	471	
10	471	8	
10	471	
10	471	503	
10	471	74	
10	471	138	
10	471	74	
10	471	
10	471	467	
10	471	
10	471	468	469	
10	471	
10	471	
10	471	469	
10	471	343	
10	471	467	470	
10	471	
10	471	
10	471	74	
10	471	
10	471	
10	471	
10	471	
10	471	
10	471	74	
10	471	470	
10	471	74	
10	471	74	
10	471	74	
10	471	
10	471	
10	471	
10	471	14	
10	471	
10	471	
10	471	74	
10	471	74	66	
10	471	
10	471	26	
10	471	
10	471	
10	471	11	
10	471	
10	471	
10	471	78	
10	471	
10	471	74	
10	471	
10	471	469	
10	471	470	
10	471	74	11	
10	471	
10	471	42	
10	471	
10	471	470	
10	471	42	469	
10	471	
10	471	
10	471	
10	471	479	
10	471	74	
10	471	74	
10	471	
10	471	470	26	
10	471	26	
10	471	14	
10	471	26	
10	471	
10	471	
10	471	407	
10	471	
10	471	479	
10	471	
10	471	74	470	
10	471	
10	471	8	
10	471	
10	471	
10	471	
10	471	14	
10	471	8	14	
10	471	14	
10	471	74	470	
10	471	455	
10	471	
10	471	
10	471	8	
10	471	
10	471	407	
10	471	
10	471	455	
10	471	138	
10	471	
10	471	479	
10	471	74	2	138	
10	471	74	11	106	
10	471	74	
10	471	
10	471	479	8	24	
10	471	343	
10	471	
10	471	
10	471	
10	471	2	
10	471	
10	471	
10	471	42	
10	471	
10	471	
10	471	
10	471	
10	471	42	
10	471	469	
10	471	
10	471	
10	471	
10	471	
10	471	8	
10	471	11	
10	471	468	
10	471	8	
10	471	
10	471	
10	471	202	
10	471	74	
10	471	
10	471	
10	471	90	467	
10	471	90	
10	471	
10	471	26	
10	471	
10	471	138	
10	471	
10	471	343	
10	471	503	
10	471	403	
10	471	
10	471	26	407	
10	471	
10	471	
10	471	
10	471	
10	471	407	
10	471	455	
10	471	
10	471	74	
10	471	74	
10	471	74	
10	471	74	
10	471	74	
10	471	
10	471	14	8	138	467	
10	471	138	470	
10	471	
10	471	
10	471	
10	471	74	
10	471	
10	471	
10	471	
10	471	74	
10	471	470	
10	471	2	
10	471	470	
10	471	
10	471	
10	471	
10	471	74	
10	471	
10	471	74	
10	471	74	
10	471	74	
10	471	
10	471	
10	471	469	
10	471	
10	471	
10	471	42	
10	471	
10	471	343	
10	471	2	
10	471	
10	471	
10	471	74	
10	471	470	
10	471	467	
10	471	
10	471	
10	471	
10	471	
10	471	74	
10	471	470	2	
10	471	
10	471	
10	471	74	
10	471	2	
10	471	
10	471	
10	471	
10	471	
10	471	
10	471	
10	471	74	343	
10	471	138	470	
10	471	
10	471	
10	471	
10	471	467	
10	471	74	
10	471	8	
10	471	407	
10	471	
10	471	
10	471	
10	471	503	
10	471	
10	471	
10	471	
10	471	469	
10	471	
10	471	
10	471	
10	471	
10	471	74	
10	471	8	72	
10	471	
10	471	
10	471	74	
10	471	
10	471	
10	471	
10	471	14	
10	471	
10	471	
10	471	
10	471	
10	471	
10	471	455	
10	471	
10	471	470	
10	471	74	
10	471	
10	471	8	
10	471	
10	471	407	
10	471	
10	471	503	
10	471	
10	471	
10	471	
10	471	
10	471	
10	471	469	
10	471	
10	471	
10	471	
10	471	
10	471	479	
10	471	407	
10	471	467	
10	471	
10	471	343	
10	471	
10	471	
10	471	
10	471	
10	471	
10	471	
10	471	
10	471	
10	471	
10	471	
10	471	
10	471	
10	471	
10	471	
10	471	74	407	90	277	279	
10	471	74	
10	471	74	11	
10	471	74	90	
10	471	11	
10	471	74	
10	471	
10	471	
10	471	74	72	
10	471	
10	471	
10	471	
10	471	8	
10	471	
10	471	
10	471	
10	471	26	154	
10	471	
10	471	
10	471	
10	471	469	
10	471	
10	471	
10	471	
10	471	
10	471	2	
10	471	
10	471	74	26	
10	471	74	
10	471	
10	471	42	46	503	
10	471	42	
10	471	
10	471	343	
10	471	
10	471	
10	471	
10	471	
10	471	74	
10	471	74	467	26	
10	471	74	468	
10	471	74	
10	471	74	
10	471	74	
10	471	8	
10	471	
10	471	74	90	
10	471	90	
10	471	42	
10	471	503	
10	471	503	
10	471	
10	471	407	
10	471	74	
10	471	
10	471	467	
10	471	407	
10	471	74	
10	471	
10	471	74	90	
10	471	
10	471	
10	471	8	
10	471	
10	471	479	
10	471	
10	471	469	
10	471	
10	471	11	2	
10	471	
10	471	
10	471	
10	471	26	
10	471	
10	471	343	2	
10	471	
10	471	
10	471	470	
10	471	
10	471	
10	471	
10	471	
10	471	
10	471	138	42	
10	471	
10	471	
10	471	
10	471	
10	471	74	75	
10	471	479	
10	471	
10	471	14	
10	471	
10	471	138	
10	471	
10	471	
10	471	
10	471	
10	471	503	
10	471	
10	471	42	
10	471	
10	471	
10	471	
10	471	
10	471	
10	471	
10	471	8	40	
10	471	
10	471	
10	471	74	
10	471	469	
10	471	
10	471	
10	471	
10	471	2	
10	471	2	
10	471	
10	471	
10	471	11	3	2	
10	471	455	
10	471	42	
10	471	8	
10	471	343	11	74	
10	471	
10	471	
10	471	
10	471	
10	471	
10	471	74	
10	471	26	
10	471	
10	471	407	343	
10	471	
10	471	
10	471	
10	471	74	407	75	479	106	
10	471	343	138	470	
10	471	
10	471	
10	471	
10	471	469	
10	471	
10	471	
10	471	
10	471	
10	471	74	82	
10	471	74	26	
10	471	467	
10	471	
10	471	
10	471	
10	471	
10	471	
10	471	
10	471	74	503	138	
10	471	74	
10	471	
10	471	2	
10	471	503	
10	471	
10	471	470	
10	471	469	405	
10	471	
10	471	
10	471	
10	471	138	
10	471	
10	471	470	
10	471	74	
10	471	42	
10	471	455	479	11	
10	471	138	154	74	
10	471	469	343	74	
10	471	
10	471	74	
10	471	
10	471	138	470	
10	471	90	
10	471	14	
10	471	
10	471	
10	471	74	469	
10	471	2	42	
10	471	26	
10	471	
10	471	
10	471	
10	471	403	
10	471	
10	471	
10	471	
10	471	
10	471	455	
10	471	74	
10	471	
10	471	
10	471	
10	471	
10	471	8	
10	471	454	470	
10	471	74	469	
10	471	74	
10	471	
10	471	11	
10	471	407	
10	471	
10	471	74	
10	471	
10	471	8	
10	471	
10	471	
10	471	470	
10	471	
10	471	455	
10	471	
10	471	
10	471	90	
10	471	343	
10	471	74	
10	471	74	202	
10	471	74	503	
10	471	74	
10	471	
10	471	
10	471	
10	471	
10	471	343	
10	471	343	
10	471	
10	471	
10	471	
10	471	
10	471	
10	471	470	
10	471	
10	471	469	
10	471	42	
10	471	
10	471	
10	471	
10	471	
10	471	74	
10	471	
10	471	90	
10	471	
10	471	
10	471	407	
10	471	
10	471	42	
10	471	2	
10	471	
10	471	
10	471	
10	471	
10	471	479	
10	471	
10	471	467	
10	471	
10	471	74	467	407	2	
10	471	138	
10	471	90	106	
10	471	90	26	
10	471	
10	471	
10	471	
10	471	
10	471	455	
10	471	
10	471	
10	471	74	42	
10	471	
10	471	
10	471	74	
10	471	
10	471	74	
10	471	
10	471	470	14	
10	471	
10	471	407	
10	471	
10	471	
10	471	42	343	
10	471	407	
10	471	
10	471	
10	471	407	
10	471	74	
10	471	
10	471	
10	471	
10	471	
10	471	74	
10	471	
10	471	503	
10	471	470	
10	471	
10	471	
10	471	
10	471	
10	471	469	
10	471	26	
10	471	
10	471	
10	471	
10	471	
10	471	
10	471	
10	471	467	
10	471	
10	471	8	467	
10	471	
10	471	479	
10	471	
10	471	470	
10	471	
10	471	
10	471	343	138	455	
10	471	
10	471	74	106	
10	471	
10	471	
10	471	
10	471	479	
10	471	
10	471	
10	471	
10	471	26	
10	471	74	
10	471	
10	471	74	
10	471	
10	471	26	
10	471	
10	471	343	26	
10	471	479	
10	471	42	
10	471	
10	471	
10	471	2	
10	471	407	
10	471	
10	471	470	
10	471	74	
10	471	
10	471	
10	471	470	
10	471	
10	471	8	
10	471	
10	471	455	74	
10	471	
10	471	74	
10	471	469	
10	471	74	407	
10	471	469	
10	471	343	
10	471	0	
10	471	12	
10	471	
10	471	8	
10	471	
10	471	
10	471	42	11	
10	471	
10	471	26	
10	471	479	
10	471	
10	471	407	
10	471	
10	471	74	
10	471	
10	471	
10	471	74	90	467	
10	471	90	
10	471	138	
10	471	74	503	
10	471	
10	471	
10	471	
10	471	74	
10	471	
10	471	74	
10	471	
10	471	
10	471	
10	471	
10	471	74	
10	471	
10	471	74	503	
10	471	74	26	
10	471	
10	471	
10	471	
10	471	343	
10	471	74	
10	471	469	
10	471	
10	471	
10	471	407	
10	471	
10	471	
10	471	26	407	
10	471	78	
10	471	
10	471	11	139	
10	471	
10	471	
10	471	
10	471	74	
10	471	14	
10	471	
10	471	
10	471	
10	471	74	14	341	
10	471	
10	471	
10	471	
10	471	11	
10	471	467	
10	471	
10	471	
10	471	
10	471	8	503	
10	471	
10	471	
10	471	
10	471	467	
10	471	
10	471	
10	471	
10	471	
10	471	
10	471	
10	471	
10	471	455	342	78	75	
10	471	479	
10	471	74	26	
10	471	
10	471	
10	471	74	
10	471	
10	471	
10	471	14	
10	471	
10	471	
10	471	74	
10	471	74	
10	471	
10	471	
10	471	407	
10	471	
10	471	
10	471	
10	471	74	
10	471	
10	471	
10	471	74	467	
10	471	455	
10	471	
10	471	
10	471	407	106	279	90	26	94	86	
10	471	2	
10	471	
10	471	
10	471	
10	471	
10	471	8	
10	471	26	
10	471	74	
10	471	
10	471	467	343	
10	471	
10	471	
10	471	42	
10	471	455	
10	471	11	
10	471	407	
10	471	
10	471	
10	471	
10	471	
10	471	
10	471	74	343	
10	471	
10	471	
10	471	
10	471	
10	471	138	
10	471	
10	471	
10	471	74	
10	471	14	
10	471	
10	471	
10	471	6	14	40	
10	471	74	90	106	
10	471	74	14	
10	471	14	
10	471	74	503	
10	471	
10	471	42	
10	471	138	
10	471	
10	471	
10	471	
10	471	470	
10	471	74	
10	471	
10	471	469	
10	471	74	
10	471	
10	471	
10	471	
10	471	
10	471	375	343	2	
10	471	142	30	469	
10	471	467	138	
10	471	
10	471	74	
10	471	74	106	
10	471	74	
10	471	74	
10	471	74	
10	471	42	
10	471	
10	471	
10	471	479	
10	471	
10	471	74	
10	471	74	14	
10	471	42	
10	471	
10	471	470	
10	471	
10	471	469	
10	471	
10	471	
10	471	74	
10	471	
10	471	138	
10	471	469	
10	471	74	
10	471	
10	471	
10	471	
10	471	455	
10	471	455	
10	471	26	
10	471	
10	471	8	
10	471	
10	471	343	
10	471	
10	471	
10	471	2	
10	471	
10	471	
10	471	
10	471	
10	471	
10	471	
10	471	
10	471	
10	471	
10	471	
10	471	
10	471	
10	471	2	
10	471	455	467	
10	471	
10	471	
10	471	138	
10	471	2	14	
10	471	
10	471	
10	471	74	
10	471	
10	471	
10	471	
10	471	
10	471	8	
10	471	
10	471	503	
10	471	
10	471	14	
10	471	
10	471	
10	471	
10	471	74	75	72	
10	471	74	503	
10	471	74	
10	471	
10	471	
10	471	
10	471	
10	471	467	138	
10	471	42	
10	471	
10	471	
10	471	
10	471	42	
10	471	
10	471	42	
10	471	26	
10	471	11	
10	471	90	74	
10	471	
10	471	
10	471	
10	471	
10	471	74	
10	471	74	
10	471	
10	471	
10	471	343	
10	471	
10	471	138	
10	471	
10	471	74	
10	471	74	
10	471	74	2	34	
10	471	74	
10	471	467	
10	471	
10	471	
10	471	
10	471	74	479	
10	471	
10	471	
10	471	
10	471	
10	471	
10	471	26	
10	471	407	
10	471	
10	471	14	
10	471	74	
10	471	74	
10	471	14	11	
10	471	
10	471	
10	471	2	
10	471	
10	471	
10	471	
10	471	8	343	2	
10	471	42	469	503	
10	471	2	
10	471	74	
10	471	
10	471	74	
10	471	
10	471	
10	471	
10	471	
10	471	138	465	139	470	
10	471	
10	471	138	
10	471	
10	471	
10	471	
10	471	
10	471	
10	471	
10	471	
10	471	
10	471	
10	471	
10	471	
10	471	
10	471	
10	471	
10	471	
10	471	
10	471	
10	471	
10	471	2	
10	471	
10	471	503	
10	471	467	343	
10	471	455	
10	471	11	
10	471	
10	471	
10	471	
10	471	
10	471	74	
10	471	
10	471	
10	471	74	
10	471	469	
10	471	138	
10	471	
10	471	479	
10	471	74	
10	471	407	
10	471	470	
10	471	
10	471	
10	471	
10	471	479	
10	471	138	
10	471	138	
10	471	
10	471	138	
10	471	
10	471	
10	471	455	
10	471	
10	471	
10	471	
10	471	
10	471	74	90	75	
10	471	90	
10	471	
10	471	8	
10	471	
10	471	
10	471	74	
10	471	
10	471	
10	471	
10	471	
10	471	
10	471	74	
10	471	74	503	66	
10	471	2	
10	471	
10	471	327	
10	471	470	
10	471	2	
10	471	74	14	
10	471	74	66	
10	471	
10	471	470	
10	471	74	90	
10	471	503	
10	471	
10	471	469	74	
10	471	
10	471	74	42	
10	471	
10	471	
10	471	
10	471	469	
10	471	
10	471	469	479	
10	471	42	
10	471	130	74	42	
10	471	
10	471	
10	471	
10	471	42	
10	471	138	
10	471	
10	471	
10	471	503	
10	471	
10	471	74	
10	471	
10	471	
10	471	
10	471	74	
10	471	
10	471	
10	471	
10	471	14	
10	471	455	
10	471	
10	471	
10	471	8	
10	471	74	
10	471	74	
10	471	74	2	
10	471	
10	471	
10	471	
10	471	343	
10	471	455	
10	471	465	407	
10	471	
10	471	
10	471	
10	471	
10	471	
10	471	
10	471	
10	471	
10	471	
10	471	
10	471	455	
10	471	74	138	
10	471	90	
10	471	
10	471	
10	471	
10	471	407	
10	471	
10	471	2	
10	471	
10	471	
10	471	42	
10	471	
10	471	467	
10	471	
10	471	455	
10	471	
10	471	
10	471	455	
10	471	
10	471	407	
10	471	
10	471	469	
10	471	11	
10	471	
10	471	2	
10	471	
10	471	479	
10	471	74	
10	471	40	
10	471	
10	471	
10	471	138	
10	471	391	406	
10	471	138	
10	471	
10	471	
10	471	138	
10	471	
10	471	42	
10	471	
10	471	74	90	
10	471	74	
10	471	74	
10	471	
10	471	
10	471	202	
10	471	
10	471	
10	471	
10	471	11	
10	471	
10	471	
10	471	
10	471	343	
10	471	66	
10	471	
10	471	
10	471	470	
10	471	
10	471	
10	471	
10	471	
10	471	
10	471	74	467	106	
10	471	
10	471	8	
10	471	
10	471	479	
10	471	
10	471	
10	471	138	503	
10	471	74	
10	471	74	90	26	
10	471	
10	471	74	470	
10	471	74	
10	471	
10	471	26	
10	471	
10	471	
10	471	
10	471	
10	471	138	
10	471	
10	471	
10	471	407	
10	471	74	
10	471	343	
10	471	2	
10	471	
10	471	138	
10	471	343	
10	471	
10	471	
10	471	479	503	
10	471	
10	471	470	
10	471	74	
10	471	2	
10	471	74	
10	471	
10	471	2	
10	471	
10	471	
10	471	
10	471	74	66	58	
10	471	
10	471	11	
10	471	
10	471	74	138	206	503	
10	471	138	
10	471	
10	471	
10	471	
10	471	
10	471	74	
10	471	
10	471	469	42	
10	471	
10	471	
10	471	74	407	
10	471	469	
10	471	74	
10	471	74	
10	471	138	343	
10	471	
10	471	
10	471	74	
10	471	74	90	
10	471	74	
10	471	74	90	26	
10	471	74	90	343	
10	471	74	
10	471	
10	471	
10	471	
10	471	467	503	
10	471	
10	471	74	
10	471	
10	471	
10	471	
10	471	8	
10	471	
10	471	74	
10	471	
10	471	138	455	
10	471	
10	471	
10	471	
10	471	42	
10	471	467	
10	471	
10	471	
10	471	42	11	
10	471	74	
10	471	
10	471	470	8	2	
10	471	
10	471	467	479	
10	471	
10	471	
10	471	467	
10	471	11	
10	471	
10	471	74	
10	471	74	
10	471	469	
10	471	407	503	
10	471	
10	471	26	
10	471	503	
10	471	14	74	
10	471	
10	471	
10	471	407	
10	471	
10	471	74	
10	471	14	
10	471	
10	471	
10	471	455	26	
10	471	
10	471	
10	471	
10	471	74	
10	471	138	407	
10	471	8	11	
10	471	
10	471	
10	471	
10	471	
10	471	75	
10	471	
10	471	74	
10	471	479	
10	471	503	455	
10	471	42	479	
10	471	
10	471	74	
10	471	138	
10	471	42	407	
10	471	503	
10	471	
10	471	
10	471	470	
10	471	74	
10	471	
10	471	74	
10	471	469	
10	471	74	
10	471	
10	471	74	
10	471	
10	471	
10	471	469	
10	471	
10	471	
10	471	26	24	
10	471	14	
10	471	
10	471	455	
10	471	
10	471	
10	471	
10	471	
10	471	
10	471	74	
10	471	467	
10	471	
10	471	14	
10	471	
10	471	74	
10	471	74	11	
10	471	74	90	
10	471	138	
10	471	
10	471	74	
10	471	74	
10	471	479	
10	471	74	
10	471	74	470	
10	471	
10	471	
10	471	
10	471	14	
10	471	479	
10	471	467	
10	471	138	
10	471	138	
10	471	
10	471	
10	471	503	
10	471	407	
10	471	14	
10	471	
10	471	
10	471	154	
10	471	26	
10	471	
10	471	
10	471	469	
10	471	74	
10	471	
10	471	2	
10	471	138	
10	471	455	
10	471	
10	471	74	
10	471	503	
10	471	
10	471	74	
10	471	90	14	
10	471	
10	471	
10	471	
10	471	
10	471	
10	471	74	
10	471	74	
10	471	
10	471	470	
10	471	26	
10	471	74	
10	471	
10	471	
10	471	74	
10	471	
10	471	2	0	499	502	503	
10	471	
10	471	
10	471	
10	471	11	
10	471	
10	471	74	11	90	75	
10	471	
10	471	
10	471	74	
10	471	
10	471	67	74	
10	471	
10	471	42	
10	471	
10	471	
10	471	74	
10	471	
10	471	
10	471	
10	471	
10	471	74	343	42	
10	471	8	455	
10	471	
10	471	
10	471	455	
10	471	72	
10	471	
10	471	
10	471	503	2	
10	471	
10	471	343	
10	471	
10	471	74	467	
10	471	74	407	470	
10	471	
10	471	
10	471	
10	471	
10	471	
10	471	11	
10	471	26	
10	471	14	46	
10	471	
10	471	74	72	
10	471	11	
10	471	11	42	
10	471	14	
10	471	74	
10	471	470	
10	471	2	470	
10	471	467	
10	471	
10	471	
10	471	
10	471	
10	471	467	
10	471	
10	471	
10	471	
10	471	74	90	106	
10	471	74	66	
10	471	469	
10	471	
10	471	11	
10	471	467	
10	471	470	
10	471	
10	471	470	
10	471	74	14	
10	471	74	407	
10	471	74	
10	471	74	503	
10	471	74	11	
10	471	74	479	
10	471	74	467	
10	471	74	42	
10	471	138	
10	471	74	
10	471	74	14	66	
10	471	74	
10	471	74	90	467	
10	471	
10	471	
10	471	
10	471	
10	471	479	
10	471	
10	471	74	470	66	
10	471	
10	471	
10	471	
10	471	
10	471	
10	471	
10	471	
10	471	
10	471	
10	471	503	
10	471	407	
10	471	
10	471	
10	471	
10	471	138	343	375	
10	471	
10	471	2	
10	471	
10	471	
10	471	
10	471	
10	471	
10	471	3	2	
10	471	503	
10	471	
10	471	11	
10	471	11	
10	471	
10	471	
10	471	
10	471	
10	471	
10	471	
10	471	
10	471	
10	471	74	78	
10	471	74	75	
10	471	74	90	
10	471	74	2	
10	471	138	
10	471	
10	471	2	
10	471	
10	471	26	
10	471	503	
10	471	
10	471	
10	471	455	
10	471	
10	471	2	469	
10	471	469	
10	471	
10	471	
10	471	
10	471	74	78	
10	471	503	
10	471	
10	471	11	
10	471	138	
10	471	
10	471	74	
10	471	
10	471	
10	471	
10	471	74	
10	471	74	78	
10	471	467	
10	471	74	
10	471	74	202	
10	471	
10	471	
10	471	14	407	
10	471	
10	471	
10	471	470	74	
10	471	502	455	
10	471	74	
10	471	467	
10	471	
10	471	
10	471	
10	471	
10	471	
10	471	
10	471	343	
10	471	
10	471	
10	471	74	470	
10	471	
10	471	
10	471	74	11	
10	471	138	
10	471	
10	471	
10	471	
10	471	14	
10	471	
10	471	14	
10	471	138	
10	471	14	
10	471	
10	471	
10	471	
10	471	
10	471	74	
10	471	
10	471	
10	471	
10	471	
10	471	
10	471	
10	471	
10	471	74	202	14	
10	471	26	
10	471	407	
10	471	469	
10	471	
10	471	
10	471	407	
10	471	
10	471	
10	471	
10	471	
10	471	
10	471	
10	471	
10	471	
10	471	407	
10	471	
10	471	
10	471	
10	471	
10	471	
10	471	74	
10	471	
10	471	
10	471	503	
10	471	
10	471	407	
10	471	
10	471	74	455	
10	471	470	
10	471	407	
10	471	407	
10	471	
10	471	
10	471	
10	471	
10	471	74	
10	471	74	42	
10	471	
10	471	138	
10	471	8	
10	471	138	
10	471	42	
10	471	467	
10	471	
10	471	2	
10	471	
10	471	42	
10	471	90	407	
10	471	90	26	
10	471	90	14	
10	471	90	
10	471	90	
10	471	90	82	
10	471	90	
10	471	90	
10	471	90	26	
10	471	90	
10	471	90	
10	471	90	
10	471	
10	471	74	
10	471	74	
10	471	74	
10	471	74	
10	471	
10	471	
10	471	74	470	
10	471	14	78	
10	471	
10	471	
10	471	
10	471	
10	471	
10	471	
10	471	
10	471	
10	471	2	
10	471	
10	471	14	
10	471	
10	471	470	
10	471	8	
10	471	
10	471	42	469	
10	471	74	
10	471	138	
10	471	42	
10	471	
10	471	
10	471	
10	471	11	
10	471	74	
10	471	
10	471	
10	471	
10	471	407	
10	471	479	
10	471	74	470	
10	471	
10	471	26	
10	471	142	206	
10	471	
10	471	
10	471	470	343	
10	471	14	
10	471	
10	471	
10	471	
10	471	
10	471	
10	471	
10	471	
10	471	
10	471	
10	471	
10	471	42	74	
10	471	
10	471	455	
10	471	
10	471	407	
10	471	2	
10	471	
10	471	
10	471	74	
10	471	
10	471	467	
10	471	2	
10	471	
10	471	74	
10	471	503	
10	471	
10	471	14	
10	471	407	
10	471	14	26	
10	471	469	
10	471	
10	471	
10	471	74	78	
10	471	74	138	
10	471	
10	471	407	
10	471	
10	471	
10	471	
10	471	
10	471	
10	471	27	136	8	
10	471	
10	471	
10	471	74	407	
10	471	90	82	
10	471	
10	471	14	
10	471	
10	471	
10	471	
10	471	
10	471	74	
10	471	
10	471	
10	471	
10	471	
10	471	
10	471	
10	471	
10	471	
10	471	
10	471	
10	471	42	
10	471	74	
10	471	
10	471	503	42	
10	471	2	
10	471	
10	471	469	
10	471	
10	471	
10	471	42	
10	471	
10	471	
10	471	
10	471	138	470	
10	471	26	
10	471	
10	471	
10	471	26	14	
10	471	26	
10	471	26	
10	471	
10	471	
10	471	503	42	469	
10	471	469	
10	471	
10	471	
10	471	8	
10	471	
10	471	
10	471	138	
10	471	
10	471	407	467	
10	471	
10	471	
10	471	
10	471	467	
10	471	
10	471	138	
10	471	74	8	
10	471	74	78	26	138	
10	471	26	
10	471	74	
10	471	
10	471	27	
10	471	455	
10	471	8	
10	471	
10	471	479	
10	471	503	
10	471	74	455	
10	471	138	
10	471	74	
10	471	74	479	66	
10	471	
10	471	
10	471	
10	471	467	
10	471	405	
10	471	
10	471	
10	471	467	
10	471	11	
10	471	
10	471	
10	471	405	407	
10	471	
10	471	
10	471	
10	471	
10	471	14	11	91	
10	471	138	
10	471	
10	471	
10	471	
10	471	
10	471	
10	471	
10	471	
10	471	
10	471	343	
10	471	
10	471	
10	471	
10	471	
10	471	74	2	
10	471	
10	471	14	
10	471	
10	471	
10	471	
10	471	
10	471	406	
10	471	74	
10	471	
10	471	
10	471	407	
10	471	503	
10	471	
10	471	11	
10	471	407	
10	471	
10	471	
10	471	
10	471	
10	471	
10	471	74	94	
10	471	
10	471	
10	471	
10	471	
10	471	
10	471	
10	471	42	26	
10	471	
10	471	
10	471	
10	471	477	479	
10	471	
10	471	
10	471	
10	471	
10	471	
10	471	74	78	
10	471	
10	471	503	
10	471	
10	471	
10	471	26	
10	471	
10	471	
10	471	
10	471	
10	471	
10	471	
10	471	
10	471	
10	471	407	469	
10	471	
10	471	
10	471	14	138	
10	471	
10	471	74	
10	471	
10	471	
10	471	74	
10	471	
10	471	26	
10	471	
10	471	
10	471	11	
10	471	
10	471	
10	471	
10	471	
10	471	
10	471	
10	471	
10	471	
10	471	26	
10	471	74	2	
10	471	
10	471	
10	471	
10	471	8	
10	471	
10	471	
10	471	
10	471	470	14	
10	471	26	
10	471	
10	471	11	
10	471	74	75	73	
10	471	26	
10	471	
10	471	
10	471	455	
10	471	74	
10	471	74	
10	471	74	26	
10	471	74	
10	471	74	
10	471	74	
10	471	74	78	
10	471	
10	471	
10	471	
10	471	407	
10	471	
10	471	343	
10	471	
10	471	
10	471	74	202	
10	471	42	
10	471	
10	471	14	42	469	
10	471	
10	471	
10	471	74	
10	471	470	
10	471	
10	471	74	
10	471	
10	471	
10	471	74	
10	471	74	
10	471	
10	471	
10	471	
10	471	14	8	
10	471	
10	471	
10	471	42	
10	471	
10	471	
10	471	
10	471	479	
10	471	
10	471	
10	471	
10	471	
10	471	74	
10	471	
10	471	
10	471	
10	471	74	
10	471	
10	471	
10	471	11	
10	471	479	
10	471	
10	471	
10	471	
10	471	
10	471	58	
10	471	
10	471	
10	471	
10	471	
10	471	503	
10	471	
10	471	
10	471	42	43	
10	471	
10	471	74	479	
10	471	
10	471	74	
10	471	
10	471	
10	471	
10	471	343	
10	471	11	
10	471	
10	471	467	
10	471	407	
10	471	
10	471	
10	471	
10	471	470	
10	471	469	
10	471	503	
10	471	
10	471	
10	471	74	343	
10	471	
10	471	42	106	
10	471	407	2	
10	471	455	
10	471	
10	471	11	
10	471	
10	471	
10	471	
10	471	
10	471	
10	471	
10	471	
10	471	
10	471	
10	471	
10	471	
10	471	
10	471	11	
10	471	
10	471	11	
10	471	
10	471	
10	471	
10	471	
10	471	
10	471	
10	471	11	
10	471	8	136	
10	471	
10	471	
10	471	
10	471	74	469	75	
10	471	
10	471	
10	471	
10	471	2	
10	471	407	138	
10	471	
10	471	343	
10	471	
10	471	
10	471	
10	471	
10	471	74	479	
10	471	74	
10	471	
10	471	74	42	
10	471	74	
10	471	11	8	
10	471	
10	471	
10	471	90	
10	471	
10	471	42	
10	471	
10	471	
10	471	14	479	
10	471	469	
10	471	
10	471	455	
10	471	74	
10	471	74	90	
10	471	74	78	
10	471	
10	471	74	42	
10	471	74	
10	471	
10	471	
10	471	407	
10	471	11	479	
10	471	74	
10	471	
10	471	339	343	
10	471	
10	471	407	455	
10	471	11	
10	471	
10	471	
10	471	
10	471	
10	471	
10	471	
10	471	
10	471	
10	471	14	
10	471	74	
10	471	
10	471	
10	471	
10	471	74	343	
10	471	74	138	
10	471	2	6	
10	471	
10	471	470	
10	471	90	
10	471	74	479	
10	471	
10	471	
10	471	74	
10	471	74	
10	471	
10	471	
10	471	467	
10	471	
10	471	
10	471	138	26	
10	471	
10	471	
10	471	503	
10	471	74	
10	471	
10	471	26	
10	471	
10	471	
10	471	11	467	
10	471	
10	471	11	
10	471	2	
10	471	
10	471	479	
10	471	
10	471	26	
10	471	34	
10	471	
10	471	14	15	
10	471	
10	471	
10	471	
10	471	469	
10	471	470	
10	471	
10	471	
10	471	74	
10	471	74	75	455	
10	471	90	14	
10	471	467	
10	471	74	
10	471	
10	471	
10	471	8	
10	471	
10	471	74	
10	471	
10	471	74	
10	471	
10	471	
10	471	
10	471	407	
10	471	343	
10	471	2	
10	471	
10	471	
10	471	
10	471	
10	471	
10	471	74	
10	471	2	
10	471	74	
10	471	74	78	
10	471	74	
10	471	74	75	343	
10	471	74	
10	471	
10	471	74	72	
10	471	
10	471	
10	471	
10	471	455	74	
10	471	
10	471	
10	471	8	26	27	
10	471	11	
10	471	138	
10	471	138	
10	471	74	
10	471	
10	471	138	2	
10	471	
10	471	11	
10	471	11	
10	471	
10	471	
10	471	407	470	
10	471	90	
10	471	90	
10	471	
10	471	343	
10	471	
10	471	
10	471	
10	471	
10	471	
10	471	
10	471	
10	471	
10	471	479	
10	471	
10	471	
10	471	467	
10	471	407	
10	471	
10	471	
10	471	8	
10	471	470	
10	471	343	
10	471	
10	471	467	
10	471	
10	471	
10	471	26	
10	471	74	
10	471	
10	471	
10	471	8	
10	471	
10	471	74	
10	471	74	
10	471	
10	471	
10	471	74	
10	471	
10	471	74	
10	471	74	455	
10	471	26	
10	471	
10	471	11	407	
10	471	467	
10	471	
10	471	470	74	
10	471	2	
10	471	
10	471	
10	471	
10	471	
10	471	
10	471	503	
10	471	
10	471	
10	471	
10	471	2	
10	471	
10	471	11	
10	471	
10	471	
10	471	
10	471	
10	471	42	58	
10	471	74	343	
10	471	
10	471	343	
10	471	
10	471	2	
10	471	
10	471	
10	471	2	
10	471	
10	471	343	
10	471	503	
10	471	
10	471	
10	471	74	14	470	
10	471	74	
10	471	
10	471	
10	471	
10	471	74	138	26	
10	471	
10	471	
10	471	8	
10	471	467	
10	471	42	
10	471	
10	471	
10	471	
10	471	
10	471	
10	471	
10	471	
10	471	
10	471	
10	471	26	
10	471	
10	471	
10	471	
10	471	403	469	
10	471	
10	471	138	
10	471	467	499	
10	471	
10	471	
10	471	8	
10	471	
10	471	479	14	
10	471	
10	471	
10	471	74	
10	471	467	
10	471	
10	471	14	469	
10	471	138	
10	471	8	
10	471	
10	471	343	
10	471	
10	471	
10	471	74	
10	471	467	
10	471	
10	471	26	
10	471	74	
10	471	
10	471	469	
10	471	343	
10	471	
10	471	
10	471	467	
10	471	407	
10	471	74	
10	471	
10	471	90	74	
10	471	469	
10	471	
10	471	
10	471	
10	471	
10	471	42	
10	471	
10	471	
10	471	470	
10	471	74	90	202	
10	471	74	
10	471	74	
10	471	74	
10	471	74	
10	471	74	
10	471	74	
10	471	8	2	
10	471	470	407	479	
10	471	42	
10	471	
10	471	
10	471	74	90	138	
10	471	42	
10	471	407	
10	471	
10	471	74	8	
10	471	469	
10	471	407	
10	471	74	
10	471	74	
10	471	
10	471	
10	471	
10	471	467	
10	471	503	
10	471	467	
10	471	
10	471	
10	471	
10	471	
10	471	74	
10	471	
10	471	
10	471	455	
10	471	
10	471	
10	471	8	
10	471	
10	471	74	455	
10	471	
10	471	
10	471	
10	471	74	343	
10	471	
10	471	
10	471	14	
10	471	74	
10	471	74	75	
10	471	26	
10	471	
10	471	391	
10	471	
10	471	
10	471	
10	471	
10	471	26	
10	471	
10	471	74	
10	471	
10	471	
10	471	11	
10	471	
10	471	469	
10	471	2	
10	471	90	
10	471	469	
10	471	467	470	
10	471	
10	471	
10	471	
10	471	138	
10	471	
10	471	
10	471	
10	471	42	
10	471	138	
10	471	
10	471	
10	471	
10	471	
10	471	
10	471	8	
10	471	
10	471	74	
10	471	14	
10	471	
10	471	343	74	
10	471	2	
10	471	343	
10	471	470	
10	471	
10	471	
10	471	74	
10	471	74	42	
10	471	
10	471	
10	471	74	407	138	
10	471	
10	471	
10	471	74	66	
10	471	
10	471	
10	471	
10	471	
10	471	
10	471	343	
10	471	74	
10	471	
10	471	
10	471	
10	471	
10	471	
10	471	455	
10	471	
10	471	42	
10	471	
10	471	
10	471	470	
10	471	455	
10	471	74	
10	471	90	
10	471	
10	471	479	
10	471	
10	471	74	
10	471	
10	471	470	
10	471	
10	471	
10	471	
10	471	
10	471	
10	471	
10	471	
10	471	
10	471	342	407	
10	471	
10	471	
10	471	
10	471	
10	471	470	
10	471	74	469	
10	471	74	
10	471	502	
10	471	
10	471	
10	471	14	
10	471	
10	471	
10	471	470	
10	471	
10	471	
10	471	26	
10	471	2	138	
10	471	26	90	503	
10	471	
10	471	74	
10	471	
10	471	
10	471	
10	471	11	
10	471	
10	471	42	
10	471	
10	471	
10	471	470	479	
10	471	
10	471	
10	471	
10	471	
10	471	
10	471	467	
10	471	
10	471	
10	471	
10	471	
10	471	
10	471	
10	471	74	
10	471	479	
10	471	
10	471	74	
10	471	
10	471	
10	471	
10	471	
10	471	470	
10	471	74	469	
10	471	
10	471	42	
10	471	
10	471	
10	471	
10	471	
10	471	407	
10	471	138	
10	471	
10	471	479	42	
10	471	74	
10	471	
10	471	
10	471	
10	471	
10	471	11	467	
10	471	74	
10	471	
10	471	503	11	407	
10	471	11	
10	471	
10	471	
10	471	
10	471	
10	471	
10	471	
10	471	8	
10	471	
10	471	
10	471	
10	471	
10	471	
10	471	
10	471	
10	471	
10	471	455	
10	471	
10	471	2	
10	471	
10	471	469	
10	471	
10	471	467	
10	471	
10	471	74	
10	471	11	
10	471	
10	471	343	26	
10	471	138	
10	471	
10	471	343	
10	471	
10	471	
10	471	
10	471	11	26	343	
10	471	455	
10	471	2	
10	471	74	
10	471	74	
10	471	74	
10	471	407	
10	471	469	8	
10	471	74	455	
10	471	74	
10	471	74	
10	471	74	407	
10	471	
10	471	469	
10	471	
10	471	
10	471	
10	471	479	
10	471	
10	471	138	
10	471	
10	471	
10	471	74	
10	471	
10	471	
10	471	74	66	
10	471	
10	471	
10	471	470	
10	471	74	
10	471	78	
10	471	42	
10	471	
10	471	407	
10	471	74	
10	471	74	
10	471	74	
10	471	8	
10	471	470	
10	471	
10	471	
10	471	74	469	
10	471	74	138	90	
10	471	74	90	470	503	
10	471	74	78	
10	471	74	8	
10	471	
10	471	74	
10	471	
10	471	
10	471	
10	471	8	
10	471	138	
10	471	2	
10	471	
10	471	469	
10	471	
10	471	14	
10	471	
10	471	11	
10	471	470	
10	471	14	26	
10	471	401	403	14	
10	471	470	478	8	
10	471	74	
10	471	14	
10	471	
10	471	
10	471	
10	471	
10	471	
10	471	
10	471	
10	471	
10	471	
10	471	74	106	
10	471	
10	471	
10	471	
10	471	469	
10	471	
10	471	
10	471	
10	471	
10	471	74	
10	471	90	74	343	106	
10	471	90	455	
10	471	
10	471	
10	471	74	
10	471	
10	471	
10	471	8	
10	471	
10	471	
10	471	
10	471	74	
10	471	74	
10	471	2	74	
10	471	469	11	
10	471	407	
10	471	
10	471	
10	471	42	
10	471	
10	471	
10	471	
10	471	479	
10	471	8	
10	471	
10	471	
10	471	343	
10	471	
10	471	
10	471	
10	471	
10	471	
10	471	
10	471	
10	471	455	
10	471	
10	471	467	
10	471	470	
10	471	
10	471	
10	471	
10	471	
10	471	74	
10	471	407	
10	471	74	
10	471	
10	471	
10	471	74	470	
10	471	74	
10	471	74	
10	471	74	
10	471	74	407	
10	471	74	454	
10	471	74	8	
10	471	
10	471	14	
10	471	74	
10	471	74	90	218	407	
10	471	74	90	2	18	130	
10	471	74	90	470	
10	471	74	469	465	
10	471	503	
10	471	
10	471	503	
10	471	
10	471	
10	471	
10	471	8	
10	471	469	
10	471	11	78	
10	471	74	26	
10	471	
10	471	14	2	
10	471	
10	471	465	467	
10	471	467	
10	471	14	
10	471	455	
10	471	343	2	
10	471	407	391	
10	471	
10	471	
10	471	
10	471	
10	471	
10	471	469	
10	471	
10	471	
10	471	
10	471	
10	471	74	75	
10	471	74	
10	471	
10	471	
10	471	26	42	
10	471	
10	471	8	
10	471	
10	471	
10	471	11	
10	471	90	138	
10	471	
10	471	
10	471	477	
10	471	
10	471	75	2	467	
10	471	
10	471	503	
10	471	479	
10	471	
10	471	
10	471	
10	471	
10	471	343	14	455	
10	471	
10	471	
10	471	
10	471	74	2	78	
10	471	74	
10	471	74	467	42	
10	471	74	343	
10	471	74	
10	471	11	
10	471	407	
10	471	407	
10	471	
10	471	
10	471	74	202	
10	471	
10	471	138	
10	471	
10	471	
10	471	
10	471	
10	471	74	479	470	
10	471	74	467	
10	471	
10	471	14	
10	471	
10	471	470	
10	471	
10	471	
10	471	
10	471	74	
10	471	
10	471	74	
10	471	74	
10	471	
10	471	
10	471	
10	471	469	343	
10	471	74	
10	471	
10	471	479	470	
10	471	
10	471	469	
10	471	
10	471	467	
10	471	343	
10	471	
10	471	469	
10	471	
10	471	
10	471	
10	471	
10	471	74	
10	471	74	11	
10	471	
10	471	
10	471	
10	471	
10	471	
10	471	
10	471	74	
10	471	74	503	
10	471	74	
10	471	479	
10	471	74	
10	471	
10	471	8	
10	471	
10	471	138	
10	471	470	
10	471	
10	471	
10	471	
10	471	
10	471	42	
10	471	74	90	
10	471	
10	471	
10	471	
10	471	
10	471	74	
10	471	74	
10	471	
10	471	
10	471	
10	471	2	
10	471	
10	471	
10	471	343	
10	471	469	
10	471	74	
10	471	
10	471	26	343	74	
10	471	
10	471	407	
10	471	
10	471	
10	471	
10	471	14	
10	471	
10	471	455	
10	471	
10	471	74	
10	471	467	
10	471	470	
10	471	
10	471	
10	471	467	
10	471	
10	471	
10	471	
10	471	
10	471	138	469	
10	471	
10	471	
10	471	
10	471	
10	471	138	
10	471	74	
10	471	467	
10	471	343	
10	471	74	
10	471	
10	471	
10	471	
10	471	
10	471	
10	471	74	
10	471	
10	471	
10	471	469	501	
10	471	
10	471	
10	471	
10	471	
10	471	
10	471	2	
10	471	
10	471	
10	471	
10	471	469	
10	471	
10	471	
10	471	
10	471	14	
10	471	
10	471	
10	471	
10	471	
10	471	
10	471	
10	471	
10	471	42	
10	471	
10	471	467	
10	471	11	
10	471	2	469	
10	471	42	14	
10	471	
10	471	
10	471	467	
10	471	
10	471	
10	471	
10	471	
10	471	503	469	
10	471	338	387	467	
10	471	
10	471	
10	471	42	
10	471	
10	471	
10	471	
10	471	74	
10	471	
10	471	
10	471	
10	471	
10	471	
10	471	14	
10	471	
10	471	
10	471	
10	471	
10	471	
10	471	
10	471	
10	471	
10	471	
10	471	
10	471	2	74	11	469	
10	471	
10	471	
10	471	
10	471	451	
10	471	74	407	
10	471	
10	471	74	
10	471	74	
10	471	
10	471	8	
10	471	74	
10	471	74	11	
10	471	
10	471	
10	471	479	407	
10	471	343	
10	471	455	503	
10	471	
10	471	
10	471	74	
10	471	42	14	
10	471	
10	471	407	
10	471	470	
10	471	74	503	467	
10	471	
10	471	479	
10	471	2	343	
10	471	
10	471	
10	471	
10	471	74	407	78	
10	471	74	
10	471	74	
10	471	
10	471	74	
10	471	
10	471	
10	471	343	
10	471	74	
10	471	42	
10	471	
10	471	
10	471	503	
10	471	2	
10	471	
10	471	
10	471	467	
10	471	
10	471	
10	471	
10	471	74	75	
10	471	74	
10	471	74	14	
10	471	74	90	
10	471	74	455	
10	471	74	
10	471	74	42	
10	471	74	343	
10	471	74	
10	471	74	90	82	42	
10	471	74	90	66	
10	471	90	343	218	
10	471	90	
10	471	90	
10	471	90	406	
10	471	90	74	
10	471	90	
10	471	90	
10	471	90	
10	471	90	
10	471	90	154	
10	471	90	
10	471	90	
10	471	90	
10	471	90	
10	471	90	74	
10	471	
10	471	454	455	
10	471	479	
10	471	
10	471	74	72	
10	471	26	
10	471	8	
10	471	
10	471	
10	471	138	
10	471	74	
10	471	74	343	
10	471	470	
10	471	
10	471	8	
10	471	
10	471	
10	471	
10	471	407	2	
10	471	
10	471	74	106	503	
10	471	74	
10	471	74	90	
10	471	74	
10	471	74	
10	471	14	
10	471	
10	471	11	
10	471	
10	471	503	
10	471	14	
10	471	
10	471	
10	471	74	
10	471	74	
10	471	
10	471	
10	471	
10	471	
10	471	407	
10	471	74	469	
10	471	74	
10	471	
10	471	343	
10	471	26	
10	471	
10	471	154	
10	471	
10	471	343	
10	471	
10	471	
10	471	
10	471	14	
10	471	
10	471	74	8	
10	471	407	
10	471	
10	471	
10	471	
10	471	343	
10	471	
10	471	
10	471	2	503	
10	471	
10	471	
10	471	74	343	
10	471	74	90	
10	471	74	343	
10	471	
10	471	343	
10	471	
10	471	
10	471	138	
10	471	74	
10	471	
10	471	
10	471	
10	471	90	14	
10	471	
10	471	
10	471	343	
10	471	
10	471	407	26	
10	471	26	
10	471	138	
10	471	3	11	
10	471	
10	471	
10	471	74	
10	471	
10	471	
10	471	469	
10	471	
10	471	
10	471	138	
10	471	
10	471	74	
10	471	
10	471	
10	471	74	
10	471	74	90	467	
10	471	90	
10	471	90	
10	471	90	
10	471	90	74	8	
10	471	90	74	503	
10	471	90	74	343	
10	471	90	74	
10	471	90	343	
10	471	90	210	2	
10	471	90	74	66	94	
10	471	
10	471	11	
10	471	
10	471	470	
10	471	74	
10	471	74	
10	471	
10	471	
10	471	
10	471	
10	471	74	
10	471	479	
10	471	
10	471	
10	471	455	
10	471	
10	471	11	
10	471	
10	471	26	
10	471	
10	471	
10	471	
10	471	455	
10	471	407	439	435	42	
10	471	26	90	
10	471	26	
10	471	
10	471	
10	471	74	470	
10	471	74	
10	471	343	
10	471	
10	471	
10	471	
10	471	
10	471	
10	471	
10	471	
10	471	8	
10	471	
10	471	74	26	
10	471	74	
10	471	74	90	
10	471	467	
10	471	469	343	
10	471	74	
10	471	
10	471	
10	471	
10	471	
10	471	
10	471	467	
10	471	74	
10	471	74	
10	471	
10	471	
10	471	
10	471	78	74	
10	471	90	26	
10	471	
10	471	
10	471	
10	471	
10	471	
10	471	
10	471	
10	471	
10	471	
10	471	
10	471	
10	471	74	
10	471	14	
10	471	
10	471	
10	471	74	
10	471	
10	471	11	343	
10	471	343	
10	471	
10	471	74	
10	471	
10	471	74	
10	471	
10	471	
10	471	407	
10	471	
10	471	74	26	
10	471	74	
10	471	74	82	407	
10	471	74	
10	471	74	
10	471	
10	471	455	
10	471	74	469	
10	471	14	
10	471	
10	471	42	
10	471	
10	471	
10	471	455	
10	471	74	
10	471	
10	471	
10	471	
10	471	74	479	78	
10	471	
10	471	
10	471	
10	471	2	343	
10	471	503	
10	471	74	106	8	
10	471	
10	471	74	
10	471	469	
10	471	407	343	
10	471	
10	471	470	
10	471	11	
10	471	26	11	
10	471	
10	471	
10	471	
10	471	74	
10	471	74	11	
10	471	42	
10	471	
10	471	
10	471	
10	471	406	
10	471	12	
10	471	11	
10	471	
10	471	
10	471	279	
10	471	
10	471	455	
10	471	
10	471	467	
10	471	
10	471	11	
10	471	11	
10	471	74	
10	471	74	
10	471	74	
10	471	
10	471	
10	471	74	
10	471	
10	471	
10	471	
10	471	
10	471	
10	471	
10	471	470	
10	471	
10	471	74	
10	471	
10	471	
10	471	
10	471	14	
10	471	
10	471	455	
10	471	
10	471	455	
10	471	
10	471	479	
10	471	
10	471	26	407	
10	471	
10	471	502	
10	471	14	
10	471	42	
10	471	
10	471	
10	471	
10	471	503	
10	471	
10	471	138	
10	471	455	
10	471	74	
10	471	
10	471	
10	471	
10	471	
10	471	8	
10	471	
10	471	
10	471	74	479	66	
10	471	503	
10	471	
10	471	138	
10	471	407	74	14	
10	471	
10	471	74	
10	471	501	
10	471	
10	471	
10	471	
10	471	
10	471	
10	471	
10	471	42	
10	471	
10	471	467	
10	471	138	407	
10	471	2	42	
10	471	138	
10	471	2	
10	471	138	2	
10	471	
10	471	
10	471	
10	471	74	467	
10	471	407	
10	471	
10	471	469	
10	471	
10	471	467	
10	471	
10	471	503	
10	471	
10	471	74	106	
10	471	
10	471	
10	471	26	
10	471	
10	471	42	
10	471	74	
10	471	
10	471	
10	471	
10	471	
10	471	
10	471	
10	471	
10	471	470	
10	471	
10	471	467	
10	471	42	
10	471	
10	471	138	
10	471	2	
10	471	
10	471	74	
10	471	
10	471	42	
10	471	
10	471	74	
10	471	
10	471	
10	471	
10	471	74	
10	471	343	
10	471	
10	471	74	26	
10	471	
10	471	74	75	
10	471	74	78	2	
10	471	138	
10	471	
10	471	
10	471	
10	471	343	
10	471	
10	471	
10	471	26	
10	471	8	
10	471	
10	471	
10	471	
10	471	2	
10	471	343	
10	471	
10	471	90	479	
10	471	90	8	
10	471	90	479	
10	471	90	26	
10	471	74	43	
10	471	467	475	
10	471	
10	471	74	
10	471	
10	471	
10	471	74	
10	471	
10	471	455	138	
10	471	
10	471	467	
10	471	
10	471	467	
10	471	469	42	
10	471	138	
10	471	469	
10	471	
10	471	
10	471	
10	471	455	
10	471	
10	471	74	
10	471	
10	471	74	
10	471	
10	471	
10	471	138	
10	471	
10	471	
10	471	455	
10	471	
10	471	
10	471	470	
10	471	469	
10	471	
10	471	
10	471	
10	471	
10	471	74	202	
10	471	
10	471	74	470	339	
10	471	
10	471	
10	471	
10	471	
10	471	
10	471	455	
10	471	41	
10	471	41	11	
10	471	41	
10	471	41	
10	471	41	469	
10	471	41	
10	471	41	43	
10	471	41	
10	471	41	
10	471	41	455	45	
10	471	41	
10	471	41	9	
10	471	41	43	
10	471	41	470	
10	471	41	467	
10	471	41	470	
10	471	41	
10	471	41	
10	471	41	43	470	
10	471	41	
10	471	41	414	
10	471	41	
10	471	41	
10	471	41	
10	471	41	
10	471	41	2	
10	471	41	33	
10	471	41	43	
10	471	41	
10	471	41	
10	471	41	
10	471	41	
10	471	41	
10	471	41	
10	471	41	33	
10	471	41	
10	471	41	
10	471	41	26	
10	471	41	469	
10	471	41	74	
10	471	41	
10	471	41	
10	471	41	74	
10	471	41	74	
10	471	41	74	469	
10	471	41	
10	471	41	138	173	469	
10	471	41	
10	471	41	74	8	
10	471	41	
10	471	41	
10	471	41	
10	471	41	
10	471	41	
10	471	41	74	
10	471	41	
10	471	41	503	
10	471	41	469	
10	471	41	9	
10	471	41	138	
10	471	41	43	26	
10	471	41	74	
10	471	41	74	
10	471	
10	471	
10	471	74	
10	471	90	138	
10	471	74	
10	471	479	
10	471	74	
10	471	
10	471	
10	471	
10	471	8	407	
10	471	
10	471	455	
10	471	
10	471	
10	471	
10	471	11	
10	471	
10	471	
10	471	407	
10	471	
10	471	
10	471	469	
10	471	74	
10	471	41	343	
10	471	343	
10	471	
10	471	
10	471	
10	471	277	
10	471	277	
10	471	277	285	
10	471	74	
10	471	74	66	18	78	
10	471	74	11	455	
10	471	
10	471	455	479	469	
10	471	467	
10	471	
10	471	
10	471	26	138	
10	471	
10	471	
10	471	
10	471	
10	471	170	
10	471	2	
10	471	26	
10	471	
10	471	
10	471	
10	471	74	
10	471	
10	471	
10	471	
10	471	
10	471	14	42	
10	471	
10	471	403	2	
10	471	74	
10	471	
10	471	
10	471	503	
10	471	2	
10	471	343	42	
10	471	74	
10	471	74	
10	471	74	2	469	343	
10	471	74	470	
10	471	470	
10	471	
10	471	8	
10	471	74	
10	471	26	
10	471	467	
10	471	11	467	479	
10	471	
10	471	
10	471	8	
10	471	479	
10	471	8	
10	471	
10	471	74	
10	471	74	202	
10	471	343	479	
10	471	26	
10	471	503	
10	471	
10	471	469	
10	471	74	
10	471	2	407	
10	471	
10	471	343	
10	471	11	
10	471	
10	471	479	
10	471	
10	471	
10	471	503	
10	471	42	
10	471	74	
10	471	479	
10	471	
10	471	138	407	
10	471	26	27	
10	471	8	
10	471	26	
10	471	74	
10	471	
10	471	455	
10	471	
10	471	
10	471	
10	471	11	479	
10	471	
10	471	
10	471	
10	471	
10	471	74	
10	471	74	
10	471	
10	471	469	138	
10	471	
10	471	
10	471	503	40	
10	471	42	
10	471	
10	471	
10	471	
10	471	74	
10	471	74	11	43	
10	471	74	
10	471	74	
10	471	74	
10	471	
10	471	
10	471	455	
10	471	
10	471	
10	471	
10	471	
10	471	469	
10	471	14	
10	471	
10	471	
10	471	
10	471	
10	471	
10	471	
10	471	
10	471	
10	471	
10	471	
10	471	74	14	
10	471	
10	471	
10	471	407	
10	471	
10	471	26	469	
10	471	
10	471	
10	471	74	470	
10	471	
10	471	
10	471	407	
10	471	
10	471	2	34	
10	471	469	
10	471	74	
10	471	74	
10	471	42	
10	471	407	
10	471	407	
10	471	
10	471	279	
10	471	
10	471	
10	471	
10	471	
10	471	
10	471	
10	471	
10	471	8	74	
10	471	
10	471	74	
10	471	
10	471	74	
10	471	8	
10	471	
10	471	
10	471	
10	471	
10	471	
10	471	11	
10	471	
10	471	
10	471	
10	471	
10	471	
10	471	
10	471	
10	471	
10	471	2	8	
10	471	74	
10	471	74	90	
10	471	74	11	
10	471	74	
10	471	74	
10	471	74	
10	471	
10	471	
10	471	74	
10	471	467	470	2	42	
10	471	74	
10	471	467	
10	471	8	467	
10	471	42	
10	471	
10	471	11	
10	471	
10	471	501	
10	471	
10	471	
10	471	342	
10	471	74	90	75	
10	471	74	
10	471	90	469	74	
10	471	90	
10	471	74	503	
10	471	74	455	
10	471	74	
10	471	74	90	
10	471	
10	471	74	11	
10	471	
10	471	74	
10	471	
10	471	
10	471	
10	471	138	
10	471	
10	471	
10	471	
10	471	
10	471	74	
10	471	
10	471	8	
10	471	
10	471	
10	471	
10	471	
10	471	343	
10	471	
10	471	74	
10	471	74	90	154	42	
10	471	
10	471	
10	471	
10	471	407	
10	471	
10	471	455	
10	471	74	
10	471	
10	471	
10	471	
10	471	
10	471	455	
10	471	407	
10	471	
10	471	
10	471	407	
10	471	
10	471	138	
10	471	
10	471	
10	471	407	
10	471	74	
10	471	
10	471	
10	471	
10	471	467	407	
10	471	
10	471	74	467	26	11	
10	471	503	
10	471	
10	471	
10	471	467	
10	471	470	
10	471	
10	471	74	42	
10	471	11	138	
10	471	
10	471	503	
10	471	26	
10	471	74	
10	471	
10	471	407	439	
10	471	
10	471	
10	471	
10	471	74	
10	471	
10	471	74	
10	471	42	
10	471	74	
10	471	
10	471	
10	471	74	
10	471	
10	471	
10	471	
10	471	
10	471	
10	471	
10	471	
10	471	14	
10	471	469	
10	471	
10	471	74	
10	471	74	
10	471	42	46	
10	471	42	
10	471	
10	471	470	42	
10	471	74	
10	471	26	
10	471	
10	471	8	
10	471	8	
10	471	503	
10	471	
10	471	
10	471	66	74	
10	471	
10	471	
10	471	
10	471	138	
10	471	
10	471	
10	471	
10	471	
10	471	
10	471	
10	471	469	455	26	
10	471	
10	471	42	343	375	
10	471	
10	471	
10	471	
10	471	
10	471	
10	471	
10	471	503	
10	471	11	74	
10	471	
10	471	479	
10	471	
10	471	66	
10	471	
10	471	470	
10	471	
10	471	
10	471	
10	471	455	
10	471	
10	471	455	14	
10	471	2	
10	471	343	
10	471	42	
10	471	503	
10	471	14	
10	471	
10	471	
10	471	8	
10	471	
10	471	
10	471	26	
10	471	469	
10	471	74	
10	471	
10	471	
10	471	74	503	
10	471	74	
10	471	74	479	
10	471	74	
10	471	74	202	
10	471	74	90	
10	471	
10	471	
10	471	
10	471	343	
10	471	
10	471	
10	471	2	
10	471	
10	471	
10	471	
10	471	
10	471	407	
10	471	
10	471	
10	471	26	
10	471	
10	471	
10	471	469	
10	471	26	
10	471	503	
10	471	
10	471	
10	471	
10	471	
10	471	
10	471	
10	471	26	
10	471	
10	471	42	2	
10	471	14	8	
10	471	
10	471	2	74	
10	471	
10	471	42	
10	471	74	
10	471	74	
10	471	74	
10	471	74	106	
10	471	74	
10	471	469	14	
10	471	74	470	
10	471	
10	471	
10	471	
10	471	469	
10	471	42	
10	471	
10	471	
10	471	8	42	
10	471	
10	471	
10	471	
10	471	
10	471	26	
10	471	
10	471	
10	471	2	
10	471	
10	471	74	
10	471	
10	471	
10	471	
10	471	42	
10	471	
10	471	
10	471	74	26	75	
10	471	74	
10	471	14	
10	471	
10	471	
10	471	74	106	
10	471	
10	471	
10	471	
10	471	74	106	
10	471	74	90	106	75	
10	471	138	
10	471	
10	471	74	470	
10	471	327	343	
10	471	
10	471	74	
10	471	470	
10	471	
10	471	
10	471	
10	471	74	107	
10	471	14	
10	471	
10	471	
10	471	
10	471	
10	471	
10	471	74	
10	471	74	
10	471	407	
10	471	74	
10	471	42	
10	471	470	
10	471	74	343	479	
10	471	
10	471	479	
10	471	479	
10	471	
10	471	
10	471	
10	471	
10	471	
10	471	
10	471	
10	471	
10	471	
10	471	90	
10	471	
10	471	503	
10	471	
10	471	
10	471	
10	471	
10	471	470	
10	471	74	467	
10	471	90	26	
10	471	
10	471	407	343	
10	471	
10	471	
10	471	26	
10	471	
10	471	
10	471	42	
10	471	407	406	
10	471	
10	471	
10	471	
10	471	343	
10	471	
10	471	
10	471	26	503	
10	471	42	
10	471	503	
10	471	
10	471	
10	471	2	407	
10	471	
10	471	74	
10	471	455	
10	471	
10	471	74	
10	471	
10	471	
10	471	
10	471	
10	471	138	
10	471	
10	471	
10	471	
10	471	26	
10	471	
10	471	74	
10	471	2	
10	471	74	
10	471	
10	471	
10	471	
10	471	
10	471	74	
10	471	
10	471	74	
10	471	
10	471	
10	471	
10	471	470	
10	471	
10	471	467	503	
10	471	
10	471	
10	471	
10	471	74	
10	471	
10	471	
10	471	74	
10	471	
10	471	74	
10	471	74	
10	471	
10	471	74	
10	471	
10	471	
10	471	
10	471	
10	471	
10	471	
10	471	
10	471	
10	471	403	
10	471	403	
10	471	403	435	275	
10	471	
10	471	26	
10	471	455	
10	471	74	
10	471	
10	471	
10	471	467	
10	471	
10	471	
10	471	455	
10	471	
10	471	
10	471	11	470	
10	471	
10	471	455	
10	471	343	
10	471	278	262	390	
10	471	74	
10	471	26	
10	471	74	
10	471	74	11	3	479	
10	471	
10	471	
10	471	
10	471	469	
10	471	
10	471	
10	471	
10	471	
10	471	26	42	455	
10	471	
10	471	343	470	
10	471	
10	471	138	
10	471	467	
10	471	
10	471	
10	471	455	26	
10	471	
10	471	
10	471	26	
10	471	14	
10	471	
10	471	
10	471	
10	471	
10	471	
10	471	
10	471	470	
10	471	
10	471	138	
10	471	
10	471	74	
10	471	
10	471	
10	471	14	
10	471	470	
10	471	
10	471	8	
10	471	407	
10	471	2	343	
10	471	
10	471	2	
10	471	
10	471	407	74	
10	471	74	
10	471	74	
10	471	74	98	42	
10	471	
10	471	
10	471	
10	471	
10	471	455	
10	471	
10	471	26	
10	471	
10	471	74	
10	471	
10	471	26	
10	471	343	
10	471	
10	471	
10	471	503	
10	471	74	42	90	
10	471	
10	471	470	
10	471	
10	471	343	
10	471	
10	471	503	
10	471	74	
10	471	
10	471	74	
10	471	
10	471	11	9	
10	471	
10	471	
10	471	
10	471	
10	471	74	90	
10	471	
10	471	8	
10	471	
10	471	11	
10	471	
10	471	467	
10	471	455	
10	471	
10	471	
10	471	469	479	42	
10	471	479	
10	471	74	
10	471	
10	471	
10	471	74	202	
10	471	469	
10	471	
10	471	11	14	
10	471	407	
10	471	
10	471	343	
10	471	8	
10	471	
10	471	
10	471	
10	471	
10	471	
10	471	343	
10	471	467	
10	471	
10	471	406	
10	471	
10	471	90	
10	471	469	
10	471	74	
10	471	74	
10	471	90	
10	471	455	
10	471	
10	471	407	479	
10	471	
10	471	467	3	
10	471	74	
10	471	
10	471	26	24	
10	471	
10	471	
10	471	8	
10	471	
10	471	
10	471	
10	471	
10	471	74	90	
10	471	90	
10	471	
10	471	
10	471	
10	471	11	
10	471	42	455	
10	471	470	
10	471	407	
10	471	
10	471	
10	471	
10	471	
10	471	479	
10	471	74	
10	471	470	
10	471	26	
10	471	477	407	479	
10	471	
10	471	8	
10	471	74	
10	471	470	74	
10	471	74	78	72	
10	471	
10	471	467	
10	471	74	
10	471	11	
10	471	
10	471	74	90	469	
10	471	
10	471	74	91	
10	471	
10	471	
10	471	2	
10	471	
10	471	
10	471	
10	471	26	
10	471	90	
10	471	74	8	
10	471	
10	471	
10	471	
10	471	74	
10	471	
10	471	74	
10	471	
10	471	
10	471	74	343	138	139	
10	471	479	
10	471	26	
10	471	74	
10	471	26	
10	471	
10	471	
10	471	
10	471	
10	471	
10	471	
10	471	
10	471	
10	471	469	
10	471	
10	471	
10	471	74	
10	471	
10	471	
10	471	74	
10	471	8	
10	471	
10	471	138	
10	471	26	
10	471	
10	471	470	454	
10	471	
10	471	
10	471	
10	471	467	
10	471	2	
10	471	
10	471	
10	471	
10	471	455	
10	471	403	402	
10	471	
10	471	
10	471	26	
10	471	
10	471	138	
10	471	
10	471	
10	471	74	8	
10	471	74	
10	471	
10	471	
10	471	479	
10	471	14	
10	471	74	
10	471	
10	471	
10	471	
10	471	455	
10	471	467	
10	471	467	
10	471	
10	471	
10	471	
10	471	
10	471	
10	471	74	
10	471	469	
10	471	74	
10	471	
10	471	
10	471	
10	471	26	
10	471	
10	471	
10	471	74	90	
10	471	
10	471	
10	471	
10	471	2	469	
10	471	
10	471	470	74	2	469	
10	471	14	46	
10	471	
10	471	
10	471	469	
10	471	26	
10	471	467	
10	471	26	
10	471	
10	471	467	
10	471	
10	471	
10	471	469	
10	471	74	75	8	
10	471	74	
10	471	
10	471	
10	471	
10	471	11	
10	471	138	
10	471	
10	471	74	
10	471	74	
10	471	90	
10	471	
10	471	
10	471	11	
10	471	
10	471	
10	471	407	
10	471	
10	471	
10	471	74	467	
10	471	
10	471	90	74	
10	471	90	
10	471	343	
10	471	407	
10	471	
10	471	
10	471	455	
10	471	
10	471	
10	471	
10	471	
10	471	74	75	
10	471	74	455	503	
10	471	
10	471	42	
10	471	466	
10	471	407	
10	471	90	
10	471	
10	471	455	
10	471	
10	471	
10	471	
10	471	14	
10	471	407	
10	471	479	
10	471	343	339	
10	471	74	2	
10	471	327	343	
10	471	58	138	
10	471	467	470	
10	471	138	
10	471	
10	471	75	
10	471	
10	471	
10	471	138	
10	471	343	138	
10	471	
10	471	
10	471	74	
10	471	14	
10	471	
10	471	
10	471	
10	471	
10	471	3	407	
10	471	
10	471	74	
10	471	278	74	
10	471	74	42	
10	471	
10	471	
10	471	
10	471	14	
10	471	138	
10	471	
10	471	
10	471	
10	471	
10	471	
10	471	
10	471	
10	471	2	
10	471	138	
10	471	455	
10	471	405	
10	471	
10	471	
10	471	11	
10	471	469	42	138	
10	471	503	
10	471	
10	471	
10	471	
10	471	
10	471	
10	471	
10	471	391	455	
10	471	
10	471	
10	471	
10	471	479	
10	471	
10	471	
10	471	
10	471	
10	471	
10	471	
10	471	407	
10	471	74	
10	471	11	
10	471	
10	471	469	
10	471	467	
10	471	
10	471	8	
10	471	74	455	
10	471	407	
10	471	74	
10	471	467	
10	471	74	
10	471	
10	471	
10	471	
10	471	
10	471	138	26	
10	471	
10	471	455	
10	471	
10	471	26	
10	471	
10	471	74	
10	471	
10	471	2	
10	471	
10	471	8	
10	471	467	
10	471	
10	471	
10	471	
10	471	
10	471	467	
10	471	2	
10	471	
10	471	79	74	
10	471	
10	471	479	
10	471	138	
10	471	
10	471	
10	471	
10	471	
10	471	
10	471	
10	471	2	
10	471	467	
10	471	
10	471	
10	471	42	
10	471	
10	471	
10	471	
10	471	
10	471	138	
10	471	
10	471	
10	471	469	
10	471	
10	471	475	455	
10	471	503	
10	471	74	
10	471	74	11	407	
10	471	470	
10	471	74	
10	471	479	
10	471	74	90	
10	471	
10	471	465	
10	471	
10	471	
10	471	2	470	
10	471	74	
10	471	
10	471	470	
10	471	74	467	
10	471	
10	471	
10	471	138	
10	471	
10	471	74	
10	471	74	
10	471	74	467	
10	471	74	
10	471	138	26	
10	471	343	
10	471	343	
10	471	
10	471	
10	471	
10	471	
10	471	
10	471	26	90	
10	471	90	11	
10	471	74	
10	471	2	455	
10	471	343	
10	471	
10	471	
10	471	
10	471	
10	471	
10	471	
10	471	74	
10	471	74	42	
10	471	467	74	154	
10	471	455	343	
10	471	503	
10	471	74	
10	471	
10	471	455	
10	471	2	
10	471	
10	471	455	
10	471	
10	471	
10	471	
10	471	
10	471	42	
10	471	
10	471	
10	471	
10	471	74	
10	471	42	
10	471	
10	471	26	
10	471	
10	471	
10	471	455	
10	471	
10	471	
10	471	
10	471	11	9	
10	471	12	14	
10	471	26	
10	471	
10	471	343	469	
10	471	
10	471	74	
10	471	469	
10	471	470	468	42	
10	471	
10	471	2	
10	471	2	
10	471	
10	471	26	
10	471	
10	471	
10	471	74	90	
10	471	26	42	
10	471	
10	471	343	11	2	
10	471	11	
10	471	74	90	343	
10	471	74	
10	471	42	
10	471	26	
10	471	74	
10	471	58	
10	471	
10	471	
10	471	
10	471	14	
10	471	
10	471	
10	471	
10	471	8	14	
10	471	
10	471	
10	471	
10	471	501	343	
10	471	
10	471	
10	471	2	
10	471	14	
10	471	
10	471	407	
10	471	
10	471	
10	471	343	
10	471	
10	471	26	467	
10	471	
10	471	
10	471	2	42	
10	471	
10	471	
10	471	14	
10	471	503	
10	471	
10	471	407	2	
10	471	74	106	
10	471	
10	471	
10	471	467	
10	471	42	74	
10	471	
10	471	
10	471	470	
10	471	8	40	
10	471	
10	471	14	142	
10	471	
10	471	469	138	72	
10	471	26	
10	471	74	138	
10	471	
10	471	11	
10	471	
10	471	
10	471	
10	471	74	467	403	
10	471	403	
10	471	
10	471	
10	471	
10	471	
10	471	
10	471	
10	471	
10	471	
10	471	26	
10	471	
10	471	470	
10	471	26	407	11	
10	471	
10	471	
10	471	
10	471	74	470	
10	471	74	
10	471	
10	471	
10	471	26	
10	471	
10	471	26	407	
10	471	74	467	343	
10	471	
10	471	
10	471	
10	471	469	
10	471	
10	471	74	
10	471	74	75	203	42	
10	471	74	
10	471	470	
10	471	26	
10	471	503	
10	471	
10	471	
10	471	
10	471	
10	471	
10	471	74	75	
10	471	
10	471	
10	471	503	
10	471	
10	471	
10	471	
10	471	26	
10	471	
10	471	74	42	
10	471	90	
10	471	90	407	26	
10	471	90	74	
10	471	90	42	138	
10	471	90	74	
10	471	90	74	455	8	26	
10	471	90	74	503	469	
10	471	90	74	91	
10	471	90	74	88	
10	471	90	74	
10	471	74	14	8	
10	471	74	
10	471	74	90	
10	471	74	
10	471	74	403	
10	471	74	403	406	8	479	
10	471	74	403	
10	471	74	403	343	
10	471	74	403	466	469	
10	471	74	403	
10	471	74	403	
10	471	74	403	90	466	14	479	275	
10	471	74	403	90	435	434	
10	471	74	403	42	467	78	8	
10	471	74	403	72	
10	471	74	403	470	502	
10	471	74	403	42	
10	471	74	403	
10	471	74	403	106	
10	471	74	403	154	
10	471	74	403	
10	471	74	403	435	
10	471	74	403	
10	471	74	403	11	27	26	
10	471	74	403	343	
10	471	74	403	402	
10	471	74	403	468	402	400	
10	471	74	403	468	402	401	273	66	433	
10	471	74	403	402	401	274	503	511	406	258	
10	74	403	402	503	511	385	272	413	259	412	257	
10	74	403	503	511	272	507	9	
10	74	403	503	511	507	272	402	406	479	
10	74	403	511	507	478	91	470	89	75	
74	403	511	478	91	93	10	466	350	42	170	
74	403	511	91	466	350	509	
74	403	511	91	466	350	275	
74	403	511	91	466	350	27	
74	403	511	91	466	350	27	346	59	83	123	
74	403	511	466	350	27	346	59	83	9	67	11	75	
74	511	466	350	27	346	59	83	9	67	11	19	338	1	58	187	274	
74	511	466	350	27	346	59	83	19	338	187	1	58	344	155	402	
74	511	466	350	27	346	59	83	19	187	58	464	509	87	67	503	
74	511	466	350	346	59	83	19	187	351	
74	511	466	350	346	59	83	19	187	67	507	474	3	506	351	
74	511	466	350	346	59	83	19	187	67	3	219	131	51	
74	511	466	350	346	59	83	19	187	3	219	131	155	202	470	27	152	23	154	31	171	
74	511	466	350	59	83	19	219	131	211	27	90	286	495	342	338	
74	511	466	350	59	83	19	219	27	54	
74	511	466	350	59	83	19	219	27	25	348	450	211	
74	511	466	350	59	83	19	219	27	348	203	218	31	51	382	67	495	284	26	
74	511	466	350	59	19	219	27	348	218	31	51	495	211	147	222	217	153	
74	511	466	350	59	219	27	348	218	51	147	154	55	242	114	
511	466	350	59	219	27	348	218	51	147	242	203	78	74	202	
511	466	350	59	219	348	218	147	242	203	145	208	155	75	246	67	154	
511	466	59	219	348	218	147	467	350	63	217	
511	466	219	348	218	147	467	350	286	284	59	19	250	
511	466	219	348	218	147	467	350	223	339	338	286	211	367	346	
511	466	219	348	218	147	339	346	286	211	350	250	120	470	275	
511	466	219	218	147	339	346	211	350	250	334	467	348	195	332	406	
511	466	219	218	147	339	346	334	495	479	450	431	
511	466	219	218	147	346	334	495	394	
511	466	219	218	147	346	334	495	330	146	350	
511	466	219	218	147	346	334	495	330	378	494	
511	466	219	218	147	346	334	495	330	347	266	211	203	
511	466	219	218	147	334	495	330	347	487	474	223	350	346	458	339	343	
511	219	218	147	334	495	330	347	474	346	466	331	216	151	
511	219	218	147	334	495	330	347	331	
511	219	218	147	495	330	347	458	490	251	155	159	223	334	
511	219	147	495	330	347	249	251	155	
511	219	147	495	330	347	
219	495	330	347	155	283	
219	495	330	347	266	331	363	334	
219	495	330	347	
219	495	330	347	322	
219	495	330	347	
219	495	330	91	27	
219	495	330	
219	495	330	266	
219	495	330	
219	495	330	
219	495	330	
219	495	330	203	
219	495	330	
219	495	
219	495	
219	495	
219	495	217	
219	495	
219	495	
219	495	
219	495	
219	495	367	
219	495	
219	495	
219	495	
219	495	
219	495	95	
219	495	
219	495	
219	495	
219	495	
219	495	
219	495	493	
219	495	
219	495	
219	495	
219	495	
219	495	251	
219	495	
219	495	
219	495	91	463	
219	495	431	
219	495	155	159	
219	495	251	
219	495	
219	495	
219	495	367	
219	495	
219	495	251	
219	495	
219	495	
219	495	
219	495	
219	495	367	
219	495	
219	495	
219	495	
219	495	
219	495	
219	495	
219	495	
219	495	155	
219	495	
219	495	
219	495	
219	495	203	
219	495	
219	495	
219	495	
219	495	
219	495	
219	495	
219	495	155	
219	495	487	211	
219	495	
219	495	
219	495	
219	495	221	
219	495	494	423	511	
219	495	211	511	494	367	
219	495	
219	495	218	91	
219	495	511	
219	495	463	
219	495	
219	495	
219	495	155	203	
219	495	
219	495	
219	495	
219	495	
219	495	
219	495	511	218	
219	495	155	494	91	
219	495	
219	495	
219	495	218	511	
219	495	255	
219	495	251	
219	495	491	
219	495	487	
219	495	431	
219	495	511	218	
219	495	
219	495	
219	495	494	366	
219	495	217	463	
219	495	
219	495	
219	495	367	
219	495	
219	495	218	
219	495	
219	495	
219	495	494	
219	495	
219	495	
219	495	217	463	
219	495	
219	495	487	218	
219	495	
219	495	493	
219	495	155	251	
219	495	
219	495	
219	495	
219	495	
219	495	
219	495	
219	495	
219	495	155	
219	495	
219	495	463	
219	495	
219	495	
219	495	
219	495	
219	495	
219	495	
219	495	
219	495	
219	495	510	223	
219	495	491	
219	495	203	
219	495	
219	495	
219	495	
219	495	
219	495	217	203	
219	495	431	
219	495	367	
219	495	215	218	
219	495	
219	495	
219	495	
219	495	223	
219	495	
219	495	147	491	
219	495	487	
219	495	
219	495	493	
219	495	494	
219	495	217	211	
219	495	
219	495	
219	495	487	
219	495	
219	495	511	
219	495	494	
219	495	
219	495	431	
219	495	
219	495	
219	495	
219	495	463	
219	495	
219	495	
219	495	203	155	
219	495	
219	495	
219	495	
219	495	
219	495	367	
219	495	
219	495	
219	495	
219	495	155	203	217	
219	495	494	
219	495	
219	495	
219	495	
219	495	491	211	
219	495	155	
219	495	493	91	
219	495	
219	495	211	
219	495	
219	495	
219	495	
219	495	367	
219	495	
219	495	
219	495	
219	495	
219	495	223	
219	495	223	203	95	
219	495	95	202	
219	495	95	127	
219	495	95	
219	495	95	155	511	431	
219	495	95	202	75	494	194	
219	495	95	91	
219	495	95	251	
219	495	95	91	31	
219	495	95	91	487	
219	495	95	
219	495	95	
219	495	95	
219	495	95	211	
219	495	95	491	
219	495	95	494	223	94	127	
219	495	95	493	
219	495	95	493	509	
219	495	95	493	94	211	155	218	31	
219	495	95	509	
219	495	95	509	
219	495	95	509	218	
219	495	95	509	
219	495	95	509	
219	495	95	509	
219	495	95	509	
219	495	95	509	493	487	485	
219	495	95	509	
219	495	95	509	
219	495	95	509	463	
219	495	95	509	493	501	508	94	
219	495	95	509	493	155	93	27	494	91	
219	495	95	509	493	501	
219	495	95	509	493	155	
219	495	95	509	493	477	381	31	
219	495	95	509	477	218	155	493	
219	495	95	509	477	155	413	349	
219	495	95	509	477	
219	495	95	509	473	463	487	
219	495	95	509	473	381	
219	495	95	509	473	203	83	
219	495	95	509	493	223	
219	495	95	509	211	221	91	217	
219	495	95	509	79	71	
219	495	95	509	79	127	
219	495	95	509	79	87	155	
219	495	95	509	91	
219	495	95	509	91	
219	495	95	509	493	123	492	122	
219	495	95	509	492	79	493	155	91	505	
219	495	95	509	492	155	27	217	
219	495	95	509	492	155	27	396	444	508	
219	495	95	509	492	155	27	77	78	
219	95	509	492	155	27	493	31	139	
95	509	492	155	27	94	
95	509	155	27	508	445	493	
95	509	155	27	508	
95	509	155	27	445	187	191	19	
509	155	27	
509	155	27	
509	155	27	
509	155	27	501	
509	155	27	493	
509	155	27	493	
509	155	27	484	480	432	
509	155	27	480	493	
509	155	27	480	488	
509	155	27	480	492	493	191	
509	155	27	480	364	
509	155	480	364	
509	155	480	364	445	505	
509	155	364	
509	155	364	360	
509	155	364	380	
509	155	364	
509	155	364	153	
509	155	364	
509	155	364	380	
509	155	364	380	332	316	
509	155	364	380	187	185	186	381	382	348	
509	155	364	187	185	292	139	
509	155	364	187	185	
509	155	364	187	185	189	184	
155	364	187	185	
155	364	187	185	
364	187	185	153	
364	187	185	
364	187	185	382	
364	187	185	
364	187	185	
364	187	185	360	
364	187	185	300	
364	187	185	177	
364	187	366	179	
364	187	365	
364	187	300	
364	187	
364	187	365	
364	187	
364	187	185	57	
364	187	
364	187	
364	187	
364	187	179	171	
364	187	356	
364	187	185	
364	187	
364	187	
364	187	
364	187	380	
364	187	
364	187	493	
364	187	
364	187	
364	187	
364	187	
364	187	
364	187	300	
364	187	366	185	
364	187	170	
364	187	171	
364	187	171	
364	187	
364	187	
364	187	
364	187	
364	187	332	380	
364	187	186	
364	187	
364	187	
364	187	
364	187	
364	187	
364	187	
364	187	
364	187	251	
364	187	185	189	
364	187	
364	187	171	
364	187	
364	187	59	
364	187	
364	187	300	
364	187	
364	187	185	251	365	
364	187	
364	187	251	
364	187	
364	187	186	356	380	
364	187	
364	187	300	
364	187	191	170	
364	187	
364	187	
364	187	
364	187	
364	187	
364	187	
364	187	
364	187	
364	187	300	
364	187	332	
364	187	
364	187	
364	187	
364	187	
364	187	
364	187	
364	187	
364	187	
364	187	
364	187	
364	187	
364	187	
364	187	
364	187	
364	187	
364	187	
364	187	
364	187	356	
364	187	179	
364	187	300	492	
364	187	
364	187	
364	187	186	
364	187	365	
364	187	332	
364	187	186	332	
364	187	171	
364	187	
364	187	
364	187	
364	187	
364	187	
364	187	
364	187	185	
364	187	185	
364	187	
364	187	179	
364	187	
364	187	
364	187	332	348	
364	187	
364	187	
364	187	356	
364	187	
364	187	
364	187	59	
364	187	
364	187	
364	187	
364	187	163	
364	187	179	
364	187	
364	187	
364	187	
364	187	300	
364	187	
364	187	191	155	
364	187	492	
364	187	
364	187	
364	187	
364	187	
364	187	
364	187	
364	187	300	296	356	
364	187	
364	187	
364	187	300	251	
364	187	492	365	
364	187	
364	187	300	
364	187	
364	187	
364	187	
364	187	
364	187	155	
364	187	185	365	
364	187	59	
364	187	
364	187	185	366	382	
364	187	185	153	152	
364	187	
364	187	
364	187	
364	187	
364	187	
364	187	
364	187	332	
364	187	
364	187	492	
364	187	171	
364	187	
364	187	
364	187	
364	187	300	
364	187	356	
364	187	
364	187	
364	187	
364	187	
364	187	185	366	59	
364	187	251	
364	187	356	
364	187	
364	187	179	
364	187	185	
364	187	
364	187	300	
364	187	
364	187	380	
364	187	
364	187	365	
364	187	
364	187	
364	187	365	
364	187	300	
364	187	185	
364	187	
364	187	365	
364	187	
364	187	366	
364	187	171	
364	187	
364	187	
364	187	186	
364	187	
364	187	
364	187	191	
364	187	
364	187	
364	187	59	
364	187	300	380	334	
364	187	179	
364	187	
364	187	185	
364	187	
364	187	
364	187	
364	187	
364	187	
364	187	155	
364	187	191	
364	187	300	302	
364	187	155	
364	187	185	
364	187	
364	187	185	
364	187	185	332	
364	187	185	300	302	
364	187	
364	187	
364	187	
364	187	155	
364	187	59	
364	187	
364	187	
364	187	
364	187	
364	187	492	380	
364	187	
364	187	365	
364	187	
364	187	171	
364	187	
364	187	
364	187	59	
364	187	
364	187	185	191	
364	187	59	
364	187	
364	187	
364	187	185	
364	187	155	
364	187	
364	187	380	492	300	155	
364	187	366	
364	187	
364	187	51	
364	187	
364	187	
364	187	171	179	
364	187	332	
364	187	
364	187	
364	187	
364	187	251	380	
364	187	356	
364	187	
364	187	332	
364	187	
364	187	185	356	
364	187	
364	187	185	
364	187	
364	187	185	59	
364	187	185	
364	187	
364	187	380	
364	187	
364	187	
364	187	
364	187	
364	187	
364	187	
364	187	
364	187	186	
364	187	
364	187	356	147	
364	187	492	
364	187	
364	187	
364	187	360	
364	187	155	
364	187	
364	187	
364	187	300	
364	187	
364	187	380	
364	187	300	
364	187	492	
364	187	
364	187	179	
364	187	
364	187	
364	187	
364	187	179	
364	187	171	
364	187	185	332	366	
364	187	356	301	365	
364	187	
364	187	365	
364	187	
364	187	367	
364	187	
364	187	
364	187	
364	187	360	
364	187	
364	187	251	
364	187	360	
364	187	155	
364	187	
364	187	
364	187	365	300	
364	187	
364	187	185	
364	187	
364	187	
364	187	
364	187	
364	187	
364	187	185	153	
364	187	
364	187	185	365	
364	187	
364	187	300	
364	187	
364	187	360	
364	187	366	219	
364	187	
364	187	
364	187	356	
364	187	191	
364	187	365	
364	187	185	
364	187	366	
364	187	380	
364	187	
364	187	179	
364	187	
364	187	
364	187	
364	187	365	
364	187	
364	187	191	179	
364	187	
364	187	
364	187	
364	187	
364	187	
364	187	
364	187	
364	187	
364	187	
364	187	
364	187	179	
364	187	492	365	
364	187	360	
364	187	
364	187	
364	187	300	
364	187	
364	187	
364	187	
364	187	
364	187	
364	187	
364	187	
364	187	
364	187	360	
364	187	
364	187	
364	187	
364	187	185	
364	187	185	251	
364	187	
364	187	
364	187	332	
364	187	
364	187	
364	187	186	
364	187	
364	187	360	
364	187	300	
364	187	
364	187	492	
364	187	59	365	
364	187	251	
364	187	
364	187	155	
364	187	
364	187	179	186	
364	187	
364	187	332	
364	187	171	
364	187	185	
364	187	186	358	
364	187	171	
364	187	380	332	171	300	
364	187	191	179	
364	187	
364	187	59	
364	187	
364	187	
364	187	
364	187	
364	187	
364	187	360	
364	187	366	
364	187	
364	187	300	
364	187	
364	187	191	
364	187	
364	187	
364	187	
364	187	
364	187	
364	187	300	360	
364	187	
364	187	185	
364	187	
364	187	
364	187	300	
364	187	
364	187	167	191	
364	187	
364	187	356	
364	187	
364	187	332	365	367	
364	187	
364	187	251	
364	187	191	
364	187	171	
364	187	300	
364	187	366	
364	187	
364	187	
364	187	
364	187	
364	187	
364	187	
364	187	
364	187	332	
364	187	
364	187	155	
364	187	380	59	
364	187	
364	187	
364	187	
364	187	185	300	
364	187	
364	187	191	
364	187	
364	187	
364	187	
364	187	
364	187	171	251	
364	187	
364	187	
364	187	
364	187	300	185	316	
364	187	155	
364	187	300	
364	187	191	380	
364	187	424	
364	187	
364	187	300	
364	187	
364	187	
364	187	
364	187	
364	187	365	171	
364	187	356	
364	187	179	
364	187	300	
364	187	179	
364	187	
364	187	300	179	
364	187	
364	187	
364	187	
364	187	
364	187	
364	187	179	
364	187	185	
364	187	366	
364	187	179	
364	187	300	
364	187	185	
364	187	
364	187	
364	187	
364	187	
364	187	185	249	
364	187	
364	187	300	
364	187	
364	187	185	
364	187	
364	187	
364	187	365	191	
364	187	367	300	191	
364	187	
364	187	179	
364	187	
364	187	
364	187	
364	187	186	
364	187	
364	187	
364	187	
364	187	492	
364	187	185	
364	187	
364	187	
364	187	
364	187	191	
364	187	
364	187	
364	187	380	59	
364	187	300	356	
364	187	
364	187	185	365	
364	187	
364	187	
364	187	
364	187	
364	187	492	
364	187	332	
364	187	191	
364	187	
364	187	366	
364	187	171	
364	187	185	
364	187	
364	187	
364	187	360	
364	187	
364	187	380	
364	187	
364	187	
364	187	
364	187	
364	187	366	
364	187	251	186	
364	187	
364	187	360	
364	187	300	
364	187	
364	187	356	
364	187	
364	187	356	366	
364	187	185	
364	187	251	185	122	
364	187	
364	187	
364	187	
364	187	
364	187	
364	187	
364	187	
364	187	
364	187	
364	187	
364	187	300	
364	187	
364	187	191	
364	187	191	
364	187	171	
364	187	365	
364	187	185	
364	187	185	380	476	
364	187	
364	187	
364	187	
364	187	
364	187	
364	187	300	296	186	
364	187	
364	187	
364	187	
364	187	
364	187	185	191	365	189	177	
364	187	186	
364	187	185	380	
364	187	
364	187	185	
364	187	366	
364	187	
364	187	
364	187	
364	187	
364	187	
364	187	365	179	
364	187	186	
364	187	59	
364	187	
364	187	
364	187	186	332	
364	187	
364	187	
364	187	492	
364	187	
364	187	
364	187	
364	187	59	
364	187	
364	187	
364	187	
364	187	356	
364	187	186	
364	187	
364	187	
364	187	155	300	
364	187	
364	187	
364	187	171	
364	187	
364	187	
364	187	155	
364	187	
364	187	185	300	
364	187	185	
364	187	332	
364	187	366	
364	187	
364	187	
364	187	
364	187	185	
364	187	300	492	
364	187	
364	187	
364	187	366	
364	187	186	
364	187	
364	187	
364	187	
364	187	
364	187	155	
364	187	
364	187	300	185	
364	187	
364	187	251	
364	187	
364	187	
364	187	
364	187	171	
364	187	300	302	
364	187	
364	187	
364	187	
364	187	185	
364	187	
364	187	
364	187	191	
364	187	59	186	
364	187	185	57	
364	187	332	
364	187	365	380	
364	187	300	
364	187	
364	187	191	
364	187	251	
364	187	185	
364	187	
364	187	
364	187	
364	187	191	
364	187	300	
364	187	
364	187	
364	187	
364	187	59	
364	187	
364	187	
364	187	
364	187	
364	187	
364	187	492	
364	187	
364	187	360	296	
364	187	
364	187	300	
364	187	
364	187	300	191	
364	187	300	
364	187	
364	187	
364	187	356	251	
364	187	
364	187	
364	187	
364	187	365	
364	187	179	
364	187	185	
364	187	
364	187	300	
364	187	
364	187	300	
364	187	
364	187	
364	187	
364	187	185	
364	187	
364	187	185	
364	187	300	356	
364	187	
364	187	360	366	332	348	
364	187	155	
364	187	185	
364	187	356	
364	187	
364	187	185	171	300	
364	187	300	
364	187	300	
364	187	
364	187	
364	187	
364	187	366	
364	187	
364	187	300	292	
364	187	
364	187	179	
364	187	
364	187	185	249	153	
364	187	492	191	
364	187	
364	187	
364	187	251	
364	187	175	
364	187	185	
364	187	360	
364	187	185	366	
364	187	191	365	
364	187	
364	187	
364	187	171	
364	187	
364	187	179	
364	187	185	300	155	
364	187	
364	187	185	249	
364	187	155	
364	187	
364	187	185	300	
364	187	171	185	
364	187	185	360	
364	187	
364	187	179	
364	187	185	251	
364	187	356	
364	187	
364	187	
364	187	251	
364	187	300	356	268	
364	187	171	
364	187	356	
364	187	
364	187	
364	187	155	
364	187	
364	187	179	
364	187	
364	187	
364	187	
364	187	360	300	302	
364	187	300	
364	187	
364	187	
364	187	
364	187	
364	187	185	
364	187	356	
364	187	
364	187	191	155	
364	187	
364	187	366	
364	187	
364	187	
364	187	
364	187	185	
364	187	
364	187	
364	187	
364	187	
364	187	186	
364	187	
364	187	
364	187	185	251	
364	187	185	
364	187	191	
364	187	171	
364	187	365	
364	187	380	
364	187	179	
364	187	185	
364	187	
364	187	185	
364	187	
364	187	171	
364	187	155	
364	187	
364	187	59	492	
364	187	
364	187	171	
364	187	
364	187	
364	187	380	186	
364	187	
364	187	366	
364	187	
364	187	
364	187	
364	187	185	
364	187	
364	187	
364	187	380	
364	187	179	
364	187	59	
364	187	492	
364	187	352	362	
364	187	300	
364	187	
364	187	332	365	
364	187	366	
364	187	
364	187	179	
364	187	
364	187	
364	187	59	191	
364	187	
364	187	300	332	360	
364	187	332	300	
364	187	171	
364	187	300	360	376	332	
364	187	
364	187	
364	187	366	
364	187	
364	187	300	
364	187	
364	187	
364	187	
364	187	380	
364	187	300	301	
364	187	
364	187	332	
364	187	171	
364	187	301	
364	187	
364	187	251	
364	187	186	
364	187	300	251	
364	187	360	
364	187	
364	187	492	
364	187	
364	187	
364	187	
364	187	191	366	
364	187	366	333	332	
364	187	300	
364	187	300	
364	187	
364	187	
364	187	179	
364	187	
364	187	
364	187	
364	187	186	
364	187	59	
364	187	
364	187	147	365	
364	187	185	217	249	
364	187	
364	187	
364	187	300	
364	187	
364	187	380	
364	187	
364	187	
364	187	191	
364	187	
364	187	185	
364	187	
364	187	332	59	
364	187	
364	187	
364	187	
364	187	185	356	177	
364	187	
364	187	
364	187	492	
364	187	191	
364	187	
364	187	185	492	
364	187	360	492	
364	187	
364	187	171	
364	187	
364	187	493	
364	187	
364	187	
364	187	
364	187	492	
364	187	
364	187	300	
364	187	
364	187	300	
364	187	365	59	
364	187	
364	187	
364	187	
364	187	300	
364	187	
364	187	
364	187	
364	187	
364	187	
364	187	
364	187	185	366	
364	187	185	
364	187	
364	187	
364	187	171	191	
364	187	300	
364	187	
364	187	
364	187	
364	187	
364	187	
364	187	
364	187	185	
364	187	
364	187	
364	187	
364	187	
364	187	
364	187	185	177	
364	187	185	492	
364	187	365	366	
364	187	
364	187	171	
364	187	366	
364	187	300	
364	187	191	
364	187	
364	187	
364	187	
364	187	
364	187	
364	187	183	
364	187	
364	187	366	
364	187	
364	187	185	
364	187	300	
364	187	
364	187	
364	187	
364	187	185	171	
364	187	
364	187	
364	187	
364	187	
364	187	185	356	
364	187	492	366	
364	187	300	316	
364	187	
364	187	
364	187	185	380	
364	187	251	219	
364	187	300	492	
364	187	366	
364	187	155	
364	187	
364	187	332	
364	187	
364	187	
364	187	
364	187	300	356	
364	187	185	
364	187	
364	187	
364	187	
364	187	
364	187	
364	187	360	328	
364	187	332	
364	187	360	
364	187	
364	187	
364	187	
364	187	300	
364	187	
364	187	
364	187	
364	187	
364	187	
364	187	
364	187	492	
364	187	
364	187	360	
364	187	185	268	300	
364	187	
364	187	
364	187	365	
364	187	185	
364	187	
364	187	59	
364	187	360	
364	187	
364	187	
364	187	
364	187	
364	187	360	332	155	366	
364	187	
364	187	
364	187	179	186	
364	187	185	
364	187	185	
364	187	185	
364	187	
364	187	
364	187	492	366	
364	187	366	186	365	
364	187	155	
364	187	300	
364	187	
364	187	
364	187	
364	187	
364	187	492	
364	187	
364	187	179	
364	187	
364	187	
364	187	300	365	
364	187	365	492	
364	187	
364	187	
364	187	
364	187	
364	187	185	
364	187	155	
364	187	
364	187	186	
364	187	185	
364	187	185	
364	187	185	59	
364	187	251	366	
364	187	
364	187	300	
364	187	186	492	
364	187	
364	187	
364	187	185	
364	187	
364	187	
364	187	179	
364	187	300	
364	187	300	
364	187	185	
364	187	185	
364	187	
364	187	
364	187	185	332	
364	187	
364	187	
364	187	
364	187	356	
364	187	186	
364	187	
364	187	
364	187	
364	187	179	186	
364	187	
364	187	
364	187	
364	187	185	59	
364	187	
364	187	
364	187	155	
364	187	
364	187	
364	187	
364	187	186	
364	187	185	
364	187	155	
364	187	185	
364	187	356	
364	187	
364	187	155	
364	187	
364	187	
364	187	
364	187	
364	187	185	365	
364	187	191	
364	187	251	
364	187	366	
364	187	
364	187	179	
364	187	
364	187	
364	187	494	
364	187	
364	187	59	
364	187	186	
364	187	
364	187	
364	187	
364	187	300	
364	187	
364	187	
364	187	186	
364	187	
364	187	366	
364	187	
364	187	
364	187	
364	187	179	
364	187	
364	187	
364	187	
364	187	365	
364	187	
364	187	
364	187	
364	187	
364	187	
364	187	
364	187	300	
364	187	
364	187	300	155	
364	187	
364	187	332	492	
364	187	
364	187	
364	187	171	
364	187	356	
364	187	300	
364	187	251	
364	187	
364	187	
364	187	155	
364	187	
364	187	
364	187	
364	187	185	
364	187	
364	187	
364	187	
364	187	492	
364	187	59	
364	187	492	
364	187	185	
364	187	185	
364	187	
364	187	360	300	
364	187	366	
364	187	
364	187	366	
364	187	300	
364	187	492	
364	187	366	365	
364	187	
364	187	
364	187	300	
364	187	
364	187	300	
364	187	185	
364	187	59	
364	187	
364	187	251	
364	187	
364	187	
364	187	348	
364	187	
364	187	
364	187	179	
364	187	
364	187	
364	187	
364	187	
364	187	155	300	
364	187	186	
364	187	186	
364	187	332	
364	187	185	300	
364	187	300	
364	187	185	
364	187	
364	187	185	
364	187	
364	187	300	
364	187	
364	187	59	
364	187	
364	187	300	316	
364	187	
364	187	185	
364	187	
364	187	332	
364	187	
364	187	492	
364	187	
364	187	
364	187	
364	187	
364	187	
364	187	
364	187	
364	187	365	
364	187	185	171	
364	187	
364	187	171	
364	187	
364	187	
364	187	
364	187	179	300	
364	187	185	
364	187	171	
364	187	
364	187	
364	187	332	
364	187	
364	187	
364	187	380	
364	187	
364	187	
364	187	300	
364	187	300	
364	187	
364	187	356	494	366	
364	187	
364	187	
364	187	
364	187	300	
364	187	185	251	191	
364	187	
364	187	185	186	
364	187	191	
364	187	
364	187	59	
364	187	
364	187	
364	187	300	
364	187	300	59	
364	187	
364	187	190	191	
364	187	300	
364	187	185	
364	187	
364	187	332	
364	187	300	
364	187	
364	187	
364	187	
364	187	366	185	
364	187	300	
364	187	
364	187	
364	187	179	
364	187	
364	187	
364	187	185	
364	187	
364	187	185	
364	187	185	365	249	
364	187	
364	187	
364	187	
364	187	
364	187	
364	187	366	186	
364	187	
364	187	365	
364	187	300	185	
364	187	185	186	
364	187	332	
364	187	
364	187	
364	187	
364	187	186	
364	187	185	
364	187	
364	187	366	
364	187	
364	187	179	
364	187	356	
364	187	155	
364	187	
364	187	
364	187	
364	187	365	
364	187	
364	187	
364	187	
364	187	
364	187	185	
364	187	
364	187	
364	187	191	171	
364	187	
364	187	
364	187	
364	187	
364	187	
364	187	
364	187	251	
364	187	300	
364	187	186	
364	187	
364	187	
364	187	
364	187	
364	187	
364	187	
364	187	356	358	
364	187	
364	187	179	
364	187	300	380	
364	187	
364	187	356	
364	187	300	
364	187	
364	187	
364	187	185	
364	187	
364	187	
364	187	356	
364	187	
364	187	
364	187	
364	187	365	
364	187	
364	187	
364	187	
364	187	185	
364	187	186	
364	187	332	
364	187	
364	187	
364	187	185	59	
364	187	
364	187	
364	187	366	251	
364	187	
364	187	
364	187	
364	187	365	
364	187	
364	187	
364	187	
364	187	185	153	
364	187	365	
364	187	
364	187	
364	187	
364	187	
364	187	191	
364	187	380	
364	187	300	
364	187	300	
364	187	185	366	
364	187	
364	187	
364	187	
364	187	191	
364	187	
364	187	
364	187	
364	187	
364	187	
364	187	
364	187	
364	187	380	
364	187	
364	187	
364	187	
364	187	380	
364	187	
364	187	365	
364	187	300	
364	187	
364	187	
364	187	155	
364	187	
364	187	
364	187	
364	187	
364	187	380	255	
364	187	
364	187	171	185	300	
364	187	155	
364	187	251	
364	187	
364	187	
364	187	
364	187	
364	187	
364	187	
364	187	300	155	
364	187	
364	187	171	366	
364	187	300	
364	187	
364	187	169	179	
364	187	
364	187	300	360	171	
364	187	
364	187	492	
364	187	185	
364	187	365	
364	187	
364	187	
364	187	
364	187	
364	187	
364	187	123	59	
364	187	185	184	
364	187	300	366	365	
364	187	
364	187	
364	187	191	
364	187	
364	187	
364	187	
364	187	
364	187	366	
364	187	492	
364	187	
364	187	356	
364	187	
364	187	
364	187	
364	187	360	
364	187	300	
364	187	
364	187	
364	187	155	
364	187	300	
364	187	360	
364	187	
364	187	186	
364	187	366	
364	187	492	
364	187	
364	187	
364	187	
364	187	
364	187	
364	187	
364	187	
364	187	
364	187	
364	187	
364	187	
364	187	185	360	
364	187	251	
364	187	
364	187	
364	187	
364	187	
364	187	
364	187	185	356	
364	187	300	332	
364	187	
364	187	380	
364	187	
364	187	185	
364	187	
364	187	
364	187	
364	187	
364	187	361	
364	187	
364	187	185	
364	187	
364	187	
364	187	
364	187	
364	187	
364	187	300	302	430	
364	187	300	
364	187	300	
364	187	300	59	
364	187	
364	187	
364	187	300	492	
364	187	
364	187	
364	187	
364	187	
364	187	
364	187	
364	187	
364	187	59	191	171	
364	187	360	
364	187	
364	187	360	
364	187	185	
364	187	
364	187	
364	187	
364	187	
364	187	
364	187	
364	187	155	366	
364	187	59	
364	187	
364	187	
364	187	
364	187	
364	187	171	
364	187	185	179	189	
364	187	300	
364	187	185	59	
364	187	
364	187	
364	187	
364	187	
364	187	332	
364	187	
364	187	
364	187	365	
364	187	
364	187	
364	187	155	
364	187	
364	187	185	
364	187	
364	187	332	
364	187	251	
364	187	
364	187	366	
364	187	
364	187	
364	187	366	155	
364	187	251	
364	187	
364	187	
364	187	
364	187	
364	187	186	251	
364	187	
364	187	191	492	
364	187	
364	187	
364	187	186	
364	187	
364	187	348	
364	187	
364	187	300	
364	187	
364	187	
364	187	
364	187	332	
364	187	
364	187	300	
364	187	
364	187	
364	187	
364	187	
364	187	300	
364	187	155	
364	187	
364	187	
364	187	
364	187	
364	187	
364	187	
364	187	
364	187	185	
364	187	300	
364	187	
364	187	
364	187	360	186	
364	187	
364	187	356	
364	187	185	366	
364	187	
364	187	179	
364	187	184	185	
364	187	300	
364	187	332	365	
364	187	171	235	
364	187	
364	187	
364	187	
364	187	251	155	
364	187	179	
364	187	155	
364	187	186	332	
364	187	
364	187	365	
364	187	
364	187	
364	187	171	
364	187	366	
364	187	332	
364	187	492	
364	187	59	
364	187	
364	187	59	
364	187	
364	187	356	365	
364	187	
364	187	
364	187	
364	187	
364	187	
364	187	179	
364	187	185	
364	187	365	
364	187	356	171	
364	187	356	
364	187	251	
364	187	
364	187	
364	187	
364	187	
364	187	366	
364	187	
364	187	
364	187	492	
364	187	
364	187	
364	187	251	
364	187	186	
364	187	
364	187	
364	187	
364	187	171	
364	187	365	
364	187	
364	187	365	
364	187	
364	187	
364	187	
364	187	153	185	
364	187	
364	187	
364	187	
364	187	
364	187	59	360	
364	187	
364	187	
364	187	185	
364	187	300	
364	187	
364	187	356	
364	187	332	
364	187	380	
364	187	
364	187	
364	187	185	300	
364	187	
364	187	
364	187	
364	187	
364	187	
364	187	
364	187	
364	187	
364	187	
364	187	366	
364	187	
364	187	185	
364	187	
364	187	
364	187	332	
364	187	185	
364	187	
364	187	185	380	
364	187	
364	187	366	
