1	246	212	458
2	200	201	401
3	195	193	388
4	170	196	366
5	201	194	395
6	217	189	406
7	217	182	399
8	216	197	413
9	188	199	387
10	174	195	369
11	204	179	383
12	198	164	362
13	211	172	383
14	208	181	389
15	205	177	382
16	198	214	412
17	198	210	408
18	204	213	417
19	231	199	430
20	219	197	416
21	216	182	398
22	216	197	413
23	205	204	409
24	211	188	399
25	204	181	385
26	200	212	412
27	233	209	442
28	211	199	410
29	225	195	420
30	225	185	410
31	203	217	420
32	192	208	400
33	186	227	413
34	202	215	417
35	214	195	409
36	205	196	401
37	218	196	414
38	214	212	426
39	218	213	431
40	237	208	445
41	228	216	444
42	221	212	433
43	223	196	419
44	233	197	430
45	225	216	441
46	215	220	435
47	206	212	418
48	231	212	443
49	252	228	480
50	237	228	465
51	234	239	473
52	235	233	468
53	249	223	472
54	217	237	454
55	203	240	443
56	202	224	426
57	192	237	429
58	184	232	416
59	195	234	429
60	220	232	452
61	222	231	453
62	200	253	453
63	210	248	458
64	219	210	429
65	229	231	460
66	249	251	500
67	256	256	512
68	269	266	535
69	272	241	513
70	264	260	524
71	293	281	574
72	276	278	554
73	259	279	538
74	280	264	544
75	287	301	588
76	254	294	548
77	270	305	575
78	263	308	571
79	268	293	561
80	244	303	547
81	243	295	538
82	225	281	506
83	227	292	519
84	253	302	555
85	246	318	564
86	238	328	566
87	218	305	523
88	238	289	527
89	208	287	495
90	223	299	522
91	242	305	547
92	243	303	546
93	244	313	557
94	244	285	529
95	239	306	545
96	229	287	516
97	241	299	540
98	257	291	548
99	244	307	551
100	232	295	527
101	249	277	526
102	258	283	541
103	232	276	508
104	230	286	516
105	223	278	501
106	235	300	535
107	228	299	527
108	217	278	495
109	233	275	508
110	232	283	515
111	214	301	515
112	239	306	545
113	203	326	529
114	194	327	521
115	215	300	515
116	215	301	516
117	204	302	506
118	213	297	510
119	210	290	500
120	216	297	513
121	211	317	528
122	211	313	524
123	218	315	533
124	221	304	525
125	225	319	544
126	213	301	514
127	217	312	529
128	214	312	526
129	208	294	502
130	229	301	530
131	205	331	536
132	239	317	556
133	229	297	526
134	234	302	536
135	226	301	527
136	201	324	525
137	226	319	545
138	213	306	519
139	225	306	531
140	217	293	510
141	233	311	544
142	235	302	537
143	234	285	519
144	219	281	500
145	217	286	503
146	231	307	538
147	242	313	555
148	282	305	587
149	289	268	557
150	264	230	494
151	261	199	460
152	274	188	462
153	275	198	473
154	269	229	498
155	260	190	450
156	252	189	441
157	268	195	463
158	246	197	443
159	226	191	417
160	215	206	421
161	210	193	403
162	203	192	395
163	225	208	433
164	208	197	405
165	214	199	413
166	204	207	411
167	221	224	445
168	224	239	463
169	194	241	435
170	224	218	442
171	242	215	457
172	239	226	465
173	230	207	437
174	225	215	440
175	237	247	484
176	281	215	496
177	283	222	505
178	305	241	546
179	314	255	569
180	330	268	598
181	320	276	596
182	310	269	579
183	307	282	589
184	302	267	569
185	328	276	604
186	321	249	570
187	323	258	581
188	319	241	560
189	315	258	573
190	320	256	576
191	300	264	564
192	322	272	594
193	326	251	577
194	329	257	586
195	325	258	583
196	311	252	563
197	320	264	584
198	329	266	595
199	311	248	559
200	308	269	577
201	333	266	599
202	323	252	575
203	312	260	572
204	319	246	565
205	328	241	569
206	330	267	597
207	322	258	580
208	329	249	578
209	334	248	582
210	337	235	572
211	343	261	604
212	335	237	572
213	329	253	582
214	319	254	573
215	329	231	560
216	334	255	589
217	327	264	591
218	315	252	567
219	331	239	570
220	312	283	595
221	314	255	569
222	333	257	590
223	354	232	586
224	322	239	561
225	331	249	580
226	328	251	579
227	312	249	561
228	337	233	570
229	333	230	563
230	326	229	555
231	330	250	580
232	317	240	557
233	323	259	582
234	336	245	581
235	314	248	562
236	326	238	564
237	318	241	559
238	321	241	562
239	327	246	573
240	315	262	577
241	338	246	584
242	320	263	583
243	352	265	617
244	349	259	608
245	310	265	575
246	327	245	572
247	326	249	575
248	307	254	561
249	323	248	571
250	319	230	549
251	317	224	541
252	284	254	538
253	311	244	555
254	337	240	577
255	326	245	571
256	303	256	559
257	325	236	561
258	304	251	555
259	308	246	554
260	322	219	541
261	338	241	579
262	314	256	570
263	316	252	568
264	330	259	589
265	324	267	591
266	322	248	570
267	323	238	561
268	335	240	575
269	327	243	570
270	335	251	586
271	329	246	575
272	325	256	581
273	321	256	577
274	333	237	570
275	331	252	583
276	323	256	579
277	326	252	578
278	326	265	591
279	325	250	575
280	327	244	571
281	338	254	592
282	328	260	588
283	315	249	564
284	333	237	570
285	321	238	559
286	314	232	546
287	328	249	577
288	327	244	571
289	290	269	559
290	317	265	582
291	302	253	555
292	319	241	560
293	333	261	594
294	338	264	602
295	327	256	583
296	324	253	577
297	333	249	582
298	297	258	555
299	328	248	576
300	337	241	578
301	335	243	578
302	340	272	612
303	340	264	604
304	314	246	560
305	300	264	564
306	293	262	555
307	312	272	584
308	315	286	601
309	306	271	577
310	291	288	579
311	277	291	568
312	232	294	526
313	223	283	506
314	215	293	508
315	209	302	511
316	232	305	537
317	244	304	548
318	242	302	544
319	223	312	535
320	255	317	572
321	235	282	517
322	239	260	499
323	255	247	502
324	239	237	476
325	247	226	473
326	249	208	457
327	264	213	477
328	253	198	451
329	254	213	467
330	243	245	488
331	207	260	467
332	185	263	448
333	186	261	447
334	176	256	432
335	172	234	406
336	167	244	411
337	177	242	419
338	169	214	383
339	193	212	405
340	207	227	434
341	204	248	452
342	232	250	482
343	211	269	480
344	246	264	510
345	208	260	468
346	254	292	546
347	259	278	537
348	264	276	540
349	290	267	557
350	285	288	573
351	282	267	549
352	266	243	509
353	268	271	539
354	259	271	530
355	271	289	560
356	266	276	542
357	270	252	522
358	270	267	537
359	266	263	529
360	282	282	564
361	290	287	577
362	300	264	564
363	319	269	588
364	307	272	579
365	291	277	568
366	290	287	577
367	325	300	625
368	295	313	608
369	302	292	594
370	305	282	587
371	287	291	578
372	337	248	585
373	289	263	552
374	303	252	555
375	322	251	573
376	327	248	575
377	322	240	562
378	322	228	550
379	321	232	553
380	306	261	567
381	301	265	566
382	318	254	572
383	315	219	534
384	311	206	517
385	308	210	518
386	332	202	534
387	316	182	498
388	270	180	450
389	280	220	500
390	287	204	491
391	269	203	472
392	265	200	465
393	270	216	486
394	265	214	479
395	253	195	448
396	247	206	453
397	232	213	445
398	213	214	427
399	221	198	419
400	224	200	424
401	212	217	429
402	196	208	404
403	168	228	396
404	189	244	433
405	229	239	468
406	209	223	432
407	202	219	421
408	235	223	458
409	212	229	441
410	204	243	447
411	208	221	429
412	229	231	460
413	240	240	480
414	237	221	458
415	220	237	457
416	241	231	472
417	234	258	492
418	243	217	460
419	242	223	465
420	245	247	492
421	237	247	484
422	254	274	528
423	233	273	506
424	241	259	500
425	224	264	488
426	222	269	491
427	223	254	477
428	252	234	486
429	228	254	482
430	252	248	500
431	214	237	451
432	225	228	453
433	235	243	478
434	235	267	502
435	238	247	485
436	270	272	542
437	263	245	508
438	282	257	539
439	277	260	537
440	291	260	551
441	326	256	582
442	275	275	550
443	291	288	579
444	314	289	603
445	332	254	586
446	316	292	608
447	287	281	568
448	309	271	580
449	328	279	607
450	295	274	569
451	320	266	586
452	315	257	572
453	298	260	558
454	292	261	553
455	285	257	542
456	318	252	570
457	280	242	522
458	261	260	521
459	263	288	551
460	255	263	518
461	244	274	518
462	291	266	557
463	272	286	558
464	263	284	547
465	274	258	532
466	291	267	558
467	271	282	553
468	303	293	596
469	293	268	561
470	289	263	552
471	296	271	567
472	302	269	571
473	308	282	590
474	292	257	549
475	284	281	565
476	283	253	536
477	280	261	541
478	250	291	541
479	250	287	537
480	216	288	504
481	213	285	498
482	207	262	469
483	189	281	470
484	185	295	480
485	210	298	508
486	182	309	491
487	186	298	484
488	215	290	505
489	222	302	524
490	242	301	543
491	270	292	562
492	316	277	593
493	312	287	599
494	325	284	609
495	316	271	587
496	325	285	610
497	319	291	610
498	303	272	575
499	331	273	604
500	333	265	598
501	330	282	612
502	301	274	575
503	296	284	580
504	304	295	599
505	328	293	621
506	334	282	616
507	325	296	621
508	326	291	617
509	317	309	626
510	334	269	603
511	316	279	595
512	323	280	603
513	326	276	602
514	313	270	583
515	313	289	602
516	309	278	587
517	318	275	593
518	321	292	613
519	330	286	616
520	300	290	590
521	315	289	604
522	325	278	603
523	311	266	577
524	321	265	586
525	311	271	582
526	314	263	577
527	308	259	567
528	347	271	618
529	309	287	596
530	318	278	596
531	340	269	609
532	304	267	571
533	292	274	566
534	310	288	598
535	307	263	570
536	324	290	614
537	309	285	594
538	304	280	584
539	325	272	597
540	330	286	616
541	314	257	571
542	315	272	587
543	312	286	598
544	325	289	614
545	321	280	601
546	296	269	565
547	345	280	625
548	306	285	591
549	303	278	581
550	307	286	593
551	331	292	623
552	319	286	605
553	312	302	614
554	321	300	621
555	332	260	592
556	332	277	609
557	313	278	591
558	313	260	573
559	310	295	605
560	308	295	603
561	292	302	594
562	281	275	556
563	278	270	548
564	285	271	556
565	306	285	591
566	292	265	557
567	311	263	574
568	311	259	570
569	333	280	613
570	310	291	601
571	321	280	601
572	341	261	602
573	316	265	581
574	316	271	587
575	309	268	577
576	316	285	601
577	340	278	618
578	312	293	605
579	299	266	565
580	315	256	571
581	322	272	594
582	313	274	587
583	321	281	602
584	324	245	569
585	308	277	585
586	296	268	564
587	314	273	587
588	325	264	589
589	303	290	593
590	314	266	580
591	326	263	589
592	334	268	602
593	329	257	586
594	300	270	570
595	291	271	562
596	318	269	587
597	344	270	614
598	330	281	611
599	328	257	585
600	345	273	618
601	319	272	591
602	315	278	593
603	333	260	593
604	344	290	634
605	342	266	608
606	327	283	610
607	314	277	591
608	326	287	613
609	315	265	580
610	314	272	586
611	327	304	631
612	304	289	593
613	342	279	621
614	346	262	608
615	316	279	595
616	295	274	569
617	286	277	563
618	307	276	583
619	292	298	590
620	307	271	578
621	299	273	572
622	298	291	589
623	307	311	618
624	294	296	590
625	237	280	517
626	218	283	501
627	221	313	534
628	222	276	498
629	199	286	485
630	197	306	503
631	190	275	465
632	191	257	448
633	195	244	439
634	212	239	451
635	226	205	431
636	206	212	418
637	209	193	402
638	234	199	433
639	243	195	438
640	253	189	442
641	241	227	468
642	224	226	450
643	232	222	454
644	218	229	447
645	197	226	423
646	206	240	446
647	227	214	441
648	219	215	434
649	195	222	417
650	225	237	462
651	202	227	429
652	196	222	418
653	175	220	395
654	196	214	410
655	200	233	433
656	199	253	452
657	194	256	450
658	216	227	443
659	211	242	453
660	215	235	450
661	205	230	435
662	204	240	444
663	215	235	450
664	232	243	475
665	241	258	499
666	233	250	483
667	223	227	450
668	218	251	469
669	241	235	476
670	270	265	535
671	289	296	585
672	328	316	644
673	322	312	634
674	333	295	628
675	319	288	607
676	326	328	654
677	329	305	634
678	283	324	607
679	313	316	629
680	323	318	641
681	345	315	660
682	316	318	634
683	317	338	655
684	335	317	652
685	335	331	666
686	333	323	656
687	333	323	656
688	326	323	649
689	309	320	629
690	319	303	622
691	332	307	639
692	344	324	668
693	336	315	651
694	311	319	630
695	315	309	624
696	343	322	665
697	325	319	644
698	330	318	648
699	326	312	638
700	323	308	631
701	322	316	638
702	329	330	659
703	336	311	647
704	333	323	656
705	334	326	660
706	312	320	632
707	346	306	652
708	317	307	624
709	316	318	634
710	337	319	656
711	329	306	635
712	337	296	633
713	347	328	675
714	339	305	644
715	347	295	642
716	344	321	665
717	358	296	654
718	335	322	657
719	357	310	667
720	319	317	636
721	323	323	646
722	335	311	646
723	345	310	655
724	319	291	610
725	325	309	634
726	327	303	630
727	323	305	628
728	336	317	653
729	327	323	650
730	334	311	645
731	327	330	657
732	336	313	649
733	337	291	628
734	328	306	634
735	325	332	657
736	312	318	630
737	336	316	652
738	338	335	673
739	344	313	657
740	337	348	685
741	329	308	637
742	331	293	624
743	330	308	638
744	326	300	626
745	327	295	622
746	309	330	639
747	301	347	648
748	313	313	626
749	338	311	649
750	346	317	663
751	344	313	657
752	324	299	623
753	338	326	664
754	340	304	644
755	333	306	639
756	321	327	648
757	334	321	655
758	332	303	635
759	321	328	649
760	312	314	626
761	325	346	671
762	328	323	651
763	312	295	607
764	315	294	609
765	326	305	631
766	331	306	637
767	318	314	632
768	337	351	688
769	343	292	635
770	316	316	632
771	319	305	624
772	352	303	655
773	326	314	640
774	341	307	648
775	326	332	658
776	318	315	633
777	326	313	639
778	324	302	626
779	308	337	645
780	329	343	672
781	318	299	617
782	334	320	654
783	318	316	634
784	317	322	639
785	320	328	648
786	322	332	654
787	346	317	663
788	329	322	651
789	328	316	644
790	348	303	651
791	325	312	637
792	332	315	647
793	331	330	661
794	325	330	655
795	315	318	633
796	337	322	659
797	330	306	636
798	337	310	647
799	318	333	651
800	339	324	663
801	328	301	629
802	338	322	660
803	326	310	636
804	334	304	638
805	321	308	629
806	323	329	652
807	354	331	685
808	336	297	633
809	320	305	625
810	314	320	634
811	344	312	656
812	342	319	661
813	342	336	678
814	341	331	672
815	342	313	655
816	335	328	663
817	306	323	629
818	320	318	638
819	336	305	641
820	336	324	660
821	368	323	691
822	334	285	619
823	330	305	635
824	352	307	659
825	316	310	626
826	313	319	632
827	332	334	666
828	329	302	631
829	340	326	666
830	332	333	665
831	339	319	658
832	338	319	657
833	334	340	674
834	325	325	650
835	329	322	651
836	338	323	661
837	330	327	657
838	332	321	653
839	325	310	635
840	332	323	655
841	334	298	632
842	349	327	676
843	325	318	643
844	330	326	656
845	325	319	644
846	331	325	656
847	339	309	648
848	357	299	656
849	316	305	621
850	314	322	636
851	306	332	638
852	324	326	650
853	327	335	662
854	348	330	678
855	321	312	633
856	314	325	639
857	343	341	684
858	334	314	648
859	349	344	693
860	342	340	682
861	324	328	652
862	337	318	655
863	344	304	648
864	338	319	657
865	341	304	645
866	326	321	647
867	333	333	666
868	319	324	643
869	325	304	629
870	322	302	624
871	349	298	647
872	347	324	671
873	335	324	659
874	325	328	653
875	329	303	632
876	335	311	646
877	329	331	660
878	325	331	656
879	336	341	677
880	354	307	661
881	327	327	654
882	319	310	629
883	340	326	666
884	347	299	646
885	315	305	620
886	338	309	647
887	327	310	637
888	337	321	658
889	324	313	637
890	345	317	662
891	329	338	667
892	339	324	663
893	336	320	656
894	346	295	641
895	335	324	659
896	325	320	645
897	345	311	656
898	327	323	650
899	315	324	639
900	335	298	633
901	308	331	639
902	347	323	670
903	314	320	634
904	354	311	665
905	341	323	664
906	311	301	612
907	329	311	640
908	358	322	680
909	329	323	652
910	351	306	657
911	347	323	670
912	325	314	639
913	314	324	638
914	326	330	656
915	354	317	671
916	339	315	654
917	341	331	672
918	368	302	670
919	343	317	660
920	307	313	620
921	327	331	658
922	321	311	632
923	340	342	682
924	332	311	643
925	321	299	620
926	330	320	650
927	339	326	665
928	317	340	657
929	309	332	641
930	318	321	639
931	326	294	620
932	319	328	647
933	315	314	629
934	337	310	647
935	339	339	678
936	346	310	656
937	344	312	656
938	345	323	668
939	352	306	658
940	341	322	663
941	327	301	628
942	335	325	660
943	347	328	675
944	338	322	660
945	343	319	662
946	341	320	661
947	322	337	659
948	329	322	651
949	322	316	638
950	336	313	649
951	336	336	672
952	334	322	656
953	317	323	640
954	328	331	659
955	353	327	680
956	367	280	647
957	336	315	651
958	310	315	625
959	318	303	621
960	330	297	627
961	322	331	653
962	324	328	652
963	323	341	664
964	338	310	648
965	345	304	649
966	337	317	654
967	338	326	664
968	344	319	663
969	327	333	660
970	322	338	660
971	331	313	644
972	319	309	628
973	336	316	652
974	316	327	643
975	313	325	638
976	320	327	647
977	331	327	658
978	316	316	632
979	339	313	652
980	332	314	646
981	326	310	636
982	332	323	655
983	339	336	675
984	327	337	664
985	334	317	651
986	310	315	625
987	353	304	657
988	349	316	665
989	349	343	692
990	325	311	636
991	305	310	615
992	335	332	667
993	320	321	641
994	326	331	657
995	327	309	636
996	337	314	651
997	320	316	636
998	307	323	630
999	311	316	627
1000	341	329	670
1001	330	318	648
1002	312	299	611
1003	332	334	666
1004	315	326	641
1005	340	309	649
1006	348	303	651
1007	345	300	645
1008	341	312	653
1009	341	320	661
1010	306	334	640
1011	306	325	631
1012	323	336	659
1013	318	323	641
1014	308	300	608
1015	325	307	632
1016	319	308	627
1017	312	336	648
1018	336	305	641
1019	328	326	654
1020	343	320	663
1021	341	327	668
1022	335	334	669
1023	326	310	636
1024	338	321	659
1025	334	325	659
1026	324	292	616
1027	333	317	650
1028	343	330	673
1029	331	306	637
1030	326	328	654
1031	307	354	661
1032	341	320	661
1033	346	310	656
1034	346	317	663
1035	326	313	639
1036	343	309	652
1037	339	314	653
1038	331	310	641
1039	330	301	631
1040	334	315	649
1041	331	349	680
1042	362	320	682
1043	353	305	658
1044	349	318	667
1045	344	315	659
1046	354	334	688
1047	364	342	706
1048	334	310	644
1049	346	296	642
1050	340	319	659
1051	337	316	653
1052	346	304	650
1053	320	325	645
1054	321	319	640
1055	316	316	632
1056	349	330	679
1057	327	306	633
1058	331	314	645
1059	325	329	654
1060	316	325	641
1061	354	295	649
1062	336	316	652
1063	337	310	647
1064	333	321	654
1065	338	324	662
1066	337	312	649
1067	320	320	640
1068	328	314	642
1069	348	320	668
1070	347	317	664
1071	318	295	613
1072	324	332	656
1073	333	326	659
1074	319	310	629
1075	330	335	665
1076	319	336	655
1077	338	312	650
1078	355	309	664
1079	348	318	666
1080	353	308	661
1081	328	324	652
1082	326	309	635
1083	325	301	626
1084	333	301	634
1085	328	335	663
1086	341	313	654
1087	346	326	672
1088	342	327	669
1089	311	332	643
1090	309	324	633
1091	308	333	641
1092	318	320	638
1093	347	334	681
1094	323	319	642
1095	335	304	639
1096	339	326	665
1097	325	305	630
1098	335	317	652
1099	301	306	607
1100	309	335	644
1101	331	312	643
1102	332	321	653
1103	325	341	666
1104	315	319	634
1105	309	339	648
1106	319	325	644
1107	339	316	655
1108	341	323	664
1109	345	314	659
1110	335	295	630
1111	329	335	664
1112	339	325	664
1113	324	305	629
1114	340	320	660
1115	333	310	643
1116	331	329	660
1117	329	311	640
1118	329	319	648
1119	334	303	637
1120	344	331	675
1121	368	307	675
1122	340	319	659
1123	335	319	654
1124	331	328	659
1125	339	317	656
1126	332	339	671
1127	344	312	656
1128	332	318	650
1129	324	322	646
1130	326	338	664
1131	325	332	657
1132	332	317	649
1133	328	316	644
1134	336	315	651
1135	335	350	685
1136	337	338	675
1137	348	328	676
1138	317	334	651
1139	334	319	653
1140	318	340	658
1141	348	332	680
1142	318	325	643
1143	323	343	666
1144	306	312	618
1145	333	299	632
1146	321	331	652
1147	331	326	657
1148	328	325	653
1149	305	329	634
1150	342	348	690
1151	349	297	646
1152	344	297	641
1153	343	308	651
1154	334	339	673
1155	349	331	680
1156	358	326	684
1157	327	331	658
1158	332	324	656
1159	329	333	662
1160	332	317	649
1161	345	302	647
1162	308	314	622
1163	327	322	649
1164	330	315	645
1165	348	301	649
1166	324	308	632
1167	312	356	668
1168	323	320	643
1169	338	339	677
1170	338	327	665
1171	319	334	653
1172	336	333	669
1173	346	340	686
1174	309	295	604
1175	334	299	633
1176	316	333	649
1177	315	344	659
1178	343	340	683
1179	313	330	643
1180	334	327	661
1181	330	325	655
1182	346	319	665
1183	330	304	634
1184	331	329	660
1185	340	342	682
1186	325	300	625
1187	336	309	645
1188	330	318	648
1189	328	306	634
1190	323	335	658
1191	307	318	625
1192	335	306	641
1193	351	293	644
1194	325	331	656
1195	336	292	628
1196	346	296	642
1197	347	330	677
1198	323	329	652
1199	338	316	654
1200	345	321	666
1201	320	319	639
1202	339	317	656
1203	320	324	644
1204	327	324	651
1205	335	305	640
1206	344	325	669
1207	330	312	642
1208	316	316	632
1209	326	306	632
1210	311	318	629
1211	327	320	647
1212	328	305	633
1213	345	328	673
1214	324	306	630
1215	334	308	642
1216	328	312	640
1217	341	319	660
1218	335	324	659
1219	344	311	655
1220	331	314	645
1221	330	342	672
1222	354	321	675
1223	334	308	642
1224	340	316	656
1225	319	338	657
1226	313	322	635
1227	340	303	643
1228	347	305	652
1229	322	307	629
1230	327	318	645
1231	308	323	631
1232	326	305	631
1233	329	327	656
1234	335	304	639
1235	318	304	622
1236	322	313	635
1237	336	331	667
1238	321	309	630
1239	353	317	670
1240	323	323	646
1241	338	322	660
1242	300	338	638
1243	314	311	625
1244	324	335	659
1245	324	294	618
1246	311	300	611
1247	328	327	655
1248	346	314	660
1249	350	333	683
1250	352	329	681
1251	347	314	661
1252	340	324	664
1253	334	306	640
1254	352	324	676
1255	315	313	628
1256	319	324	643
1257	338	325	663
1258	331	310	641
1259	336	320	656
1260	327	316	643
1261	312	299	611
1262	340	306	646
1263	327	333	660
1264	343	317	660
1265	333	327	660
1266	327	333	660
1267	341	340	681
1268	326	298	624
1269	332	320	652
1270	354	318	672
1271	355	342	697
1272	334	319	653
1273	361	318	679
1274	331	300	631
1275	325	300	625
1276	341	330	671
1277	336	319	655
1278	331	318	649
1279	332	310	642
1280	342	315	657
1281	313	307	620
1282	314	337	651
1283	324	328	652
1284	345	299	644
1285	329	314	643
1286	322	315	637
1287	334	327	661
1288	340	307	647
1289	327	327	654
1290	323	336	659
1291	340	338	678
1292	347	319	666
1293	303	323	626
1294	330	296	626
1295	325	306	631
1296	328	311	639
1297	346	318	664
1298	343	340	683
1299	322	332	654
1300	316	319	635
1301	327	315	642
1302	315	337	652
1303	314	305	619
1304	342	323	665
1305	332	316	648
1306	322	323	645
1307	321	303	624
1308	325	290	615
1309	324	312	636
1310	331	335	666
1311	348	320	668
1312	326	326	652
1313	328	350	678
1314	326	341	667
1315	318	312	630
1316	334	321	655
1317	355	309	664
1318	329	341	670
1319	332	332	664
1320	332	329	661
1321	340	315	655
1322	314	314	628
1323	340	322	662
1324	341	315	656
1325	320	321	641
1326	310	340	650
1327	320	309	629
1328	312	333	645
1329	332	313	645
1330	307	317	624
1331	343	320	663
1332	335	320	655
1333	344	328	672
1334	351	323	674
1335	328	326	654
1336	328	325	653
1337	319	335	654
1338	310	323	633
1339	330	311	641
1340	351	317	668
1341	325	320	645
1342	308	329	637
1343	313	319	632
1344	340	306	646
1345	360	319	679
1346	330	302	632
1347	338	312	650
1348	341	300	641
1349	319	317	636
1350	345	342	687
1351	348	320	668
1352	344	320	664
1353	358	299	657
1354	310	334	644
1355	337	315	652
1356	345	321	666
1357	345	342	687
1358	328	310	638
1359	344	308	652
1360	353	335	688
1361	350	308	658
1362	330	299	629
1363	326	317	643
1364	327	336	663
1365	350	331	681
1366	337	331	668
1367	336	322	658
1368	333	316	649
1369	362	320	682
1370	357	304	661
1371	327	318	645
1372	346	340	686
1373	338	334	672
1374	346	301	647
1375	322	337	659
1376	330	308	638
1377	340	317	657
1378	322	297	619
1379	331	320	651
1380	320	323	643
1381	318	319	637
1382	335	303	638
1383	336	330	666
1384	327	340	667
1385	327	325	652
1386	336	317	653
1387	284	317	601
1388	312	336	648
1389	338	315	653
1390	332	328	660
1391	331	320	651
1392	340	321	661
1393	346	328	674
1394	329	325	654
1395	339	316	655
1396	342	329	671
1397	332	314	646
1398	329	311	640
1399	333	317	650
1400	332	313	645
1401	340	315	655
1402	336	293	629
1403	323	319	642
1404	348	304	652
1405	341	295	636
1406	366	317	683
1407	334	345	679
1408	305	328	633
1409	340	289	629
1410	354	311	665
1411	338	318	656
1412	333	330	663
1413	344	336	680
1414	347	290	637
1415	339	304	643
1416	357	320	677
1417	323	319	642
1418	313	341	654
1419	340	327	667
1420	332	318	650
1421	326	336	662
1422	331	301	632
1423	336	300	636
1424	345	309	654
1425	334	320	654
1426	338	312	650
1427	332	312	644
1428	333	330	663
1429	334	319	653
1430	334	313	647
1431	324	328	652
1432	324	311	635
1433	317	327	644
1434	307	317	624
1435	319	308	627
1436	329	295	624
1437	343	333	676
1438	344	328	672
1439	335	332	667
1440	349	307	656
1441	342	313	655
1442	343	311	654
1443	352	300	652
1444	348	312	660
1445	333	341	674
1446	330	305	635
1447	340	322	662
1448	330	321	651
1449	310	355	665
1450	331	327	658
1451	318	307	625
1452	364	317	681
1453	350	306	656
1454	331	333	664
1455	339	313	652
1456	325	314	639
1457	327	289	616
1458	330	303	633
1459	323	325	648
1460	331	318	649
1461	351	308	659
1462	340	337	677
1463	328	320	648
1464	336	319	655
1465	333	294	627
1466	329	306	635
1467	326	333	659
1468	319	313	632
1469	338	325	663
1470	320	316	636
1471	323	332	655
1472	339	305	644
1473	346	340	686
1474	330	354	684
1475	355	316	671
1476	336	327	663
1477	341	335	676
1478	339	324	663
1479	326	308	634
1480	341	285	626
1481	319	294	613
1482	335	305	640
1483	322	312	634
1484	321	327	648
1485	322	338	660
1486	335	322	657
1487	318	315	633
1488	359	328	687
1489	307	330	637
1490	340	322	662
1491	314	335	649
1492	323	307	630
1493	337	310	647
1494	362	307	669
1495	334	313	647
1496	353	295	648
1497	327	324	651
1498	320	308	628
1499	339	319	658
1500	354	322	676
1501	321	325	646
1502	321	336	657
1503	335	337	672
1504	340	329	669
1505	335	332	667
1506	333	336	669
1507	305	307	612
1508	333	320	653
1509	354	338	692
1510	340	338	678
1511	351	307	658
1512	321	325	646
1513	346	310	656
1514	343	327	670
1515	339	335	674
1516	326	318	644
1517	317	324	641
1518	339	286	625
1519	358	326	684
1520	312	307	619
1521	320	321	641
1522	334	317	651
1523	357	317	674
1524	347	329	676
1525	336	298	634
1526	326	322	648
1527	330	325	655
1528	343	352	695
1529	348	316	664
1530	324	339	663
1531	329	337	666
1532	315	324	639
1533	321	329	650
1534	319	332	651
1535	321	334	655
1536	330	294	624
1537	326	326	652
1538	311	307	618
1539	331	328	659
1540	343	327	670
1541	331	335	666
1542	321	314	635
1543	322	320	642
1544	324	326	650
1545	322	320	642
1546	297	311	608
1547	327	299	626
1548	348	311	659
1549	320	320	640
1550	338	327	665
1551	318	315	633
1552	320	313	633
1553	327	338	665
1554	348	309	657
1555	330	307	637
1556	331	302	633
1557	331	316	647
1558	328	317	645
1559	334	316	650
1560	329	303	632
1561	317	315	632
1562	311	338	649
1563	320	331	651
1564	347	343	690
1565	319	342	661
1566	343	325	668
1567	338	327	665
1568	324	299	623
1569	344	288	632
1570	337	296	633
1571	343	311	654
1572	324	325	649
1573	324	304	628
1574	301	327	628
1575	319	316	635
1576	334	322	656
1577	334	332	666
1578	310	350	660
1579	334	319	653
1580	323	325	648
1581	343	324	667
1582	325	343	668
1583	344	323	667
1584	343	319	662
1585	344	301	645
1586	347	297	644
1587	335	301	636
1588	338	311	649
1589	331	329	660
1590	338	306	644
1591	326	344	670
1592	319	316	635
1593	332	322	654
1594	332	317	649
1595	346	322	668
1596	315	308	623
1597	339	305	644
1598	347	312	659
1599	319	323	642
1600	337	330	667
1601	332	311	643
1602	352	297	649
1603	345	340	685
1604	342	297	639
1605	315	309	624
1606	310	325	635
1607	318	325	643
1608	320	320	640
1609	331	319	650
1610	307	335	642
1611	317	345	662
1612	340	317	657
1613	320	332	652
1614	340	325	665
1615	336	316	652
1616	301	304	605
1617	324	333	657
1618	349	317	666
1619	347	321	668
1620	318	305	623
1621	314	302	616
1622	339	319	658
1623	342	310	652
1624	322	331	653
1625	336	294	630
1626	342	303	645
1627	333	293	626
1628	321	314	635
1629	340	296	636
1630	363	318	681
1631	329	323	652
1632	335	325	660
1633	320	337	657
1634	334	311	645
1635	315	321	636
1636	321	317	638
1637	334	339	673
1638	330	312	642
1639	353	325	678
1640	342	308	650
1641	326	328	654
1642	325	323	648
1643	356	324	680
1644	363	329	692
1645	350	333	683
1646	341	340	681
1647	328	321	649
1648	330	332	662
1649	342	306	648
1650	335	316	651
1651	323	311	634
1652	332	321	653
1653	322	305	627
1654	335	307	642
1655	323	305	628
1656	329	311	640
1657	317	324	641
1658	332	319	651
1659	347	315	662
1660	326	320	646
1661	339	310	649
1662	341	301	642
1663	338	308	646
1664	332	295	627
1665	337	312	649
1666	332	333	665
1667	339	315	654
1668	320	347	667
1669	312	317	629
1670	318	318	636
1671	361	301	662
1672	336	314	650
1673	310	319	629
1674	336	330	666
1675	357	330	687
1676	331	328	659
1677	315	306	621
1678	340	303	643
1679	327	311	638
1680	329	294	623
1681	335	323	658
1682	339	328	667
1683	346	296	642
1684	340	333	673
1685	337	306	643
1686	324	302	626
1687	345	308	653
1688	340	334	674
1689	346	303	649
1690	341	307	648
1691	320	332	652
1692	341	325	666
1693	341	341	682
1694	339	318	657
1695	348	319	667
1696	319	329	648
1697	338	328	666
1698	329	307	636
1699	351	312	663
1700	338	331	669
1701	329	347	676
1702	344	347	691
1703	307	310	617
1704	305	315	620
1705	323	328	651
1706	322	336	658
1707	322	332	654
1708	318	336	654
1709	314	336	650
1710	351	305	656
1711	343	318	661
1712	339	320	659
1713	338	325	663
1714	331	322	653
1715	329	338	667
1716	348	340	688
1717	348	304	652
1718	341	316	657
1719	350	325	675
1720	353	318	671
1721	340	324	664
1722	349	313	662
1723	326	318	644
1724	315	342	657
1725	335	331	666
1726	337	311	648
1727	332	322	654
1728	338	310	648
1729	319	330	649
1730	341	328	669
1731	322	303	625
1732	326	340	666
1733	299	339	638
1734	308	340	648
1735	308	314	622
1736	342	311	653
1737	329	322	651
1738	343	311	654
1739	339	306	645
1740	314	309	623
1741	344	330	674
1742	339	349	688
1743	322	324	646
1744	315	323	638
1745	335	314	649
1746	324	331	655
1747	335	326	661
1748	336	328	664
1749	318	320	638
1750	335	297	632
1751	327	311	638
1752	328	317	645
1753	353	311	664
1754	344	328	672
1755	320	312	632
1756	349	335	684
1757	308	305	613
1758	343	312	655
1759	344	352	696
1760	351	323	674
1761	333	317	650
1762	309	318	627
1763	313	315	628
1764	318	305	623
1765	358	326	684
1766	343	309	652
1767	353	304	657
1768	325	326	651
1769	324	360	684
1770	339	308	647
1771	333	323	656
1772	335	316	651
1773	321	326	647
1774	354	331	685
1775	323	330	653
1776	338	310	648
1777	330	308	638
1778	334	308	642
1779	306	334	640
1780	325	331	656
1781	354	340	694
1782	336	316	652
1783	318	328	646
1784	315	328	643
1785	324	334	658
1786	332	344	676
1787	328	319	647
1788	332	299	631
1789	330	335	665
1790	323	324	647
1791	344	327	671
1792	329	316	645
1793	334	326	660
1794	312	324	636
1795	339	316	655
1796	336	314	650
1797	317	317	634
1798	343	308	651
1799	338	312	650
1800	312	307	619
1801	311	330	641
1802	347	320	667
1803	321	308	629
1804	341	305	646
1805	325	306	631
1806	331	285	616
1807	328	324	652
1808	320	327	647
1809	335	310	645
1810	333	319	652
1811	346	322	668
1812	345	328	673
1813	348	314	662
1814	327	303	630
1815	336	290	626
1816	331	322	653
1817	323	334	657
1818	329	331	660
1819	339	312	651
1820	332	321	653
1821	340	291	631
1822	310	322	632
1823	304	303	607
1824	319	322	641
1825	347	327	674
1826	326	305	631
1827	330	303	633
1828	313	313	626
1829	332	337	669
1830	332	306	638
1831	339	291	630
1832	343	306	649
1833	331	307	638
1834	349	341	690
1835	345	317	662
1836	346	323	669
1837	324	328	652
1838	345	295	640
1839	328	332	660
1840	353	301	654
1841	335	332	667
1842	333	327	660
1843	343	314	657
1844	324	331	655
1845	348	325	673
1846	332	312	644
1847	324	303	627
1848	332	325	657
1849	337	314	651
1850	319	317	636
1851	340	327	667
1852	338	296	634
1853	340	305	645
1854	335	310	645
1855	345	290	635
1856	353	316	669
1857	341	324	665
1858	312	323	635
1859	329	318	647
1860	352	323	675
1861	307	328	635
1862	307	309	616
1863	325	310	635
1864	350	315	665
1865	327	313	640
1866	345	313	658
1867	343	327	670
1868	323	300	623
1869	339	317	656
1870	353	309	662
1871	358	342	700
1872	319	339	658
1873	336	318	654
1874	356	296	652
1875	332	309	641
1876	290	333	623
1877	322	322	644
1878	340	318	658
1879	334	296	630
1880	311	317	628
1881	330	316	646
1882	332	320	652
1883	334	307	641
1884	325	331	656
1885	325	324	649
1886	307	309	616
1887	335	316	651
1888	338	310	648
1889	341	313	654
1890	327	311	638
1891	319	311	630
1892	310	315	625
1893	327	338	665
1894	322	326	648
1895	336	305	641
1896	342	304	646
1897	338	315	653
1898	321	321	642
1899	326	325	651
1900	333	288	621
1901	353	319	672
1902	309	317	626
1903	331	310	641
1904	329	304	633
1905	329	312	641
1906	311	337	648
1907	338	288	626
1908	352	282	634
1909	332	296	628
1910	311	312	623
1911	312	312	624
1912	322	307	629
1913	341	314	655
1914	327	340	667
1915	338	331	669
1916	346	317	663
1917	343	323	666
1918	334	315	649
1919	332	329	661
1920	344	318	662
1921	328	291	619
1922	327	324	651
1923	304	307	611
1924	339	313	652
1925	326	319	645
1926	330	310	640
1927	334	333	667
1928	351	298	649
1929	343	286	629
1930	336	300	636
1931	346	333	679
1932	345	322	667
1933	314	313	627
1934	338	313	651
1935	323	316	639
1936	337	332	669
1937	346	314	660
1938	322	305	627
1939	324	298	622
1940	343	342	685
1941	324	310	634
1942	320	325	645
1943	339	310	649
1944	339	299	638
1945	334	294	628
1946	343	312	655
1947	326	323	649
1948	329	301	630
1949	322	318	640
1950	331	333	664
1951	361	319	680
1952	343	336	679
1953	311	345	656
1954	339	301	640
1955	350	325	675
1956	344	330	674
1957	321	335	656
1958	328	312	640
1959	340	295	635
1960	324	291	615
1961	332	318	650
1962	327	315	642
1963	330	325	655
1964	312	344	656
1965	335	328	663
1966	339	348	687
1967	333	322	655
1968	322	343	665
1969	333	329	662
1970	314	321	635
1971	345	332	677
1972	324	321	645
1973	332	338	670
1974	350	324	674
1975	339	322	661
1976	325	337	662
1977	322	311	633
1978	330	314	644
1979	332	337	669
1980	327	338	665
1981	313	336	649
1982	312	304	616
1983	314	314	628
1984	317	297	614
1985	318	311	629
1986	322	345	667
1987	329	318	647
1988	330	343	673
1989	330	306	636
1990	342	326	668
1991	323	332	655
1992	319	313	632
1993	343	330	673
1994	331	324	655
1995	349	324	673
1996	331	322	653
1997	323	331	654
1998	306	320	626
1999	343	301	644
2000	330	325	655
2001	324	312	636
2002	328	342	670
2003	324	326	650
2004	324	304	628
2005	344	319	663
2006	330	316	646
2007	348	333	681
2008	339	308	647
2009	333	314	647
2010	344	320	664
2011	324	317	641
2012	312	316	628
2013	345	326	671
2014	323	303	626
2015	313	305	618
2016	314	321	635
2017	361	303	664
2018	334	317	651
2019	331	312	643
2020	349	313	662
2021	349	321	670
2022	346	324	670
2023	336	334	670
2024	341	315	656
2025	324	335	659
2026	301	319	620
2027	331	313	644
2028	327	313	640
2029	325	312	637
2030	346	302	648
2031	329	300	629
2032	315	311	626
2033	322	332	654
2034	350	328	678
2035	333	335	668
2036	321	313	634
2037	327	330	657
2038	338	304	642
2039	340	309	649
2040	307	321	628
2041	339	312	651
2042	322	332	654
2043	341	306	647
2044	330	313	643
2045	317	317	634
2046	328	307	635
2047	332	304	636
2048	339	307	646
2049	328	329	657
2050	313	318	631
2051	336	327	663
2052	335	320	655
2053	328	298	626
2054	314	324	638
2055	336	322	658
2056	330	313	643
2057	327	319	646
2058	321	327	648
2059	316	325	641
2060	313	315	628
2061	336	305	641
2062	322	311	633
2063	312	311	623
2064	310	330	640
2065	341	327	668
2066	325	314	639
2067	359	319	678
2068	342	331	673
2069	324	307	631
2070	338	307	645
2071	329	335	664
2072	342	321	663
2073	328	336	664
2074	345	325	670
2075	348	319	667
2076	362	315	677
2077	334	320	654
2078	341	323	664
2079	349	322	671
2080	346	333	679
2081	331	316	647
2082	321	305	626
2083	359	298	657
2084	334	306	640
2085	321	330	651
2086	344	316	660
2087	342	323	665
2088	326	309	635
2089	331	305	636
2090	329	300	629
2091	338	303	641
2092	315	309	624
2093	317	323	640
2094	317	318	635
2095	320	316	636
2096	305	320	625
2097	316	331	647
2098	316	314	630
2099	324	332	656
2100	340	338	678
2101	340	321	661
2102	351	331	682
2103	338	306	644
2104	313	334	647
2105	305	306	611
2106	336	310	646
2107	339	338	677
2108	336	324	660
2109	340	306	646
2110	332	298	630
2111	326	293	619
2112	347	319	666
2113	352	276	628
2114	320	310	630
2115	319	322	641
2116	333	314	647
2117	357	315	672
2118	348	309	657
2119	318	330	648
2120	323	325	648
2121	322	321	643
2122	319	292	611
2123	315	306	621
2124	340	314	654
2125	324	339	663
2126	344	326	670
2127	328	309	637
2128	324	320	644
2129	354	325	679
2130	322	314	636
2131	310	326	636
2132	336	298	634
2133	347	316	663
2134	328	318	646
2135	309	323	632
2136	320	327	647
2137	315	313	628
2138	340	325	665
2139	339	307	646
2140	343	319	662
2141	333	321	654
2142	325	305	630
2143	325	327	652
2144	323	327	650
2145	336	316	652
2146	341	328	669
2147	330	336	666
2148	335	308	643
2149	329	317	646
2150	324	305	629
2151	360	303	663
2152	343	316	659
2153	339	317	656
2154	329	314	643
2155	341	321	662
2156	322	325	647
2157	332	313	645
2158	338	324	662
2159	362	310	672
2160	360	334	694
2161	327	312	639
2162	305	304	609
2163	340	325	665
2164	341	336	677
2165	318	323	641
2166	339	320	659
2167	326	319	645
2168	326	315	641
2169	332	311	643
2170	350	316	666
2171	328	309	637
2172	332	321	653
2173	340	307	647
2174	348	316	664
2175	345	329	674
2176	327	320	647
2177	332	326	658
2178	315	315	630
2179	333	325	658
2180	322	322	644
2181	344	309	653
2182	335	321	656
2183	334	306	640
2184	337	309	646
2185	326	314	640
2186	337	330	667
2187	318	326	644
2188	332	316	648
2189	329	315	644
2190	327	324	651
2191	322	320	642
2192	337	340	677
2193	312	326	638
2194	327	330	657
2195	325	326	651
2196	330	320	650
2197	314	320	634
2198	347	302	649
2199	332	318	650
2200	315	333	648
2201	312	306	618
2202	327	332	659
2203	324	318	642
2204	330	310	640
2205	324	303	627
2206	317	325	642
2207	356	315	671
2208	338	312	650
2209	328	319	647
2210	315	311	626
2211	323	314	637
2212	328	317	645
2213	326	323	649
2214	317	309	626
2215	327	323	650
2216	307	344	651
2217	336	337	673
2218	342	327	669
2219	330	313	643
2220	324	297	621
2221	318	317	635
2222	338	298	636
2223	332	300	632
2224	313	311	624
2225	313	329	642
2226	330	309	639
2227	323	284	607
2228	346	318	664
2229	358	324	682
2230	343	324	667
2231	328	333	661
2232	314	317	631
2233	327	322	649
2234	342	306	648
2235	329	329	658
2236	336	304	640
2237	314	326	640
2238	311	340	651
2239	341	330	671
2240	325	321	646
2241	332	326	658
2242	318	302	620
2243	337	306	643
2244	314	307	621
2245	313	312	625
2246	310	322	632
2247	334	307	641
2248	342	322	664
2249	342	318	660
2250	308	314	622
2251	334	321	655
2252	327	318	645
2253	332	312	644
2254	329	312	641
2255	325	334	659
2256	335	325	660
2257	332	326	658
2258	312	334	646
2259	324	307	631
2260	341	301	642
2261	332	322	654
2262	324	315	639
2263	340	336	676
2264	340	331	671
2265	299	319	618
2266	334	326	660
2267	334	316	650
2268	361	318	679
2269	338	307	645
2270	351	306	657
2271	347	331	678
2272	321	323	644
2273	302	340	642
2274	306	301	607
2275	316	310	626
2276	333	336	669
2277	335	337	672
2278	316	313	629
2279	318	317	635
2280	324	317	641
2281	335	319	654
2282	344	314	658
2283	323	334	657
2284	339	324	663
2285	336	315	651
2286	337	336	673
2287	358	319	677
2288	321	332	653
2289	325	315	640
2290	324	299	623
2291	336	333	669
2292	332	318	650
2293	327	323	650
2294	333	331	664
2295	330	315	645
2296	325	319	644
2297	324	302	626
2298	319	284	603
2299	324	322	646
2300	328	313	641
2301	347	313	660
2302	340	305	645
2303	355	314	669
2304	341	325	666
2305	326	323	649
2306	333	344	677
2307	342	335	677
2308	332	336	668
2309	323	312	635
2310	303	326	629
2311	337	347	684
2312	353	324	677
2313	344	333	677
2314	339	299	638
2315	347	291	638
2316	330	312	642
2317	325	302	627
2318	345	312	657
2319	339	332	671
2320	342	334	676
2321	333	324	657
2322	321	302	623
2323	311	316	627
2324	331	309	640
2325	341	340	681
2326	324	328	652
2327	338	335	673
2328	315	328	643
2329	329	306	635
2330	327	299	626
2331	333	301	634
2332	335	347	682
2333	351	314	665
2334	345	309	654
2335	346	316	662
2336	314	299	613
2337	319	321	640
2338	331	301	632
2339	329	320	649
2340	326	310	636
2341	343	305	648
2342	336	300	636
2343	345	303	648
2344	336	309	645
2345	328	322	650
2346	349	323	672
2347	305	345	650
2348	319	325	644
2349	328	312	640
2350	337	317	654
2351	337	323	660
2352	320	315	635
2353	328	314	642
2354	340	330	670
2355	327	336	663
2356	340	310	650
2357	317	311	628
2358	333	327	660
2359	333	319	652
2360	340	330	670
2361	331	304	635
2362	340	315	655
2363	335	307	642
2364	341	326	667
2365	340	339	679
2366	318	335	653
2367	323	328	651
2368	341	311	652
2369	333	314	647
2370	314	293	607
2371	312	323	635
2372	318	309	627
2373	352	320	672
2374	332	333	665
2375	342	317	659
2376	327	313	640
2377	328	316	644
2378	327	349	676
2379	330	306	636
2380	320	321	641
2381	334	300	634
2382	343	290	633
2383	331	305	636
2384	296	326	622
2385	325	301	626
2386	352	297	649
2387	328	330	658
2388	341	331	672
2389	303	341	644
2390	327	357	684
2391	328	328	656
2392	319	317	636
2393	319	318	637
2394	344	321	665
2395	330	326	656
2396	326	324	650
2397	323	321	644
2398	334	319	653
2399	360	292	652
2400	352	347	699
2401	347	310	657
2402	336	312	648
2403	357	316	673
2404	352	307	659
2405	327	322	649
2406	325	333	658
2407	317	324	641
2408	319	305	624
2409	310	334	644
2410	314	343	657
2411	337	332	669
2412	335	344	679
2413	334	328	662
2414	336	303	639
2415	317	304	621
2416	300	326	626
2417	347	324	671
2418	332	325	657
2419	343	318	661
2420	337	304	641
2421	325	335	660
2422	331	311	642
2423	334	323	657
2424	348	316	664
2425	319	324	643
2426	331	328	659
2427	327	319	646
2428	337	318	655
2429	355	302	657
2430	326	312	638
2431	337	332	669
2432	337	316	653
2433	342	307	649
2434	325	315	640
2435	317	317	634
2436	317	299	616
2437	332	314	646
2438	332	338	670
2439	332	330	662
2440	336	310	646
2441	338	320	658
2442	318	311	629
2443	336	322	658
2444	341	338	679
2445	315	332	647
2446	330	315	645
2447	318	306	624
2448	318	309	627
2449	322	326	648
2450	340	328	668
2451	341	299	640
2452	301	318	619
2453	309	320	629
2454	314	329	643
2455	333	348	681
2456	324	338	662
2457	352	317	669
2458	319	310	629
2459	329	322	651
2460	328	330	658
2461	320	332	652
2462	339	315	654
2463	320	314	634
2464	341	315	656
2465	335	301	636
2466	345	337	682
2467	338	307	645
2468	344	300	644
2469	321	322	643
2470	328	293	621
2471	335	321	656
2472	332	313	645
2473	344	309	653
2474	307	342	649
2475	329	318	647
2476	347	318	665
2477	329	334	663
2478	321	327	648
2479	341	303	644
2480	344	309	653
2481	330	324	654
2482	326	313	639
2483	316	320	636
2484	334	326	660
2485	300	307	607
2486	328	311	639
2487	331	305	636
2488	332	307	639
2489	320	292	612
2490	345	306	651
2491	308	309	617
2492	312	318	630
2493	330	306	636
2494	355	314	669
2495	337	319	656
2496	330	295	625
2497	316	322	638
2498	316	306	622
2499	348	315	663
2500	348	310	658
2501	299	332	631
2502	312	328	640
2503	332	311	643
2504	319	326	645
2505	347	321	668
2506	330	320	650
2507	327	295	622
2508	342	332	674
2509	335	322	657
2510	352	335	687
2511	331	331	662
2512	322	318	640
2513	326	343	669
2514	311	329	640
2515	327	317	644
2516	316	309	625
2517	322	338	660
2518	310	334	644
2519	324	301	625
2520	341	310	651
2521	338	333	671
2522	344	337	681
2523	328	321	649
2524	318	332	650
2525	338	320	658
2526	310	332	642
2527	324	321	645
2528	323	332	655
2529	352	329	681
2530	330	328	658
2531	324	304	628
2532	301	307	608
2533	314	295	609
2534	355	340	695
2535	297	323	620
2536	323	276	599
2537	286	338	624
2538	321	304	625
2539	335	324	659
2540	339	284	623
2541	357	308	665
2542	354	317	671
2543	321	327	648
2544	307	309	616
2545	319	310	629
2546	344	326	670
2547	330	322	652
2548	325	337	662
2549	322	338	660
2550	334	328	662
2551	341	327	668
2552	321	328	649
2553	353	300	653
2554	337	311	648
2555	351	312	663
2556	346	331	677
2557	337	305	642
2558	314	318	632
2559	341	313	654
2560	338	341	679
2561	332	315	647
2562	329	342	671
2563	335	352	687
2564	323	327	650
2565	339	322	661
2566	326	321	647
2567	319	347	666
2568	336	329	665
2569	323	327	650
2570	351	326	677
2571	345	317	662
2572	309	347	656
2573	316	343	659
2574	336	315	651
2575	342	307	649
2576	329	323	652
2577	331	317	648
2578	322	314	636
2579	299	328	627
2580	318	316	634
2581	315	339	654
2582	353	312	665
2583	316	314	630
2584	350	319	669
2585	334	328	662
2586	309	313	622
2587	344	303	647
2588	329	336	665
2589	319	326	645
2590	342	311	653
2591	329	325	654
2592	331	339	670
2593	329	335	664
2594	349	320	669
2595	342	308	650
2596	320	318	638
2597	335	317	652
2598	318	308	626
2599	323	345	668
2600	316	317	633
2601	331	318	649
2602	314	333	647
2603	321	327	648
2604	321	330	651
2605	333	327	660
2606	322	304	626
2607	308	339	647
2608	316	318	634
2609	319	322	641
2610	323	332	655
2611	316	313	629
2612	333	316	649
2613	328	323	651
2614	310	338	648
2615	322	320	642
2616	309	311	620
2617	343	313	656
2618	328	316	644
2619	327	324	651
2620	348	324	672
2621	317	303	620
2622	329	318	647
2623	322	315	637
2624	348	324	672
2625	355	326	681
2626	334	320	654
2627	307	328	635
2628	338	312	650
2629	357	304	661
2630	341	327	668
2631	345	310	655
2632	324	297	621
2633	331	297	628
2634	312	330	642
2635	321	300	621
2636	324	301	625
2637	335	320	655
2638	322	338	660
2639	322	327	649
2640	330	308	638
2641	325	342	667
2642	348	300	648
2643	327	318	645
2644	330	321	651
2645	317	313	630
2646	311	323	634
2647	325	328	653
2648	335	308	643
2649	331	326	657
2650	321	308	629
2651	335	322	657
2652	327	313	640
2653	309	336	645
2654	319	309	628
2655	327	336	663
2656	325	329	654
2657	333	336	669
2658	325	325	650
2659	317	325	642
2660	336	317	653
2661	335	315	650
2662	364	320	684
2663	339	325	664
2664	322	303	625
2665	334	315	649
2666	326	325	651
2667	343	319	662
2668	343	324	667
2669	321	341	662
2670	327	302	629
2671	334	310	644
2672	328	326	654
2673	321	322	643
2674	326	327	653
2675	327	310	637
2676	326	311	637
2677	333	298	631
2678	352	314	666
2679	319	319	638
2680	338	314	652
2681	332	310	642
2682	323	308	631
2683	337	307	644
2684	348	310	658
2685	327	314	641
2686	324	320	644
2687	324	300	624
2688	342	321	663
2689	325	319	644
2690	313	329	642
2691	331	315	646
2692	346	317	663
2693	318	305	623
2694	318	327	645
2695	338	310	648
2696	318	332	650
2697	327	299	626
2698	339	308	647
2699	347	322	669
2700	337	331	668
2701	346	305	651
2702	323	312	635
2703	365	316	681
2704	352	308	660
2705	330	303	633
2706	317	319	636
2707	311	331	642
2708	332	297	629
2709	343	321	664
2710	321	320	641
2711	330	332	662
2712	333	326	659
2713	324	334	658
2714	326	324	650
2715	305	324	629
2716	324	313	637
2717	318	298	616
2718	307	341	648
2719	308	308	616
2720	326	305	631
2721	346	293	639
2722	329	283	612
2723	319	299	618
2724	317	323	640
2725	332	311	643
2726	331	315	646
2727	340	299	639
2728	325	318	643
2729	323	333	656
2730	337	284	621
2731	334	297	631
2732	334	325	659
2733	351	301	652
2734	360	298	658
2735	318	324	642
2736	308	322	630
2737	323	315	638
2738	338	316	654
2739	323	337	660
2740	335	326	661
2741	338	342	680
2742	331	298	629
2743	328	310	638
2744	346	325	671
2745	312	322	634
2746	321	330	651
2747	355	333	688
2748	354	314	668
2749	344	331	675
2750	350	321	671
2751	338	309	647
2752	339	299	638
2753	341	313	654
2754	328	329	657
2755	343	344	687
2756	346	319	665
2757	340	307	647
2758	322	305	627
2759	333	324	657
2760	334	323	657
2761	334	317	651
2762	338	305	643
2763	340	317	657
2764	324	337	661
2765	345	315	660
2766	328	318	646
2767	335	346	681
2768	331	302	633
2769	333	301	634
2770	305	324	629
2771	347	298	645
2772	337	300	637
2773	338	300	638
2774	343	313	656
2775	337	310	647
2776	338	298	636
2777	308	307	615
2778	328	319	647
2779	349	313	662
2780	338	313	651
2781	318	313	631
2782	304	327	631
2783	334	308	642
2784	325	315	640
2785	340	302	642
2786	340	341	681
2787	337	332	669
2788	349	322	671
2789	316	324	640
2790	349	316	665
2791	349	321	670
2792	336	301	637
2793	359	310	669
2794	313	328	641
2795	322	309	631
2796	322	295	617
2797	309	326	635
2798	331	309	640
2799	344	309	653
2800	343	307	650
2801	337	307	644
2802	326	314	640
2803	307	336	643
2804	299	345	644
2805	326	325	651
2806	325	324	649
2807	334	311	645
2808	346	308	654
2809	351	294	645
2810	312	323	635
2811	336	311	647
2812	326	321	647
2813	321	325	646
2814	334	318	652
2815	318	323	641
2816	343	333	676
2817	332	320	652
2818	332	285	617
2819	345	298	643
2820	319	296	615
2821	345	320	665
2822	293	322	615
2823	340	311	651
2824	335	361	696
2825	354	330	684
2826	330	323	653
2827	332	329	661
2828	347	309	656
2829	311	314	625
2830	318	327	645
2831	342	320	662
2832	344	301	645
2833	344	309	653
2834	335	317	652
2835	341	308	649
2836	344	326	670
2837	320	323	643
2838	330	343	673
2839	352	344	696
2840	325	342	667
2841	342	322	664
2842	352	301	653
2843	352	303	655
2844	337	320	657
2845	333	310	643
2846	327	318	645
2847	331	323	654
2848	317	315	632
2849	329	310	639
2850	327	316	643
2851	327	325	652
2852	350	328	678
2853	340	320	660
2854	342	315	657
2855	340	334	674
2856	334	323	657
2857	347	342	689
2858	314	329	643
2859	324	333	657
2860	346	334	680
2861	338	341	679
2862	308	326	634
2863	329	322	651
2864	345	323	668
2865	349	318	667
2866	347	313	660
2867	332	314	646
2868	343	310	653
2869	325	298	623
2870	331	307	638
2871	325	299	624
2872	328	325	653
2873	320	337	657
2874	334	334	668
2875	325	319	644
2876	315	305	620
2877	328	298	626
2878	325	314	639
2879	311	300	611
2880	315	311	626
2881	339	315	654
2882	336	308	644
2883	321	309	630
2884	331	307	638
2885	351	313	664
2886	339	323	662
2887	342	302	644
2888	318	330	648
2889	313	317	630
2890	344	288	632
2891	344	318	662
2892	337	332	669
2893	342	327	669
2894	350	315	665
2895	332	319	651
2896	337	312	649
2897	321	319	640
2898	299	330	629
2899	332	321	653
2900	311	318	629
2901	346	340	686
2902	323	324	647
2903	318	337	655
2904	326	326	652
2905	342	333	675
2906	345	310	655
2907	331	305	636
2908	327	332	659
2909	335	326	661
2910	338	350	688
2911	356	316	672
2912	351	341	692
2913	326	337	663
2914	331	314	645
2915	334	333	667
2916	334	333	667
2917	337	324	661
2918	356	302	658
2919	332	297	629
2920	332	327	659
2921	332	327	659
2922	350	294	644
2923	339	331	670
2924	346	329	675
2925	328	332	660
2926	329	311	640
2927	317	304	621
2928	320	306	626
2929	339	330	669
2930	346	325	671
2931	325	312	637
2932	348	314	662
2933	337	334	671
2934	332	344	676
2935	328	309	637
2936	324	323	647
2937	310	321	631
2938	338	323	661
2939	329	302	631
2940	320	312	632
2941	316	353	669
2942	345	318	663
2943	327	327	654
2944	312	335	647
2945	343	298	641
2946	331	322	653
2947	350	310	660
2948	349	318	667
2949	348	304	652
2950	332	316	648
2951	338	305	643
2952	332	301	633
2953	348	318	666
2954	340	307	647
2955	338	310	648
2956	309	319	628
2957	339	315	654
2958	335	326	661
2959	340	322	662
2960	335	323	658
2961	336	316	652
2962	342	310	652
2963	342	311	653
2964	344	324	668
2965	317	312	629
2966	328	319	647
2967	321	326	647
2968	333	302	635
2969	362	310	672
2970	325	319	644
2971	317	332	649
2972	331	308	639
2973	343	313	656
2974	342	302	644
2975	327	315	642
2976	327	319	646
2977	327	309	636
2978	318	305	623
2979	324	316	640
2980	338	308	646
2981	325	337	662
2982	334	320	654
2983	320	303	623
2984	318	312	630
2985	315	329	644
2986	332	331	663
2987	370	317	687
2988	316	319	635
2989	307	328	635
2990	331	325	656
2991	331	316	647
2992	320	324	644
2993	296	335	631
2994	339	325	664
2995	332	326	658
2996	351	323	674
2997	340	331	671
2998	322	293	615
2999	312	310	622
3000	330	287	617
3001	344	317	661
3002	346	327	673
3003	313	321	634
3004	326	330	656
3005	312	339	651
3006	323	324	647
3007	330	312	642
3008	318	307	625
3009	331	318	649
3010	330	291	621
3011	333	324	657
3012	342	327	669
3013	338	319	657
3014	304	321	625
3015	347	318	665
3016	321	329	650
3017	313	328	641
3018	302	316	618
3019	342	290	632
3020	357	311	668
3021	356	328	684
3022	332	323	655
3023	329	311	640
3024	324	322	646
3025	319	301	620
3026	350	321	671
3027	353	339	692
3028	327	332	659
3029	349	321	670
3030	322	327	649
3031	332	331	663
3032	341	337	678
3033	324	328	652
3034	334	315	649
3035	326	351	677
3036	314	326	640
3037	332	317	649
3038	340	326	666
3039	328	331	659
3040	336	350	686
3041	338	312	650
3042	343	331	674
3043	321	326	647
3044	342	309	651
3045	336	311	647
3046	349	298	647
3047	320	303	623
3048	318	296	614
3049	300	313	613
3050	313	341	654
3051	321	322	643
3052	331	314	645
3053	339	315	654
3054	351	303	654
3055	353	325	678
3056	330	322	652
3057	332	323	655
3058	317	342	659
3059	346	340	686
3060	330	318	648
3061	322	319	641
3062	325	353	678
3063	351	345	696
3064	318	344	662
3065	313	322	635
3066	335	334	669
3067	304	310	614
3068	324	315	639
3069	323	302	625
3070	299	302	601
3071	321	325	646
3072	325	301	626
3073	336	337	673
3074	354	324	678
3075	360	311	671
3076	339	312	651
3077	354	344	698
3078	313	321	634
3079	292	312	604
3080	306	327	633
3081	340	325	665
3082	325	308	633
3083	336	310	646
3084	332	352	684
3085	306	344	650
3086	316	332	648
3087	338	317	655
3088	342	316	658
3089	319	314	633
3090	310	323	633
3091	336	326	662
3092	327	314	641
3093	332	322	654
3094	333	316	649
3095	339	325	664
3096	325	320	645
3097	324	311	635
3098	325	297	622
3099	304	326	630
3100	363	330	693
3101	325	315	640
3102	321	336	657
3103	331	339	670
3104	311	331	642
3105	315	330	645
3106	323	340	663
3107	352	299	651
3108	336	315	651
3109	329	309	638
3110	325	301	626
3111	339	319	658
3112	337	325	662
3113	327	329	656
3114	330	333	663
3115	340	309	649
3116	321	318	639
3117	302	326	628
3118	293	313	606
3119	314	325	639
3120	321	301	622
3121	335	322	657
3122	336	320	656
3123	337	328	665
3124	347	308	655
3125	357	315	672
3126	334	330	664
3127	329	310	639
3128	339	331	670
3129	329	310	639
3130	317	313	630
3131	318	310	628
3132	333	337	670
3133	323	324	647
3134	334	340	674
3135	337	312	649
3136	325	315	640
3137	348	320	668
3138	333	309	642
3139	330	321	651
3140	347	318	665
3141	319	330	649
3142	335	295	630
3143	341	305	646
3144	348	295	643
3145	349	300	649
3146	338	302	640
3147	325	336	661
3148	310	327	637
3149	344	325	669
3150	331	307	638
3151	323	303	626
3152	337	314	651
3153	338	320	658
3154	348	315	663
3155	330	341	671
3156	330	337	667
3157	342	316	658
3158	327	333	660
3159	332	296	628
3160	336	307	643
3161	351	279	630
3162	345	283	628
3163	328	323	651
3164	330	281	611
3165	318	304	622
3166	330	315	645
3167	307	322	629
3168	339	305	644
3169	343	308	651
3170	334	306	640
3171	310	312	622
3172	337	317	654
3173	315	321	636
3174	334	311	645
3175	331	328	659
3176	340	333	673
3177	317	303	620
3178	343	323	666
3179	362	324	686
3180	304	333	637
3181	330	336	666
3182	331	314	645
3183	330	309	639
3184	330	340	670
3185	337	343	680
3186	344	319	663
3187	335	314	649
3188	308	331	639
3189	327	314	641
3190	330	330	660
3191	329	336	665
3192	344	317	661
3193	321	310	631
3194	319	334	653
3195	327	312	639
3196	324	343	667
3197	325	341	666
3198	314	315	629
3199	321	330	651
3200	331	314	645
3201	345	324	669
3202	335	310	645
3203	339	317	656
3204	345	325	670
3205	337	300	637
3206	335	317	652
3207	305	312	617
3208	333	312	645
3209	353	320	673
3210	347	310	657
3211	338	322	660
3212	345	328	673
3213	344	324	668
3214	356	339	695
3215	347	317	664
3216	327	307	634
3217	338	328	666
3218	334	336	670
3219	323	313	636
3220	319	319	638
3221	329	313	642
3222	311	325	636
3223	328	334	662
3224	330	303	633
3225	319	316	635
3226	337	289	626
3227	313	284	597
3228	339	302	641
3229	327	307	634
3230	329	320	649
3231	352	308	660
3232	339	324	663
3233	343	329	672
3234	346	328	674
3235	340	319	659
3236	347	305	652
3237	349	329	678
3238	330	314	644
3239	305	318	623
3240	314	293	607
3241	327	313	640
3242	334	330	664
3243	340	327	667
3244	349	315	664
3245	336	319	655
3246	328	343	671
3247	331	329	660
3248	348	338	686
3249	313	332	645
3250	338	319	657
3251	326	320	646
3252	307	312	619
3253	332	304	636
3254	314	308	622
3255	336	328	664
3256	352	333	685
3257	346	319	665
3258	330	319	649
3259	324	316	640
3260	320	303	623
3261	328	306	634
3262	336	314	650
3263	335	304	639
3264	334	321	655
3265	345	312	657
3266	334	306	640
3267	339	334	673
3268	323	317	640
3269	320	298	618
3270	322	320	642
3271	331	332	663
3272	333	321	654
3273	317	321	638
3274	315	323	638
3275	330	335	665
3276	348	325	673
3277	336	314	650
3278	335	327	662
3279	345	320	665
3280	341	334	675
3281	340	313	653
3282	318	337	655
3283	356	330	686
3284	326	320	646
3285	306	310	616
3286	345	311	656
3287	323	342	665
3288	342	315	657
3289	344	311	655
3290	340	296	636
3291	343	331	674
3292	334	334	668
3293	332	315	647
3294	341	334	675
3295	339	332	671
3296	328	296	624
3297	338	296	634
3298	325	335	660
3299	353	325	678
3300	342	313	655
3301	335	316	651
3302	333	323	656
3303	328	320	648
3304	334	325	659
3305	323	306	629
3306	332	318	650
3307	313	329	642
3308	326	306	632
3309	342	309	651
3310	322	338	660
3311	349	324	673
3312	309	324	633
3313	315	300	615
3314	356	313	669
3315	331	321	652
3316	333	317	650
3317	329	308	637
3318	345	315	660
3319	329	328	657
3320	332	322	654
3321	309	320	629
3322	340	324	664
3323	325	317	642
3324	307	281	588
3325	328	305	633
3326	333	330	663
3327	345	310	655
3328	337	323	660
3329	314	318	632
3330	336	328	664
3331	331	332	663
3332	326	310	636
3333	336	319	655
3334	322	311	633
3335	327	333	660
3336	313	324	637
3337	338	310	648
3338	325	330	655
3339	346	306	652
3340	315	337	652
3341	342	335	677
3342	356	341	697
3343	343	332	675
3344	335	330	665
3345	333	318	651
3346	308	323	631
3347	317	313	630
3348	327	317	644
3349	336	315	651
3350	337	318	655
3351	325	323	648
3352	310	314	624
3353	318	317	635
3354	338	320	658
3355	339	318	657
3356	309	302	611
3357	319	314	633
3358	347	299	646
3359	355	298	653
3360	330	298	628
3361	335	305	640
3362	316	317	633
3363	327	308	635
3364	310	302	612
3365	339	301	640
3366	347	295	642
3367	320	321	641
3368	323	318	641
3369	343	323	666
3370	326	317	643
3371	326	326	652
3372	340	339	679
3373	337	309	646
3374	357	298	655
3375	361	308	669
3376	356	328	684
3377	335	303	638
3378	337	321	658
3379	347	347	694
3380	335	326	661
3381	322	323	645
3382	334	305	639
3383	319	298	617
3384	325	320	645
3385	338	313	651
3386	344	321	665
3387	330	309	639
3388	313	329	642
3389	333	345	678
3390	342	312	654
3391	332	327	659
3392	326	330	656
3393	323	339	662
3394	320	304	624
3395	336	335	671
3396	356	324	680
3397	343	336	679
3398	329	286	615
3399	349	318	667
3400	327	330	657
3401	327	323	650
3402	318	314	632
3403	305	319	624
3404	331	324	655
3405	356	324	680
3406	326	335	661
3407	328	327	655
3408	335	312	647
3409	358	316	674
3410	343	324	667
3411	343	338	681
3412	332	324	656
3413	343	328	671
3414	338	343	681
3415	348	325	673
3416	349	327	676
3417	338	321	659
3418	338	337	675
3419	324	327	651
3420	370	325	695
3421	331	308	639
3422	314	312	626
3423	350	296	646
3424	328	307	635
3425	334	340	674
3426	352	308	660
3427	335	306	641
3428	334	322	656
3429	310	310	620
3430	343	290	633
3431	331	307	638
3432	305	331	636
3433	334	312	646
3434	317	319	636
3435	345	303	648
3436	331	307	638
3437	321	308	629
3438	322	298	620
3439	326	300	626
3440	352	301	653
3441	318	321	639
3442	341	285	626
3443	324	294	618
3444	304	304	608
3445	316	320	636
3446	335	333	668
3447	333	321	654
3448	321	324	645
3449	334	320	654
3450	333	308	641
3451	331	334	665
3452	352	296	648
3453	318	316	634
3454	336	311	647
3455	333	304	637
3456	349	308	657
3457	349	309	658
3458	350	308	658
3459	335	344	679
3460	320	319	639
3461	338	322	660
3462	345	326	671
3463	333	302	635
3464	336	319	655
3465	341	316	657
3466	352	333	685
3467	328	322	650
3468	315	325	640
3469	326	296	622
3470	339	310	649
3471	333	334	667
3472	326	301	627
3473	323	323	646
3474	334	317	651
3475	351	319	670
3476	323	310	633
3477	321	322	643
3478	326	329	655
3479	333	340	673
3480	335	317	652
3481	325	303	628
3482	331	313	644
3483	337	299	636
3484	317	322	639
3485	330	320	650
3486	338	307	645
3487	331	300	631
3488	338	323	661
3489	323	297	620
3490	338	324	662
3491	325	308	633
3492	341	309	650
3493	334	298	632
3494	299	306	605
3495	297	314	611
3496	311	308	619
3497	316	318	634
3498	317	328	645
3499	322	338	660
3500	330	341	671
3501	330	347	677
3502	341	314	655
3503	341	306	647
3504	332	315	647
3505	326	310	636
3506	319	319	638
3507	325	324	649
3508	331	321	652
3509	347	311	658
3510	346	318	664
3511	321	324	645
3512	327	308	635
3513	346	330	676
3514	341	338	679
3515	323	317	640
3516	312	305	617
3517	337	293	630
3518	332	305	637
3519	331	328	659
3520	335	325	660
3521	344	337	681
3522	337	331	668
3523	353	327	680
3524	340	331	671
3525	331	305	636
3526	322	319	641
3527	314	304	618
3528	337	319	656
3529	336	322	658
3530	323	326	649
3531	320	329	649
3532	344	314	658
3533	324	316	640
3534	344	316	660
3535	321	323	644
3536	339	331	670
3537	321	320	641
3538	339	321	660
3539	352	317	669
3540	319	318	637
3541	333	328	661
3542	317	332	649
3543	309	318	627
3544	323	313	636
3545	348	300	648
3546	331	320	651
3547	301	321	622
3548	318	345	663
3549	327	318	645
3550	325	314	639
3551	318	319	637
3552	332	333	665
3553	329	323	652
3554	314	342	656
3555	323	324	647
3556	346	315	661
3557	336	310	646
3558	313	311	624
3559	354	297	651
3560	315	312	627
3561	321	324	645
3562	349	293	642
3563	343	301	644
3564	342	321	663
3565	349	318	667
3566	303	333	636
3567	335	330	665
3568	358	323	681
3569	328	306	634
3570	309	333	642
3571	335	338	673
3572	355	300	655
3573	337	315	652
3574	329	323	652
3575	324	318	642
3576	313	312	625
3577	341	318	659
3578	345	313	658
3579	343	309	652
3580	320	323	643
3581	321	332	653
3582	319	337	656
3583	329	344	673
3584	321	329	650
3585	309	314	623
3586	330	318	648
3587	317	317	634
3588	334	320	654
3589	325	320	645
3590	330	312	642
3591	330	305	635
3592	338	305	643
3593	342	323	665
3594	344	315	659
3595	334	318	652
3596	329	303	632
3597	340	304	644
3598	312	319	631
3599	300	329	629
3600	319	328	647
3601	337	335	672
3602	348	312	660
3603	340	323	663
3604	308	322	630
3605	322	336	658
3606	333	308	641
3607	329	302	631
3608	305	298	603
3609	339	300	639
3610	332	294	626
3611	320	331	651
3612	306	312	618
3613	308	331	639
3614	309	318	627
3615	329	316	645
3616	349	319	668
3617	342	320	662
3618	328	324	652
3619	342	349	691
3620	344	348	692
3621	329	311	640
3622	326	330	656
3623	334	317	651
3624	324	326	650
3625	323	304	627
3626	347	302	649
3627	348	309	657
3628	337	322	659
3629	325	338	663
3630	363	330	693
3631	323	321	644
3632	328	324	652
3633	316	312	628
3634	323	286	609
3635	326	339	665
3636	346	324	670
3637	327	321	648
3638	328	349	677
3639	323	303	626
3640	321	310	631
3641	319	305	624
3642	325	319	644
3643	346	325	671
3644	338	305	643
3645	362	317	679
3646	328	326	654
3647	304	319	623
3648	321	315	636
3649	335	290	625
3650	339	316	655
3651	344	308	652
3652	334	337	671
3653	347	330	677
3654	356	328	684
3655	321	307	628
3656	329	321	650
3657	320	317	637
3658	340	312	652
3659	328	313	641
3660	347	297	644
3661	329	314	643
3662	340	327	667
3663	330	341	671
3664	365	314	679
3665	314	311	625
3666	337	326	663
3667	330	317	647
3668	323	314	637
3669	329	316	645
3670	334	318	652
3671	319	311	630
3672	324	315	639
3673	330	297	627
3674	342	320	662
3675	343	331	674
3676	311	311	622
3677	333	335	668
3678	333	345	678
3679	327	337	664
3680	311	328	639
3681	357	310	667
3682	337	336	673
3683	328	333	661
3684	314	327	641
3685	312	316	628
3686	339	322	661
3687	354	317	671
3688	343	315	658
3689	342	302	644
3690	317	320	637
3691	324	326	650
3692	309	323	632
3693	322	295	617
3694	338	307	645
3695	334	307	641
3696	329	318	647
3697	333	329	662
3698	357	309	666
3699	322	315	637
3700	344	305	649
3701	340	321	661
3702	324	298	622
3703	329	293	622
3704	330	316	646
3705	307	307	614
3706	320	293	613
3707	313	319	632
3708	320	320	640
3709	319	326	645
3710	324	337	661
3711	322	331	653
3712	330	334	664
3713	342	315	657
3714	361	311	672
3715	334	332	666
3716	324	330	654
3717	349	320	669
3718	357	322	679
3719	331	297	628
3720	325	328	653
3721	320	323	643
3722	330	309	639
3723	352	328	680
3724	351	304	655
3725	331	292	623
3726	317	315	632
3727	314	311	625
3728	356	345	701
3729	319	311	630
3730	320	300	620
3731	305	303	608
3732	323	310	633
3733	310	327	637
3734	322	327	649
3735	325	319	644
3736	330	312	642
3737	340	327	667
3738	320	321	641
3739	341	330	671
3740	329	321	650
3741	337	314	651
3742	325	315	640
3743	325	301	626
3744	336	321	657
3745	333	340	673
3746	352	326	678
3747	357	290	647
3748	356	314	670
3749	321	306	627
3750	318	321	639
3751	309	308	617
3752	319	318	637
3753	334	310	644
3754	342	346	688
3755	340	294	634
3756	313	305	618
3757	324	312	636
3758	321	298	619
3759	333	317	650
3760	315	302	617
3761	339	316	655
3762	326	334	660
3763	338	318	656
3764	331	325	656
3765	346	294	640
3766	320	303	623
3767	318	307	625
3768	328	306	634
3769	337	314	651
3770	331	311	642
3771	333	290	623
3772	322	331	653
3773	345	300	645
3774	359	309	668
3775	328	340	668
3776	320	323	643
3777	328	311	639
3778	328	339	667
3779	327	320	647
3780	340	304	644
3781	349	320	669
3782	336	309	645
3783	330	322	652
3784	315	308	623
3785	333	311	644
3786	339	314	653
3787	324	303	627
3788	313	309	622
3789	317	319	636
3790	300	336	636
3791	314	333	647
3792	331	312	643
3793	315	301	616
3794	301	311	612
3795	324	326	650
3796	332	330	662
3797	357	301	658
3798	331	325	656
3799	328	329	657
3800	341	341	682
3801	318	336	654
3802	355	333	688
3803	321	338	659
3804	338	307	645
3805	340	332	672
3806	340	303	643
3807	363	278	641
3808	325	319	644
3809	332	332	664
3810	320	334	654
3811	333	329	662
3812	326	326	652
3813	351	326	677
3814	329	319	648
3815	342	337	679
3816	343	320	663
3817	344	325	669
3818	342	320	662
3819	325	320	645
3820	328	285	613
3821	328	314	642
3822	314	321	635
3823	342	303	645
3824	334	317	651
3825	336	315	651
3826	327	328	655
3827	332	318	650
3828	331	326	657
3829	317	309	626
3830	313	326	639
3831	342	335	677
3832	331	287	618
3833	332	329	661
3834	328	330	658
3835	340	318	658
3836	326	333	659
3837	319	336	655
3838	317	320	637
3839	325	325	650
3840	343	311	654
3841	335	338	673
3842	321	322	643
3843	329	336	665
3844	335	328	663
3845	340	348	688
3846	295	320	615
3847	302	303	605
3848	347	326	673
3849	330	313	643
3850	320	321	641
3851	325	311	636
3852	337	296	633
3853	336	325	661
3854	310	343	653
3855	326	322	648
3856	334	315	649
3857	324	301	625
3858	367	306	673
3859	325	328	653
3860	334	320	654
3861	334	340	674
3862	312	306	618
3863	345	305	650
3864	331	327	658
3865	333	303	636
3866	326	313	639
3867	343	285	628
3868	334	305	639
3869	332	344	676
3870	334	314	648
3871	327	318	645
3872	327	303	630
3873	326	311	637
3874	326	314	640
3875	328	341	669
3876	334	321	655
3877	315	312	627
3878	330	335	665
3879	339	318	657
3880	333	324	657
3881	328	299	627
3882	333	325	658
3883	361	333	694
3884	318	308	626
3885	321	319	640
3886	342	314	656
3887	316	310	626
3888	342	294	636
3889	337	312	649
3890	334	321	655
3891	320	303	623
3892	327	345	672
3893	341	332	673
3894	316	313	629
3895	346	320	666
3896	336	323	659
3897	317	321	638
3898	317	325	642
3899	347	325	672
3900	322	308	630
3901	332	318	650
3902	334	317	651
3903	328	309	637
3904	340	311	651
3905	331	300	631
3906	324	325	649
3907	341	324	665
3908	319	321	640
3909	350	297	647
3910	332	308	640
3911	316	301	617
3912	309	335	644
3913	320	327	647
3914	317	321	638
3915	325	329	654
3916	324	322	646
3917	323	324	647
3918	313	289	602
3919	329	300	629
3920	350	311	661
3921	330	295	625
3922	323	300	623
3923	338	340	678
3924	321	330	651
3925	324	325	649
3926	316	307	623
3927	316	312	628
3928	325	311	636
3929	296	333	629
3930	331	321	652
3931	306	316	622
3932	325	323	648
3933	341	310	651
3934	331	314	645
3935	326	308	634
3936	347	325	672
3937	353	313	666
3938	324	343	667
3939	335	341	676
3940	299	320	619
3941	329	310	639
3942	335	320	655
3943	315	323	638
3944	329	336	665
3945	321	336	657
3946	323	343	666
3947	331	352	683
3948	348	322	670
3949	326	304	630
3950	326	321	647
3951	330	314	644
3952	324	324	648
3953	329	315	644
3954	343	313	656
3955	321	317	638
3956	320	316	636
3957	337	335	672
3958	345	314	659
3959	326	311	637
3960	323	319	642
3961	319	319	638
3962	327	320	647
3963	314	321	635
3964	336	317	653
3965	333	320	653
3966	316	311	627
3967	340	319	659
3968	327	297	624
3969	317	312	629
3970	297	313	610
3971	351	336	687
3972	344	333	677
3973	337	319	656
3974	344	314	658
3975	316	321	637
3976	321	319	640
3977	330	306	636
3978	322	325	647
3979	308	308	616
3980	332	307	639
3981	328	306	634
3982	318	335	653
3983	336	319	655
3984	336	318	654
3985	321	304	625
3986	319	317	636
3987	306	328	634
3988	329	317	646
3989	306	308	614
3990	338	316	654
3991	329	330	659
3992	333	314	647
3993	313	332	645
3994	333	319	652
3995	345	321	666
3996	322	316	638
3997	335	305	640
3998	315	291	606
3999	328	296	624
4000	325	334	659
4001	318	317	635
4002	305	327	632
4003	335	310	645
4004	338	324	662
4005	341	307	648
4006	310	325	635
4007	312	330	642
4008	304	344	648
4009	314	332	646
4010	314	312	626
4011	323	313	636
4012	322	315	637
4013	349	312	661
4014	327	324	651
4015	319	298	617
4016	298	316	614
4017	329	313	642
4018	335	314	649
4019	346	303	649
4020	350	312	662
4021	345	296	641
4022	340	334	674
4023	327	357	684
4024	328	348	676
4025	327	323	650
4026	340	302	642
4027	330	302	632
4028	329	299	628
4029	337	318	655
4030	328	305	633
4031	341	322	663
4032	332	324	656
4033	351	326	677
4034	317	319	636
4035	290	336	626
4036	323	332	655
4037	311	330	641
4038	352	320	672
4039	337	312	649
4040	315	305	620
4041	343	307	650
4042	325	322	647
4043	322	318	640
4044	323	329	652
4045	338	323	661
4046	332	326	658
4047	329	321	650
4048	326	303	629
4049	300	312	612
4050	342	334	676
4051	308	319	627
4052	313	317	630
4053	312	313	625
4054	358	341	699
4055	344	317	661
4056	339	329	668
4057	324	320	644
4058	321	302	623
4059	332	307	639
4060	320	338	658
4061	339	343	682
4062	314	321	635
4063	345	304	649
4064	336	325	661
4065	328	307	635
4066	318	298	616
4067	322	307	629
4068	323	318	641
4069	313	320	633
4070	310	328	638
4071	330	328	658
4072	324	330	654
4073	326	319	645
4074	346	328	674
4075	328	303	631
4076	331	313	644
4077	321	318	639
4078	293	320	613
4079	305	321	626
4080	321	301	622
4081	340	306	646
4082	343	323	666
4083	340	310	650
4084	319	319	638
4085	334	337	671
4086	307	330	637
4087	315	302	617
4088	314	296	610
4089	305	291	596
4090	335	321	656
4091	331	320	651
4092	334	335	669
4093	348	315	663
4094	344	315	659
4095	323	327	650
4096	338	308	646
4097	328	313	641
4098	338	336	674
4099	303	318	621
4100	337	322	659
4101	332	315	647
4102	346	327	673
4103	330	312	642
4104	333	298	631
4105	337	319	656
4106	348	277	625
4107	341	304	645
4108	313	328	641
4109	325	354	679
4110	322	319	641
4111	334	316	650
4112	343	314	657
4113	329	317	646
4114	337	317	654
4115	336	311	647
4116	336	320	656
4117	314	332	646
4118	322	315	637
4119	307	329	636
4120	322	319	641
4121	316	329	645
4122	308	330	638
4123	352	321	673
4124	342	342	684
4125	342	319	661
4126	350	322	672
4127	337	331	668
4128	339	343	682
4129	351	321	672
4130	322	328	650
4131	335	309	644
4132	355	298	653
4133	355	324	679
4134	356	313	669
4135	338	309	647
4136	319	338	657
4137	351	307	658
4138	344	313	657
4139	304	305	609
4140	315	306	621
4141	321	327	648
4142	328	308	636
4143	334	311	645
4144	354	294	648
4145	324	282	606
4146	335	279	614
4147	356	310	666
4148	322	313	635
4149	325	305	630
4150	312	331	643
4151	329	313	642
4152	334	312	646
4153	324	318	642
4154	352	322	674
4155	344	315	659
4156	320	309	629
4157	324	300	624
4158	332	314	646
4159	336	317	653
4160	337	295	632
4161	322	319	641
4162	320	312	632
4163	320	324	644
4164	322	328	650
4165	345	322	667
4166	326	314	640
4167	337	321	658
4168	331	341	672
4169	333	321	654
4170	312	315	627
4171	344	316	660
4172	330	347	677
4173	333	345	678
4174	311	312	623
4175	325	321	646
4176	318	330	648
4177	367	315	682
4178	320	308	628
4179	311	296	607
4180	361	307	668
4181	345	329	674
4182	326	312	638
4183	328	322	650
4184	334	307	641
4185	327	314	641
4186	324	290	614
4187	316	316	632
4188	324	299	623
4189	322	309	631
4190	310	314	624
4191	328	312	640
4192	333	303	636
4193	329	312	641
4194	327	327	654
4195	349	323	672
4196	325	332	657
4197	308	340	648
4198	346	311	657
4199	335	322	657
4200	334	344	678
4201	322	311	633
4202	335	302	637
4203	340	344	684
4204	333	311	644
4205	325	318	643
4206	337	322	659
4207	321	312	633
4208	330	316	646
4209	332	330	662
4210	342	318	660
4211	334	332	666
4212	324	326	650
4213	334	311	645
4214	335	320	655
4215	340	295	635
4216	344	318	662
4217	323	315	638
4218	332	346	678
4219	336	339	675
4220	331	322	653
4221	322	322	644
4222	325	327	652
4223	343	328	671
4224	339	316	655
4225	351	334	685
4226	345	328	673
4227	329	322	651
4228	339	302	641
4229	353	332	685
4230	333	332	665
4231	316	306	622
4232	340	295	635
4233	337	307	644
4234	324	331	655
4235	341	330	671
4236	324	318	642
4237	330	317	647
4238	319	330	649
4239	344	321	665
4240	372	320	692
4241	339	314	653
4242	340	310	650
4243	347	294	641
4244	334	287	621
4245	342	337	679
4246	358	307	665
4247	352	320	672
4248	341	319	660
4249	345	322	667
4250	317	326	643
4251	321	317	638
4252	305	325	630
4253	335	315	650
4254	323	306	629
4255	325	320	645
4256	317	312	629
4257	329	307	636
4258	334	309	643
4259	353	320	673
4260	330	334	664
4261	337	308	645
4262	349	338	687
4263	335	330	665
4264	306	327	633
4265	323	330	653
4266	320	329	649
4267	333	319	652
4268	330	291	621
4269	330	284	614
4270	328	332	660
4271	341	333	674
4272	352	322	674
4273	324	321	645
4274	337	326	663
4275	330	318	648
4276	329	323	652
4277	329	335	664
4278	336	313	649
4279	308	325	633
4280	320	316	636
4281	350	306	656
4282	309	321	630
4283	324	296	620
4284	337	320	657
4285	352	326	678
4286	350	304	654
4287	306	322	628
4288	340	306	646
4289	341	315	656
4290	334	341	675
4291	317	302	619
4292	328	302	630
4293	327	324	651
4294	350	334	684
4295	324	314	638
4296	324	330	654
4297	311	306	617
4298	340	291	631
4299	331	300	631
4300	337	313	650
4301	309	319	628
4302	325	342	667
4303	312	324	636
4304	339	310	649
4305	337	315	652
4306	322	346	668
4307	346	345	691
4308	349	319	668
4309	327	314	641
4310	336	328	664
4311	330	313	643
4312	343	309	652
4313	333	319	652
4314	323	329	652
4315	330	301	631
4316	317	342	659
4317	341	349	690
4318	330	326	656
4319	327	322	649
4320	354	310	664
4321	331	335	666
4322	324	317	641
4323	328	314	642
4324	348	283	631
4325	334	330	664
4326	341	334	675
4327	333	317	650
4328	328	331	659
4329	304	309	613
4330	329	317	646
4331	327	316	643
4332	326	321	647
4333	345	319	664
4334	323	314	637
4335	317	315	632
4336	333	322	655
4337	320	320	640
4338	329	302	631
4339	321	309	630
4340	319	309	628
4341	326	320	646
4342	313	335	648
4343	330	332	662
4344	338	329	667
4345	332	316	648
4346	320	339	659
4347	329	330	659
4348	337	316	653
4349	327	308	635
4350	346	294	640
4351	335	316	651
4352	330	313	643
4353	346	308	654
4354	351	327	678
4355	324	334	658
4356	343	331	674
4357	325	345	670
4358	344	329	673
4359	321	330	651
4360	345	322	667
4361	326	302	628
4362	321	337	658
4363	352	310	662
4364	350	301	651
4365	341	309	650
4366	323	326	649
4367	306	311	617
4368	318	301	619
4369	340	319	659
4370	335	331	666
4371	330	301	631
4372	329	325	654
4373	327	333	660
4374	344	321	665
4375	309	332	641
4376	318	343	661
4377	331	324	655
4378	319	318	637
4379	298	317	615
4380	319	305	624
4381	346	304	650
4382	329	322	651
4383	346	343	689
4384	346	310	656
4385	330	316	646
4386	332	327	659
4387	330	326	656
4388	332	318	650
4389	316	340	656
4390	301	329	630
4391	320	298	618
4392	340	313	653
4393	339	347	686
4394	337	329	666
4395	335	326	661
4396	346	310	656
4397	347	340	687
4398	321	321	642
4399	335	333	668
4400	307	293	600
4401	332	318	650
4402	351	303	654
4403	328	324	652
4404	324	323	647
4405	309	309	618
4406	329	319	648
4407	348	290	638
4408	345	317	662
4409	329	314	643
4410	344	331	675
4411	335	310	645
4412	317	315	632
4413	333	318	651
4414	333	332	665
4415	344	314	658
4416	342	318	660
4417	335	316	651
4418	322	314	636
4419	325	330	655
4420	327	308	635
4421	353	316	669
4422	335	310	645
4423	329	328	657
4424	333	322	655
4425	357	328	685
4426	326	307	633
4427	344	341	685
4428	337	328	665
4429	323	324	647
4430	339	333	672
4431	318	318	636
4432	315	306	621
4433	330	321	651
4434	336	313	649
4435	316	329	645
4436	333	343	676
4437	325	356	681
4438	319	330	649
4439	344	336	680
4440	347	350	697
4441	347	328	675
4442	332	321	653
4443	328	335	663
4444	316	311	627
4445	323	311	634
4446	340	328	668
4447	328	298	626
4448	326	327	653
4449	328	330	658
4450	319	324	643
4451	312	317	629
4452	314	308	622
4453	324	339	663
4454	315	318	633
4455	324	308	632
4456	328	284	612
4457	327	298	625
4458	327	308	635
4459	303	325	628
4460	332	306	638
4461	323	322	645
4462	322	317	639
4463	338	321	659
4464	327	303	630
4465	341	295	636
4466	332	315	647
4467	333	325	658
4468	326	319	645
4469	320	311	631
4470	328	305	633
4471	320	326	646
4472	302	352	654
4473	339	318	657
4474	335	343	678
4475	334	324	658
4476	325	325	650
4477	328	302	630
4478	320	315	635
4479	329	317	646
4480	315	312	627
4481	328	322	650
4482	318	302	620
4483	343	301	644
4484	337	320	657
4485	314	311	625
4486	326	325	651
4487	340	302	642
4488	332	316	648
4489	340	318	658
4490	342	322	664
4491	339	329	668
4492	353	330	683
4493	332	318	650
4494	335	321	656
4495	317	324	641
4496	323	314	637
4497	313	312	625
4498	323	326	649
4499	321	306	627
4500	320	321	641
4501	344	309	653
4502	315	317	632
4503	292	318	610
4504	309	339	648
4505	330	336	666
4506	319	341	660
4507	319	322	641
4508	306	327	633
4509	339	334	673
4510	333	321	654
4511	333	331	664
4512	332	339	671
4513	341	322	663
4514	334	327	661
4515	338	293	631
4516	326	313	639
4517	339	318	657
4518	308	345	653
4519	313	348	661
4520	337	336	673
4521	338	312	650
4522	324	318	642
4523	330	302	632
4524	328	315	643
4525	323	307	630
4526	349	334	683
4527	329	328	657
4528	355	332	687
4529	334	292	626
4530	327	305	632
4531	335	320	655
4532	321	306	627
4533	330	304	634
4534	330	314	644
4535	344	315	659
4536	313	310	623
4537	322	333	655
4538	304	332	636
4539	328	341	669
4540	332	317	649
4541	348	304	652
4542	342	294	636
4543	345	316	661
4544	318	315	633
4545	328	326	654
4546	345	318	663
4547	329	319	648
4548	319	311	630
4549	334	319	653
4550	317	315	632
4551	314	328	642
4552	330	329	659
4553	333	304	637
4554	325	347	672
4555	340	330	670
4556	331	323	654
4557	332	323	655
4558	343	307	650
4559	326	302	628
4560	314	324	638
4561	343	311	654
4562	327	317	644
4563	336	305	641
4564	336	318	654
4565	331	315	646
4566	341	337	678
4567	321	322	643
4568	328	332	660
4569	311	330	641
4570	314	328	642
4571	321	327	648
4572	335	288	623
4573	331	317	648
4574	336	325	661
4575	310	311	621
4576	330	318	648
4577	341	326	667
4578	338	320	658
4579	331	297	628
4580	317	285	602
4581	337	310	647
4582	333	298	631
4583	323	318	641
4584	347	330	677
4585	339	304	643
4586	340	343	683
4587	325	297	622
4588	334	323	657
4589	336	331	667
4590	357	316	673
4591	337	300	637
4592	329	310	639
4593	345	308	653
4594	344	338	682
4595	325	320	645
4596	325	291	616
4597	308	321	629
4598	343	329	672
4599	349	327	676
4600	347	326	673
4601	328	320	648
4602	328	297	625
4603	322	313	635
4604	334	305	639
4605	346	324	670
4606	314	336	650
4607	308	320	628
4608	344	299	643
4609	352	326	678
4610	361	324	685
4611	342	335	677
4612	333	322	655
4613	334	322	656
4614	305	320	625
4615	342	319	661
4616	338	303	641
4617	323	323	646
4618	310	320	630
4619	327	322	649
4620	359	318	677
4621	330	324	654
4622	325	308	633
4623	341	324	665
4624	330	317	647
4625	330	306	636
4626	301	325	626
4627	304	307	611
4628	331	309	640
4629	330	314	644
4630	328	331	659
4631	325	329	654
4632	327	309	636
4633	344	340	684
4634	338	317	655
4635	320	304	624
4636	339	309	648
4637	328	327	655
4638	345	319	664
4639	334	311	645
4640	344	321	665
4641	342	284	626
4642	319	334	653
4643	336	310	646
4644	329	305	634
4645	306	317	623
4646	326	327	653
4647	343	315	658
4648	329	328	657
4649	337	333	670
4650	343	319	662
4651	312	313	625
4652	340	317	657
4653	321	314	635
4654	341	318	659
4655	346	291	637
4656	339	312	651
4657	327	328	655
4658	305	317	622
4659	303	309	612
4660	319	326	645
4661	330	305	635
4662	328	308	636
4663	347	300	647
4664	318	315	633
4665	317	321	638
4666	345	307	652
4667	338	317	655
4668	333	300	633
4669	339	294	633
4670	324	314	638
4671	321	309	630
4672	348	309	657
4673	328	320	648
4674	333	302	635
4675	323	317	640
4676	324	305	629
4677	334	303	637
4678	355	306	661
4679	340	335	675
4680	334	331	665
4681	350	290	640
4682	330	310	640
4683	332	309	641
4684	350	307	657
4685	329	326	655
4686	336	336	672
4687	349	303	652
4688	331	302	633
4689	328	326	654
4690	324	338	662
4691	347	321	668
4692	324	316	640
4693	338	309	647
4694	308	318	626
4695	349	322	671
4696	334	306	640
4697	347	341	688
4698	343	310	653
4699	337	302	639
4700	347	327	674
4701	347	313	660
4702	324	334	658
4703	322	320	642
4704	333	325	658
4705	320	342	662
4706	345	297	642
4707	344	302	646
4708	335	303	638
4709	347	326	673
4710	331	321	652
4711	327	330	657
4712	314	308	622
4713	321	303	624
4714	319	318	637
4715	309	296	605
4716	326	337	663
4717	326	302	628
4718	320	331	651
4719	333	316	649
4720	337	294	631
4721	349	295	644
4722	322	321	643
4723	322	311	633
4724	332	300	632
4725	328	314	642
4726	314	307	621
4727	355	312	667
4728	335	321	656
4729	349	301	650
4730	334	306	640
4731	316	294	610
4732	338	285	623
4733	349	318	667
4734	329	292	621
4735	342	322	664
4736	335	291	626
4737	326	309	635
4738	325	308	633
4739	334	303	637
4740	328	298	626
4741	316	310	626
4742	310	308	618
4743	334	295	629
4744	334	334	668
4745	324	323	647
4746	337	305	642
4747	327	306	633
4748	335	328	663
4749	336	305	641
4750	336	321	657
4751	331	318	649
4752	340	314	654
4753	332	325	657
4754	345	318	663
4755	346	329	675
4756	325	311	636
4757	358	310	668
4758	332	327	659
4759	340	312	652
4760	326	327	653
4761	337	315	652
4762	335	345	680
4763	334	320	654
4764	342	309	651
4765	323	347	670
4766	336	333	669
4767	347	336	683
4768	348	326	674
4769	335	316	651
4770	349	309	658
4771	317	304	621
4772	312	333	645
4773	296	334	630
4774	316	334	650
4775	318	325	643
4776	330	318	648
4777	316	330	646
4778	330	322	652
4779	324	315	639
4780	345	329	674
4781	342	303	645
4782	323	310	633
4783	335	316	651
4784	331	313	644
4785	345	302	647
4786	327	317	644
4787	341	316	657
4788	344	312	656
4789	326	292	618
4790	333	301	634
4791	322	316	638
4792	358	307	665
4793	346	327	673
4794	321	319	640
4795	346	318	664
4796	323	319	642
4797	339	324	663
4798	336	314	650
4799	330	320	650
4800	364	324	688
4801	326	325	651
4802	333	316	649
4803	320	304	624
4804	322	321	643
4805	345	313	658
4806	324	326	650
4807	333	319	652
4808	327	317	644
4809	325	313	638
4810	322	320	642
4811	340	307	647
4812	348	300	648
4813	336	320	656
4814	349	336	685
4815	331	322	653
4816	316	324	640
4817	327	316	643
4818	337	315	652
4819	329	349	678
4820	315	329	644
4821	327	301	628
4822	345	297	642
4823	325	333	658
4824	350	338	688
4825	329	317	646
4826	300	334	634
4827	346	304	650
4828	331	321	652
4829	345	313	658
4830	331	314	645
4831	339	304	643
4832	323	317	640
4833	326	323	649
4834	311	321	632
4835	329	305	634
4836	318	346	664
4837	334	325	659
4838	332	322	654
4839	307	311	618
4840	328	302	630
4841	350	291	641
4842	342	324	666
4843	324	301	625
4844	325	317	642
4845	329	308	637
4846	356	340	696
4847	328	332	660
4848	316	340	656
4849	310	334	644
4850	345	326	671
4851	324	333	657
4852	328	325	653
4853	339	343	682
4854	339	323	662
4855	336	332	668
4856	318	327	645
4857	315	332	647
4858	324	328	652
4859	346	338	684
4860	331	292	623
4861	307	332	639
4862	313	315	628
4863	331	297	628
4864	340	324	664
4865	346	303	649
4866	323	325	648
4867	324	302	626
4868	340	301	641
4869	323	330	653
4870	350	320	670
4871	362	327	689
4872	324	329	653
4873	320	326	646
4874	332	314	646
4875	336	308	644
4876	347	302	649
4877	344	315	659
4878	319	337	656
4879	338	301	639
4880	334	302	636
4881	349	302	651
4882	334	290	624
4883	320	307	627
4884	343	293	636
4885	335	314	649
4886	296	355	651
4887	326	325	651
4888	340	324	664
4889	324	334	658
4890	330	339	669
4891	332	323	655
4892	324	327	651
4893	328	316	644
4894	346	319	665
4895	328	307	635
4896	311	302	613
4897	349	314	663
4898	357	318	675
4899	304	342	646
4900	328	314	642
4901	339	323	662
4902	347	309	656
4903	336	332	668
4904	337	360	697
4905	353	318	671
4906	328	342	670
4907	321	310	631
4908	342	316	658
4909	341	322	663
4910	311	315	626
4911	320	309	629
4912	315	313	628
4913	313	323	636
4914	347	298	645
4915	334	334	668
4916	327	301	628
4917	327	318	645
4918	323	318	641
4919	360	306	666
4920	335	330	665
4921	352	328	680
4922	330	307	637
4923	342	312	654
4924	349	314	663
4925	337	316	653
4926	314	334	648
4927	345	299	644
4928	355	310	665
4929	327	317	644
4930	345	297	642
4931	313	317	630
4932	313	313	626
4933	344	323	667
4934	326	335	661
4935	352	301	653
4936	318	336	654
4937	345	309	654
4938	366	304	670
4939	337	329	666
4940	329	331	660
4941	310	324	634
4942	311	316	627
4943	317	307	624
4944	340	314	654
4945	321	335	656
4946	337	336	673
4947	321	310	631
4948	334	316	650
4949	319	337	656
4950	317	323	640
4951	312	323	635
4952	323	323	646
4953	330	312	642
4954	350	311	661
4955	344	323	667
4956	324	326	650
4957	333	321	654
4958	323	313	636
4959	338	328	666
4960	321	311	632
4961	324	310	634
4962	324	319	643
4963	331	314	645
4964	343	310	653
4965	316	330	646
4966	335	306	641
4967	332	287	619
4968	343	332	675
4969	338	314	652
4970	338	331	669
4971	323	321	644
4972	321	320	641
4973	327	332	659
4974	312	335	647
4975	328	332	660
4976	347	310	657
4977	328	329	657
4978	318	293	611
4979	318	322	640
4980	312	341	653
4981	317	338	655
4982	309	334	643
4983	343	299	642
4984	320	299	619
4985	333	309	642
4986	363	329	692
4987	332	328	660
4988	329	303	632
4989	316	314	630
4990	311	325	636
4991	345	310	655
4992	313	315	628
4993	316	316	632
4994	300	338	638
4995	330	326	656
4996	308	319	627
4997	332	325	657
4998	328	324	652
4999	320	332	652
5000	304	305	609
5001	329	315	644
5002	312	297	609
5003	338	304	642
5004	316	318	634
5005	330	324	654
5006	357	346	703
5007	352	317	669
5008	332	304	636
5009	320	331	651
5010	323	311	634
5011	323	294	617
5012	313	337	650
5013	321	320	641
5014	352	318	670
5015	326	328	654
5016	328	318	646
5017	318	319	637
5018	305	340	645
5019	320	342	662
5020	350	300	650
5021	357	326	683
5022	352	300	652
5023	341	309	650
5024	339	310	649
5025	350	312	662
5026	330	321	651
5027	329	339	668
5028	314	315	629
5029	333	321	654
5030	322	311	633
5031	339	335	674
5032	340	326	666
5033	358	330	688
5034	325	329	654
5035	327	316	643
5036	327	316	643
5037	340	313	653
5038	313	326	639
5039	340	323	663
5040	339	313	652
5041	346	303	649
5042	324	333	657
5043	344	315	659
5044	354	321	675
5045	337	324	661
5046	324	306	630
5047	345	318	663
5048	325	298	623
5049	336	312	648
5050	347	280	627
5051	332	312	644
5052	315	317	632
5053	327	311	638
5054	335	315	650
5055	328	321	649
5056	325	308	633
5057	324	306	630
5058	330	327	657
5059	350	295	645
5060	322	335	657
5061	342	307	649
5062	337	319	656
5063	348	306	654
5064	315	342	657
5065	307	321	628
5066	321	321	642
5067	343	319	662
5068	319	319	638
5069	338	331	669
5070	343	329	672
5071	353	325	678
5072	328	320	648
5073	326	310	636
5074	330	330	660
5075	332	310	642
5076	318	304	622
5077	314	339	653
5078	354	308	662
5079	336	314	650
5080	321	326	647
5081	321	323	644
5082	308	323	631
5083	325	318	643
5084	325	316	641
5085	338	338	676
5086	337	331	668
5087	326	332	658
5088	353	324	677
5089	346	325	671
5090	328	334	662
5091	318	348	666
5092	337	309	646
5093	339	315	654
5094	324	313	637
5095	338	319	657
5096	338	318	656
5097	349	325	674
5098	359	319	678
5099	322	330	652
5100	334	314	648
5101	318	320	638
5102	312	328	640
5103	351	307	658
5104	325	312	637
5105	344	328	672
5106	337	340	677
5107	316	312	628
5108	310	309	619
5109	330	317	647
5110	325	319	644
5111	337	320	657
5112	351	316	667
5113	327	327	654
5114	333	327	660
5115	319	311	630
5116	330	325	655
5117	337	312	649
5118	339	311	650
5119	321	292	613
5120	332	294	626
5121	337	327	664
5122	316	330	646
5123	329	319	648
5124	320	339	659
5125	328	344	672
5126	313	339	652
5127	315	304	619
5128	319	322	641
5129	320	337	657
5130	332	317	649
5131	329	320	649
5132	317	321	638
5133	337	308	645
5134	357	324	681
5135	342	304	646
5136	325	304	629
5137	337	294	631
5138	326	314	640
5139	303	316	619
5140	328	313	641
5141	351	324	675
5142	333	308	641
5143	314	327	641
5144	312	301	613
