2	4	10	21	25	30	36	38	41	44	47	49	56	58	68	70	74	80	89	92	98	110	113	114	116	117	121	127	132	136	141	145	147	148	150	159	164	165	168	173	190	196	211	213	217	225	233	235	242	244	248	252	257	270	274	282	288	301	308	312	314	322	339	340	343	356	358	360	370	372	376	378	393	396	403	409	421	440	441	442	446	453	454	455	457	461	467	468	476	485	488	503	505	32	391	469	5	381	478	351	232	310	389	20	269	462	118	105	48	179	24	303	361	124	342	267	306	108	40	492	160	109	315	323	473	167	107	201	75	346	
2	4	10	21	25	30	38	47	49	56	58	68	70	74	89	98	113	114	116	121	136	141	145	147	159	168	173	196	213	217	233	242	244	248	252	257	274	288	301	314	322	339	340	358	360	370	372	376	378	403	409	421	441	454	455	457	485	488	503	505	391	469	5	381	478	351	232	310	105	48	108	201	442	109	467	494	407	20	164	118	34	41	389	343	36	315	275	167	169	282	
2	4	10	21	25	38	47	49	58	68	74	89	98	113	114	121	145	147	168	196	217	233	248	252	257	274	288	314	322	339	340	360	370	372	376	378	409	421	441	455	457	485	488	503	391	469	381	232	105	201	442	467	494	407	20	34	389	403	160	342	167	56	141	343	506	173	42	35	478	108	304	
4	10	21	47	49	58	98	113	114	121	147	168	196	217	248	252	257	274	288	314	322	339	340	360	370	372	376	409	421	441	457	485	391	469	232	105	442	494	407	20	34	389	403	160	342	506	173	42	35	304	145	73	109	153	467	488	43	378	490	405	241	243	
4	10	21	47	49	98	113	114	121	147	168	196	217	248	252	257	288	314	322	339	340	360	370	376	409	441	457	391	469	232	442	494	407	20	34	389	160	342	173	42	35	145	488	43	405	378	453	490	2	312	304	506	298	
4	10	21	47	98	113	114	121	147	168	196	217	248	252	257	288	339	340	360	376	409	441	457	391	469	232	407	34	160	342	173	42	35	145	488	43	405	453	2	312	304	53	490	6	494	362	20	430	455	442	314	197	
4	10	21	47	98	113	114	121	147	168	217	248	252	257	288	339	340	360	376	441	457	391	469	232	407	34	160	342	173	42	35	145	488	43	453	494	362	430	455	314	409	490	104	40	2	411	39	442	312	196	
4	10	21	47	98	113	114	121	168	248	252	257	288	339	340	360	376	391	232	407	342	173	42	35	145	488	494	430	455	314	411	442	312	131	43	196	17	304	405	441	149	
10	21	47	98	113	114	121	168	248	252	257	288	339	360	376	391	232	407	342	173	42	35	145	488	494	430	455	442	312	304	68	0	4	289	377	
10	21	114	121	168	252	257	288	339	376	391	232	407	342	173	42	35	145	488	494	430	455	312	304	68	289	50	47	462	45	113	8	
10	21	114	168	252	257	288	339	376	391	232	407	173	42	35	145	488	494	430	455	312	304	68	289	50	47	471	45	39	428	172	13	273	170	
10	21	114	168	252	257	288	339	391	232	407	173	42	35	145	488	494	430	312	304	68	289	50	47	172	273	141	376	43	
10	21	168	252	257	288	339	391	232	407	173	42	35	145	488	494	430	312	304	68	289	50	47	172	273	141	165	272	14	140	184	360	
21	168	252	257	288	339	391	232	407	173	42	35	494	430	312	304	68	289	47	172	273	141	14	33	140	281	184	385	1	43	
21	168	252	257	288	339	391	232	407	42	35	494	430	312	304	68	289	47	172	33	140	281	141	39	390	173	297	
21	252	257	288	339	391	232	407	42	35	494	430	312	304	68	289	47	172	281	141	39	389	272	423	462	163	291	295	168	
21	252	257	288	339	391	232	407	42	35	494	304	68	289	47	172	281	39	462	291	417	312	376	345	297	64	
21	252	257	288	391	232	407	42	35	494	304	68	289	47	281	39	462	291	417	376	299	163	248	259	
21	252	257	288	391	232	42	35	494	304	68	289	47	281	39	462	291	376	259	290	504	417	46	258	275	439	
21	252	257	288	391	232	42	35	494	304	68	289	47	281	39	462	291	259	376	256	399	280	
21	257	288	391	232	42	35	494	68	289	47	281	39	462	291	259	376	344	43	104	450	454	352	
21	257	288	391	232	42	35	494	68	289	47	281	39	462	291	259	344	352	454	234	368	170	290	480	313	
21	257	288	391	232	42	35	494	68	289	47	281	39	462	291	259	344	352	454	480	170	84	304	345	171	138	15	
21	257	288	391	232	42	35	494	68	289	47	281	39	462	291	259	344	454	480	111	4	280	305	417	430	
257	391	232	42	35	494	68	289	47	281	39	462	291	259	454	480	111	417	288	33	455	21	290	70	387	
257	391	232	42	35	494	68	289	47	281	39	462	291	259	454	288	33	290	387	450	390	111	
257	391	232	42	35	494	68	289	47	281	39	462	291	259	454	288	33	387	290	233	234	275	450	
257	391	232	42	35	68	47	281	39	462	291	259	454	288	33	290	233	161	387	390	261	99	
257	391	232	42	35	68	47	39	462	291	259	454	288	33	290	233	161	390	167	478	479	387	419	
391	232	42	35	68	47	39	462	291	259	288	33	290	233	161	390	167	479	295	224	
232	42	35	68	47	39	462	291	259	288	33	290	233	390	167	479	295	231	471	199	
42	35	68	47	39	462	291	259	288	33	290	233	390	479	295	231	175	
35	68	39	462	291	259	288	33	290	233	390	479	295	231	196	389	386	175	
35	68	39	462	291	259	288	33	290	233	390	479	295	231	1	296	
35	68	39	462	291	259	288	33	290	233	295	231	78	76	299	55	99	267	
35	68	39	462	291	259	288	33	233	295	231	78	299	135	290	331	379	
35	68	39	462	291	259	288	33	233	295	231	78	299	135	290	359	478	334	143	98	76	
35	68	462	291	288	33	233	295	231	78	299	135	290	359	143	334	151	55	259	149	105	
35	68	462	291	288	33	233	295	231	78	299	135	290	359	143	334	259	181	165	37	292	239	149	270	84	
35	68	462	291	288	33	233	295	299	135	359	143	181	165	270	20	167	292	
35	68	462	291	288	33	295	299	135	359	143	181	165	167	270	84	292	367	383	
35	68	462	291	288	33	295	299	135	359	181	165	270	84	163	
35	68	462	291	299	135	359	165	270	84	163	171	390	
35	68	462	291	135	359	165	270	84	163	299	290	302	286	259	366	
35	68	462	291	135	359	165	270	84	290	259	354	100	
35	68	462	291	135	359	165	270	84	290	354	322	259	323	69	
68	462	291	135	165	270	290	354	322	289	334	35	258	
68	462	291	165	290	322	289	
68	462	291	165	290	322	323	
68	291	165	290	322	330	
68	291	165	290	322	450	133	
68	291	165	290	322	450	451	167	
68	291	165	290	322	450	181	
68	291	165	290	450	
68	291	165	290	450	
68	291	165	290	450	289	
68	291	165	290	450	298	133	355	4	
68	291	165	290	450	458	259	
68	291	165	290	450	167	
68	291	165	290	450	167	163	
68	165	290	450	167	163	451	466	
68	165	290	450	167	163	451	164	448	
68	165	290	450	167	163	451	448	179	455	39	
68	165	290	450	167	163	451	323	161	160	35	
68	450	167	163	451	323	
450	167	163	451	449	455	
450	167	451	449	448	
450	167	451	449	448	482	452	454	
450	167	451	449	448	135	
450	167	451	449	
450	167	451	449	
450	167	451	449	
167	451	449	
167	451	449	448	385	
167	451	449	464	
167	451	449	464	459	
167	451	449	464	
167	451	449	464	496	
167	451	449	464	457	
167	451	449	464	
167	451	449	464	
167	451	449	464	231	483	
167	449	464	467	
167	449	464	
167	449	464	166	385	448	
167	449	464	
167	449	464	163	472	
167	449	464	165	
167	449	464	175	448	165	39	
167	449	464	
167	449	464	
167	449	464	
167	449	464	
167	449	464	
167	449	464	165	
167	449	464	
167	449	464	
167	449	464	451	468	
167	449	464	451	
167	449	464	451	
167	449	464	39	
167	449	464	385	
167	449	464	
167	449	464	39	451	
167	449	464	163	35	
167	449	464	451	166	
167	449	464	451	448	400	
167	449	464	
167	449	464	465	
167	449	464	
167	449	464	451	
167	449	464	
167	449	464	
167	449	464	
167	464	
167	464	
167	464	39	175	
167	464	135	
167	464	496	
167	464	
167	464	
167	464	175	
167	464	35	
167	464	
167	464	
167	464	
167	464	183	466	179	51	
167	464	135	468	
167	464	
167	464	175	173	
167	464	135	131	
167	464	175	163	
167	464	336	
167	464	
167	464	
167	464	
167	464	
167	464	227	183	
167	464	
167	464	175	
167	464	151	183	
167	464	
167	464	
167	464	231	
167	464	
167	464	165	400	
167	464	132	
167	464	132	247	
167	464	132	247	
167	464	132	247	
167	464	132	247	468	
167	464	132	247	
464	132	247	470	
464	132	247	470	448	384	
464	132	247	470	448	454	
464	132	247	470	448	450	
464	132	247	470	448	450	456	
464	132	247	470	448	456	255	
464	132	247	470	448	456	
132	247	470	448	456	480	320	198	
132	247	470	448	480	320	
132	247	470	448	480	320	449	
132	247	470	448	480	320	4	332	416	
132	247	470	448	320	4	
132	247	470	448	320	4	450	322	
132	247	470	448	320	4	352	
132	247	470	448	4	352	320	324	243	0	196	
247	470	448	4	352	320	119	0	
247	470	448	4	352	320	
247	470	448	4	352	245	253	464	
247	470	448	4	352	245	85	81	288	0	21	
247	448	4	352	241	466	456	
247	448	4	352	
247	448	4	352	245	
448	4	352	245	480	464	
448	4	352	245	480	36	
448	4	352	245	241	
448	4	245	0	
448	4	245	
448	4	245	213	253	
448	4	245	
448	4	245	
448	4	245	449	
448	4	245	
448	4	
448	4	464	
448	4	
448	4	
448	4	
448	4	
448	4	
448	4	
448	4	132	
448	4	
448	4	
448	4	
448	4	36	
448	4	
448	4	
448	4	450	
448	4	
448	4	449	
448	4	320	
448	4	
448	4	
448	4	
448	4	
448	4	
448	4	132	5	
448	4	
448	4	
448	4	
448	4	
448	4	
448	4	5	
448	4	
448	4	480	
448	4	68	132	
448	4	
448	4	449	
448	4	450	
448	4	
448	4	
448	4	
448	4	
448	4	
448	4	
448	4	12	450	
448	4	
448	4	450	
448	4	456	
448	4	504	
448	4	
448	4	
448	4	
448	4	12	
448	4	450	
448	4	20	
448	4	6	
448	4	
448	4	
448	4	320	
448	4	
448	4	
448	4	464	
448	4	
448	4	
448	4	
448	4	
448	4	384	
448	4	
448	4	
448	4	
448	4	
448	4	
448	4	
448	4	
448	4	388	
448	4	
448	4	
448	4	
448	4	
448	4	
448	4	20	449	
448	4	
448	4	
448	4	
448	4	
448	4	480	
448	4	
448	4	452	12	453	
448	4	
448	4	
448	4	
448	4	
448	4	
448	4	384	
448	4	496	
448	4	
448	4	450	
448	4	
448	4	
448	4	
448	4	384	464	
448	4	464	
448	4	
448	4	450	20	
448	4	
448	4	
448	4	52	
448	4	
448	4	456	
448	4	
448	4	450	
448	4	
448	4	
448	4	
448	4	320	
448	4	
448	4	450	
448	4	6	
448	4	5	
448	4	
448	4	464	
448	4	
448	4	
448	4	392	
448	4	392	456	
448	4	392	
448	4	392	456	408	
448	4	392	132	456	
448	4	392	452	264	
448	4	392	20	16	
4	392	
4	392	
4	392	0	
4	392	0	12	
4	392	12	
4	392	12	68	
4	392	12	44	408	
4	392	12	76	
4	392	12	396	20	
4	392	12	
4	392	12	
4	392	12	393	395	
4	392	12	408	
4	392	12	
392	12	14	
392	12	
392	12	456	448	76	
392	12	456	
392	12	456	448	140	
392	12	456	140	
392	12	456	140	458	
392	12	456	140	
392	12	456	140	156	
392	12	456	140	204	
392	12	456	140	205	
456	140	205	201	
456	140	205	193	225	
456	140	205	207	201	
456	140	205	
456	140	205	
456	140	205	229	228	
456	205	
456	205	
456	205	
456	205	137	
456	205	
456	205	
456	205	
456	205	
456	205	204	
456	205	488	
456	205	488	458	480	
456	205	488	328	237	
456	205	360	
456	205	457	
456	205	
456	205	
456	205	203	207	
456	205	203	219	
456	205	203	219	
456	205	203	219	91	
456	205	203	
456	205	203	
456	205	203	
456	205	203	
456	205	203	219	
456	205	203	219	
456	203	219	205	
456	203	219	
456	203	219	207	
456	203	219	
456	203	219	27	91	
456	203	219	458	
456	203	219	394	
456	203	219	235	
456	203	219	
456	203	219	458	
456	203	219	195	
456	203	219	
456	203	219	328	392	
456	203	219	
456	203	219	448	328	
456	203	219	408	504	
456	203	219	
456	203	219	488	
456	203	219	488	480	504	
456	203	219	488	480	
456	203	219	488	480	
456	203	219	488	480	
456	203	219	480	488	
456	203	219	480	448	
456	203	219	480	
456	203	219	480	481	
456	203	219	480	352	392	
456	203	219	480	
456	203	219	480	235	107	91	217	
456	203	219	480	458	75	
456	203	219	480	458	288	328	
456	203	219	480	458	201	
203	219	480	458	201	223	488	
203	219	480	458	201	221	251	202	249	
203	219	480	458	201	221	251	450	490	
203	219	480	458	201	221	251	490	137	249	136	217	482	
219	480	458	201	251	490	249	491	189	221	
219	480	458	201	251	490	249	189	221	
219	480	458	201	251	490	249	189	354	488	
219	480	458	201	251	490	249	193	255	330	352	
219	480	458	251	490	249	352	255	239	233	
219	480	458	251	490	249	484	
219	480	458	251	490	249	484	491	
219	480	458	251	490	249	484	482	
480	458	251	490	249	
480	458	251	490	249	235	
480	458	251	490	249	123	481	
480	458	251	490	249	253	
480	458	251	490	249	484	123	
480	458	251	490	249	488	450	484	
480	458	251	490	249	488	484	253	
480	458	251	490	249	488	
480	458	251	249	488	121	448	
480	458	251	249	488	121	113	
480	458	251	249	488	113	416	115	
480	458	251	249	488	113	121	57	25	481	
480	458	251	249	488	113	253	241	121	
480	458	251	249	488	113	225	121	
480	458	251	249	488	113	496	436	49	121	
480	458	251	249	488	113	496	187	
480	251	249	488	113	496	241	
480	251	249	488	113	496	97	233	
480	251	249	488	113	496	217	255	
480	251	488	113	496	185	
480	251	488	113	496	504	121	440	484	
480	251	488	113	496	83	115	
480	251	488	113	496	83	99	
480	251	488	113	496	83	416	448	352	
480	251	488	113	416	
480	251	113	
480	251	113	
480	251	113	448	
480	251	113	
480	251	113	
480	251	113	
480	251	113	
480	251	113	49	115	241	
480	251	113	
480	251	113	
480	251	113	484	
480	251	113	249	416	
480	251	113	416	352	
480	251	113	416	432	
480	251	113	416	384	
480	251	113	416	
480	251	113	416	
480	251	113	416	
480	251	113	416	
480	251	113	416	
480	251	113	416	352	488	112	
480	251	113	416	352	117	
480	251	113	416	254	123	
480	251	113	416	117	
480	251	113	416	
480	251	113	416	
480	251	113	416	
480	251	113	416	448	
480	251	113	416	481	496	
480	251	113	416	
480	251	113	416	49	
480	251	113	416	
480	251	113	416	482	121	
480	251	113	416	
480	251	113	416	
480	251	113	416	418	
480	113	416	117	
480	113	416	384	
480	113	416	241	
480	113	416	
480	113	416	
480	113	416	
480	113	416	
113	416	117	
113	416	241	
113	416	241	225	121	109	193	
113	416	225	109	241	
113	416	225	109	161	133	193	135	160	
113	416	225	109	160	125	133	85	111	
113	416	109	160	168	
113	416	160	32	420	
416	160	
416	160	
416	160	
416	160	
416	160	384	432	
416	160	
416	160	
416	160	
416	160	
416	160	
416	160	
416	160	
416	160	
416	160	288	32	
416	160	
416	160	
416	160	
416	160	480	
416	160	
416	160	161	
416	160	420	
416	160	
416	160	
416	160	
416	160	
416	160	
416	160	
416	160	
416	160	
416	160	424	
416	160	420	
416	160	417	
416	160	40	
416	160	
416	160	164	
416	160	
416	160	
416	160	
416	160	417	
416	160	
416	160	
416	160	
416	160	
416	160	
416	160	432	
416	160	176	32	
416	160	
416	160	
416	160	
416	160	
416	160	
416	160	
416	160	480	
416	160	
416	160	
416	160	
416	160	
416	160	
416	160	
416	160	
416	160	
416	160	
416	160	384	
416	160	
416	160	
416	160	
416	160	
416	160	
416	160	392	
416	160	392	
416	160	392	456	288	
416	160	392	161	420	
416	160	392	
416	160	392	
416	160	392	417	
416	160	392	
416	160	392	
416	160	
416	160	418	
416	160	
416	160	
416	160	128	418	
416	160	480	
416	160	
416	160	
416	160	128	
416	160	168	
416	160	
416	160	
416	160	
416	160	417	
416	160	
416	160	
416	160	
416	160	
416	160	
416	160	
416	160	
416	160	
416	160	
416	160	
416	160	
416	160	
416	160	
416	160	
416	160	
416	160	
416	160	
416	160	
416	160	162	
416	160	432	
416	160	
416	160	
416	160	161	
416	160	
416	160	421	420	
416	160	421	
416	160	421	
416	160	417	
416	160	418	
416	160	
416	160	
416	160	
416	160	
416	160	417	421	420	
416	160	421	293	
416	160	293	
416	160	293	
416	160	293	
416	160	293	
416	160	293	
416	160	293	295	
416	160	293	295	
416	160	293	295	32	
416	160	293	295	128	
416	160	293	295	
416	160	293	295	420	
416	160	293	295	
416	160	293	295	
416	160	293	295	48	420	
416	160	293	295	48	112	
416	160	293	295	48	
416	160	293	295	48	161	
416	160	293	295	48	50	261	423	161	
416	160	295	48	50	261	224	51	228	
416	160	295	48	50	261	
416	160	295	48	50	52	288	420	
416	160	295	48	52	291	161	16	
416	160	295	48	52	480	303	
416	160	295	48	52	303	0	271	50	176	
416	160	295	48	303	0	419	32	480	
416	160	295	48	303	0	32	271	367	52	
416	160	295	48	303	0	32	271	367	359	
416	160	295	48	303	0	32	271	367	359	
416	160	295	48	303	0	32	271	367	269	
416	160	48	303	32	271	367	269	34	480	
416	160	48	303	32	271	367	40	269	44	
416	160	48	303	32	367	40	269	44	263	327	295	
416	160	48	303	32	367	40	269	44	327	301	128	363	144	
416	160	48	303	32	367	40	269	327	363	56	335	177	176	58	0	455	
416	160	48	303	32	367	40	269	327	271	
416	160	48	303	32	367	40	269	327	52	295	271	323	
416	160	48	303	32	367	40	269	327	302	
416	160	48	303	32	40	269	327	176	367	359	
416	160	48	303	32	40	269	327	367	162	36	333	226	176	166	170	
416	160	48	303	32	40	269	327	367	333	166	170	112	417	
416	160	48	303	40	327	367	333	166	170	359	96	186	
416	160	48	303	40	327	367	170	186	161	184	250	242	
416	160	48	303	40	327	367	170	186	184	172	
416	160	303	327	367	170	172	176	384	322	
416	160	303	327	367	170	172	176	384	335	168	
416	160	303	327	367	170	172	176	384	
416	160	303	327	367	170	172	176	168	
416	160	303	327	367	170	
416	160	303	327	367	170	271	32	
416	160	303	367	170	271	128	
416	160	303	367	170	418	434	495	
416	160	303	367	170	434	
416	160	303	367	170	434	438	
160	303	170	434	319	
303	170	434	299	
303	170	434	
303	170	
303	170	
303	170	
303	170	
303	170	
303	170	171	
303	170	
303	170	
303	170	
303	170	
303	170	302	
303	170	
303	170	
303	170	
303	170	
303	170	234	
303	170	367	
303	170	186	
303	170	
303	170	
303	170	
303	170	
303	170	431	
303	170	
303	170	138	
303	170	
303	170	138	
303	170	
303	170	
303	170	
303	170	302	
303	170	
303	170	
303	170	
303	170	
303	170	
303	170	
303	170	42	
303	170	
303	170	301	
303	170	
303	170	
303	170	
303	170	
303	170	234	
303	170	
303	170	
303	170	
303	170	
303	170	
303	170	
303	170	
303	170	
303	170	
303	170	
303	170	
303	170	
303	170	
303	170	
303	170	
303	170	
303	170	
303	170	319	
303	170	
303	170	
303	170	171	
303	170	
303	170	42	
303	170	
303	170	
303	170	
303	170	
303	170	
303	170	
303	170	
303	170	
303	170	
303	170	302	
303	170	
303	170	
303	170	
303	170	300	
303	170	
303	170	
303	170	
303	170	
303	170	
303	170	162	138	
303	170	
303	170	
303	170	
303	170	299	
303	170	138	
303	170	
303	170	
303	170	
303	170	
303	170	399	186	
303	170	399	
303	170	399	463	
303	170	138	
303	170	186	
303	170	
303	170	
303	170	138	
303	170	297	
303	170	
303	170	
303	170	
303	170	302	
303	170	
303	170	
303	170	
303	170	
303	170	
303	170	295	
303	170	
303	170	234	
303	170	367	
303	170	
303	170	
303	170	
303	170	
303	170	
303	170	
303	170	
303	170	299	319	
303	170	271	
303	170	
303	170	
303	170	42	
303	170	
303	170	138	
303	170	
303	170	
303	170	
303	170	
303	170	
303	170	
303	170	
303	170	
303	170	
303	170	
303	170	
303	170	
303	170	
303	170	
303	170	
303	170	162	
303	170	299	
303	170	
303	170	
303	170	
303	170	
303	170	
303	170	
303	170	
303	170	
303	170	
303	170	174	
303	170	
303	170	431	
303	170	
303	170	
303	170	
303	170	427	
303	170	174	
303	170	
303	170	
303	170	299	
303	170	
303	170	138	
303	170	
303	170	
303	170	
303	170	171	
303	170	
303	170	
303	170	
303	170	
303	170	
303	170	
303	170	
303	170	171	
303	170	
303	170	
303	170	
303	170	
303	170	
303	170	
303	170	
303	170	299	419	
303	170	
303	170	
303	170	
303	170	
303	170	
303	170	
303	170	
303	170	
303	170	
303	170	
303	170	
303	170	
303	170	
303	170	
303	170	168	
303	170	
303	170	
303	170	302	174	
303	170	
303	170	
303	170	
303	170	
303	170	174	
303	170	302	
303	170	168	
303	170	
303	170	
303	170	
303	170	319	
303	170	
303	170	
303	170	
303	170	174	
303	170	
303	170	
303	170	302	
303	170	
303	170	
303	170	
303	170	
303	170	
303	170	
303	170	299	
303	170	42	
303	170	
303	170	
303	170	
303	170	
303	170	
303	170	
303	170	
303	170	
303	170	271	
303	170	
303	170	
303	170	
303	170	171	
303	170	
303	170	
303	170	168	
303	170	
303	170	
303	170	383	
303	170	431	
303	170	
303	170	
303	170	
303	170	
303	170	
303	170	
303	170	
303	170	
303	170	
303	170	
303	170	
303	170	319	
303	170	299	
303	170	
303	170	
303	170	
303	170	
303	170	
303	170	
303	170	
303	170	
303	170	
303	170	
303	170	
303	170	
303	170	
303	170	
303	170	168	
303	170	
303	170	
303	170	
303	170	
303	170	
303	170	
303	170	
303	170	367	
303	170	
303	170	
303	170	
303	170	
303	170	299	
303	170	
303	170	
303	170	
303	170	
303	170	
303	170	
303	170	
303	170	
303	170	
303	170	
303	170	138	
303	170	
303	170	295	
303	170	
303	170	
303	170	
303	170	
303	170	
303	170	
303	170	
303	170	
303	170	
303	170	299	
303	170	
303	170	174	175	
303	170	
303	170	
303	170	
303	170	366	
303	170	
303	170	
303	170	
303	170	
303	170	
303	170	
303	170	
303	170	
303	170	271	
303	170	367	
303	170	
303	170	
303	170	
303	170	58	
303	170	
303	170	
303	170	
303	170	
303	170	
303	170	
303	170	
303	170	
303	170	
303	170	
303	170	299	
303	170	
303	170	
303	170	
303	170	
303	170	
303	170	
303	170	
303	170	
303	170	
303	170	300	
303	170	
303	170	162	
303	170	
303	170	
303	170	299	
303	170	
303	170	
303	170	
303	170	
303	170	
303	170	
303	170	
303	170	
303	170	
303	170	234	
303	170	
303	170	295	
303	170	
303	170	234	
303	170	
303	170	
303	170	
303	170	271	263	287	
303	170	
303	170	
303	170	
303	170	
303	170	
303	170	
303	170	
303	170	271	
303	170	174	172	
303	170	
303	170	
303	170	
303	170	
303	170	
303	170	
303	170	
303	170	
303	170	186	
303	170	
303	170	
303	170	42	
303	170	138	301	
303	170	
303	170	
303	170	301	
303	170	174	
303	170	299	
303	170	
303	170	431	
303	170	
303	170	168	
303	170	299	
303	170	
303	170	171	
303	170	174	
303	170	
303	170	
303	170	
303	170	301	
303	170	
303	170	
303	170	
303	170	
303	170	174	
303	170	138	
303	170	
303	170	
303	170	
303	170	
303	170	367	
303	170	
303	170	301	
303	170	
303	170	
303	170	
303	170	
303	170	
303	170	
303	170	
303	170	
303	170	42	
303	170	
303	170	
303	170	
303	170	
303	170	162	
303	170	
303	170	
303	170	171	
303	170	
303	170	
303	170	
303	170	
303	170	
303	170	
303	170	
303	170	
303	170	
303	170	
303	170	
303	170	
303	170	
303	170	
303	170	
303	170	138	139	
303	170	168	
303	170	423	168	
303	170	
303	170	
303	170	
303	170	
303	170	
303	170	
303	170	
303	170	
303	170	
303	170	
303	170	
303	170	
303	170	
303	170	
303	170	
303	170	186	
303	170	
303	170	
303	170	
303	170	
303	170	
303	170	
303	170	431	
303	170	
303	170	
303	170	
303	170	
303	170	
303	170	
303	170	
303	170	
303	170	
303	170	302	
303	170	
303	170	
303	170	
303	170	
303	170	302	300	
303	170	
303	170	
303	170	
303	170	
303	170	
303	170	
303	170	295	
303	170	174	367	
303	170	
303	170	
303	170	
303	170	
303	170	
303	170	
303	170	
303	170	
303	170	
303	170	302	
303	170	
303	170	
303	170	
303	170	
303	170	
303	170	
303	170	
303	170	
303	170	
303	170	
303	170	
303	170	
303	170	
303	170	
303	170	
303	170	186	
303	170	
303	170	
303	170	
303	170	
303	170	
303	170	
303	170	
303	170	
303	170	
303	170	
303	170	
303	170	
303	170	
303	170	
303	170	
303	170	431	
303	170	234	
303	170	
303	170	295	138	
303	170	
303	170	367	
303	170	302	
303	170	
303	170	
303	170	
303	170	
303	170	
303	170	186	
303	170	
303	170	
303	170	
303	170	
303	170	
303	170	299	
303	170	
303	170	
303	170	
303	170	299	
303	170	
303	170	174	
303	170	
303	170	
303	170	
303	170	
303	170	319	
303	170	
303	170	
303	170	42	168	
303	170	
303	170	174	
303	170	
303	170	174	
303	170	
303	170	
303	170	
303	170	
303	170	
303	170	
303	170	
303	170	
303	170	
303	170	
303	170	
303	170	295	
303	170	
303	170	
303	170	
303	170	
303	170	162	
303	170	
303	170	
303	170	
303	170	
303	170	
303	170	
303	170	42	
303	170	271	
303	170	
303	170	
303	170	138	
303	170	
303	170	
303	170	
303	170	
303	170	
303	170	
303	170	
303	170	
303	170	
303	170	
303	170	299	
303	170	295	
303	170	
303	170	
303	170	431	
303	170	
303	170	
303	170	138	
303	170	42	
303	170	431	
303	170	
303	170	
303	170	
303	170	
303	170	
303	170	
303	170	
303	170	
303	170	
303	170	431	
303	170	
303	170	
303	170	186	
303	170	
303	170	
303	170	271	
303	170	
303	170	
303	170	
303	170	
303	170	168	
303	170	271	
303	170	174	
303	170	
303	170	
303	170	
303	170	
303	170	
303	170	
303	170	
303	170	
303	170	
303	170	
303	170	
303	170	
303	170	
303	170	
303	170	
303	170	
303	170	
303	170	
303	170	162	
303	170	
303	170	
303	170	
303	170	
303	170	
303	170	
303	170	
303	170	
303	170	234	
303	170	271	
303	170	
303	170	
303	170	
303	170	271	295	
303	170	
303	170	
303	170	
303	170	301	
303	170	
303	170	295	299	
303	170	
303	170	301	
303	170	
303	170	
303	170	367	
303	170	
303	170	234	
303	170	
303	170	
303	170	
303	170	
303	170	42	
303	170	
303	170	
303	170	
303	170	301	
303	170	
303	170	
303	170	168	162	
303	170	
303	170	319	367	
303	170	
303	170	
303	170	
303	170	
303	170	
303	170	318	
303	170	
303	170	
303	170	
303	170	
303	170	
303	170	
303	170	
303	170	301	
303	170	
303	170	
303	170	
303	170	
303	170	
303	170	174	
303	170	319	
303	170	271	367	
303	170	
303	170	
303	170	
303	170	
303	170	
303	170	
303	170	
303	170	367	
303	170	
303	170	
303	170	174	
303	170	
303	170	271	
303	170	302	
303	170	
303	170	
303	170	
303	170	
303	170	
303	170	
303	170	
303	170	
303	170	
303	170	
303	170	
303	170	
303	170	
303	170	234	
303	170	302	
303	170	302	
303	170	
303	170	
303	170	
303	170	
303	170	162	
303	170	
303	170	
303	170	
303	170	171	
303	170	
303	170	367	
303	170	
303	170	
303	170	301	
303	170	
303	170	319	
303	170	
303	170	
303	170	299	
303	170	
303	170	
303	170	
303	170	
303	170	
303	170	
303	170	
303	170	
303	170	
303	170	
303	170	234	
303	170	
303	170	
303	170	
303	170	
303	170	
303	170	301	
303	170	
303	170	
303	170	
303	170	
303	170	
303	170	
303	170	
303	170	
303	170	
303	170	271	171	
303	170	
303	170	
303	170	
303	170	
303	170	
303	170	302	
303	170	
303	170	
303	170	
303	170	
303	170	
303	170	
303	170	
303	170	174	
303	170	
303	170	
303	170	
303	170	
303	170	
303	170	
303	170	
303	170	
303	170	
303	170	186	
303	170	271	234	
303	170	
303	170	
303	170	301	
303	170	42	
303	170	174	
303	170	
303	170	
303	170	
303	170	
303	170	
303	170	186	
303	170	162	
303	170	
303	170	171	
303	170	
303	170	
303	170	
303	170	
303	170	295	
303	170	
303	170	
303	170	
303	170	
303	170	
303	170	
303	170	299	
303	170	142	
303	170	319	431	
303	170	
303	170	
303	170	
303	170	
303	170	234	
303	170	
303	170	
303	170	
303	170	
303	170	
303	170	138	
303	170	
303	170	
303	170	302	
303	170	
303	170	271	
303	170	
303	170	
303	170	
303	170	
303	170	
303	170	
303	170	
303	170	174	
303	170	
303	170	
303	170	
303	170	234	
303	170	
303	170	431	
303	170	
303	170	138	
303	170	271	
303	170	
303	170	
303	170	
303	170	
303	170	300	
303	170	
303	170	
303	170	
303	170	
303	170	
303	170	
303	170	
303	170	
303	170	
303	170	
303	170	
303	170	
303	170	
303	170	
303	170	
303	170	
303	170	431	
303	170	
303	170	
303	170	
303	170	
303	170	
303	170	
303	170	
303	170	
303	170	
303	170	
303	170	
303	170	
303	170	
303	170	168	
303	170	302	
303	170	367	
303	170	
303	170	
303	170	
303	170	168	
303	170	
303	170	
303	170	
303	170	
303	170	
303	170	295	
303	170	
303	170	
303	170	
303	170	
303	170	
303	170	
303	170	367	
303	170	171	
303	170	
303	170	
303	170	162	
303	170	431	
303	170	162	168	
303	170	
303	170	
303	170	
303	170	234	
303	170	42	
303	170	
303	170	174	302	
303	170	
303	170	
303	170	
303	170	
303	170	
303	170	
303	170	
303	170	
303	170	
303	170	
303	170	
303	170	
303	170	138	
303	170	
303	170	42	
303	170	
303	170	
303	170	
303	170	
303	170	
303	170	168	
303	170	174	
303	170	162	295	
303	170	
303	170	
303	170	
303	170	
303	170	
303	170	
303	170	
303	170	271	
303	170	
303	170	
303	170	
303	170	
303	170	
303	170	
303	170	
303	170	
303	170	301	
303	170	
303	170	
303	170	
303	170	
303	170	271	
303	170	
303	170	186	
303	170	
303	170	
303	170	
303	170	
303	170	
303	170	
303	170	
303	170	162	
303	170	
303	170	
303	170	431	301	
303	170	
303	170	
303	170	250	
303	170	
303	170	319	
303	170	
303	170	
303	170	42	
303	170	
303	170	
303	170	
303	170	
303	170	431	447	
303	170	
303	170	
303	170	
303	170	
303	170	
303	170	
303	170	
303	170	
303	170	
303	170	
303	170	
303	170	
303	170	
303	170	
303	170	301	
303	170	
303	170	
303	170	
303	170	271	
303	170	
303	170	
303	170	
303	170	
303	170	
303	170	
303	170	
303	170	
303	170	
303	170	
303	170	
303	170	
303	170	
303	170	
303	170	
303	170	186	
303	170	302	
303	170	
303	170	
303	170	
303	170	
303	170	431	
303	170	
303	170	
303	170	
303	170	
303	170	
303	170	
303	170	
303	170	
303	170	
303	170	
303	170	302	
303	170	
303	170	
303	170	
303	170	
303	170	
303	170	
303	170	
303	170	
303	170	
303	170	
303	170	
303	170	
303	170	
303	170	271	
303	170	
303	170	138	
303	170	
303	170	
303	170	
303	170	
303	170	
303	170	
303	170	168	
303	170	
303	170	
303	170	
303	170	
303	170	
303	170	431	
303	170	
303	170	
303	170	171	
303	170	
303	170	
303	170	
303	170	174	
303	170	
303	170	
303	170	
303	170	
303	170	
303	170	301	
303	170	301	
303	170	186	
303	170	367	
303	170	
303	170	
303	170	
303	170	
303	170	
303	170	162	
303	170	
303	170	
303	170	42	
303	170	
303	170	302	
303	170	
303	170	
303	170	295	
303	170	168	
303	170	
303	170	
303	170	
303	170	301	162	
303	170	186	
303	170	
303	170	
303	170	186	
303	170	
303	170	295	
303	170	
303	170	
303	170	
303	170	
303	170	
303	170	
303	170	
303	170	
303	170	
303	170	
303	170	
303	170	367	
303	170	
303	170	42	
303	170	138	
303	170	
303	170	
303	170	319	
303	170	301	
303	170	
303	170	
303	170	
303	170	
303	170	
303	170	
303	170	431	
303	170	
303	170	
303	170	
303	170	
303	170	
303	170	302	
303	170	186	
303	170	
303	170	
303	170	
303	170	
303	170	174	
303	170	302	
303	170	431	
303	170	
303	170	
303	170	
303	170	
303	170	
303	170	138	
303	170	186	171	301	
303	170	186	
303	170	142	162	271	
303	170	
303	170	
303	170	
303	170	
303	170	
303	170	
303	170	
303	170	
303	170	
303	170	
303	170	
303	170	
303	170	
303	170	
303	170	
303	170	
303	170	295	
303	170	
303	170	
303	170	
303	170	168	
303	170	
303	170	
303	170	171	
303	170	
303	170	
303	170	
303	170	295	
303	170	
303	170	
303	170	
303	170	301	
303	170	234	
303	170	
303	170	
303	170	
303	170	174	
303	170	
303	170	
303	170	
303	170	
303	170	
303	170	162	
303	170	
303	170	302	
303	170	
303	170	
303	170	
303	170	
303	170	
303	170	302	271	
303	170	
303	170	
303	170	
303	170	
303	170	
303	170	
303	170	
303	170	
303	170	
303	170	
303	170	
303	170	
303	170	
303	170	
303	170	
303	170	431	
303	170	
303	170	431	
303	170	
303	170	
303	170	
303	170	367	
303	170	
303	170	
303	170	
303	170	
303	170	
303	170	399	
303	170	399	163	162	
303	170	
303	170	
303	170	
303	170	
303	170	
303	170	
303	170	186	
303	170	162	
303	170	162	
303	170	
303	170	
303	170	
303	170	
303	170	
303	170	
303	170	
303	170	
303	170	
303	170	186	
303	170	
303	170	
303	170	
303	170	
303	170	
303	170	
303	170	42	138	
303	170	
303	170	
303	170	
303	170	
303	170	
303	170	
303	170	
303	170	
303	170	
303	170	
303	170	
303	170	
303	170	
303	170	
303	170	
303	170	
303	170	
303	170	
303	170	
303	170	138	
303	170	295	
303	170	302	
303	170	168	
303	170	
303	170	
303	170	
303	170	138	
303	170	
303	170	
303	170	
303	170	
303	170	
303	170	171	42	
303	170	
303	170	42	
303	170	138	
303	170	
303	170	
303	170	
303	170	271	
303	170	
303	170	174	301	
303	170	
303	170	
303	170	
303	170	299	
303	170	
303	170	367	399	
303	170	
303	170	
303	170	
303	170	
303	170	
303	170	
303	170	42	
303	170	
303	170	
303	170	
303	170	
303	170	
303	170	
303	170	295	
303	170	
303	170	
303	170	
303	170	
303	170	
303	170	
303	170	367	138	
303	170	186	
303	170	302	
303	170	
303	170	
303	170	
303	170	
303	170	
303	170	174	
303	170	
303	170	
303	170	271	
303	170	
303	170	186	
303	170	
303	170	
303	170	
303	170	
303	170	
303	170	
303	170	
303	170	
303	170	
303	170	399	
303	170	399	
303	170	399	
303	170	399	
303	170	399	
303	170	399	186	187	
303	170	
303	170	431	
303	170	
303	170	
303	170	299	315	
303	170	174	
303	170	186	
303	170	
303	170	267	171	331	
303	170	
303	170	
303	170	
303	170	
303	170	301	367	
303	170	
303	170	
303	170	431	
303	170	
303	170	174	
303	170	
303	170	
303	170	
303	170	
303	170	
303	170	
303	170	
303	170	295	
303	170	319	
303	170	
303	170	
303	170	
303	170	
303	170	
303	170	
303	170	
303	170	
303	170	299	
303	170	367	
303	170	
303	170	
303	170	
303	170	42	
303	170	
303	170	
303	170	
303	170	
303	170	
303	170	
303	170	
303	170	
303	170	
303	170	
303	170	
303	170	
303	170	
303	170	
303	170	
303	170	
303	170	
303	170	299	
303	170	
303	170	
303	170	301	
303	170	42	
303	170	
303	170	
303	170	
303	170	
303	170	
303	170	431	
303	170	
303	170	
303	170	
303	170	42	32	
303	170	
303	170	
303	170	319	
303	170	186	
303	170	
303	170	
303	170	168	
303	170	
303	170	
303	170	
303	170	
303	170	
303	170	
303	170	
303	170	
303	170	
303	170	
303	170	302	
303	170	
303	170	
303	170	
303	170	299	
303	170	302	
303	170	
303	170	
303	170	
303	170	
303	170	
303	170	
303	170	
303	170	271	
303	170	
303	170	
303	170	367	
303	170	367	
303	170	
303	170	367	
303	170	174	
303	170	
303	170	
303	170	
303	170	
303	170	
303	170	
303	170	
303	170	
303	170	
303	170	
303	170	302	
303	170	
303	170	271	
303	170	
303	170	
303	170	
303	170	431	
303	170	
303	170	
303	170	
303	170	
303	170	
303	170	
303	170	
303	170	367	
303	170	431	
303	170	
303	170	295	
303	170	
303	170	
303	170	
303	170	
303	170	
303	170	
303	170	174	
303	170	
303	170	
303	170	
303	170	162	
303	170	234	
303	170	
303	170	
303	170	
303	170	
303	170	
303	170	171	
303	170	
303	170	
303	170	186	
303	170	
303	170	
303	170	301	
303	170	
303	170	
303	170	162	174	
303	170	301	
303	170	42	
303	170	174	
303	170	
303	170	
303	170	
303	170	
303	170	
303	170	187	
303	170	
303	170	
303	170	
303	170	
303	170	
303	170	
303	170	174	
303	170	
303	170	
303	170	
303	170	
303	170	
303	170	
303	170	42	
303	170	
303	170	
303	170	
303	170	138	
303	170	
303	170	234	
303	170	
303	170	
303	170	367	
303	170	138	
303	170	
303	170	
303	170	
303	170	
303	170	
303	170	
303	170	319	
303	170	367	
303	170	
303	170	
303	170	
303	170	
303	170	
303	170	
303	170	431	271	
303	170	186	
303	170	367	
303	170	
303	170	234	
303	170	
303	170	
303	170	234	
303	170	
303	170	
303	170	
303	170	
303	170	
303	170	186	
303	170	
303	170	
303	170	
303	170	
303	170	
303	170	
303	170	171	
303	170	367	
303	170	
303	170	
303	170	
303	170	301	
303	170	171	
303	170	
303	170	
303	170	
303	170	
303	170	
303	170	
303	170	
303	170	
303	170	
303	170	
303	170	168	
303	170	168	
303	170	
303	170	
303	170	
303	170	
303	170	
303	170	
303	170	302	
303	170	
303	170	
303	170	
303	170	299	
303	170	
303	170	
303	170	
303	170	
303	170	295	
303	170	162	
303	170	
303	170	
303	170	
303	170	
303	170	
303	170	
303	170	
303	170	271	
303	170	
303	170	271	138	
303	170	
303	170	171	
303	170	
303	170	
303	170	
303	170	
303	170	
303	170	174	
303	170	
303	170	302	
303	170	
303	170	302	
303	170	
303	170	
303	170	171	
303	170	295	
303	170	
303	170	
303	170	
303	170	
303	170	319	
303	170	
303	170	
303	170	
303	170	
303	170	
303	170	
303	170	
303	170	
303	170	
303	170	301	
303	170	
303	170	
303	170	
303	170	
303	170	186	
303	170	
303	170	
303	170	
303	170	186	
303	170	
303	170	168	
303	170	
303	170	
303	170	295	
303	170	
303	170	
303	170	
303	170	
303	170	
303	170	
303	170	
303	170	234	
303	170	
303	170	299	
303	170	
303	170	
303	170	
303	170	
303	170	
303	170	
303	170	
303	170	295	
303	170	
303	170	
303	170	
303	170	
303	170	174	
303	170	431	
303	170	299	
303	170	
303	170	299	138	
303	170	
303	170	174	
303	170	
303	170	
303	170	
303	170	186	
303	170	
303	170	
303	170	
303	170	234	
303	170	
303	170	
303	170	
303	170	
303	170	
303	170	
303	170	
303	170	
303	170	
303	170	
303	170	
303	170	174	
303	170	162	
303	170	
303	170	
303	170	
303	170	
303	170	
303	170	
303	170	
303	170	
303	170	
303	170	
303	170	
303	170	
303	170	295	
303	170	186	
303	170	
303	170	
303	170	
303	170	
303	170	
303	170	
303	170	
303	170	
303	170	
303	170	
303	170	
303	170	271	
303	170	
303	170	
303	170	
303	170	
303	170	
303	170	
303	170	
303	170	
303	170	238	
303	170	
303	170	
303	170	162	
303	170	
303	170	
303	170	186	
303	170	
303	170	
303	170	
303	170	
303	170	
303	170	
303	170	301	
303	170	
303	170	
303	170	
303	170	190	
303	170	
303	170	
303	170	
303	170	
303	170	
303	170	168	186	
303	170	186	
303	170	
303	170	301	
303	170	
303	170	
303	170	
303	170	
303	170	
303	170	162	
303	170	
303	170	
303	170	
303	170	
303	170	
303	170	138	
303	170	
303	170	
303	170	
303	170	
303	170	
303	170	
303	170	
303	170	
303	170	
303	170	302	
303	170	
303	170	
303	170	
303	170	
303	170	431	
303	170	
303	170	
303	170	
303	170	
303	170	
303	170	
303	170	
303	170	171	
303	170	
303	170	174	
303	170	
303	170	302	
303	170	
303	170	431	
303	170	
303	170	
303	170	
303	170	
303	170	
303	170	
303	170	
303	170	
303	170	
303	170	299	367	
303	170	168	
303	170	365	
303	170	
303	170	
303	170	
303	170	
303	170	
303	170	295	
303	170	319	
303	170	
303	170	162	138	
303	170	
303	170	319	301	
303	170	138	
303	170	
303	170	
303	170	
303	170	138	
303	170	
303	170	
303	170	
303	170	
303	170	
303	170	171	
303	170	
303	170	
303	170	
303	170	
303	170	
303	170	302	
303	170	
303	170	
303	170	
303	170	162	
303	170	
303	170	42	
303	170	
303	170	
303	170	
303	170	319	
303	170	
303	170	
303	170	
303	170	186	
303	170	168	
303	170	
303	170	
303	170	
303	170	
303	170	
303	170	
303	170	
303	170	
303	170	
303	170	
303	170	
303	170	138	
303	170	
303	170	
303	170	234	
303	170	
303	170	162	
303	170	
303	170	299	
303	170	
303	170	299	
303	170	40	
303	170	
303	170	
303	170	
303	170	186	
303	170	367	
303	170	
303	170	
303	170	319	
303	170	
303	170	
303	170	295	
303	170	319	
303	170	
303	170	
303	170	
303	170	431	
303	170	168	
303	170	
303	170	
303	170	
303	170	
303	170	423	
303	170	295	
303	170	431	
303	170	
303	170	302	
303	170	
303	170	
303	170	
303	170	
303	170	
303	170	162	
303	170	
303	170	
303	170	
303	170	
303	170	
303	170	172	168	
303	170	
303	170	
303	170	
303	170	
303	170	302	
303	170	
303	170	186	
303	170	
303	170	
303	170	
303	170	
303	170	
303	170	162	
303	170	
303	170	
303	170	
303	170	
303	170	
303	170	
303	170	
303	170	
303	170	
303	170	367	
303	170	319	
303	170	171	
303	170	319	
303	170	
303	170	
303	170	
303	170	174	238	
303	170	42	
303	170	
303	170	
303	170	
303	170	
303	170	
303	170	
303	170	
303	170	271	
303	170	
303	170	234	
303	170	
303	170	
303	170	
303	170	
303	170	162	
303	170	
303	170	
303	170	367	
303	170	
303	170	
303	170	
303	170	
303	170	
303	170	168	42	
303	170	271	
303	170	
303	170	
303	170	319	
303	170	
303	170	
303	170	
303	170	171	
303	170	431	
303	170	
303	170	
303	170	319	
303	170	
303	170	234	
303	170	
303	170	271	
303	170	431	
303	170	
303	170	297	299	
303	170	
303	170	301	
303	170	
303	170	
303	170	301	
303	170	
303	170	
303	170	
303	170	
303	170	
303	170	319	
303	170	
303	170	295	299	
303	170	271	
303	170	
303	170	
303	170	
303	170	
303	170	
303	170	
303	170	
303	170	
303	170	
303	170	
303	170	
303	170	
303	170	
303	170	
303	170	
303	170	42	
303	170	271	
303	170	162	
303	170	
303	170	
303	170	
303	170	
303	170	
303	170	
303	170	
303	170	
303	170	295	138	
303	170	
303	170	
303	170	
303	170	42	
303	170	
303	170	
303	170	
303	170	
303	170	
303	170	
303	170	
303	170	
303	170	
303	170	
303	170	
303	170	
303	170	431	
303	170	301	
303	170	
303	170	
303	170	162	
303	170	
303	170	
303	170	
303	170	319	
303	170	168	
303	170	
303	170	168	
303	170	
303	170	
303	170	
303	170	
303	170	
303	170	
303	170	
303	170	168	42	
303	170	
303	170	
303	170	
303	170	
303	170	
303	170	
303	170	
303	170	302	234	
303	170	
303	170	
303	170	171	
303	170	
303	170	
303	170	
303	170	
303	170	
303	170	
303	170	
303	170	
303	170	
303	170	431	
303	170	301	
303	170	
303	170	
303	170	
303	170	
303	170	
303	170	
303	170	
303	170	
303	170	162	
303	170	
303	170	
303	170	
303	170	
303	170	
303	170	
303	170	
303	170	
303	170	
303	170	
303	170	
303	170	295	
303	170	
303	170	
303	170	
303	170	302	
303	170	
303	170	
303	170	271	
303	170	
303	170	168	
303	170	
303	170	
303	170	
303	170	
303	170	
303	170	
303	170	
303	170	
303	170	
303	170	
303	170	
303	170	
303	170	319	
303	170	
303	170	
303	170	
303	170	
303	170	367	
303	170	
303	170	
303	170	
303	170	271	
303	170	
303	170	
303	170	42	
303	170	271	
303	170	
303	170	
303	170	
303	170	
303	170	
303	170	
303	170	
303	170	
303	170	
303	170	
303	170	
303	170	
303	170	
303	170	162	
303	170	367	
303	170	
303	170	
303	170	
303	170	
303	170	
303	170	
303	170	
303	170	295	
303	170	
303	170	168	
303	170	
303	170	
303	170	431	234	
303	170	
303	170	
303	170	
303	170	
303	170	186	
303	170	
303	170	
303	170	
303	170	
303	170	42	
303	170	302	
303	170	
303	170	
303	170	162	
303	170	
303	170	
303	170	
303	170	
303	170	267	
303	170	
303	170	
303	170	
303	170	
303	170	
303	170	
303	170	
303	170	171	
303	170	
303	170	
303	170	
303	170	431	
303	170	319	
303	170	271	
303	170	
303	170	
303	170	
303	170	
303	170	
303	170	
303	170	
303	170	
303	170	
303	170	
303	170	174	
303	170	299	
303	170	234	
303	170	
303	170	162	
303	170	
303	170	166	
303	170	
303	170	
303	170	
303	170	367	
303	170	
303	170	
303	170	
303	170	
303	170	
303	170	
303	170	319	
303	170	
303	170	
303	170	
303	170	
303	170	367	
303	170	168	299	
303	170	
303	170	
303	170	
303	170	287	
303	170	299	
303	170	
303	170	
303	170	
303	170	
303	170	
303	170	
303	170	301	
303	170	42	
303	170	
303	170	
303	170	
303	170	
303	170	
303	170	
303	170	
303	170	301	
303	170	
303	170	
303	170	
303	170	
303	170	
303	170	
303	170	
303	170	
303	170	
303	170	
303	170	
303	170	168	
303	170	
303	170	186	
303	170	
303	170	174	
303	170	
303	170	
303	170	
303	170	
303	170	
303	170	
303	170	431	
303	170	271	
303	170	
303	170	
303	170	
303	170	302	
303	170	171	
303	170	
303	170	162	
303	170	
303	170	
303	170	
303	170	
303	170	
303	170	295	
303	170	
303	170	
303	170	138	
303	170	
303	170	
303	170	
303	170	
303	170	
303	170	302	
303	170	
303	170	
303	170	
303	170	
303	170	186	
303	170	299	
303	170	
303	170	
303	170	
303	170	
303	170	
303	170	162	
303	170	423	295	
303	170	
303	170	
303	170	
303	170	
303	170	
303	170	
303	170	138	
303	170	
303	170	
303	170	42	
303	170	431	
303	170	
303	170	
303	170	186	319	
303	170	
303	170	271	
303	170	319	
303	170	
303	170	
303	170	
303	170	
303	170	
303	170	
303	170	
303	170	
303	170	138	
303	170	
303	170	168	
303	170	
303	170	
303	170	
303	170	
303	170	
303	170	
303	170	
303	170	186	
303	170	
303	170	
303	170	
303	170	
303	170	42	
303	170	
303	170	
303	170	
303	170	
303	170	171	235	
303	170	
303	170	
303	170	
303	170	
303	170	271	168	
303	170	
303	170	
303	170	
303	170	299	162	
303	170	162	
303	170	187	
303	170	
303	170	
303	170	
303	170	
303	170	
303	170	431	
303	170	
303	170	
303	170	
303	170	
303	170	
303	170	
303	170	
303	170	439	295	
303	170	299	
303	170	
303	170	
303	170	
303	170	
303	170	
303	170	174	
303	170	
303	170	174	
303	170	
303	170	
303	170	
303	170	
303	170	
303	170	
303	170	
303	170	
303	170	
303	170	
303	170	
303	170	
303	170	
303	170	
303	170	
303	170	138	
303	170	
303	170	174	
303	170	301	
303	170	
303	170	178	186	
303	170	
303	170	
303	170	168	
303	170	
303	170	174	
303	170	
303	170	
303	170	
303	170	234	
303	170	42	
303	170	174	
303	170	
303	170	
303	170	
303	170	271	
303	170	
303	170	
303	170	
303	170	
303	170	
303	170	
303	170	
303	170	
303	170	
303	170	
303	170	
303	170	
303	170	186	
303	170	42	
303	170	
303	170	226	
303	170	
303	170	234	
303	170	
303	170	299	
303	170	
303	170	
303	170	295	
303	170	
303	170	
303	170	
303	170	
303	170	
303	170	
303	170	431	
303	170	
303	170	
303	170	
303	170	295	
303	170	
303	170	
303	170	
303	170	
303	170	
303	170	
303	170	
303	170	
303	170	162	
303	170	301	
303	170	
303	170	168	
303	170	162	154	186	
303	170	
303	170	
303	170	
303	170	
303	170	302	138	
303	170	
303	170	42	
303	170	
303	170	
303	170	
303	170	
303	170	
303	170	42	
303	170	
303	170	295	42	
303	170	
303	170	
303	170	
303	170	302	
303	170	42	
303	170	
303	170	
303	170	
303	170	
303	170	299	
303	170	
303	170	
303	170	
303	170	
303	170	
303	170	302	295	
303	170	186	
303	170	
303	170	
303	170	
303	170	
303	170	
303	170	
303	170	299	
303	170	
303	170	
303	170	
303	170	186	
303	170	
303	170	
303	170	
303	170	
303	170	
303	170	
303	170	
303	170	
303	170	
303	170	174	
303	170	
303	170	
303	170	
303	170	301	
303	170	431	
303	170	
303	170	
303	170	271	186	
303	170	
303	170	
303	170	
303	170	
303	170	
303	170	
303	170	
303	170	
303	170	
303	170	
303	170	
303	170	42	
303	170	186	
303	170	
303	170	171	
303	170	
303	170	
303	170	
303	170	302	
303	170	
303	170	
303	170	
303	170	
303	170	271	431	
303	170	
303	170	367	
303	170	234	
303	170	
303	170	318	
303	170	174	
303	170	
303	170	
303	170	
303	170	
303	170	
303	170	
303	170	
303	170	
303	170	
303	170	
303	170	
303	170	186	
303	170	
303	170	
303	170	
303	170	
303	170	
303	170	
303	170	295	
303	170	271	
303	170	
303	170	
303	170	
303	170	234	
303	170	
303	170	
303	170	
303	170	
303	170	
303	170	
303	170	
303	170	
303	170	
303	170	
303	170	
303	170	
303	170	
303	170	
303	170	423	
303	170	
303	170	
303	170	
303	170	
303	170	
303	170	
303	170	431	
303	170	
303	170	
303	170	162	
303	170	
303	170	301	
303	170	234	319	
303	170	
303	170	
303	170	186	
303	170	
303	170	
303	170	
303	170	
303	170	
303	170	186	367	
303	170	
303	170	174	
303	170	
303	170	
303	170	
303	170	
303	170	
303	170	
303	170	319	
303	170	
303	170	
303	170	
303	170	
303	170	
303	170	
303	170	
303	170	
303	170	186	
303	170	
303	170	
303	170	
303	170	431	138	
303	170	301	
303	170	
303	170	
303	170	
303	170	
303	170	
303	170	
303	170	
303	170	
303	170	
303	170	
303	170	
303	170	
303	170	
303	170	
303	170	299	
303	170	
303	170	
303	170	
303	170	
303	170	
303	170	
303	170	
303	170	234	
303	170	
303	170	
303	170	
303	170	
303	170	
303	170	
303	170	
303	170	
303	170	
303	170	
303	170	
303	170	
303	170	
303	170	
303	170	
303	170	
303	170	
303	170	
303	170	
303	170	
303	170	
303	170	
303	170	
303	170	
303	170	234	
303	170	162	
303	170	
303	170	
303	170	
303	170	
303	170	
303	170	
303	170	
303	170	
303	170	367	
303	170	
303	170	
303	170	271	
303	170	
303	170	174	431	
303	170	
303	170	
303	170	431	
303	170	171	
303	170	
303	170	
303	170	
303	170	
303	170	
303	170	
303	170	
303	170	
303	170	
303	170	
303	170	367	
303	170	
303	170	
303	170	
303	170	
303	170	
303	170	
303	170	
303	170	
303	170	
303	170	
303	170	
303	170	
303	170	
303	170	
303	170	
303	170	
303	170	
303	170	
303	170	
303	170	
303	170	42	
303	170	431	
303	170	271	
303	170	
303	170	171	
303	170	
303	170	
303	170	
303	170	
303	170	
303	170	162	
303	170	
303	170	
303	170	431	
303	170	168	
303	170	301	
303	170	
303	170	301	
303	170	
303	170	
303	170	
303	170	
303	170	
303	170	301	
303	170	299	138	
303	170	171	
303	170	
303	170	
303	170	
303	170	
303	170	
303	170	495	
303	170	
303	170	138	
303	170	
303	170	
303	170	
303	170	
303	170	
303	170	42	
303	170	
303	170	
303	170	
303	170	
303	170	
303	170	
303	170	
303	170	
303	170	
303	170	271	
303	170	
303	170	
303	170	
303	170	
303	170	
303	170	
303	170	
303	170	
303	170	
303	170	
303	170	
303	170	162	
303	170	
303	170	
303	170	
303	170	
303	170	
303	170	
303	170	
303	170	
303	170	
303	170	
303	170	
303	170	
303	170	
303	170	
303	170	
303	170	367	
303	170	
303	170	
303	170	
303	170	
303	170	168	
303	170	
303	170	
303	170	
303	170	
303	170	299	
303	170	42	
303	170	271	
303	170	
303	170	162	
303	170	
303	170	
303	170	
303	170	367	
303	170	
303	170	
303	170	
303	170	168	
303	170	302	
303	170	186	
303	170	
303	170	
303	170	
303	170	
303	170	174	
303	170	
303	170	
303	170	
303	170	186	
303	170	
303	170	
303	170	235	
303	170	
303	170	
303	170	
303	170	
303	170	
303	170	
303	170	
303	170	
303	170	42	
303	170	
303	170	
303	170	
303	170	
303	170	
303	170	234	
303	170	
303	170	
303	170	
303	170	319	
303	170	42	
303	170	
303	170	299	
303	170	
303	170	186	
303	170	
303	170	174	
303	170	
303	170	162	
303	170	
303	170	
303	170	42	
303	170	
303	170	
303	170	
303	170	
303	170	
303	170	162	
303	170	
303	170	
303	170	
303	170	
303	170	301	
303	170	
303	170	
303	170	302	
303	170	
303	170	319	
303	170	301	
303	170	
303	170	302	
303	170	
303	170	295	
303	170	
303	170	
303	170	190	174	
303	170	
303	170	
303	170	
303	170	42	
303	170	168	
303	170	
303	170	
303	170	431	
303	170	
303	170	295	
303	170	
303	170	174	
303	170	
303	170	
303	170	295	
303	170	
303	170	431	
303	170	
303	170	311	
303	170	
303	170	
303	170	
303	170	295	271	
303	170	
303	170	
303	170	
303	170	
303	170	
303	170	
303	170	
303	170	
303	170	
303	170	42	431	
303	170	
303	170	
303	170	
303	170	186	
303	170	
303	170	
303	170	
303	170	295	
303	170	
303	170	
303	170	299	
303	170	
303	170	
303	170	
303	170	138	431	
303	170	
303	170	
303	170	
303	170	
303	170	
303	170	
303	170	319	
303	170	302	
303	170	
303	170	
303	170	
303	170	367	168	
303	170	
303	170	
303	170	
303	170	
303	170	
303	170	171	
303	170	
303	170	
303	170	
303	170	
303	170	
303	170	
303	170	
303	170	
303	170	
303	170	
303	170	
303	170	
303	170	271	
303	170	
303	170	186	
303	170	
303	170	299	
303	170	
303	170	171	
303	170	
303	170	
303	170	319	
303	170	271	
303	170	
303	170	
303	170	
303	170	271	
303	170	
303	170	186	
303	170	
303	170	
303	170	295	
303	170	
303	170	
303	170	186	
303	170	
303	170	
303	170	
303	170	
303	170	
303	170	
303	170	
303	170	
303	170	
303	170	168	
303	170	302	
303	170	
303	170	
303	170	
303	170	
303	170	
303	170	301	234	
303	170	
303	170	
303	170	
303	170	
303	170	
303	170	271	
303	170	
303	170	
303	170	42	
303	170	
303	170	
303	170	
303	170	
303	170	
303	170	
303	170	319	
303	170	
303	170	138	
303	170	174	234	
303	170	
303	170	423	
303	170	
303	170	
303	170	
303	170	174	
303	170	42	
303	170	
303	170	
303	170	138	
303	170	
303	170	234	271	301	
303	170	
303	170	
303	170	
303	170	
303	170	
303	170	
303	170	
303	170	
303	170	
303	170	302	
303	170	42	
303	170	
303	170	
303	170	
303	170	367	
303	170	
303	170	
303	170	
303	170	234	
303	170	
303	170	299	
303	170	162	130	
303	170	
303	170	
303	170	
303	170	
303	170	
303	170	
303	170	
303	170	171	
303	170	302	431	
303	170	171	
303	170	162	
303	170	
303	170	234	
303	170	174	
303	170	
303	170	234	
303	170	
303	170	
303	170	319	
303	170	431	
303	170	
303	170	162	
303	170	295	319	
303	170	162	
303	170	
303	170	
303	170	
303	170	367	
303	170	301	
303	170	42	
303	170	
303	170	302	
303	170	
303	170	
303	170	
303	170	
303	170	
303	170	
303	170	301	
303	170	
303	170	367	
303	170	
303	170	
303	170	
303	170	
303	170	
303	170	
303	170	162	
303	170	
303	170	
303	170	
303	170	
303	170	
303	170	
303	170	319	
303	170	
303	170	
303	170	
303	170	
303	170	
303	170	
303	170	
303	170	295	
303	170	
303	170	
303	170	
303	170	
303	170	
303	170	
303	170	
303	170	
303	170	
303	170	
303	170	
303	170	
303	170	
303	170	
303	170	
303	170	
303	170	
303	170	431	
303	170	168	
303	170	319	
303	170	168	
303	170	
303	170	
303	170	
303	170	
303	170	
303	170	
303	170	
303	170	
303	170	
303	170	
303	170	
303	170	
303	170	271	367	
303	170	
303	170	
303	170	
303	170	
303	170	171	
303	170	
303	170	
303	170	431	
303	170	
303	170	234	
303	170	
303	170	
303	170	
303	170	
303	170	162	
303	170	
303	170	
303	170	162	367	
303	170	
303	170	
303	170	
303	170	
303	170	
303	170	
303	170	
303	170	42	
303	170	
303	170	
303	170	168	
303	170	
303	170	299	
303	170	
303	170	
303	170	168	
303	170	
303	170	
303	170	
303	170	
303	170	
303	170	
303	170	
303	170	
303	170	302	
303	170	
303	170	
303	170	
303	170	431	295	
303	170	
303	170	
303	170	302	271	
303	170	
303	170	431	
303	170	301	365	
303	170	
303	170	319	431	295	423	
303	170	301	
303	170	
303	170	
303	170	271	
303	170	168	
303	170	
303	170	
303	170	
303	170	301	
303	170	
303	170	
303	170	138	
303	170	
303	170	
303	170	
303	170	
303	170	
303	170	
303	170	
303	170	
303	170	
303	170	171	
303	170	301	
303	170	
303	170	
303	170	
303	170	
303	170	
303	170	
303	170	
303	170	
303	170	
303	170	
303	170	
303	170	
303	170	
303	170	
303	170	
303	170	
303	170	234	
303	170	
303	170	
303	170	
303	170	
303	170	
303	170	367	
303	170	
303	170	
303	170	
303	170	138	
303	170	
303	170	168	
303	170	
303	170	
303	170	
303	170	
303	170	
303	170	271	
303	170	
303	170	174	431	299	
303	170	
303	170	
303	170	
303	170	271	
303	170	
303	170	186	
303	170	
303	170	
303	170	
303	170	
303	170	
303	170	
303	170	186	138	
303	170	
303	170	
303	170	
303	170	234	
303	170	
303	170	
303	170	
303	170	367	
303	170	
303	170	302	
303	170	
303	170	
303	170	
303	170	
303	170	
303	170	138	
303	170	174	
303	170	
303	170	
303	170	
303	170	
303	170	
303	170	
303	170	299	168	
303	170	234	
303	170	
303	170	
303	170	
303	170	
303	170	
303	170	
303	170	
303	170	
303	170	302	
303	170	
303	170	
303	170	
303	170	234	
303	170	
303	170	34	162	
303	170	
303	170	301	
303	170	
303	170	
303	170	
303	170	
303	170	
303	170	
303	170	295	
303	170	367	
303	170	186	
303	170	302	
303	170	
303	170	
303	170	
303	170	302	
303	170	271	
303	170	
303	170	295	
303	170	
303	170	
303	170	234	
303	170	168	
303	170	
303	170	
303	170	
303	170	
303	170	302	
303	170	
303	170	
303	170	
303	170	
303	170	
303	170	
303	170	
303	170	
303	170	
303	170	
303	170	234	
303	170	
303	170	
303	170	
303	170	
303	170	
303	170	
303	170	
303	170	
303	170	
303	170	
303	170	
303	170	
303	170	
303	170	
303	170	
303	170	
303	170	301	
303	170	234	
303	170	302	
303	170	
303	170	271	
303	170	
303	170	
303	170	
303	170	
303	170	168	
303	170	234	
303	170	
303	170	
303	170	168	
303	170	138	
303	170	
303	170	234	
303	170	
303	170	
303	170	
303	170	
303	170	
303	170	295	
303	170	295	
303	170	
303	170	
303	170	
303	170	
303	170	
303	170	
303	170	234	
303	170	
303	170	
303	170	
303	170	301	
303	170	
303	170	
303	170	
303	170	234	
303	170	
303	170	42	
303	170	
303	170	
303	170	234	
303	170	
303	170	431	
303	170	
303	170	299	
303	170	234	
303	170	
303	170	
303	170	299	
303	170	
303	170	
303	170	
303	170	
303	170	
303	170	174	
303	170	
303	170	
303	170	
303	170	
303	170	
303	170	295	
303	170	186	
303	170	
303	170	
303	170	186	
303	170	
303	170	
303	170	
303	170	
303	170	
303	170	
303	170	
303	170	
303	170	
303	170	
303	170	
303	170	
303	170	
303	170	
303	170	42	
303	170	162	
303	170	319	
303	170	
303	170	299	
303	170	
303	170	
303	170	168	
303	170	
303	170	
303	170	
303	170	234	
303	170	
303	170	
303	170	
303	170	
303	170	295	
303	170	
303	170	
303	170	431	
303	170	
303	170	
303	170	
303	170	
303	170	186	
303	170	
303	170	168	
303	170	
303	170	
303	170	319	
303	170	431	
303	170	
303	170	
303	170	
303	170	174	
303	170	431	162	
303	170	
303	170	335	495	
303	170	
303	170	
303	170	
303	170	
303	170	
303	170	
303	170	
303	170	
303	170	
303	170	
303	170	
303	170	
303	170	
303	170	271	
303	170	186	367	
303	170	
303	170	
303	170	
303	170	
303	170	431	
303	170	
303	170	
303	170	
303	170	
303	170	
303	170	
303	170	138	
303	170	319	234	
303	170	174	
303	170	
303	170	
303	170	
303	170	
303	170	
303	170	
303	170	
303	170	
303	170	271	
303	170	
303	170	
303	170	
303	170	
303	170	
303	170	299	
303	170	234	
303	170	
303	170	
303	170	
303	170	174	
303	170	
303	170	
303	170	
303	170	
303	170	
303	170	431	
303	170	
303	170	
303	170	
303	170	
303	170	
303	170	
303	170	
303	170	431	171	
303	170	271	
303	170	
303	170	
303	170	
303	170	
303	170	
303	170	
303	170	
303	170	
303	170	168	
303	170	
303	170	
303	170	431	
303	170	
303	170	295	
303	170	
303	170	
303	170	
303	170	186	
303	170	
303	170	
303	170	
303	170	
303	170	
303	170	
303	170	299	138	
303	170	
303	170	
303	170	302	
303	170	
303	170	
303	170	
303	170	
303	170	
303	170	162	
303	170	
303	170	
303	170	
303	170	171	
303	170	
303	170	271	
303	170	
303	170	
303	170	
303	170	
303	170	
303	170	
303	170	
303	170	42	
303	170	295	
303	170	319	287	
303	170	299	
303	170	
303	170	
303	170	
303	170	
303	170	
303	170	
303	170	
303	170	162	
303	170	
303	170	
303	170	
303	170	
303	170	301	
303	170	
303	170	
303	170	431	174	
303	170	
303	170	
303	170	
303	170	
303	170	168	
303	170	
303	170	
303	170	
303	170	
303	170	
303	170	162	
303	170	
303	170	
303	170	299	
303	170	
303	170	
303	170	
303	170	
303	170	
303	170	
303	170	234	
303	170	
303	170	431	
303	170	
303	170	
303	170	302	162	
303	170	
303	170	301	
303	170	271	
303	170	
303	170	168	
303	170	
303	170	
303	170	
303	170	301	138	
303	170	
303	170	
303	170	
303	170	
303	170	
303	170	
303	170	
303	170	301	
303	170	162	
303	170	
303	170	
303	170	
303	170	
303	170	
303	170	
303	170	
303	170	
303	170	
303	170	
303	170	
303	170	138	
303	170	367	42	363	234	
303	170	
303	170	
303	170	
303	170	
303	170	
303	170	431	234	
303	170	168	
303	170	
303	170	
303	170	295	
303	170	
303	170	431	
303	170	
303	170	138	
303	170	
303	170	
303	170	
303	170	
303	170	
303	170	
303	170	301	
303	170	42	
303	170	
303	170	
303	170	162	
303	170	
303	170	
303	170	
303	170	
303	170	
303	170	138	
303	170	295	
303	170	
303	170	
303	170	
303	170	
303	170	367	
303	170	
303	170	
303	170	
303	170	271	
303	170	271	
303	170	
303	170	
303	170	162	
303	170	
303	170	
303	170	168	
303	170	
303	170	
303	170	
303	170	301	
303	170	
303	170	
303	170	
303	170	
303	170	299	
303	170	138	
303	170	302	
303	170	367	
303	170	171	
303	170	
303	170	
303	170	
303	170	
303	170	234	
303	170	
303	170	171	
303	170	299	
303	170	
303	170	
303	170	
303	170	
303	170	
303	170	301	
303	170	
303	170	
303	170	
303	170	302	
303	170	42	
303	170	
303	170	367	
303	170	168	
303	170	
303	170	171	
303	170	
303	170	
303	170	
303	170	
303	170	
303	170	
303	170	
303	170	
303	170	
303	170	
303	170	
303	170	
303	170	
303	170	367	
303	170	
303	170	
303	170	42	
303	170	
303	170	299	
303	170	
303	170	171	
303	170	
303	170	302	162	
303	170	
303	170	
303	170	
303	170	162	
303	170	
303	170	
303	170	174	
303	170	
303	170	
303	170	295	168	
303	170	
303	170	299	
303	170	
303	170	
303	170	302	
303	170	
303	170	
303	170	
303	170	
303	170	295	
303	170	
303	170	
303	170	
303	170	
303	170	138	
303	170	
303	170	
303	170	
303	170	
303	170	295	
303	170	250	187	
303	170	
303	170	
303	170	
303	170	138	
303	170	
303	170	
303	170	301	365	186	
303	170	
303	170	186	301	
303	170	299	
303	170	
303	170	
303	170	301	
303	170	
303	170	299	
303	170	
303	170	171	
303	170	
303	170	
303	170	
303	170	
303	170	
303	170	
303	170	
303	170	
303	170	162	
303	170	
303	170	130	138	
303	170	
303	170	
303	170	
303	170	171	
303	170	
303	170	
303	170	
303	170	
303	170	171	
303	170	
303	170	
303	170	
303	170	
303	170	
303	170	
303	170	
303	170	
303	170	
303	170	234	
303	170	271	
303	170	
303	170	
303	170	295	
303	170	
303	170	
303	170	138	
303	170	
303	170	58	
303	170	138	
303	170	
303	170	302	
303	170	
303	170	138	
303	170	
303	170	285	
303	170	302	
303	170	295	
303	170	271	
303	170	
303	170	319	
303	170	
303	170	162	
303	170	
303	170	138	
303	170	
303	170	
303	170	
303	170	
303	170	
303	170	
303	170	
303	170	271	295	
303	170	
303	170	
303	170	
303	170	
303	170	
303	170	
303	170	298	
303	170	
303	170	
303	170	168	
303	170	
303	170	
303	170	
303	170	
303	170	
303	170	
303	170	
303	170	
303	170	
303	170	
303	170	
303	170	
303	170	
303	170	302	
303	170	
303	170	
303	170	
303	170	
303	170	
303	170	186	
303	170	302	
303	170	
303	170	302	
303	170	
303	170	
303	170	
303	170	
303	170	
303	170	
303	170	
303	170	
303	170	
303	170	42	
303	170	
303	170	431	
303	170	
303	170	
303	170	
303	170	
303	170	168	
303	170	
303	170	
303	170	367	
303	170	234	299	
303	170	
303	170	
303	170	
303	170	
303	170	299	
303	170	
303	170	
303	170	
303	170	
303	170	299	
303	170	
303	170	
303	170	
303	170	174	
303	170	
303	170	299	
303	170	
303	170	
303	170	
303	170	
303	170	
303	170	
303	170	162	
303	170	
303	170	295	
303	170	
303	170	
303	170	
303	170	
303	170	
303	170	174	
303	170	319	
303	170	
303	170	
303	170	
303	170	
303	170	431	
303	170	
303	170	
303	170	
303	170	
303	170	
303	170	
303	170	
303	170	
303	170	
303	170	
303	170	
303	170	295	
303	170	
303	170	
303	170	
303	170	
303	170	
303	170	
303	170	
303	170	
303	170	
303	170	
303	170	
303	170	
303	170	
303	170	
303	170	
303	170	
303	170	
303	170	
303	170	299	
303	170	
303	170	
303	170	
303	170	
303	170	
303	170	
303	170	319	
303	170	
303	170	
303	170	
303	170	
303	170	
303	170	
303	170	
303	170	168	
303	170	
303	170	
303	170	
303	170	162	
303	170	
303	170	319	
303	170	
303	170	
303	170	171	
303	170	
303	170	
303	170	
303	170	
303	170	
303	170	
303	170	
303	170	
303	170	
303	170	
303	170	431	
303	170	
303	170	
303	170	234	
303	170	
303	170	
303	170	
303	170	
303	170	295	
303	170	234	
303	170	
303	170	138	
303	170	
303	170	
303	170	
303	170	
303	170	171	
303	170	
303	170	
303	170	
303	170	
303	170	431	
303	170	
303	170	
303	170	
303	170	
303	170	
303	170	319	
303	170	302	
303	170	367	
303	170	
303	170	319	
303	170	
303	170	
303	170	
303	170	
303	170	
303	170	431	
303	170	319	
303	170	
303	170	
303	170	
303	170	
303	170	
303	170	171	302	
303	170	
303	170	
303	170	
303	170	
303	170	431	
303	170	
303	170	
303	170	
303	170	
303	170	174	
303	170	
303	170	
303	170	
303	170	
303	170	
303	170	162	
303	170	
303	170	
303	170	
303	170	
303	170	42	
303	170	
303	170	
303	170	
303	170	
303	170	367	
303	170	
303	170	301	
303	170	
303	170	
303	170	431	
303	170	
303	170	
303	170	174	168	
303	170	
303	170	
303	170	
303	170	
303	170	271	
303	170	
303	170	367	
303	170	
303	170	174	
303	170	
303	170	
303	170	367	
303	170	
303	170	
303	170	
303	170	
303	170	
303	170	
303	170	
303	170	271	
303	170	186	
303	170	
303	170	
303	170	
303	170	
303	170	
303	170	
303	170	
303	170	
303	170	
303	170	
303	170	
303	170	
303	170	171	
303	170	
303	170	
303	170	
303	170	
303	170	138	171	
303	170	
303	170	168	
303	170	174	271	
303	170	
303	170	174	
303	170	
303	170	302	
303	170	
303	170	42	
303	170	
303	170	
303	170	174	
303	170	
303	170	
303	170	162	
303	170	174	
303	170	
303	170	
303	170	
303	170	
303	170	174	
303	170	
303	170	
303	170	
303	170	
303	170	
303	170	
303	170	
303	170	
303	170	301	186	
303	170	
303	170	
303	170	
303	170	
303	170	138	
303	170	
303	170	
303	170	
303	170	
303	170	138	
303	170	
303	170	162	
303	170	
303	170	
303	170	168	
303	170	
303	170	
303	170	
303	170	
303	170	138	271	
303	170	
303	170	
303	170	
303	170	
303	170	
303	170	171	
303	170	234	
303	170	174	
303	170	
303	170	
303	170	
303	170	
303	170	
303	170	
303	170	
303	170	
303	170	431	234	
303	170	
303	170	
303	170	367	
303	170	
303	170	42	
303	170	
303	170	171	
303	170	302	
303	170	
303	170	302	
303	170	
303	170	
303	170	
303	170	
303	170	
303	170	42	
303	170	
303	170	
303	170	
303	170	
303	170	427	
303	170	
303	170	
303	170	
303	170	
303	170	
303	170	
303	170	
303	170	
303	170	
303	170	
303	170	
303	170	
303	170	42	
303	170	
303	170	
303	170	
303	170	
303	170	
303	170	162	
303	170	234	271	
303	170	
303	170	
303	170	
303	170	
303	170	
303	170	
303	170	
303	170	271	
303	170	
303	170	
303	170	
303	170	
303	170	
303	170	
303	170	
303	170	162	
303	170	
303	170	138	
303	170	
303	170	
303	170	
303	170	
303	170	
303	170	319	
303	170	
303	170	
303	170	
303	170	
303	170	
303	170	
303	170	299	
303	170	301	
303	170	
303	170	
303	170	
303	170	162	
303	170	
303	170	
303	170	
303	170	
303	170	
303	170	
303	170	42	
303	170	
303	170	
303	170	
303	170	319	
303	170	162	
